948, -10884, 326, 326, 4040
947, -10885, 325, 325, 4040
947, -10884, 325, 325, 4040
947, -10885, 325, 325, 4040
948, -10886, 326, 326, 4033
948, -10884, 326, 326, 4033
949, -10884, 326, 326, 4033
948, -10884, 325, 325, 4033
948, -10884, 325, 325, 4033
948, -10884, 325, 325, 4033
948, -10884, 325, 325, 4033
947, -10883, 325, 325, 4033
948, -10884, 325, 325, 4033
949, -10884, 326, 326, 4033
947, -10884, 326, 326, 4033
948, -10885, 326, 326, 4033
948, -10885, 326, 326, 4033
948, -10885, 326, 326, 4033
948, -10885, 326, 326, 4033
948, -10885, 326, 326, 4033
948, -10885, 326, 326, 4033
948, -10886, 326, 326, 4033
948, -10886, 326, 326, 4033
948, -10886, 326, 326, 4033
948, -10885, 326, 326, 4033
948, -10885, 326, 326, 4033
948, -10885, 326, 326, 4033
949, -10885, 326, 326, 4021
949, -10885, 326, 326, 4021
948, -10885, 326, 326, 4021
948, -10885, 326, 326, 4021
948, -10884, 326, 326, 4021
948, -10885, 326, 326, 4021
948, -10885, 326, 326, 4021
948, -10885, 326, 326, 4021
949, -10885, 326, 326, 4021
949, -10885, 326, 326, 4021
948, -10884, 326, 326, 4021
948, -10884, 326, 326, 4021
948, -10884, 326, 326, 4021
949, -10884, 326, 326, 4021
949, -10884, 326, 326, 4021
949, -10884, 326, 326, 4021
949, -10886, 326, 326, 4021
949, -10886, 326, 326, 4021
949, -10884, 326, 326, 4021
948, -10884, 326, 326, 4021
947, -10885, 325, 325, 4021
949, -10885, 326, 326, 4021
948, -10884, 326, 326, 4021
948, -10884, 326, 326, 4021
948, -10885, 326, 326, 4021
948, -10884, 325, 325, 4021
948, -10886, 326, 326, 4011
948, -10885, 326, 326, 4011
948, -10885, 326, 326, 4011
949, -10884, 326, 326, 4011
949, -10884, 326, 326, 4011
949, -10883, 326, 326, 4011
949, -10883, 326, 326, 4011
948, -10885, 326, 326, 4011
948, -10884, 326, 326, 4011
949, -10885, 326, 326, 4011
948, -10885, 326, 326, 4011
948, -10885, 326, 326, 4011
948, -10884, 326, 326, 4011
948, -10885, 327, 327, 4011
949, -10885, 327, 327, 4011
950, -10885, 327, 327, 4011
950, -10885, 327, 327, 4011
949, -10885, 326, 326, 4011
949, -10883, 326, 326, 4011
949, -10883, 326, 326, 4011
949, -10883, 326, 326, 4011
949, -10885, 327, 327, 4011
949, -10885, 327, 327, 4011
949, -10884, 327, 327, 4003
949, -10884, 327, 327, 4003
948, -10885, 326, 326, 4003
949, -10885, 326, 326, 4003
948, -10884, 326, 326, 4003
950, -10885, 327, 327, 4003
950, -10883, 327, 327, 4003
950, -10883, 327, 327, 4003
949, -10885, 327, 327, 4003
949, -10885, 327, 327, 4003
950, -10884, 327, 327, 4003
949, -10884, 327, 327, 4003
949, -10883, 326, 326, 4003
949, -10883, 326, 326, 4003
950, -10883, 326, 326, 4003
950, -10883, 326, 326, 4003
857, -10911, 190, 190, 4003
857, -10911, 190, 190, 4003
812, -10903, 188, 188, 4003
812, -10903, 188, 188, 4003
815, -10903, 192, 192, 4003
814, -10902, 193, 193, 4003
814, -10902, 193, 193, 4003
816, -10901, 193, 193, 4003
820, -10902, 194, 194, 4003
816, -10900, 194, 194, 4003
819, -10900, 193, 193, 4003
819, -10900, 193, 193, 4003
821, -10901, 195, 195, 4003
815, -10901, 194, 194, 4003
815, -10901, 194, 194, 4003
815, -10903, 195, 195, 4003
814, -10902, 194, 194, 4003
814, -10902, 194, 194, 4003
818, -10902, 195, 195, 4003
815, -10901, 194, 194, 4003
815, -10901, 194, 194, 4003
820, -10901, 194, 194, 4003
816, -10900, 195, 195, 4003
816, -10900, 195, 195, 4003
816, -10901, 195, 195, 4003
815, -10901, 196, 196, 4003
815, -10901, 196, 196, 4003
821, -10900, 196, 196, 4003
821, -10900, 196, 196, 4003
821, -10901, 197, 197, 4003
821, -10899, 196, 196, 4003
821, -10899, 196, 196, 4003
817, -10899, 196, 196, 3995
815, -10901, 196, 196, 3995
815, -10901, 196, 196, 3995
821, -10900, 196, 196, 3995
821, -10900, 196, 196, 3995
821, -10901, 196, 196, 3995
821, -10901, 195, 195, 3995
820, -10901, 196, 196, 3995
822, -10901, 197, 197, 3995
822, -10900, 197, 197, 3995
822, -10900, 197, 197, 3995
816, -10900, 196, 196, 3995
816, -10900, 196, 196, 3995
815, -10900, 196, 196, 3995
818, -10901, 197, 197, 3995
818, -10900, 194, 194, 3995
818, -10900, 194, 194, 3995
820, -10901, 196, 196, 3995
824, -10900, 197, 197, 3995
816, -10900, 196, 196, 3995
816, -10901, 197, 197, 3995
816, -10901, 197, 197, 3995
820, -10901, 196, 196, 3995
820, -10901, 196, 196, 3995
823, -10901, 197, 197, 3995
817, -10901, 195, 195, 3995
824, -10901, 197, 197, 3995
824, -10901, 197, 197, 3995
819, -10900, 196, 196, 3989
819, -10900, 196, 196, 3989
816, -10900, 196, 196, 3989
816, -10900, 196, 196, 3989
817, -10901, 197, 197, 3989
816, -10901, 196, 196, 3989
820, -10900, 196, 196, 3989
820, -10900, 197, 197, 3989
820, -10900, 197, 197, 3989
820, -10900, 196, 196, 3989
817, -10902, 198, 198, 3989
817, -10902, 198, 198, 3989
821, -10900, 197, 197, 3989
821, -10900, 197, 197, 3989
822, -10900, 197, 197, 3989
823, -10900, 197, 197, 3989
821, -10901, 197, 197, 3989
821, -10901, 197, 197, 3989
818, -10900, 197, 197, 3989
817, -10901, 197, 197, 3989
818, -10901, 198, 198, 3989
817, -10901, 197, 197, 3989
816, -10900, 197, 197, 3989
823, -10899, 196, 196, 3989
823, -10899, 196, 196, 3989
819, -10899, 197, 197, 3989
819, -10900, 197, 197, 3989
819, -10900, 197, 197, 3989
818, -10900, 196, 196, 3989
818, -10900, 196, 196, 3989
818, -10900, 196, 196, 3989
818, -10900, 196, 196, 3989
819, -10900, 197, 197, 3989
822, -10900, 197, 197, 3989
819, -10900, 197, 197, 3989
818, -10900, 198, 198, 3989
819, -10900, 197, 197, 3989
819, -10900, 197, 197, 3989
822, -10900, 197, 197, 3989
822, -10900, 197, 197, 3989
820, -10900, 198, 198, 3989
820, -10900, 198, 198, 3989
820, -10900, 198, 198, 3989
818, -10900, 197, 197, 3989
817, -10900, 198, 198, 3985
818, -10900, 198, 198, 3985
822, -10901, 198, 198, 3985
820, -10900, 197, 197, 3985
821, -10899, 196, 196, 3985
821, -10898, 197, 197, 3985
822, -10899, 198, 198, 3985
955, -10880, 266, 266, 3985
955, -10880, 266, 266, 3985
952, -10881, 331, 331, 3985
953, -10881, 330, 330, 3985
952, -10881, 329, 329, 3985
951, -10881, 329, 329, 3985
951, -10881, 329, 329, 3985
951, -10881, 329, 329, 3985
951, -10882, 328, 328, 3985
950, -10881, 328, 328, 3985
950, -10881, 328, 328, 3985
950, -10882, 328, 328, 3985
951, -10882, 328, 328, 3985
951, -10881, 328, 328, 3985
951, -10881, 328, 328, 3985
951, -10881, 328, 328, 3985
951, -10882, 328, 328, 3985
951, -10882, 328, 328, 3985
950, -10881, 328, 328, 3985
950, -10881, 328, 328, 3977
950, -10882, 327, 327, 3977
950, -10882, 327, 327, 3977
950, -10882, 328, 328, 3977
951, -10881, 328, 328, 3977
951, -10881, 328, 328, 3977
951, -10882, 328, 328, 3977
951, -10880, 328, 328, 3977
951, -10880, 328, 328, 3977
950, -10883, 328, 328, 3977
951, -10882, 328, 328, 3977
949, -10882, 327, 327, 3977
949, -10882, 327, 327, 3977
950, -10882, 328, 328, 3977
950, -10883, 328, 328, 3977
950, -10883, 328, 328, 3977
950, -10882, 328, 328, 3977
950, -10882, 328, 328, 3977
950, -10883, 328, 328, 3977
950, -10883, 328, 328, 3977
950, -10883, 328, 328, 3977
950, -10883, 328, 328, 3977
950, -10881, 328, 328, 3977
950, -10881, 328, 328, 3977
950, -10883, 327, 327, 3977
950, -10882, 327, 327, 3977
950, -10882, 328, 328, 3979
951, -10882, 328, 328, 3979
950, -10883, 328, 328, 3979
950, -10882, 328, 328, 3979
949, -10881, 327, 327, 3979
950, -10882, 328, 328, 3979
950, -10883, 327, 327, 3979
950, -10883, 327, 327, 3979
950, -10882, 328, 328, 3979
950, -10882, 328, 328, 3979
950, -10883, 328, 328, 3979
950, -10883, 328, 328, 3979
950, -10882, 327, 327, 3979
950, -10882, 327, 327, 3979
950, -10882, 328, 328, 3979
950, -10882, 328, 328, 3979
949, -10882, 328, 328, 3979
950, -10881, 328, 328, 3979
950, -10881, 328, 328, 3979
950, -10882, 328, 328, 3979
950, -10883, 327, 327, 3979
950, -10882, 328, 328, 3979
950, -10882, 327, 327, 3979
950, -10882, 327, 327, 3979
949, -10882, 327, 327, 3971
949, -10882, 327, 327, 3971
950, -10882, 327, 327, 3971
950, -10882, 327, 327, 3971
951, -10882, 328, 328, 3971
950, -10882, 327, 327, 3971
950, -10882, 327, 327, 3971
950, -10883, 327, 327, 3971
950, -10883, 328, 328, 3971
950, -10883, 328, 328, 3971
950, -10882, 328, 328, 3971
950, -10882, 328, 328, 3971
951, -10883, 328, 328, 3971
950, -10882, 328, 328, 3971
950, -10883, 328, 328, 3971
950, -10883, 328, 328, 3971
950, -10883, 328, 328, 3971
950, -10883, 328, 328, 3971
950, -10882, 328, 328, 3971
950, -10883, 328, 328, 3971
950, -10883, 328, 328, 3971
950, -10883, 327, 327, 3971
949, -10882, 327, 327, 3971
950, -10882, 328, 328, 3971
950, -10881, 328, 328, 3971
950, -10881, 328, 328, 3971
951, -10882, 328, 328, 3973
951, -10882, 328, 328, 3973
951, -10882, 328, 328, 3973
950, -10882, 328, 328, 3973
951, -10883, 328, 328, 3973
951, -10883, 328, 328, 3973
950, -10881, 328, 328, 3973
950, -10881, 328, 328, 3973
951, -10882, 329, 329, 3973
950, -10882, 329, 329, 3973
950, -10882, 329, 329, 3973
951, -10882, 328, 328, 3973
951, -10882, 328, 328, 3973
950, -10882, 328, 328, 3973
951, -10882, 329, 329, 3973
951, -10883, 329, 329, 3973
951, -10883, 329, 329, 3973
951, -10882, 328, 328, 3973
951, -10883, 328, 328, 3973
951, -10881, 328, 328, 3973
951, -10881, 328, 328, 3973
950, -10882, 329, 329, 3973
950, -10882, 329, 329, 3973
950, -10882, 328, 328, 3973
951, -10882, 328, 328, 3973
951, -10882, 328, 328, 3973
951, -10882, 328, 328, 3973
950, -10882, 328, 328, 3969
951, -10882, 328, 328, 3969
951, -10882, 329, 329, 3969
950, -10882, 328, 328, 3969
951, -10882, 329, 329, 3969
950, -10881, 328, 328, 3969
952, -10882, 328, 328, 3969
951, -10883, 329, 329, 3969
869, -10905, 249, 249, 3969
817, -10901, 191, 191, 3969
817, -10901, 191, 191, 3969
821, -10901, 195, 195, 3969
819, -10901, 196, 196, 3969
819, -10901, 196, 196, 3969
820, -10900, 196, 196, 3969
817, -10900, 196, 196, 3969
817, -10900, 196, 196, 3969
817, -10900, 197, 197, 3969
821, -10899, 197, 197, 3969
821, -10899, 197, 197, 3969
822, -10899, 198, 198, 3969
822, -10899, 198, 198, 3969
823, -10899, 198, 198, 3969
823, -10899, 198, 198, 3969
818, -10899, 198, 198, 3969
818, -10899, 198, 198, 3969
821, -10899, 197, 197, 3969
821, -10899, 197, 197, 3969
822, -10899, 198, 198, 3969
822, -10899, 198, 198, 3969
822, -10898, 198, 198, 3969
821, -10898, 197, 197, 3969
819, -10899, 198, 198, 3969
819, -10899, 198, 198, 3969
821, -10899, 198, 198, 3969
821, -10899, 198, 198, 3969
821, -10898, 198, 198, 3969
821, -10898, 198, 198, 3969
823, -10897, 199, 199, 3969
819, -10899, 199, 199, 3969
819, -10899, 199, 199, 3969
818, -10898, 198, 198, 3969
821, -10897, 198, 198, 3969
819, -10898, 199, 199, 3969
819, -10898, 199, 199, 3969
817, -10898, 198, 198, 3969
820, -10899, 197, 197, 3969
824, -10899, 200, 200, 3965
824, -10899, 200, 200, 3965
820, -10897, 197, 197, 3965
820, -10898, 197, 197, 3965
818, -10899, 198, 198, 3965
818, -10899, 198, 198, 3965
822, -10898, 198, 198, 3965
822, -10898, 198, 198, 3965
823, -10898, 199, 199, 3965
821, -10898, 198, 198, 3965
821, -10898, 198, 198, 3965
818, -10898, 198, 198, 3965
818, -10898, 198, 198, 3965
819, -10899, 198, 198, 3965
823, -10898, 199, 199, 3965
820, -10897, 199, 199, 3965
822, -10897, 198, 198, 3965
822, -10897, 198, 198, 3965
822, -10898, 198, 198, 3965
822, -10897, 198, 198, 3965
822, -10897, 198, 198, 3965
818, -10898, 199, 199, 3965
820, -10898, 199, 199, 3965
820, -10898, 199, 199, 3965
820, -10897, 199, 199, 3965
819, -10898, 199, 199, 3965
820, -10898, 200, 200, 3965
821, -10896, 199, 199, 3969
823, -10897, 198, 198, 3969
823, -10897, 198, 198, 3969
821, -10897, 199, 199, 3969
821, -10897, 199, 199, 3969
821, -10898, 199, 199, 3969
820, -10898, 199, 199, 3969
820, -10898, 199, 199, 3969
820, -10898, 200, 200, 3969
823, -10899, 199, 199, 3969
823, -10899, 199, 199, 3969
824, -10897, 199, 199, 3969
822, -10896, 199, 199, 3969
822, -10896, 199, 199, 3969
819, -10899, 200, 200, 3969
820, -10898, 200, 200, 3969
820, -10898, 200, 200, 3969
823, -10898, 200, 200, 3969
824, -10896, 200, 200, 3969
824, -10896, 200, 200, 3969
820, -10897, 198, 198, 3969
821, -10897, 198, 198, 3969
819, -10897, 199, 199, 3969
819, -10898, 199, 199, 3969
823, -10898, 200, 200, 3971
823, -10897, 199, 199, 3971
823, -10897, 199, 199, 3971
824, -10897, 199, 199, 3971
824, -10897, 199, 199, 3971
823, -10897, 199, 199, 3971
822, -10897, 199, 199, 3971
823, -10898, 199, 199, 3971
823, -10898, 199, 199, 3971
818, -10898, 199, 199, 3971
818, -10898, 199, 199, 3971
822, -10898, 200, 200, 3971
823, -10897, 199, 199, 3971
823, -10897, 200, 200, 3971
823, -10897, 200, 200, 3971
823, -10898, 199, 199, 3971
823, -10898, 199, 199, 3971
838, -10898, 200, 200, 3971
838, -10898, 200, 200, 3971
957, -10877, 270, 270, 3971
956, -10878, 334, 334, 3971
955, -10879, 332, 332, 3971
954, -10878, 331, 331, 3971
954, -10879, 331, 331, 3971
952, -10879, 330, 330, 3973
952, -10879, 330, 330, 3973
952, -10879, 330, 330, 3973
953, -10879, 330, 330, 3973
952, -10879, 330, 330, 3973
952, -10879, 330, 330, 3973
952, -10880, 330, 330, 3973
953, -10880, 330, 330, 3973
953, -10880, 330, 330, 3973
952, -10880, 330, 330, 3973
953, -10880, 330, 330, 3973
952, -10880, 330, 330, 3973
952, -10880, 330, 330, 3973
952, -10880, 330, 330, 3973
953, -10880, 330, 330, 3973
953, -10880, 330, 330, 3973
952, -10880, 330, 330, 3973
952, -10880, 329, 329, 3973
952, -10880, 330, 330, 3973
952, -10881, 329, 329, 3973
952, -10881, 329, 329, 3973
951, -10880, 329, 329, 3973
952, -10880, 330, 330, 3973
952, -10880, 330, 330, 3973
952, -10880, 330, 330, 3973
952, -10880, 330, 330, 3979
952, -10880, 330, 330, 3979
952, -10880, 330, 330, 3979
952, -10879, 329, 329, 3979
952, -10879, 329, 329, 3979
952, -10881, 329, 329, 3979
952, -10881, 330, 330, 3979
951, -10880, 329, 329, 3979
952, -10880, 329, 329, 3979
951, -10879, 330, 330, 3979
951, -10879, 330, 330, 3979
952, -10880, 329, 329, 3979
952, -10880, 329, 329, 3979
952, -10880, 329, 329, 3979
951, -10881, 329, 329, 3979
951, -10880, 329, 329, 3979
952, -10880, 329, 329, 3979
951, -10880, 329, 329, 3979
951, -10880, 329, 329, 3979
952, -10880, 330, 330, 3979
952, -10880, 329, 329, 3979
952, -10881, 330, 330, 3979
952, -10880, 329, 329, 3979
952, -10880, 329, 329, 3979
952, -10881, 329, 329, 3979
952, -10879, 329, 329, 3979
951, -10880, 329, 329, 3979
951, -10880, 329, 329, 3979
951, -10880, 329, 329, 3979
951, -10880, 330, 330, 3979
951, -10880, 330, 330, 3979
952, -10879, 330, 330, 3979
953, -10881, 330, 330, 3979
952, -10880, 330, 330, 3979
952, -10880, 330, 330, 3979
952, -10879, 330, 330, 3979
952, -10879, 330, 330, 3979
953, -10880, 330, 330, 3979
952, -10881, 330, 330, 3979
953, -10880, 331, 331, 3979
953, -10880, 331, 331, 3979
951, -10880, 329, 329, 3979
951, -10880, 329, 329, 3979
952, -10881, 330, 330, 3979
952, -10880, 329, 329, 3979
952, -10881, 330, 330, 3979
952, -10880, 330, 330, 3979
952, -10880, 330, 330, 3979
951, -10880, 329, 329, 3979
951, -10880, 329, 329, 3979
952, -10880, 329, 329, 3979
952, -10880, 330, 330, 3979
952, -10880, 329, 329, 3973
952, -10880, 329, 329, 3973
952, -10881, 330, 330, 3973
952, -10880, 330, 330, 3973
952, -10880, 330, 330, 3973
952, -10880, 330, 330, 3973
952, -10880, 330, 330, 3973
952, -10880, 330, 330, 3973
952, -10880, 330, 330, 3973
953, -10880, 330, 330, 3973
952, -10878, 329, 329, 3973
952, -10880, 329, 329, 3973
952, -10880, 329, 329, 3973
951, -10880, 329, 329, 3973
951, -10880, 329, 329, 3973
951, -10880, 329, 329, 3973
951, -10880, 329, 329, 3973
952, -10880, 329, 329, 3973
952, -10879, 329, 329, 3973
952, -10878, 329, 329, 3973
952, -10879, 330, 330, 3973
952, -10879, 330, 330, 3973
953, -10879, 330, 330, 3973
952, -10880, 330, 330, 3973
953, -10880, 330, 330, 3973
952, -10881, 330, 330, 3973
952, -10880, 330, 330, 3975
952, -10880, 330, 330, 3975
952, -10881, 330, 330, 3975
952, -10880, 329, 329, 3975
952, -10880, 329, 329, 3975
952, -10880, 329, 329, 3975
952, -10880, 330, 330, 3975
952, -10879, 330, 330, 3975
953, -10879, 330, 330, 3975
952, -10880, 330, 330, 3975
952, -10880, 330, 330, 3975
952, -10880, 330, 330, 3975
952, -10879, 330, 330, 3975
952, -10880, 330, 330, 3975
952, -10879, 329, 329, 3975
952, -10880, 329, 329, 3975
952, -10880, 329, 329, 3975
951, -10880, 329, 329, 3975
952, -10880, 330, 330, 3975
952, -10880, 330, 330, 3975
952, -10881, 329, 329, 3975
814, -10903, 137, 137, 3975
819, -10897, 195, 195, 3975
819, -10897, 195, 195, 3975
818, -10897, 197, 197, 3975
818, -10897, 197, 197, 3975
818, -10898, 197, 197, 3975
822, -10897, 197, 197, 3977
823, -10897, 198, 198, 3977
823, -10897, 198, 198, 3977
820, -10897, 198, 198, 3977
820, -10897, 199, 199, 3977
820, -10895, 199, 199, 3977
820, -10895, 199, 199, 3977
824, -10896, 199, 199, 3977
825, -10896, 199, 199, 3977
825, -10896, 199, 199, 3977
821, -10897, 200, 200, 3977
821, -10897, 200, 200, 3977
820, -10897, 199, 199, 3977
820, -10897, 200, 200, 3977
820, -10897, 200, 200, 3977
819, -10897, 199, 199, 3977
825, -10897, 200, 200, 3977
822, -10897, 200, 200, 3977
822, -10897, 200, 200, 3977
821, -10896, 199, 199, 3977
822, -10897, 200, 200, 3977
821, -10896, 199, 199, 3969
821, -10896, 199, 199, 3969
823, -10897, 199, 199, 3969
824, -10896, 200, 200, 3969
824, -10896, 200, 200, 3969
824, -10895, 200, 200, 3969
824, -10895, 200, 200, 3969
821, -10896, 200, 200, 3969
821, -10896, 200, 200, 3969
819, -10896, 199, 199, 3969
822, -10897, 200, 200, 3969
822, -10897, 200, 200, 3969
823, -10896, 199, 199, 3969
823, -10896, 199, 199, 3969
824, -10896, 200, 200, 3969
824, -10896, 200, 200, 3969
821, -10895, 199, 199, 3969
821, -10895, 199, 199, 3969
821, -10896, 200, 200, 3969
821, -10896, 200, 200, 3969
823, -10895, 200, 200, 3969
824, -10895, 200, 200, 3969
824, -10895, 200, 200, 3969
824, -10895, 200, 200, 3969
824, -10896, 200, 200, 3969
818, -10896, 200, 200, 3969
820, -10896, 199, 199, 3969
824, -10895, 201, 201, 3969
822, -10897, 200, 200, 3973
822, -10897, 200, 200, 3973
824, -10895, 199, 199, 3973
824, -10895, 199, 199, 3973
825, -10895, 201, 201, 3973
821, -10897, 200, 200, 3973
822, -10896, 200, 200, 3973
822, -10896, 201, 201, 3973
821, -10896, 200, 200, 3973
822, -10896, 199, 199, 3973
824, -10895, 199, 199, 3973
824, -10895, 199, 199, 3973
822, -10896, 199, 199, 3973
822, -10896, 201, 201, 3973
820, -10896, 200, 200, 3973
820, -10896, 201, 201, 3973
820, -10896, 201, 201, 3973
823, -10895, 199, 199, 3973
824, -10896, 200, 200, 3973
824, -10895, 200, 200, 3973
820, -10896, 201, 201, 3973
820, -10896, 201, 201, 3973
821, -10895, 201, 201, 3973
821, -10895, 201, 201, 3973
823, -10896, 200, 200, 3973
823, -10896, 200, 200, 3973
825, -10895, 200, 200, 3973
825, -10895, 200, 200, 3973
826, -10896, 200, 200, 3971
823, -10895, 200, 200, 3971
822, -10895, 201, 201, 3971
822, -10895, 201, 201, 3971
821, -10896, 200, 200, 3971
821, -10896, 200, 200, 3971
824, -10895, 200, 200, 3971
824, -10895, 200, 200, 3971
825, -10895, 200, 200, 3971
823, -10895, 200, 200, 3971
823, -10895, 200, 200, 3971
822, -10894, 200, 200, 3971
822, -10895, 200, 200, 3971
822, -10896, 200, 200, 3971
821, -10895, 200, 200, 3971
825, -10895, 201, 201, 3971
824, -10895, 200, 200, 3971
821, -10895, 200, 200, 3971
821, -10895, 200, 200, 3971
822, -10895, 201, 201, 3971
822, -10894, 200, 200, 3971
824, -10895, 201, 201, 3971
825, -10895, 201, 201, 3969
825, -10895, 201, 201, 3969
822, -10895, 200, 200, 3969
822, -10895, 200, 200, 3969
822, -10895, 201, 201, 3969
822, -10895, 201, 201, 3969
825, -10895, 201, 201, 3969
833, -10897, 202, 202, 3969
827, -10891, 208, 208, 3969
956, -10877, 334, 334, 3969
956, -10877, 334, 334, 3969
955, -10877, 333, 333, 3969
954, -10877, 332, 332, 3969
954, -10877, 332, 332, 3969
954, -10878, 332, 332, 3969
954, -10878, 332, 332, 3969
954, -10878, 332, 332, 3969
954, -10878, 332, 332, 3969
955, -10877, 332, 332, 3969
953, -10877, 331, 331, 3969
954, -10878, 331, 331, 3969
953, -10878, 331, 331, 3969
953, -10878, 331, 331, 3969
953, -10877, 331, 331, 3969
953, -10878, 331, 331, 3969
954, -10878, 331, 331, 3969
953, -10878, 331, 331, 3969
954, -10878, 331, 331, 3969
954, -10877, 331, 331, 3973
954, -10877, 331, 331, 3973
953, -10878, 331, 331, 3973
953, -10878, 331, 331, 3973
953, -10878, 331, 331, 3973
953, -10878, 331, 331, 3973
954, -10878, 331, 331, 3973
954, -10878, 331, 331, 3973
954, -10878, 331, 331, 3973
953, -10879, 331, 331, 3973
954, -10878, 331, 331, 3973
954, -10879, 331, 331, 3973
953, -10878, 331, 331, 3973
954, -10878, 331, 331, 3973
953, -10879, 331, 331, 3973
953, -10879, 331, 331, 3973
953, -10878, 330, 330, 3973
953, -10878, 330, 330, 3973
953, -10877, 331, 331, 3973
953, -10877, 331, 331, 3973
953, -10877, 331, 331, 3973
953, -10878, 331, 331, 3973
953, -10878, 331, 331, 3973
953, -10878, 331, 331, 3973
953, -10878, 331, 331, 3973
952, -10879, 331, 331, 3969
952, -10879, 331, 331, 3969
954, -10878, 331, 331, 3969
954, -10878, 331, 331, 3969
953, -10878, 331, 331, 3969
954, -10878, 331, 331, 3969
954, -10878, 331, 331, 3969
952, -10878, 331, 331, 3969
954, -10878, 331, 331, 3969
954, -10878, 332, 332, 3969
954, -10878, 332, 332, 3969
953, -10878, 331, 331, 3969
954, -10878, 331, 331, 3969
954, -10878, 331, 331, 3969
953, -10878, 331, 331, 3969
953, -10878, 331, 331, 3969
952, -10878, 330, 330, 3969
952, -10878, 330, 330, 3969
954, -10878, 331, 331, 3969
954, -10878, 331, 331, 3969
953, -10878, 331, 331, 3969
953, -10878, 331, 331, 3969
954, -10878, 332, 332, 3969
953, -10878, 331, 331, 3969
953, -10878, 331, 331, 3969
953, -10877, 330, 330, 3971
953, -10877, 330, 330, 3971
953, -10879, 330, 330, 3971
953, -10878, 331, 331, 3971
954, -10878, 331, 331, 3971
953, -10877, 331, 331, 3971
953, -10877, 331, 331, 3971
954, -10877, 331, 331, 3971
953, -10877, 330, 330, 3971
954, -10877, 331, 331, 3971
954, -10877, 331, 331, 3971
953, -10877, 331, 331, 3971
953, -10878, 331, 331, 3971
953, -10878, 331, 331, 3971
953, -10878, 331, 331, 3971
954, -10877, 331, 331, 3971
954, -10877, 331, 331, 3971
954, -10877, 331, 331, 3971
954, -10877, 331, 331, 3971
953, -10877, 331, 331, 3971
953, -10877, 331, 331, 3971
954, -10878, 331, 331, 3971
953, -10876, 331, 331, 3971
953, -10877, 331, 331, 3971
953, -10877, 331, 331, 3971
953, -10878, 331, 331, 3971
953, -10878, 331, 331, 3971
953, -10878, 331, 331, 3965
954, -10878, 331, 331, 3965
954, -10877, 331, 331, 3965
954, -10878, 332, 332, 3965
953, -10877, 331, 331, 3965
953, -10877, 331, 331, 3965
954, -10879, 331, 331, 3965
954, -10879, 331, 331, 3965
954, -10877, 332, 332, 3965
954, -10877, 332, 332, 3965
954, -10878, 332, 332, 3965
955, -10877, 332, 332, 3965
953, -10877, 331, 331, 3965
953, -10877, 331, 331, 3965
955, -10877, 332, 332, 3965
954, -10878, 332, 332, 3965
953, -10878, 331, 331, 3965
953, -10878, 331, 331, 3965
955, -10878, 332, 332, 3965
955, -10878, 332, 332, 3965
953, -10878, 331, 331, 3965
953, -10878, 331, 331, 3965
954, -10878, 332, 332, 3965
954, -10878, 332, 332, 3965
953, -10877, 331, 331, 3963
954, -10878, 331, 331, 3963
954, -10877, 331, 331, 3963
954, -10877, 331, 331, 3963
954, -10878, 332, 332, 3963
815, -10896, 206, 206, 3963
815, -10896, 206, 206, 3963
824, -10896, 196, 196, 3963
822, -10896, 199, 199, 3963
820, -10896, 198, 198, 3963
821, -10896, 199, 199, 3963
821, -10896, 199, 199, 3963
821, -10896, 200, 200, 3963
821, -10896, 200, 200, 3963
824, -10895, 200, 200, 3963
824, -10895, 200, 200, 3963
822, -10896, 200, 200, 3963
822, -10896, 200, 200, 3963
823, -10895, 201, 201, 3963
823, -10895, 201, 201, 3963
825, -10895, 201, 201, 3963
825, -10895, 201, 201, 3963
822, -10895, 201, 201, 3963
821, -10894, 200, 200, 3963
823, -10894, 201, 201, 3963
823, -10894, 201, 201, 3963
826, -10895, 201, 201, 3963
826, -10895, 201, 201, 3963
825, -10895, 201, 201, 3963
825, -10895, 201, 201, 3963
824, -10894, 201, 201, 3963
824, -10894, 201, 201, 3963
822, -10895, 201, 201, 3963
821, -10894, 202, 202, 3963
821, -10894, 202, 202, 3963
826, -10894, 203, 203, 3963
826, -10894, 203, 203, 3963
826, -10894, 202, 202, 3963
826, -10894, 202, 202, 3963
822, -10894, 202, 202, 3963
822, -10894, 202, 202, 3963
821, -10894, 201, 201, 3963
824, -10894, 202, 202, 3963
824, -10894, 202, 202, 3963
827, -10894, 202, 202, 3963
827, -10894, 202, 202, 3963
823, -10893, 201, 201, 3963
823, -10893, 201, 201, 3963
824, -10894, 202, 202, 3963
822, -10895, 202, 202, 3963
822, -10895, 202, 202, 3963
827, -10894, 202, 202, 3965
826, -10894, 201, 201, 3965
826, -10894, 201, 201, 3965
823, -10893, 201, 201, 3965
823, -10893, 201, 201, 3965
823, -10894, 202, 202, 3965
821, -10893, 201, 201, 3965
824, -10894, 202, 202, 3965
824, -10894, 202, 202, 3965
822, -10893, 201, 201, 3965
823, -10893, 201, 201, 3965
826, -10894, 201, 201, 3965
826, -10894, 201, 201, 3965
824, -10894, 202, 202, 3965
823, -10894, 202, 202, 3965
823, -10894, 202, 202, 3965
826, -10894, 202, 202, 3965
826, -10893, 202, 202, 3965
826, -10894, 202, 202, 3965
826, -10894, 202, 202, 3965
827, -10893, 202, 202, 3965
827, -10893, 202, 202, 3965
827, -10893, 203, 203, 3965
823, -10893, 202, 202, 3965
823, -10892, 202, 202, 3965
825, -10893, 203, 203, 3971
825, -10893, 203, 203, 3971
827, -10893, 202, 202, 3971
827, -10893, 202, 202, 3971
824, -10893, 202, 202, 3971
822, -10893, 202, 202, 3971
823, -10894, 202, 202, 3971
823, -10894, 202, 202, 3971
823, -10893, 203, 203, 3971
821, -10894, 201, 201, 3971
822, -10893, 201, 201, 3971
828, -10893, 203, 203, 3971
828, -10893, 203, 203, 3971
827, -10893, 202, 202, 3971
827, -10892, 202, 202, 3971
822, -10893, 202, 202, 3971
822, -10893, 202, 202, 3971
824, -10893, 202, 202, 3971
826, -10892, 202, 202, 3971
826, -10892, 202, 202, 3971
826, -10892, 202, 202, 3971
827, -10892, 203, 203, 3971
824, -10894, 202, 202, 3971
824, -10894, 202, 202, 3971
822, -10892, 203, 203, 3971
822, -10892, 203, 203, 3971
828, -10891, 202, 202, 3973
828, -10892, 203, 203, 3973
824, -10892, 203, 203, 3973
823, -10892, 202, 202, 3973
823, -10893, 203, 203, 3973
823, -10893, 203, 203, 3973
827, -10893, 203, 203, 3973
827, -10893, 203, 203, 3973
825, -10893, 203, 203, 3973
823, -10894, 203, 203, 3973
823, -10893, 202, 202, 3973
823, -10893, 202, 202, 3973
824, -10893, 203, 203, 3973
826, -10895, 203, 203, 3973
826, -10892, 202, 202, 3973
829, -10890, 203, 203, 3973
829, -10890, 203, 203, 3973
962, -10873, 280, 280, 3973
962, -10873, 280, 280, 3973
958, -10874, 336, 336, 3973
957, -10874, 335, 335, 3973
957, -10875, 334, 334, 3973
957, -10875, 334, 334, 3973
956, -10875, 334, 334, 3973
957, -10875, 334, 334, 3973
957, -10874, 333, 333, 3965
957, -10874, 333, 333, 3965
956, -10875, 334, 334, 3965
955, -10875, 333, 333, 3965
955, -10875, 333, 333, 3965
955, -10875, 333, 333, 3965
955, -10876, 333, 333, 3965
955, -10876, 333, 333, 3965
956, -10874, 333, 333, 3965
956, -10875, 333, 333, 3965
955, -10876, 333, 333, 3965
956, -10875, 333, 333, 3965
955, -10876, 333, 333, 3965
955, -10876, 332, 332, 3965
955, -10876, 333, 333, 3965
955, -10875, 333, 333, 3965
955, -10876, 333, 333, 3965
955, -10875, 333, 333, 3965
955, -10876, 332, 332, 3965
955, -10876, 332, 332, 3965
955, -10876, 333, 333, 3965
955, -10876, 333, 333, 3965
954, -10876, 333, 333, 3965
955, -10876, 332, 332, 3965
955, -10876, 333, 333, 3965
955, -10875, 332, 332, 3971
956, -10876, 333, 333, 3971
956, -10876, 333, 333, 3971
955, -10876, 333, 333, 3971
956, -10876, 333, 333, 3971
955, -10875, 333, 333, 3971
955, -10876, 333, 333, 3971
955, -10876, 332, 332, 3971
955, -10876, 333, 333, 3971
955, -10876, 333, 333, 3971
954, -10876, 332, 332, 3971
954, -10876, 332, 332, 3971
955, -10875, 332, 332, 3971
955, -10875, 332, 332, 3971
955, -10875, 333, 333, 3971
955, -10875, 333, 333, 3971
955, -10876, 333, 333, 3971
955, -10876, 333, 333, 3971
957, -10875, 333, 333, 3971
957, -10875, 333, 333, 3971
956, -10875, 334, 334, 3971
956, -10876, 333, 333, 3971
955, -10875, 333, 333, 3971
955, -10875, 333, 333, 3971
955, -10875, 333, 333, 3971
955, -10876, 333, 333, 3971
955, -10877, 333, 333, 3963
955, -10876, 333, 333, 3963
955, -10876, 333, 333, 3963
956, -10875, 333, 333, 3963
956, -10876, 333, 333, 3963
955, -10875, 333, 333, 3963
954, -10875, 333, 333, 3963
955, -10875, 333, 333, 3963
955, -10875, 333, 333, 3963
955, -10874, 333, 333, 3963
955, -10874, 333, 333, 3963
955, -10876, 333, 333, 3963
955, -10876, 333, 333, 3963
955, -10874, 333, 333, 3963
955, -10875, 333, 333, 3963
956, -10876, 333, 333, 3963
956, -10876, 333, 333, 3963
954, -10876, 333, 333, 3963
956, -10875, 334, 334, 3963
956, -10874, 333, 333, 3963
956, -10874, 333, 333, 3963
955, -10875, 333, 333, 3963
956, -10876, 333, 333, 3963
955, -10875, 333, 333, 3963
955, -10875, 333, 333, 3963
954, -10875, 332, 332, 3961
955, -10875, 332, 332, 3961
955, -10876, 333, 333, 3961
955, -10875, 333, 333, 3961
956, -10876, 333, 333, 3961
956, -10875, 333, 333, 3961
956, -10875, 333, 333, 3961
956, -10876, 333, 333, 3961
956, -10876, 333, 333, 3961
956, -10876, 333, 333, 3961
955, -10875, 333, 333, 3961
955, -10875, 333, 333, 3961
956, -10875, 333, 333, 3961
956, -10875, 333, 333, 3961
956, -10875, 333, 333, 3961
956, -10875, 333, 333, 3961
956, -10874, 333, 333, 3961
956, -10874, 333, 333, 3961
956, -10876, 333, 333, 3961
956, -10876, 333, 333, 3961
956, -10876, 333, 333, 3961
956, -10876, 333, 333, 3961
956, -10876, 333, 333, 3961
955, -10876, 333, 333, 3961
955, -10876, 333, 333, 3961
955, -10875, 333, 333, 3961
956, -10876, 333, 333, 3959
956, -10876, 333, 333, 3959
956, -10875, 333, 333, 3959
956, -10876, 333, 333, 3959
956, -10876, 333, 333, 3959
956, -10874, 333, 333, 3959
956, -10874, 333, 333, 3959
955, -10875, 333, 333, 3959
955, -10875, 333, 333, 3959
956, -10875, 333, 333, 3959
956, -10875, 333, 333, 3959
956, -10875, 333, 333, 3959
955, -10875, 333, 333, 3959
955, -10876, 333, 333, 3959
956, -10890, 333, 333, 3959
797, -10896, 156, 156, 3959
824, -10893, 193, 193, 3959
822, -10893, 199, 199, 3959
822, -10893, 199, 199, 3959
821, -10893, 199, 199, 3959
821, -10893, 200, 200, 3959
821, -10894, 201, 201, 3959
821, -10894, 201, 201, 3959
825, -10893, 200, 200, 3961
825, -10892, 201, 201, 3961
825, -10891, 201, 201, 3961
825, -10891, 201, 201, 3961
821, -10893, 201, 201, 3961
821, -10893, 201, 201, 3961
822, -10892, 202, 202, 3961
824, -10892, 201, 201, 3961
824, -10892, 201, 201, 3961
827, -10892, 202, 202, 3961
827, -10892, 202, 202, 3961
822, -10892, 201, 201, 3961
822, -10892, 201, 201, 3961
822, -10892, 202, 202, 3961
822, -10892, 202, 202, 3961
822, -10892, 202, 202, 3961
825, -10892, 203, 203, 3961
825, -10890, 203, 203, 3961
825, -10890, 203, 203, 3961
825, -10891, 201, 201, 3961
825, -10891, 201, 201, 3961
827, -10891, 202, 202, 3961
827, -10892, 203, 203, 3961
827, -10892, 203, 203, 3961
827, -10892, 203, 203, 3961
826, -10891, 202, 202, 3961
828, -10890, 203, 203, 3967
825, -10891, 202, 202, 3967
822, -10892, 202, 202, 3967
823, -10891, 203, 203, 3967
825, -10891, 202, 202, 3967
825, -10891, 202, 202, 3967
826, -10891, 202, 202, 3967
826, -10890, 202, 202, 3967
824, -10891, 202, 202, 3967
824, -10891, 202, 202, 3967
823, -10891, 203, 203, 3967
822, -10891, 202, 202, 3967
823, -10891, 203, 203, 3967
823, -10891, 203, 203, 3967
824, -10891, 202, 202, 3967
824, -10891, 202, 202, 3967
829, -10891, 203, 203, 3967
828, -10890, 203, 203, 3967
826, -10890, 203, 203, 3967
825, -10890, 203, 203, 3967
824, -10892, 203, 203, 3967
824, -10892, 203, 203, 3967
825, -10892, 203, 203, 3967
825, -10892, 203, 203, 3967
827, -10891, 202, 202, 3963
827, -10891, 202, 202, 3963
827, -10889, 202, 202, 3963
828, -10891, 203, 203, 3963
826, -10892, 203, 203, 3963
826, -10892, 203, 203, 3963
824, -10890, 204, 204, 3963
824, -10890, 204, 204, 3963
825, -10890, 204, 204, 3963
825, -10890, 204, 204, 3963
828, -10890, 204, 204, 3963
827, -10890, 202, 202, 3963
826, -10891, 203, 203, 3963
826, -10891, 203, 203, 3963
829, -10890, 204, 204, 3963
829, -10890, 204, 204, 3963
824, -10891, 204, 204, 3963
825, -10891, 203, 203, 3963
825, -10891, 203, 203, 3963
825, -10891, 203, 203, 3963
825, -10891, 203, 203, 3963
824, -10891, 203, 203, 3961
824, -10891, 203, 203, 3961
825, -10891, 203, 203, 3961
828, -10890, 204, 204, 3961
828, -10890, 204, 204, 3961
828, -10890, 204, 204, 3961
826, -10890, 204, 204, 3961
825, -10890, 204, 204, 3961
825, -10890, 204, 204, 3961
823, -10890, 203, 203, 3961
828, -10890, 203, 203, 3961
824, -10890, 203, 203, 3961
828, -10890, 204, 204, 3961
828, -10890, 204, 204, 3961
825, -10889, 204, 204, 3961
825, -10889, 204, 204, 3961
823, -10891, 203, 203, 3961
825, -10890, 204, 204, 3961
828, -10890, 204, 204, 3961
828, -10890, 204, 204, 3961
828, -10889, 204, 204, 3961
828, -10889, 204, 204, 3961
828, -10889, 203, 203, 3961
828, -10889, 203, 203, 3961
823, -10889, 204, 204, 3961
823, -10889, 204, 204, 3961
824, -10890, 203, 203, 3969
824, -10890, 203, 203, 3969
829, -10889, 204, 204, 3969
829, -10890, 204, 204, 3969
824, -10874, 211, 211, 3969
824, -10874, 211, 211, 3969
961, -10870, 340, 340, 3969
958, -10871, 336, 336, 3969
958, -10871, 336, 336, 3969
958, -10872, 336, 336, 3969
958, -10872, 336, 336, 3969
957, -10872, 335, 335, 3969
957, -10873, 335, 335, 3969
957, -10873, 335, 335, 3969
957, -10873, 335, 335, 3969
957, -10873, 335, 335, 3969
957, -10872, 335, 335, 3969
957, -10872, 335, 335, 3969
957, -10873, 335, 335, 3969
957, -10872, 334, 334, 3969
957, -10872, 334, 334, 3969
957, -10873, 334, 334, 3969
957, -10873, 334, 334, 3969
957, -10873, 335, 335, 3969
957, -10873, 335, 335, 3969
957, -10873, 335, 335, 3969
957, -10873, 335, 335, 3969
957, -10873, 334, 334, 3963
957, -10873, 334, 334, 3963
957, -10872, 335, 335, 3963
957, -10873, 335, 335, 3963
957, -10872, 335, 335, 3963
957, -10873, 335, 335, 3963
957, -10874, 334, 334, 3963
957, -10874, 334, 334, 3963
956, -10873, 334, 334, 3963
957, -10872, 334, 334, 3963
957, -10873, 335, 335, 3963
956, -10873, 334, 334, 3963
957, -10873, 334, 334, 3963
956, -10872, 334, 334, 3963
957, -10873, 334, 334, 3963
956, -10873, 334, 334, 3963
956, -10873, 334, 334, 3963
957, -10873, 334, 334, 3963
957, -10873, 335, 335, 3963
957, -10873, 334, 334, 3963
957, -10873, 334, 334, 3963
957, -10873, 334, 334, 3963
957, -10873, 334, 334, 3963
957, -10873, 334, 334, 3963
955, -10872, 334, 334, 3963
956, -10872, 333, 333, 3963
958, -10874, 334, 334, 3965
958, -10874, 334, 334, 3965
956, -10873, 334, 334, 3965
956, -10873, 334, 334, 3965
956, -10873, 334, 334, 3965
957, -10873, 334, 334, 3965
957, -10873, 334, 334, 3965
956, -10872, 334, 334, 3965
956, -10872, 334, 334, 3965
956, -10872, 334, 334, 3965
957, -10874, 334, 334, 3965
957, -10874, 334, 334, 3965
956, -10872, 334, 334, 3965
956, -10872, 334, 334, 3965
956, -10873, 334, 334, 3965
957, -10873, 334, 334, 3965
957, -10873, 334, 334, 3965
957, -10873, 334, 334, 3965
956, -10873, 334, 334, 3965
956, -10873, 334, 334, 3965
957, -10873, 334, 334, 3965
957, -10873, 334, 334, 3965
957, -10873, 334, 334, 3965
957, -10873, 334, 334, 3965
956, -10873, 335, 335, 3965
956, -10873, 335, 335, 3965
957, -10872, 335, 335, 3965
957, -10872, 335, 335, 3965
956, -10872, 334, 334, 3961
956, -10873, 334, 334, 3961
957, -10873, 334, 334, 3961
956, -10873, 334, 334, 3961
956, -10873, 334, 334, 3961
957, -10872, 334, 334, 3961
957, -10872, 334, 334, 3961
957, -10872, 335, 335, 3961
957, -10872, 335, 335, 3961
957, -10873, 334, 334, 3961
956, -10873, 334, 334, 3961
956, -10872, 334, 334, 3961
956, -10872, 334, 334, 3961
956, -10872, 334, 334, 3961
957, -10871, 334, 334, 3961
957, -10872, 334, 334, 3961
957, -10873, 335, 335, 3961
957, -10873, 335, 335, 3961
957, -10873, 335, 335, 3961
957, -10873, 335, 335, 3961
957, -10872, 334, 334, 3961
956, -10873, 334, 334, 3961
957, -10872, 335, 335, 3961
956, -10873, 334, 334, 3961
956, -10873, 334, 334, 3961
956, -10871, 334, 334, 3961
957, -10873, 334, 334, 3961
957, -10873, 334, 334, 3961
957, -10871, 335, 335, 3961
957, -10871, 335, 335, 3961
957, -10872, 335, 335, 3961
956, -10872, 334, 334, 3961
956, -10872, 334, 334, 3961
957, -10872, 335, 335, 3961
958, -10872, 335, 335, 3961
957, -10871, 334, 334, 3961
956, -10871, 335, 335, 3961
958, -10872, 334, 334, 3961
958, -10872, 334, 334, 3961
957, -10872, 335, 335, 3961
958, -10872, 335, 335, 3961
957, -10872, 334, 334, 3961
957, -10872, 334, 334, 3961
957, -10872, 334, 334, 3961
957, -10872, 335, 335, 3961
957, -10872, 335, 335, 3961
958, -10871, 335, 335, 3961
958, -10871, 335, 335, 3961
958, -10871, 335, 335, 3961
958, -10872, 335, 335, 3961
958, -10871, 335, 335, 3959
957, -10870, 335, 335, 3959
957, -10872, 335, 335, 3959
956, -10872, 334, 334, 3959
957, -10872, 335, 335, 3959
957, -10872, 335, 335, 3959
956, -10871, 334, 334, 3959
957, -10872, 334, 334, 3959
957, -10872, 335, 335, 3959
957, -10872, 335, 335, 3959
957, -10871, 335, 335, 3959
724, -10906, 100, 100, 3959
724, -10906, 100, 100, 3959
725, -10904, 103, 103, 3959
725, -10904, 103, 103, 3959
728, -10903, 104, 104, 3959
733, -10902, 105, 105, 3959
731, -10901, 105, 105, 3959
732, -10901, 106, 106, 3959
725, -10902, 107, 107, 3959
725, -10902, 107, 107, 3959
726, -10903, 106, 106, 3959
730, -10903, 108, 108, 3959
728, -10901, 108, 108, 3959
732, -10902, 108, 108, 3959
732, -10902, 108, 108, 3959
733, -10901, 108, 108, 3959
728, -10901, 108, 108, 3959
731, -10902, 108, 108, 3955
731, -10902, 108, 108, 3955
734, -10901, 109, 109, 3955
734, -10901, 109, 109, 3955
734, -10901, 108, 108, 3955
737, -10901, 109, 109, 3955
731, -10900, 109, 109, 3955
731, -10900, 109, 109, 3955
730, -10900, 109, 109, 3955
730, -10900, 109, 109, 3955
729, -10900, 109, 109, 3955
728, -10901, 109, 109, 3955
728, -10901, 109, 109, 3955
727, -10900, 109, 109, 3955
727, -10900, 108, 108, 3955
735, -10901, 109, 109, 3955
730, -10900, 110, 110, 3955
733, -10900, 108, 108, 3955
736, -10901, 109, 109, 3955
731, -10900, 108, 108, 3955
732, -10900, 109, 109, 3955
732, -10900, 109, 109, 3955
732, -10900, 109, 109, 3955
732, -10900, 109, 109, 3955
730, -10901, 110, 110, 3963
731, -10901, 109, 109, 3963
734, -10900, 110, 110, 3963
734, -10900, 110, 110, 3963
736, -10900, 110, 110, 3963
736, -10900, 110, 110, 3963
734, -10900, 110, 110, 3963
730, -10901, 109, 109, 3963
731, -10900, 110, 110, 3963
736, -10901, 110, 110, 3963
731, -10900, 110, 110, 3963
731, -10900, 110, 110, 3963
729, -10901, 110, 110, 3963
729, -10901, 110, 110, 3963
730, -10901, 110, 110, 3963
731, -10901, 110, 110, 3963
732, -10900, 110, 110, 3963
732, -10900, 111, 111, 3963
737, -10900, 110, 110, 3963
737, -10900, 110, 110, 3963
731, -10900, 110, 110, 3963
731, -10900, 110, 110, 3963
729, -10900, 110, 110, 3963
728, -10901, 109, 109, 3957
728, -10901, 110, 110, 3957
728, -10900, 110, 110, 3957
728, -10900, 110, 110, 3957
733, -10901, 110, 110, 3957
733, -10901, 110, 110, 3957
735, -10900, 111, 111, 3957
735, -10900, 110, 110, 3957
729, -10900, 110, 110, 3957
729, -10900, 110, 110, 3957
734, -10899, 111, 111, 3957
734, -10899, 111, 111, 3957
734, -10900, 110, 110, 3957
736, -10899, 110, 110, 3957
736, -10899, 110, 110, 3957
738, -10899, 111, 111, 3957
730, -10899, 111, 111, 3957
730, -10899, 110, 110, 3957
730, -10900, 111, 111, 3957
733, -10901, 110, 110, 3957
733, -10900, 110, 110, 3957
733, -10900, 110, 110, 3957
732, -10900, 111, 111, 3957
738, -10898, 111, 111, 3957
738, -10898, 111, 111, 3957
730, -10899, 111, 111, 3957
730, -10899, 111, 111, 3955
730, -10900, 111, 111, 3955
734, -10899, 111, 111, 3955
735, -10899, 111, 111, 3955
735, -10899, 111, 111, 3955
735, -10899, 111, 111, 3955
735, -10899, 111, 111, 3955
736, -10898, 111, 111, 3955
736, -10898, 111, 111, 3955
733, -10899, 110, 110, 3955
733, -10899, 110, 110, 3955
730, -10899, 111, 111, 3955
730, -10899, 111, 111, 3955
736, -10899, 111, 111, 3955
736, -10898, 111, 111, 3955
736, -10898, 111, 111, 3955
738, -10898, 111, 111, 3955
737, -10898, 111, 111, 3955
735, -10899, 111, 111, 3955
734, -10898, 111, 111, 3955
735, -10898, 112, 112, 3955
735, -10898, 112, 112, 3955
965, -10866, 343, 343, 3955
965, -10866, 343, 343, 3955
963, -10866, 342, 342, 3963
962, -10867, 340, 340, 3963
962, -10866, 340, 340, 3963
961, -10867, 339, 339, 3963
960, -10866, 338, 338, 3963
960, -10868, 338, 338, 3963
960, -10868, 338, 338, 3963
960, -10868, 338, 338, 3963
959, -10867, 337, 337, 3963
959, -10868, 337, 337, 3963
959, -10869, 337, 337, 3963
959, -10868, 337, 337, 3963
959, -10868, 337, 337, 3963
959, -10868, 336, 336, 3963
958, -10868, 336, 336, 3963
959, -10869, 336, 336, 3963
959, -10868, 337, 337, 3963
959, -10868, 337, 337, 3963
958, -10869, 336, 336, 3963
958, -10869, 336, 336, 3963
959, -10868, 337, 337, 3963
958, -10868, 336, 336, 3963
959, -10868, 336, 336, 3963
959, -10868, 336, 336, 3963
959, -10869, 336, 336, 3963
959, -10869, 336, 336, 3963
958, -10869, 336, 336, 3961
958, -10869, 335, 335, 3961
958, -10869, 335, 335, 3961
957, -10868, 336, 336, 3961
957, -10868, 336, 336, 3961
958, -10868, 336, 336, 3961
958, -10868, 336, 336, 3961
958, -10869, 335, 335, 3961
958, -10869, 335, 335, 3961
958, -10868, 336, 336, 3961
957, -10869, 336, 336, 3961
957, -10869, 336, 336, 3961
958, -10869, 335, 335, 3961
958, -10868, 335, 335, 3961
958, -10868, 335, 335, 3961
958, -10869, 336, 336, 3961
959, -10868, 336, 336, 3961
958, -10869, 336, 336, 3961
959, -10869, 336, 336, 3961
958, -10869, 335, 335, 3961
957, -10869, 335, 335, 3961
957, -10869, 335, 335, 3961
958, -10868, 336, 336, 3961
958, -10869, 336, 336, 3961
958, -10868, 336, 336, 3961
959, -10868, 336, 336, 3961
958, -10869, 336, 336, 3961
958, -10869, 336, 336, 3961
958, -10869, 336, 336, 3961
958, -10869, 336, 336, 3961
959, -10868, 336, 336, 3961
959, -10869, 336, 336, 3961
959, -10869, 336, 336, 3961
958, -10869, 336, 336, 3961
958, -10869, 336, 336, 3961
958, -10869, 336, 336, 3961
959, -10869, 336, 336, 3961
957, -10868, 335, 335, 3961
957, -10868, 335, 335, 3961
958, -10869, 335, 335, 3961
957, -10869, 335, 335, 3961
958, -10869, 336, 336, 3961
958, -10870, 335, 335, 3961
958, -10869, 335, 335, 3961
958, -10869, 335, 335, 3961
958, -10869, 336, 336, 3961
958, -10869, 336, 336, 3961
958, -10870, 336, 336, 3961
958, -10869, 335, 335, 3961
958, -10868, 335, 335, 3955
957, -10868, 335, 335, 3955
958, -10869, 335, 335, 3955
958, -10869, 336, 336, 3955
957, -10868, 335, 335, 3955
958, -10868, 335, 335, 3955
958, -10869, 336, 336, 3955
958, -10869, 336, 336, 3955
958, -10869, 336, 336, 3955
958, -10868, 336, 336, 3955
959, -10868, 336, 336, 3955
959, -10868, 336, 336, 3955
959, -10868, 336, 336, 3955
958, -10869, 336, 336, 3955
959, -10869, 336, 336, 3955
959, -10869, 336, 336, 3955
959, -10868, 336, 336, 3955
959, -10869, 336, 336, 3955
958, -10869, 336, 336, 3955
959, -10869, 336, 336, 3955
959, -10869, 336, 336, 3955
958, -10869, 336, 336, 3955
958, -10868, 336, 336, 3955
958, -10868, 335, 335, 3955
958, -10868, 335, 335, 3955
958, -10869, 336, 336, 3955
959, -10869, 336, 336, 3955
959, -10869, 336, 336, 3955
958, -10870, 336, 336, 3955
959, -10870, 336, 336, 3955
959, -10869, 336, 336, 3955
958, -10868, 336, 336, 3955
958, -10868, 336, 336, 3955
958, -10869, 336, 336, 3955
959, -10869, 336, 336, 3955
959, -10869, 336, 336, 3955
959, -10869, 336, 336, 3955
958, -10869, 336, 336, 3955
958, -10869, 336, 336, 3955
959, -10868, 336, 336, 3955
959, -10868, 336, 336, 3955
958, -10869, 336, 336, 3955
959, -10868, 336, 336, 3955
959, -10868, 336, 336, 3955
958, -10868, 336, 336, 3955
807, -10905, 191, 191, 3955
728, -10902, 100, 100, 3955
733, -10899, 106, 106, 3955
732, -10899, 107, 107, 3950
732, -10899, 107, 107, 3950
732, -10899, 107, 107, 3950
732, -10899, 107, 107, 3950
731, -10898, 109, 109, 3950
731, -10898, 109, 109, 3950
732, -10898, 109, 109, 3950
729, -10898, 109, 109, 3950
728, -10898, 109, 109, 3950
728, -10898, 109, 109, 3950
735, -10897, 110, 110, 3950
736, -10898, 110, 110, 3950
734, -10898, 110, 110, 3950
734, -10898, 110, 110, 3950
733, -10898, 111, 111, 3950
732, -10897, 110, 110, 3950
732, -10897, 110, 110, 3950
730, -10898, 111, 111, 3950
730, -10898, 111, 111, 3950
730, -10898, 111, 111, 3950
735, -10897, 110, 110, 3950
735, -10897, 110, 110, 3950
737, -10897, 111, 111, 3950
739, -10896, 111, 111, 3950
735, -10897, 111, 111, 3950
735, -10897, 111, 111, 3950
736, -10897, 111, 111, 3950
734, -10897, 110, 110, 3950
731, -10898, 111, 111, 3950
731, -10898, 111, 111, 3950
728, -10898, 111, 111, 3950
733, -10897, 112, 112, 3950
733, -10897, 112, 112, 3950
730, -10897, 111, 111, 3950
730, -10897, 111, 111, 3950
736, -10897, 111, 111, 3950
732, -10898, 111, 111, 3950
732, -10898, 111, 111, 3950
738, -10896, 111, 111, 3950
734, -10897, 112, 112, 3950
735, -10897, 112, 112, 3950
736, -10897, 111, 111, 3950
737, -10896, 112, 112, 3950
737, -10897, 111, 111, 3950
737, -10897, 111, 111, 3950
738, -10896, 112, 112, 3950
730, -10898, 111, 111, 3950
730, -10898, 111, 111, 3950
730, -10897, 112, 112, 3950
733, -10896, 112, 112, 3950
738, -10897, 112, 112, 3950
738, -10897, 112, 112, 3950
737, -10895, 112, 112, 3950
737, -10895, 112, 112, 3950
736, -10896, 112, 112, 3950
736, -10896, 112, 112, 3950
730, -10897, 112, 112, 3950
735, -10897, 113, 113, 3950
732, -10896, 111, 111, 3950
732, -10896, 111, 111, 3950
734, -10897, 113, 113, 3950
734, -10897, 113, 113, 3950
735, -10897, 112, 112, 3950
735, -10897, 112, 112, 3950
738, -10896, 112, 112, 3950
738, -10896, 112, 112, 3950
738, -10896, 112, 112, 3950
732, -10896, 112, 112, 3950
732, -10895, 112, 112, 3950
732, -10897, 112, 112, 3950
732, -10897, 112, 112, 3950
737, -10896, 111, 111, 3950
738, -10896, 112, 112, 3950
735, -10895, 112, 112, 3950
735, -10895, 112, 112, 3950
735, -10895, 112, 112, 3950
730, -10896, 112, 112, 3950
732, -10896, 112, 112, 3961
731, -10895, 112, 112, 3961
734, -10897, 112, 112, 3961
731, -10896, 112, 112, 3961
732, -10896, 112, 112, 3961
732, -10896, 112, 112, 3961
732, -10896, 112, 112, 3961
732, -10896, 112, 112, 3961
734, -10896, 113, 113, 3961
733, -10896, 113, 113, 3961
734, -10896, 113, 113, 3961
737, -10896, 113, 113, 3961
738, -10895, 112, 112, 3961
738, -10895, 112, 112, 3961
731, -10895, 113, 113, 3961
731, -10895, 113, 113, 3961
732, -10895, 113, 113, 3961
734, -10896, 113, 113, 3961
733, -10895, 112, 112, 3961
734, -10896, 112, 112, 3961
734, -10896, 112, 112, 3961
736, -10896, 113, 113, 3961
732, -10894, 112, 112, 3959
734, -10896, 114, 114, 3959
736, -10895, 113, 113, 3959
736, -10895, 112, 112, 3959
738, -10894, 112, 112, 3959
738, -10895, 112, 112, 3959
732, -10895, 113, 113, 3959
720, -10895, 113, 113, 3959
720, -10895, 113, 113, 3959
968, -10861, 348, 348, 3959
968, -10861, 348, 348, 3959
966, -10862, 344, 344, 3959
964, -10863, 342, 342, 3959
964, -10863, 341, 341, 3959
963, -10864, 341, 341, 3959
963, -10865, 340, 340, 3959
963, -10864, 340, 340, 3959
964, -10864, 341, 341, 3959
961, -10863, 339, 339, 3959
962, -10864, 339, 339, 3959
961, -10865, 339, 339, 3959
961, -10865, 339, 339, 3959
962, -10865, 339, 339, 3959
961, -10864, 339, 339, 3952
961, -10865, 339, 339, 3952
961, -10865, 339, 339, 3952
961, -10865, 339, 339, 3952
962, -10865, 339, 339, 3952
961, -10866, 339, 339, 3952
961, -10865, 338, 338, 3952
960, -10865, 338, 338, 3952
961, -10866, 338, 338, 3952
960, -10865, 338, 338, 3952
961, -10865, 338, 338, 3952
961, -10865, 338, 338, 3952
961, -10864, 338, 338, 3952
961, -10866, 338, 338, 3952
961, -10865, 338, 338, 3952
961, -10865, 338, 338, 3952
961, -10865, 338, 338, 3952
961, -10865, 338, 338, 3952
961, -10865, 338, 338, 3952
961, -10864, 338, 338, 3952
961, -10864, 338, 338, 3952
961, -10866, 338, 338, 3952
961, -10865, 338, 338, 3952
960, -10864, 338, 338, 3952
960, -10865, 338, 338, 3957
960, -10865, 338, 338, 3957
960, -10865, 338, 338, 3957
960, -10866, 338, 338, 3957
960, -10866, 338, 338, 3957
961, -10865, 338, 338, 3957
961, -10865, 338, 338, 3957
960, -10866, 338, 338, 3957
960, -10865, 338, 338, 3957
959, -10865, 338, 338, 3957
960, -10865, 338, 338, 3957
960, -10865, 338, 338, 3957
960, -10865, 338, 338, 3957
960, -10865, 338, 338, 3957
960, -10865, 338, 338, 3957
960, -10866, 338, 338, 3957
961, -10866, 338, 338, 3957
961, -10865, 338, 338, 3957
961, -10865, 338, 338, 3957
961, -10865, 338, 338, 3957
961, -10865, 339, 339, 3957
961, -10865, 339, 339, 3957
961, -10865, 339, 339, 3957
961, -10865, 339, 339, 3957
960, -10865, 338, 338, 3957
961, -10865, 338, 338, 3957
961, -10866, 339, 339, 3961
962, -10865, 338, 338, 3961
961, -10865, 338, 338, 3961
961, -10865, 339, 339, 3961
961, -10865, 338, 338, 3961
961, -10865, 338, 338, 3961
961, -10865, 338, 338, 3961
961, -10865, 338, 338, 3961
960, -10865, 338, 338, 3961
960, -10865, 338, 338, 3961
961, -10865, 338, 338, 3961
961, -10865, 338, 338, 3961
961, -10865, 339, 339, 3961
961, -10865, 339, 339, 3961
960, -10865, 338, 338, 3961
961, -10866, 338, 338, 3961
960, -10864, 338, 338, 3961
960, -10865, 338, 338, 3961
961, -10865, 338, 338, 3961
960, -10865, 338, 338, 3961
961, -10865, 338, 338, 3961
961, -10863, 338, 338, 3961
961, -10864, 339, 339, 3961
961, -10866, 339, 339, 3961
960, -10864, 338, 338, 3961
960, -10865, 338, 338, 3961
959, -10865, 337, 337, 3952
960, -10865, 338, 338, 3952
961, -10864, 338, 338, 3952
961, -10864, 338, 338, 3952
961, -10865, 339, 339, 3952
961, -10865, 339, 339, 3952
961, -10864, 338, 338, 3952
959, -10863, 338, 338, 3952
959, -10863, 338, 338, 3952
960, -10865, 338, 338, 3952
960, -10863, 338, 338, 3952
961, -10864, 339, 339, 3952
961, -10864, 339, 339, 3952
961, -10865, 339, 339, 3952
961, -10865, 339, 339, 3952
961, -10865, 338, 338, 3952
961, -10865, 338, 338, 3952
961, -10865, 338, 338, 3952
960, -10864, 338, 338, 3952
961, -10865, 339, 339, 3952
961, -10865, 338, 338, 3952
960, -10865, 338, 338, 3952
961, -10864, 339, 339, 3952
961, -10864, 338, 338, 3952
961, -10864, 338, 338, 3952
961, -10864, 338, 338, 3946
961, -10864, 339, 339, 3946
961, -10865, 339, 339, 3946
961, -10865, 338, 338, 3946
961, -10865, 338, 338, 3946
961, -10865, 339, 339, 3946
961, -10865, 339, 339, 3946
511, -10914, 226, 226, 3946
714, -10902, 59, 59, 3946
721, -10897, 105, 105, 3946
731, -10896, 106, 106, 3946
731, -10895, 110, 110, 3946
731, -10895, 110, 110, 3946
731, -10895, 110, 110, 3946
738, -10894, 110, 110, 3946
738, -10893, 111, 111, 3946
738, -10893, 110, 110, 3946
732, -10895, 112, 112, 3946
732, -10895, 112, 112, 3946
732, -10895, 112, 112, 3946
733, -10895, 112, 112, 3946
738, -10893, 112, 112, 3946
734, -10893, 113, 113, 3946
734, -10893, 113, 113, 3946
731, -10895, 113, 113, 3948
731, -10895, 113, 113, 3948
731, -10894, 112, 112, 3948
731, -10893, 113, 113, 3948
730, -10894, 112, 112, 3948
730, -10894, 112, 112, 3948
731, -10894, 113, 113, 3948
737, -10894, 113, 113, 3948
737, -10894, 113, 113, 3948
737, -10893, 113, 113, 3948
739, -10893, 113, 113, 3948
740, -10893, 113, 113, 3948
738, -10892, 114, 114, 3948
739, -10892, 113, 113, 3948
734, -10894, 113, 113, 3948
731, -10893, 113, 113, 3948
735, -10894, 114, 114, 3948
740, -10893, 113, 113, 3948
740, -10893, 113, 113, 3948
738, -10892, 114, 114, 3948
739, -10892, 113, 113, 3948
737, -10893, 114, 114, 3948
734, -10893, 114, 114, 3959
738, -10892, 114, 114, 3959
737, -10893, 114, 114, 3959
737, -10893, 114, 114, 3959
730, -10891, 114, 114, 3959
731, -10893, 114, 114, 3959
733, -10893, 114, 114, 3959
733, -10893, 114, 114, 3959
739, -10892, 114, 114, 3959
739, -10892, 114, 114, 3959
738, -10892, 114, 114, 3959
738, -10893, 114, 114, 3959
741, -10893, 115, 115, 3959
736, -10891, 114, 114, 3959
739, -10891, 114, 114, 3959
738, -10892, 114, 114, 3959
735, -10892, 114, 114, 3959
735, -10892, 114, 114, 3959
735, -10892, 114, 114, 3959
733, -10892, 114, 114, 3959
736, -10893, 115, 115, 3959
736, -10893, 115, 115, 3959
738, -10892, 116, 116, 3959
739, -10891, 114, 114, 3955
739, -10891, 114, 114, 3955
739, -10892, 115, 115, 3955
738, -10892, 114, 114, 3955
736, -10892, 114, 114, 3955
736, -10892, 115, 115, 3955
734, -10892, 114, 114, 3955
733, -10892, 115, 115, 3955
735, -10893, 115, 115, 3955
734, -10892, 115, 115, 3955
731, -10892, 115, 115, 3955
736, -10891, 115, 115, 3955
742, -10892, 115, 115, 3955
742, -10892, 115, 115, 3955
739, -10891, 115, 115, 3955
740, -10892, 115, 115, 3955
738, -10891, 114, 114, 3955
740, -10892, 115, 115, 3955
740, -10892, 115, 115, 3955
734, -10892, 114, 114, 3955
739, -10891, 116, 116, 3955
733, -10892, 115, 115, 3955
734, -10891, 115, 115, 3955
741, -10891, 116, 116, 3957
741, -10891, 116, 116, 3957
740, -10891, 115, 115, 3957
739, -10892, 115, 115, 3957
742, -10892, 115, 115, 3957
743, -10891, 116, 116, 3957
743, -10891, 116, 116, 3957
735, -10891, 116, 116, 3957
734, -10892, 115, 115, 3957
734, -10891, 116, 116, 3957
740, -10890, 116, 116, 3957
740, -10890, 116, 116, 3957
735, -10890, 116, 116, 3957
735, -10890, 116, 116, 3957
733, -10892, 115, 115, 3957
734, -10892, 116, 116, 3957
734, -10892, 116, 116, 3957
743, -10869, 122, 122, 3957
971, -10857, 351, 351, 3957
969, -10858, 348, 348, 3957
969, -10859, 346, 346, 3957
966, -10860, 344, 344, 3950
966, -10860, 344, 344, 3950
966, -10860, 343, 343, 3950
966, -10860, 343, 343, 3950
965, -10860, 343, 343, 3950
964, -10860, 342, 342, 3950
965, -10860, 342, 342, 3950
966, -10861, 343, 343, 3950
964, -10859, 342, 342, 3950
964, -10859, 342, 342, 3950
964, -10860, 342, 342, 3950
964, -10860, 342, 342, 3950
964, -10860, 342, 342, 3950
964, -10861, 342, 342, 3950
965, -10860, 342, 342, 3950
964, -10861, 342, 342, 3950
964, -10861, 342, 342, 3950
965, -10860, 342, 342, 3950
964, -10860, 341, 341, 3950
964, -10861, 341, 341, 3950
963, -10861, 342, 342, 3950
963, -10861, 341, 341, 3950
964, -10861, 341, 341, 3950
964, -10861, 341, 341, 3950
963, -10861, 341, 341, 3950
963, -10861, 341, 341, 3955
963, -10861, 341, 341, 3955
964, -10861, 340, 340, 3955
963, -10860, 341, 341, 3955
963, -10860, 341, 341, 3955
964, -10859, 341, 341, 3955
963, -10861, 341, 341, 3955
963, -10861, 341, 341, 3955
964, -10861, 341, 341, 3955
964, -10860, 341, 341, 3955
964, -10860, 341, 341, 3955
963, -10861, 341, 341, 3955
963, -10861, 341, 341, 3955
963, -10861, 341, 341, 3955
964, -10861, 341, 341, 3955
963, -10862, 340, 340, 3955
963, -10862, 340, 340, 3955
963, -10861, 341, 341, 3955
964, -10861, 341, 341, 3955
962, -10861, 341, 341, 3955
962, -10861, 341, 341, 3955
963, -10861, 341, 341, 3955
963, -10860, 341, 341, 3955
963, -10860, 341, 341, 3955
963, -10861, 341, 341, 3955
963, -10861, 341, 341, 3955
963, -10862, 340, 340, 3955
963, -10861, 340, 340, 3955
963, -10861, 340, 340, 3955
964, -10861, 341, 341, 3955
962, -10861, 340, 340, 3955
962, -10861, 340, 340, 3955
964, -10860, 341, 341, 3955
963, -10861, 341, 341, 3955
963, -10861, 341, 341, 3955
963, -10861, 341, 341, 3955
963, -10861, 340, 340, 3955
963, -10861, 341, 341, 3955
964, -10861, 341, 341, 3955
963, -10862, 341, 341, 3955
963, -10861, 341, 341, 3955
963, -10861, 341, 341, 3955
964, -10861, 341, 341, 3955
964, -10861, 341, 341, 3955
963, -10861, 341, 341, 3955
964, -10861, 341, 341, 3955
963, -10861, 341, 341, 3955
963, -10860, 341, 341, 3955
963, -10860, 341, 341, 3955
963, -10860, 341, 341, 3955
963, -10861, 341, 341, 3955
962, -10860, 340, 340, 3955
963, -10860, 341, 341, 3952
963, -10861, 340, 340, 3952
963, -10860, 341, 341, 3952
964, -10860, 341, 341, 3952
963, -10860, 341, 341, 3952
963, -10861, 341, 341, 3952
963, -10861, 341, 341, 3952
963, -10861, 341, 341, 3952
963, -10860, 341, 341, 3952
963, -10861, 341, 341, 3952
963, -10861, 340, 340, 3952
964, -10860, 341, 341, 3952
963, -10860, 341, 341, 3952
964, -10861, 341, 341, 3952
964, -10861, 341, 341, 3952
963, -10861, 341, 341, 3952
963, -10861, 341, 341, 3952
963, -10861, 341, 341, 3952
963, -10860, 341, 341, 3952
963, -10860, 341, 341, 3952
962, -10860, 340, 340, 3952
962, -10860, 340, 340, 3952
963, -10859, 341, 341, 3952
963, -10859, 341, 341, 3952
964, -10860, 341, 341, 3952
964, -10860, 341, 341, 3952
964, -10860, 341, 341, 3952
963, -10860, 341, 341, 3957
963, -10860, 341, 341, 3957
963, -10860, 341, 341, 3957
964, -10860, 341, 341, 3957
963, -10859, 341, 341, 3957
963, -10859, 341, 341, 3957
962, -10860, 340, 340, 3957
963, -10860, 341, 341, 3957
963, -10859, 341, 341, 3957
963, -10859, 341, 341, 3957
963, -10860, 341, 341, 3957
963, -10860, 341, 341, 3957
964, -10860, 341, 341, 3957
964, -10860, 341, 341, 3957
965, -10860, 342, 342, 3957
964, -10860, 342, 342, 3957
964, -10860, 342, 342, 3957
753, -10892, 140, 140, 3957
718, -10893, 99, 99, 3957
718, -10893, 99, 99, 3957
732, -10892, 111, 111, 3957
733, -10892, 112, 112, 3957
734, -10892, 112, 112, 3957
737, -10890, 112, 112, 3957
738, -10890, 113, 113, 3950
736, -10890, 112, 112, 3950
738, -10890, 114, 114, 3950
738, -10890, 114, 114, 3950
736, -10889, 114, 114, 3950
736, -10889, 115, 115, 3950
734, -10890, 114, 114, 3950
734, -10890, 114, 114, 3950
735, -10890, 115, 115, 3950
741, -10889, 115, 115, 3950
738, -10888, 115, 115, 3950
737, -10889, 115, 115, 3950
737, -10889, 115, 115, 3950
742, -10889, 115, 115, 3950
736, -10889, 115, 115, 3950
736, -10889, 115, 115, 3950
738, -10889, 116, 116, 3950
735, -10888, 116, 116, 3950
735, -10888, 116, 116, 3950
737, -10889, 116, 116, 3950
737, -10889, 116, 116, 3950
737, -10890, 116, 116, 3946
740, -10888, 115, 115, 3946
736, -10889, 117, 117, 3946
741, -10890, 117, 117, 3946
740, -10888, 116, 116, 3946
740, -10888, 116, 116, 3946
742, -10889, 116, 116, 3946
741, -10888, 116, 116, 3946
741, -10888, 116, 116, 3946
740, -10888, 116, 116, 3946
735, -10890, 117, 117, 3946
735, -10890, 117, 117, 3946
738, -10890, 117, 117, 3946
743, -10888, 117, 117, 3946
743, -10888, 117, 117, 3946
742, -10888, 116, 116, 3946
743, -10887, 117, 117, 3946
736, -10888, 116, 116, 3946
736, -10888, 117, 117, 3946
736, -10888, 117, 117, 3946
735, -10889, 116, 116, 3946
738, -10888, 117, 117, 3946
738, -10888, 117, 117, 3946
739, -10888, 117, 117, 3946
743, -10887, 117, 117, 3946
741, -10887, 117, 117, 3948
741, -10887, 117, 117, 3948
736, -10888, 117, 117, 3948
736, -10888, 117, 117, 3948
741, -10887, 117, 117, 3948
740, -10888, 116, 116, 3948
740, -10888, 116, 116, 3948
742, -10887, 117, 117, 3948
742, -10887, 117, 117, 3948
740, -10887, 117, 117, 3948
740, -10887, 117, 117, 3948
736, -10888, 117, 117, 3948
734, -10886, 116, 116, 3948
737, -10887, 117, 117, 3948
741, -10887, 117, 117, 3948
741, -10887, 116, 116, 3948
743, -10887, 117, 117, 3948
742, -10887, 117, 117, 3948
737, -10888, 118, 118, 3948
738, -10888, 117, 117, 3948
739, -10888, 117, 117, 3948
739, -10887, 117, 117, 3948
738, -10889, 117, 117, 3948
744, -10887, 117, 117, 3948
743, -10886, 119, 119, 3952
743, -10886, 119, 119, 3952
740, -10887, 117, 117, 3952
734, -10887, 117, 117, 3952
735, -10887, 117, 117, 3952
738, -10888, 118, 118, 3952
742, -10887, 118, 118, 3952
743, -10886, 117, 117, 3952
742, -10886, 117, 117, 3952
741, -10887, 118, 118, 3952
740, -10886, 117, 117, 3952
741, -10887, 117, 117, 3952
743, -10887, 117, 117, 3952
743, -10887, 117, 117, 3952
738, -10887, 118, 118, 3952
738, -10887, 118, 118, 3952
738, -10887, 117, 117, 3952
736, -10887, 117, 117, 3952
739, -10886, 118, 118, 3952
741, -10888, 117, 117, 3952
740, -10887, 118, 118, 3952
740, -10887, 118, 118, 3952
742, -10887, 118, 118, 3952
743, -10886, 118, 118, 3952
743, -10887, 118, 118, 3952
746, -10886, 119, 119, 3950
741, -10886, 118, 118, 3950
736, -10886, 117, 117, 3950
739, -10887, 118, 118, 3950
735, -10888, 117, 117, 3950
736, -10887, 118, 118, 3950
747, -10889, 120, 120, 3950
751, -10888, 123, 123, 3950
975, -10851, 298, 298, 3950
971, -10853, 350, 350, 3950
970, -10855, 347, 347, 3950
970, -10855, 347, 347, 3950
969, -10855, 347, 347, 3950
969, -10855, 347, 347, 3950
968, -10856, 346, 346, 3950
967, -10856, 345, 345, 3950
967, -10856, 345, 345, 3950
967, -10856, 345, 345, 3950
968, -10855, 344, 344, 3950
968, -10855, 344, 344, 3950
966, -10856, 344, 344, 3950
967, -10856, 344, 344, 3950
966, -10855, 344, 344, 3950
966, -10855, 344, 344, 3950
966, -10856, 344, 344, 3950
966, -10856, 344, 344, 3950
966, -10856, 344, 344, 3948
965, -10856, 344, 344, 3948
967, -10856, 344, 344, 3948
967, -10856, 344, 344, 3948
965, -10856, 343, 343, 3948
965, -10856, 343, 343, 3948
965, -10856, 343, 343, 3948
966, -10856, 344, 344, 3948
966, -10856, 344, 344, 3948
966, -10856, 343, 343, 3948
966, -10856, 344, 344, 3948
967, -10856, 344, 344, 3948
967, -10856, 344, 344, 3948
966, -10857, 344, 344, 3948
966, -10857, 343, 343, 3948
966, -10857, 343, 343, 3948
966, -10856, 344, 344, 3948
966, -10856, 344, 344, 3948
965, -10856, 344, 344, 3948
966, -10857, 344, 344, 3948
966, -10857, 344, 344, 3948
966, -10857, 344, 344, 3948
966, -10857, 344, 344, 3948
966, -10857, 344, 344, 3948
966, -10856, 344, 344, 3948
966, -10857, 343, 343, 3948
965, -10856, 343, 343, 3948
965, -10857, 343, 343, 3948
965, -10858, 343, 343, 3948
966, -10856, 343, 343, 3948
965, -10856, 343, 343, 3948
966, -10856, 343, 343, 3948
966, -10856, 343, 343, 3948
966, -10857, 343, 343, 3948
966, -10857, 343, 343, 3948
965, -10857, 343, 343, 3948
966, -10857, 343, 343, 3948
966, -10855, 343, 343, 3948
966, -10855, 343, 343, 3948
966, -10857, 343, 343, 3948
966, -10857, 343, 343, 3948
966, -10855, 343, 343, 3948
966, -10855, 343, 343, 3948
966, -10856, 343, 343, 3948
965, -10856, 343, 343, 3948
966, -10856, 343, 343, 3948
966, -10856, 344, 344, 3948
967, -10856, 344, 344, 3948
966, -10856, 344, 344, 3948
966, -10856, 343, 343, 3952
966, -10855, 343, 343, 3952
966, -10857, 344, 344, 3952
966, -10856, 344, 344, 3952
966, -10856, 344, 344, 3952
965, -10857, 344, 344, 3952
966, -10856, 343, 343, 3952
966, -10856, 343, 343, 3952
965, -10856, 344, 344, 3952
966, -10856, 343, 343, 3952
966, -10856, 343, 343, 3952
967, -10856, 345, 345, 3952
967, -10856, 345, 345, 3952
966, -10856, 344, 344, 3952
966, -10855, 344, 344, 3952
966, -10855, 344, 344, 3952
966, -10856, 344, 344, 3952
966, -10856, 344, 344, 3952
966, -10856, 343, 343, 3952
967, -10857, 344, 344, 3952
966, -10856, 344, 344, 3952
966, -10857, 344, 344, 3952
966, -10857, 344, 344, 3952
965, -10855, 344, 344, 3952
965, -10855, 344, 344, 3952
967, -10856, 344, 344, 3944
966, -10855, 343, 343, 3944
966, -10856, 344, 344, 3944
966, -10856, 343, 343, 3944
966, -10856, 343, 343, 3944
965, -10857, 343, 343, 3944
967, -10856, 344, 344, 3944
966, -10856, 344, 344, 3944
966, -10855, 344, 344, 3944
966, -10856, 344, 344, 3944
965, -10856, 343, 343, 3944
965, -10856, 343, 343, 3944
966, -10856, 344, 344, 3944
966, -10856, 344, 344, 3944
966, -10857, 344, 344, 3944
967, -10855, 343, 343, 3944
967, -10855, 343, 343, 3944
965, -10855, 343, 343, 3944
967, -10856, 344, 344, 3944
966, -10855, 344, 344, 3944
966, -10855, 344, 344, 3944
967, -10856, 344, 344, 3950
966, -10857, 344, 344, 3950
966, -10856, 344, 344, 3950
966, -10856, 344, 344, 3950
965, -10856, 343, 343, 3950
966, -10856, 343, 343, 3950
801, -10894, 189, 189, 3950
801, -10894, 189, 189, 3950
726, -10888, 109, 109, 3950
726, -10888, 109, 109, 3950
732, -10887, 114, 114, 3950
740, -10888, 116, 116, 3950
740, -10888, 116, 116, 3950
738, -10886, 116, 116, 3950
734, -10887, 116, 116, 3950
741, -10887, 117, 117, 3950
741, -10887, 117, 117, 3950
741, -10886, 116, 116, 3950
738, -10885, 118, 118, 3950
744, -10886, 118, 118, 3950
738, -10886, 118, 118, 3950
745, -10885, 119, 119, 3950
744, -10885, 118, 118, 3950
739, -10885, 118, 118, 3950
739, -10885, 118, 118, 3950
745, -10885, 118, 118, 3950
739, -10885, 118, 118, 3950
737, -10885, 118, 118, 3950
737, -10885, 118, 118, 3950
739, -10886, 119, 119, 3950
739, -10886, 119, 119, 3950
739, -10884, 119, 119, 3950
739, -10884, 119, 119, 3950
746, -10884, 119, 119, 3950
746, -10884, 119, 119, 3950
745, -10885, 119, 119, 3950
745, -10885, 119, 119, 3950
745, -10885, 119, 119, 3950
745, -10884, 119, 119, 3950
745, -10884, 119, 119, 3950
739, -10885, 119, 119, 3950
738, -10884, 119, 119, 3950
740, -10886, 121, 121, 3950
742, -10885, 120, 120, 3950
746, -10884, 120, 120, 3950
746, -10884, 120, 120, 3950
745, -10885, 120, 120, 3950
742, -10884, 120, 120, 3950
742, -10884, 120, 120, 3950
739, -10884, 119, 119, 3950
739, -10884, 119, 119, 3950
740, -10884, 120, 120, 3950
745, -10882, 119, 119, 3950
745, -10884, 119, 119, 3952
739, -10883, 119, 119, 3952
739, -10883, 119, 119, 3952
740, -10883, 120, 120, 3952
740, -10885, 120, 120, 3952
740, -10885, 120, 120, 3952
742, -10884, 120, 120, 3952
742, -10884, 120, 120, 3952
743, -10884, 120, 120, 3952
746, -10883, 120, 120, 3952
745, -10883, 120, 120, 3952
744, -10883, 120, 120, 3952
739, -10884, 120, 120, 3952
738, -10884, 120, 120, 3952
738, -10884, 120, 120, 3952
739, -10884, 120, 120, 3952
739, -10884, 120, 120, 3952
738, -10883, 120, 120, 3952
740, -10884, 120, 120, 3952
744, -10884, 121, 121, 3952
738, -10884, 120, 120, 3952
745, -10884, 119, 119, 3952
746, -10883, 120, 120, 3952
746, -10883, 120, 120, 3952
746, -10883, 121, 121, 3952
745, -10884, 120, 120, 3952
741, -10884, 120, 120, 3952
741, -10884, 121, 121, 3952
738, -10884, 120, 120, 3952
739, -10884, 121, 121, 3952
740, -10884, 121, 121, 3952
744, -10885, 121, 121, 3952
744, -10885, 121, 121, 3952
745, -10883, 120, 120, 3952
741, -10883, 120, 120, 3952
739, -10884, 120, 120, 3952
742, -10883, 121, 121, 3952
741, -10883, 121, 121, 3952
741, -10883, 121, 121, 3952
742, -10884, 121, 121, 3952
742, -10884, 121, 121, 3952
746, -10882, 120, 120, 3952
747, -10883, 120, 120, 3952
747, -10882, 121, 121, 3952
747, -10882, 121, 121, 3952
746, -10883, 121, 121, 3952
741, -10882, 121, 121, 3952
740, -10883, 121, 121, 3952
739, -10884, 121, 121, 3952
739, -10883, 120, 120, 3950
740, -10883, 120, 120, 3950
747, -10883, 121, 121, 3950
747, -10883, 121, 121, 3950
746, -10884, 120, 120, 3950
746, -10884, 120, 120, 3950
746, -10883, 121, 121, 3950
746, -10883, 121, 121, 3950
746, -10882, 121, 121, 3950
747, -10882, 120, 120, 3950
740, -10883, 121, 121, 3950
744, -10883, 121, 121, 3950
742, -10883, 121, 121, 3950
742, -10883, 121, 121, 3950
744, -10883, 121, 121, 3950
744, -10883, 121, 121, 3950
746, -10883, 122, 122, 3950
739, -10884, 120, 120, 3950
751, -10872, 128, 128, 3950
979, -10847, 301, 301, 3950
975, -10849, 352, 352, 3950
975, -10849, 352, 352, 3950
973, -10850, 351, 351, 3950
973, -10851, 350, 350, 3950
971, -10850, 349, 349, 3950
971, -10851, 348, 348, 3944
971, -10852, 348, 348, 3944
970, -10852, 348, 348, 3944
970, -10852, 348, 348, 3944
971, -10851, 348, 348, 3944
970, -10852, 348, 348, 3944
970, -10852, 348, 348, 3944
969, -10852, 347, 347, 3944
969, -10852, 347, 347, 3944
969, -10852, 347, 347, 3944
968, -10851, 347, 347, 3944
971, -10852, 347, 347, 3944
971, -10852, 347, 347, 3944
969, -10852, 348, 348, 3944
969, -10852, 348, 348, 3944
970, -10852, 347, 347, 3944
970, -10852, 347, 347, 3944
969, -10852, 347, 347, 3944
970, -10852, 347, 347, 3944
969, -10852, 347, 347, 3944
969, -10853, 347, 347, 3946
969, -10853, 347, 347, 3946
969, -10852, 347, 347, 3946
970, -10852, 347, 347, 3946
970, -10852, 347, 347, 3946
969, -10852, 347, 347, 3946
970, -10853, 347, 347, 3946
970, -10852, 347, 347, 3946
970, -10852, 347, 347, 3946
970, -10852, 347, 347, 3946
969, -10852, 347, 347, 3946
969, -10852, 347, 347, 3946
969, -10851, 346, 346, 3946
969, -10851, 348, 348, 3946
969, -10852, 347, 347, 3946
969, -10852, 347, 347, 3946
969, -10853, 347, 347, 3946
970, -10853, 347, 347, 3946
969, -10853, 347, 347, 3946
969, -10853, 347, 347, 3946
969, -10852, 347, 347, 3946
969, -10853, 347, 347, 3946
969, -10853, 347, 347, 3946
969, -10853, 347, 347, 3946
969, -10851, 346, 346, 3948
968, -10852, 346, 346, 3948
969, -10852, 346, 346, 3948
969, -10852, 346, 346, 3948
969, -10852, 347, 347, 3948
969, -10852, 347, 347, 3948
969, -10851, 346, 346, 3948
969, -10851, 346, 346, 3948
968, -10852, 346, 346, 3948
970, -10853, 347, 347, 3948
969, -10853, 347, 347, 3948
969, -10852, 347, 347, 3948
969, -10852, 347, 347, 3948
970, -10852, 347, 347, 3948
970, -10851, 347, 347, 3948
969, -10852, 347, 347, 3948
969, -10852, 347, 347, 3948
970, -10852, 347, 347, 3948
970, -10852, 347, 347, 3948
969, -10852, 346, 346, 3948
969, -10852, 346, 346, 3948
969, -10851, 347, 347, 3948
969, -10851, 347, 347, 3948
969, -10852, 347, 347, 3948
969, -10852, 347, 347, 3948
969, -10852, 347, 347, 3948
969, -10852, 347, 347, 3948
969, -10852, 347, 347, 3955
969, -10852, 347, 347, 3955
970, -10852, 347, 347, 3955
969, -10851, 347, 347, 3955
969, -10851, 347, 347, 3955
970, -10852, 347, 347, 3955
969, -10852, 347, 347, 3955
969, -10852, 347, 347, 3955
968, -10852, 347, 347, 3955
969, -10851, 347, 347, 3955
970, -10852, 347, 347, 3955
969, -10852, 347, 347, 3955
969, -10852, 347, 347, 3955
969, -10852, 347, 347, 3955
970, -10851, 347, 347, 3955
970, -10851, 347, 347, 3955
970, -10852, 347, 347, 3955
969, -10851, 347, 347, 3955
969, -10851, 347, 347, 3955
970, -10852, 347, 347, 3955
969, -10851, 347, 347, 3955
969, -10851, 347, 347, 3955
969, -10852, 347, 347, 3955
970, -10852, 347, 347, 3955
970, -10852, 347, 347, 3955
968, -10851, 346, 346, 3944
968, -10851, 346, 346, 3944
970, -10851, 347, 347, 3944
969, -10851, 347, 347, 3944
969, -10851, 347, 347, 3944
969, -10851, 347, 347, 3944
968, -10851, 347, 347, 3944
969, -10851, 347, 347, 3944
969, -10852, 347, 347, 3944
969, -10851, 347, 347, 3944
970, -10850, 347, 347, 3944
969, -10852, 347, 347, 3944
969, -10852, 347, 347, 3944
969, -10851, 347, 347, 3944
969, -10851, 347, 347, 3944
969, -10851, 347, 347, 3944
969, -10851, 347, 347, 3944
969, -10851, 347, 347, 3944
970, -10851, 347, 347, 3944
970, -10851, 347, 347, 3944
969, -10851, 347, 347, 3944
970, -10850, 347, 347, 3944
970, -10850, 347, 347, 3944
969, -10852, 347, 347, 3944
968, -10850, 346, 346, 3950
968, -10850, 346, 346, 3950
969, -10850, 347, 347, 3950
970, -10851, 348, 348, 3950
969, -10851, 346, 346, 3950
969, -10851, 346, 346, 3950
970, -10851, 348, 348, 3950
970, -10851, 347, 347, 3950
970, -10851, 347, 347, 3950
970, -10850, 348, 348, 3950
969, -10850, 347, 347, 3950
969, -10850, 347, 347, 3950
970, -10851, 347, 347, 3950
970, -10851, 347, 347, 3950
970, -10851, 347, 347, 3950
970, -10851, 348, 348, 3950
970, -10850, 348, 348, 3950
971, -10850, 348, 348, 3950
969, -10851, 347, 347, 3950
970, -10849, 348, 348, 3950
970, -10850, 348, 348, 3950
971, -10852, 348, 348, 3950
970, -10851, 348, 348, 3950
969, -10851, 347, 347, 3950
970, -10851, 347, 347, 3950
970, -10851, 348, 348, 3950
970, -10851, 348, 348, 3950
969, -10850, 348, 348, 3942
970, -10852, 348, 348, 3942
971, -10851, 348, 348, 3942
971, -10851, 348, 348, 3942
970, -10850, 348, 348, 3942
971, -10850, 348, 348, 3942
971, -10850, 348, 348, 3942
970, -10850, 348, 348, 3942
970, -10851, 347, 347, 3942
970, -10850, 348, 348, 3942
970, -10850, 348, 348, 3942
970, -10851, 348, 348, 3942
970, -10851, 348, 348, 3942
971, -10850, 348, 348, 3942
971, -10850, 348, 348, 3942
971, -10850, 348, 348, 3942
969, -10849, 347, 347, 3942
970, -10850, 348, 348, 3942
969, -10851, 347, 347, 3942
970, -10850, 348, 348, 3942
971, -10851, 348, 348, 3942
969, -10850, 348, 348, 3942
971, -10850, 348, 348, 3942
971, -10850, 348, 348, 3942
970, -10850, 348, 348, 3944
970, -10850, 348, 348, 3944
970, -10850, 348, 348, 3944
971, -10849, 348, 348, 3944
971, -10849, 348, 348, 3944
971, -10850, 348, 348, 3944
971, -10850, 348, 348, 3944
971, -10850, 349, 349, 3944
970, -10850, 348, 348, 3944
970, -10850, 348, 348, 3944
970, -10850, 348, 348, 3944
970, -10850, 348, 348, 3944
970, -10851, 348, 348, 3944
970, -10850, 348, 348, 3944
970, -10850, 348, 348, 3944
971, -10850, 348, 348, 3944
970, -10849, 348, 348, 3944
971, -10850, 348, 348, 3944
970, -10850, 348, 348, 3944
971, -10849, 349, 349, 3944
971, -10851, 348, 348, 3944
971, -10850, 348, 348, 3944
971, -10850, 348, 348, 3944
970, -10850, 348, 348, 3944
971, -10851, 348, 348, 3948
971, -10849, 348, 348, 3948
970, -10851, 348, 348, 3948
970, -10850, 348, 348, 3948
