797, -11095, 175, 175, 337
797, -11096, 175, 175, 337
797, -11096, 175, 175, 337
798, -11096, 175, 175, 337
797, -11096, 175, 175, 337
798, -11096, 176, 176, 337
798, -11096, 176, 176, 337
798, -11096, 175, 175, 337
798, -11095, 175, 175, 337
798, -11097, 175, 175, 337
798, -11097, 175, 175, 337
797, -11096, 175, 175, 337
797, -11096, 175, 175, 337
800, -11097, 176, 176, 337
798, -11096, 176, 176, 337
798, -11095, 176, 176, 337
798, -11095, 176, 176, 337
798, -11095, 175, 175, 337
798, -11095, 175, 175, 337
798, -11095, 176, 176, 337
798, -11096, 176, 176, 337
798, -11096, 176, 176, 337
799, -11096, 177, 177, 337
799, -11095, 177, 177, 341
800, -11095, 177, 177, 341
800, -11095, 177, 177, 341
800, -11096, 178, 178, 341
800, -11096, 178, 178, 341
800, -11095, 178, 178, 341
799, -11095, 177, 177, 341
799, -11095, 177, 177, 341
798, -11097, 175, 175, 341
799, -11096, 177, 177, 341
799, -11096, 177, 177, 341
801, -11096, 177, 177, 341
800, -11096, 178, 178, 341
800, -11095, 178, 178, 341
800, -11095, 178, 178, 341
801, -11096, 178, 178, 341
800, -11096, 178, 178, 341
800, -11097, 177, 177, 341
801, -11096, 178, 178, 341
800, -11096, 178, 178, 341
800, -11096, 178, 178, 341
801, -11095, 178, 178, 341
801, -11096, 178, 178, 341
800, -11096, 178, 178, 341
800, -11096, 178, 178, 341
801, -11096, 178, 178, 341
801, -11096, 178, 178, 341
800, -11096, 178, 178, 341
800, -11096, 178, 178, 341
800, -11096, 178, 178, 339
799, -11097, 177, 177, 339
799, -11097, 177, 177, 339
800, -11097, 177, 177, 339
800, -11097, 177, 177, 339
799, -11096, 177, 177, 339
800, -11096, 177, 177, 339
800, -11096, 177, 177, 339
799, -11096, 177, 177, 339
797, -11097, 175, 175, 339
797, -11096, 175, 175, 339
795, -11098, 174, 174, 339
795, -11098, 174, 174, 339
791, -11099, 169, 169, 339
791, -11099, 169, 169, 339
793, -11097, 170, 170, 339
796, -11096, 172, 172, 339
796, -11096, 172, 172, 339
797, -11096, 174, 174, 339
799, -11096, 176, 176, 339
798, -11096, 176, 176, 339
798, -11096, 176, 176, 339
800, -11095, 177, 177, 339
800, -11095, 177, 177, 339
799, -11095, 178, 178, 339
799, -11096, 178, 178, 335
799, -11096, 178, 178, 335
798, -11096, 177, 177, 335
799, -11097, 176, 176, 335
799, -11097, 176, 176, 335
798, -11096, 175, 175, 335
798, -11096, 175, 175, 335
797, -11097, 175, 175, 335
798, -11097, 175, 175, 335
798, -11097, 175, 175, 335
797, -11097, 174, 174, 335
798, -11097, 176, 176, 335
798, -11097, 176, 176, 335
796, -11097, 175, 175, 335
798, -11097, 175, 175, 335
798, -11097, 175, 175, 335
797, -11097, 175, 175, 335
798, -11097, 176, 176, 335
798, -11097, 176, 176, 335
798, -11097, 176, 176, 335
798, -11097, 175, 175, 335
798, -11097, 176, 176, 335
798, -11097, 176, 176, 335
798, -11097, 175, 175, 335
798, -11097, 175, 175, 335
798, -11096, 176, 176, 335
798, -11097, 176, 176, 335
797, -11097, 175, 175, 335
797, -11097, 175, 175, 335
798, -11097, 176, 176, 331
797, -11097, 175, 175, 331
798, -11097, 175, 175, 331
798, -11097, 175, 175, 331
797, -11097, 175, 175, 331
797, -11097, 175, 175, 331
797, -11097, 175, 175, 331
797, -11097, 175, 175, 331
797, -11097, 175, 175, 331
798, -11097, 175, 175, 331
797, -11097, 175, 175, 331
797, -11097, 175, 175, 331
798, -11096, 175, 175, 331
798, -11098, 175, 175, 331
798, -11098, 175, 175, 331
798, -11097, 175, 175, 331
796, -11097, 175, 175, 331
796, -11096, 175, 175, 331
798, -11097, 175, 175, 331
798, -11097, 175, 175, 331
798, -11096, 175, 175, 331
796, -11097, 175, 175, 331
798, -11096, 175, 175, 331
797, -11097, 176, 176, 331
797, -11097, 176, 176, 331
797, -11096, 175, 175, 331
797, -11097, 175, 175, 331
797, -11096, 175, 175, 341
797, -11097, 175, 175, 341
797, -11097, 175, 175, 341
798, -11097, 175, 175, 341
796, -11096, 174, 174, 341
797, -11097, 175, 175, 341
797, -11097, 175, 175, 341
797, -11098, 175, 175, 341
797, -11097, 175, 175, 341
797, -11097, 175, 175, 341
798, -11097, 175, 175, 341
798, -11097, 175, 175, 341
798, -11097, 175, 175, 341
798, -11096, 175, 175, 341
797, -11097, 175, 175, 341
798, -11096, 175, 175, 341
798, -11096, 175, 175, 341
797, -11097, 175, 175, 341
798, -11097, 175, 175, 341
797, -11097, 175, 175, 341
797, -11097, 175, 175, 341
797, -11097, 175, 175, 341
797, -11097, 175, 175, 341
796, -11098, 175, 175, 341
797, -11097, 175, 175, 341
797, -11097, 175, 175, 335
797, -11098, 175, 175, 335
797, -11098, 175, 175, 335
798, -11096, 175, 175, 335
797, -11098, 175, 175, 335
797, -11098, 175, 175, 335
798, -11097, 175, 175, 335
797, -11097, 175, 175, 335
797, -11096, 175, 175, 335
797, -11098, 175, 175, 335
797, -11098, 175, 175, 335
797, -11098, 175, 175, 335
797, -11098, 175, 175, 335
797, -11097, 175, 175, 335
799, -11095, 175, 175, 335
798, -11097, 176, 176, 335
798, -11097, 176, 176, 335
798, -11096, 175, 175, 335
797, -11097, 175, 175, 335
798, -11097, 175, 175, 335
797, -11097, 175, 175, 335
798, -11096, 175, 175, 335
798, -11096, 175, 175, 335
797, -11097, 175, 175, 335
797, -11097, 174, 174, 335
797, -11098, 174, 174, 335
797, -11098, 174, 174, 335
797, -11097, 174, 174, 335
797, -11097, 175, 175, 341
797, -11097, 175, 175, 341
797, -11097, 175, 175, 341
797, -11097, 175, 175, 341
797, -11097, 174, 174, 341
797, -11097, 174, 174, 341
796, -11098, 174, 174, 341
796, -11098, 174, 174, 341
797, -11097, 175, 175, 341
797, -11097, 175, 175, 341
796, -11096, 175, 175, 341
796, -11096, 175, 175, 341
703, -11120, 126, 126, 341
699, -11121, 77, 77, 341
699, -11121, 77, 77, 341
695, -11119, 73, 73, 341
691, -11119, 69, 69, 341
689, -11118, 67, 67, 341
686, -11120, 64, 64, 341
682, -11121, 61, 61, 341
682, -11121, 61, 61, 341
681, -11120, 60, 60, 341
679, -11120, 58, 58, 341
680, -11120, 58, 58, 341
680, -11120, 58, 58, 341
679, -11121, 57, 57, 341
676, -11120, 55, 55, 345
676, -11120, 55, 55, 345
676, -11121, 55, 55, 345
676, -11121, 54, 54, 345
676, -11121, 54, 54, 345
676, -11120, 53, 53, 345
676, -11121, 53, 53, 345
676, -11121, 53, 53, 345
675, -11120, 52, 52, 345
674, -11121, 52, 52, 345
674, -11121, 52, 52, 345
673, -11121, 52, 52, 345
673, -11121, 51, 51, 345
673, -11120, 51, 51, 345
672, -11120, 51, 51, 345
672, -11120, 50, 50, 345
673, -11121, 51, 51, 345
673, -11121, 50, 50, 345
672, -11121, 50, 50, 345
671, -11120, 50, 50, 345
671, -11120, 50, 50, 345
671, -11120, 49, 49, 345
673, -11121, 49, 49, 345
672, -11121, 49, 49, 345
671, -11121, 48, 48, 353
671, -11121, 48, 48, 353
670, -11120, 48, 48, 353
668, -11121, 47, 47, 353
668, -11121, 47, 47, 353
668, -11122, 47, 47, 353
670, -11122, 48, 48, 353
670, -11122, 48, 48, 353
669, -11122, 47, 47, 353
670, -11120, 47, 47, 353
670, -11120, 47, 47, 353
670, -11120, 47, 47, 353
671, -11120, 47, 47, 353
669, -11120, 47, 47, 353
669, -11120, 47, 47, 353
669, -11120, 46, 46, 353
669, -11121, 47, 47, 353
669, -11121, 47, 47, 353
667, -11121, 46, 46, 353
670, -11121, 47, 47, 353
670, -11121, 47, 47, 353
669, -11121, 46, 46, 353
669, -11121, 46, 46, 353
668, -11120, 47, 47, 353
669, -11120, 46, 46, 353
669, -11120, 46, 46, 353
668, -11120, 45, 45, 353
668, -11121, 46, 46, 353
668, -11121, 46, 46, 353
668, -11120, 45, 45, 353
669, -11122, 46, 46, 353
669, -11122, 46, 46, 353
667, -11121, 46, 46, 353
670, -11120, 46, 46, 353
670, -11120, 46, 46, 353
668, -11121, 46, 46, 353
669, -11121, 46, 46, 353
669, -11121, 46, 46, 353
667, -11120, 46, 46, 353
668, -11120, 46, 46, 353
666, -11121, 45, 45, 353
668, -11121, 45, 45, 353
668, -11121, 45, 45, 353
667, -11120, 45, 45, 353
668, -11121, 45, 45, 353
668, -11121, 45, 45, 353
667, -11120, 45, 45, 353
667, -11121, 45, 45, 353
667, -11121, 46, 46, 353
668, -11121, 45, 45, 353
668, -11121, 45, 45, 353
669, -11121, 45, 45, 353
668, -11119, 46, 46, 353
669, -11120, 45, 45, 351
669, -11120, 45, 45, 351
667, -11121, 45, 45, 351
667, -11121, 45, 45, 351
668, -11121, 45, 45, 351
669, -11120, 45, 45, 351
668, -11120, 46, 46, 351
668, -11120, 45, 45, 351
668, -11120, 45, 45, 351
668, -11122, 46, 46, 351
667, -11121, 45, 45, 351
668, -11122, 46, 46, 351
668, -11122, 46, 46, 351
668, -11120, 45, 45, 351
668, -11121, 45, 45, 351
668, -11121, 45, 45, 351
669, -11119, 44, 44, 351
668, -11120, 45, 45, 351
668, -11120, 45, 45, 351
668, -11121, 45, 45, 351
666, -11121, 45, 45, 351
667, -11120, 44, 44, 351
667, -11111, 47, 47, 351
753, -11099, 104, 104, 351
753, -11099, 104, 104, 351
767, -11099, 142, 142, 347
767, -11099, 142, 142, 347
773, -11098, 150, 150, 347
773, -11098, 150, 150, 347
774, -11098, 151, 151, 347
778, -11098, 155, 155, 347
778, -11098, 155, 155, 347
779, -11098, 156, 156, 347
780, -11098, 157, 157, 347
782, -11098, 159, 159, 347
782, -11098, 159, 159, 347
782, -11098, 160, 160, 347
782, -11098, 160, 160, 347
783, -11098, 160, 160, 347
785, -11098, 162, 162, 347
785, -11098, 162, 162, 347
784, -11097, 162, 162, 347
785, -11098, 163, 163, 347
786, -11097, 163, 163, 347
786, -11098, 164, 164, 347
787, -11099, 165, 165, 347
787, -11099, 165, 165, 347
787, -11098, 165, 165, 347
787, -11098, 165, 165, 347
788, -11098, 165, 165, 347
789, -11098, 166, 166, 347
789, -11098, 166, 166, 347
789, -11098, 166, 166, 347
789, -11098, 166, 166, 347
789, -11099, 167, 167, 347
789, -11098, 166, 166, 347
789, -11098, 166, 166, 347
790, -11098, 167, 167, 347
789, -11098, 167, 167, 347
789, -11100, 167, 167, 347
789, -11098, 167, 167, 347
790, -11099, 168, 168, 347
790, -11099, 168, 168, 347
791, -11098, 168, 168, 347
789, -11098, 168, 168, 347
789, -11098, 168, 168, 347
790, -11099, 168, 168, 347
790, -11099, 168, 168, 347
791, -11099, 168, 168, 347
791, -11099, 168, 168, 347
791, -11098, 169, 169, 347
792, -11097, 169, 169, 347
791, -11097, 168, 168, 347
790, -11099, 168, 168, 347
791, -11099, 169, 169, 347
791, -11098, 168, 168, 347
790, -11098, 169, 169, 353
791, -11098, 169, 169, 353
792, -11098, 169, 169, 353
792, -11098, 169, 169, 353
791, -11099, 169, 169, 353
791, -11099, 169, 169, 353
790, -11098, 168, 168, 353
791, -11099, 168, 168, 353
791, -11099, 169, 169, 353
791, -11099, 168, 168, 353
792, -11098, 169, 169, 353
791, -11097, 169, 169, 353
792, -11098, 169, 169, 353
792, -11098, 170, 170, 353
792, -11098, 170, 170, 353
792, -11099, 169, 169, 353
792, -11098, 169, 169, 353
791, -11099, 169, 169, 353
791, -11099, 169, 169, 353
792, -11098, 170, 170, 353
792, -11099, 170, 170, 353
792, -11099, 170, 170, 353
792, -11099, 170, 170, 353
792, -11099, 170, 170, 353
792, -11099, 169, 169, 353
793, -11098, 170, 170, 353
792, -11098, 170, 170, 353
792, -11098, 170, 170, 353
792, -11098, 170, 170, 353
792, -11099, 170, 170, 353
792, -11099, 170, 170, 353
792, -11099, 170, 170, 353
792, -11098, 169, 169, 353
793, -11098, 170, 170, 353
793, -11098, 170, 170, 353
793, -11099, 170, 170, 353
793, -11099, 170, 170, 353
794, -11098, 171, 171, 353
792, -11099, 169, 169, 353
792, -11098, 170, 170, 353
792, -11099, 170, 170, 353
792, -11098, 170, 170, 353
792, -11098, 170, 170, 353
792, -11099, 170, 170, 353
792, -11099, 170, 170, 353
792, -11099, 170, 170, 353
793, -11098, 170, 170, 353
792, -11098, 170, 170, 353
792, -11098, 170, 170, 353
793, -11099, 170, 170, 353
793, -11099, 171, 171, 357
793, -11099, 171, 171, 357
793, -11099, 171, 171, 357
793, -11098, 170, 170, 357
791, -11098, 170, 170, 357
793, -11098, 171, 171, 357
793, -11098, 171, 171, 357
794, -11098, 171, 171, 357
794, -11098, 171, 171, 357
792, -11099, 170, 170, 357
792, -11098, 170, 170, 357
792, -11098, 170, 170, 357
793, -11099, 170, 170, 357
793, -11099, 170, 170, 357
793, -11099, 170, 170, 357
792, -11099, 170, 170, 357
792, -11099, 170, 170, 357
793, -11099, 170, 170, 357
793, -11099, 171, 171, 357
793, -11098, 171, 171, 357
793, -11099, 170, 170, 357
793, -11098, 170, 170, 357
793, -11098, 170, 170, 357
793, -11098, 171, 171, 357
764, -11140, 163, 163, 357
764, -11140, 163, 163, 357
691, -11121, 72, 72, 357
691, -11121, 72, 72, 357
686, -11121, 65, 65, 363
684, -11121, 62, 62, 363
681, -11121, 59, 59, 363
677, -11121, 57, 57, 363
679, -11121, 57, 57, 363
679, -11121, 57, 57, 363
678, -11120, 56, 56, 363
677, -11120, 55, 55, 363
676, -11120, 54, 54, 363
676, -11121, 53, 53, 363
676, -11121, 53, 53, 363
675, -11122, 53, 53, 363
674, -11121, 52, 52, 363
672, -11121, 52, 52, 363
673, -11122, 51, 51, 363
673, -11121, 51, 51, 363
673, -11121, 51, 51, 363
674, -11122, 51, 51, 363
671, -11122, 49, 49, 363
671, -11122, 49, 49, 363
672, -11121, 49, 49, 363
669, -11122, 48, 48, 363
671, -11122, 48, 48, 363
671, -11122, 48, 48, 363
670, -11122, 48, 48, 363
671, -11121, 48, 48, 357
671, -11121, 48, 48, 357
670, -11122, 47, 47, 357
670, -11122, 47, 47, 357
669, -11122, 47, 47, 357
668, -11122, 47, 47, 357
668, -11122, 46, 46, 357
668, -11122, 46, 46, 357
670, -11120, 47, 47, 357
670, -11120, 47, 47, 357
669, -11121, 46, 46, 357
669, -11121, 47, 47, 357
670, -11121, 47, 47, 357
670, -11121, 47, 47, 357
668, -11122, 47, 47, 357
668, -11122, 46, 46, 357
668, -11122, 46, 46, 357
667, -11122, 46, 46, 357
667, -11123, 45, 45, 357
667, -11121, 45, 45, 357
668, -11121, 45, 45, 357
669, -11122, 45, 45, 357
669, -11122, 45, 45, 357
668, -11121, 45, 45, 367
668, -11121, 45, 45, 367
667, -11122, 45, 45, 367
667, -11122, 45, 45, 367
667, -11122, 45, 45, 367
667, -11122, 45, 45, 367
667, -11123, 45, 45, 367
667, -11123, 45, 45, 367
669, -11122, 45, 45, 367
667, -11121, 45, 45, 367
667, -11122, 45, 45, 367
667, -11122, 45, 45, 367
666, -11123, 44, 44, 367
666, -11123, 44, 44, 367
666, -11122, 45, 45, 367
667, -11122, 45, 45, 367
667, -11122, 45, 45, 367
668, -11122, 45, 45, 367
666, -11122, 44, 44, 367
668, -11122, 45, 45, 367
668, -11122, 45, 45, 367
667, -11122, 45, 45, 367
666, -11122, 44, 44, 367
667, -11121, 45, 45, 367
667, -11121, 45, 45, 367
667, -11122, 45, 45, 367
667, -11121, 44, 44, 367
666, -11122, 44, 44, 367
666, -11121, 44, 44, 367
667, -11121, 45, 45, 367
667, -11121, 45, 45, 367
667, -11122, 44, 44, 367
667, -11122, 44, 44, 367
667, -11122, 44, 44, 367
668, -11122, 44, 44, 367
666, -11121, 44, 44, 367
666, -11121, 44, 44, 367
668, -11122, 44, 44, 367
668, -11122, 44, 44, 367
667, -11122, 44, 44, 367
666, -11121, 44, 44, 367
666, -11121, 44, 44, 367
665, -11121, 43, 43, 367
666, -11122, 44, 44, 367
666, -11123, 44, 44, 367
666, -11122, 43, 43, 367
666, -11122, 43, 43, 367
666, -11122, 44, 44, 367
665, -11121, 43, 43, 367
666, -11121, 44, 44, 367
665, -11121, 43, 43, 365
667, -11122, 45, 45, 365
668, -11122, 45, 45, 365
666, -11122, 44, 44, 365
666, -11122, 44, 44, 365
666, -11122, 44, 44, 365
667, -11121, 44, 44, 365
667, -11121, 44, 44, 365
667, -11122, 44, 44, 365
768, -11099, 143, 143, 365
768, -11099, 143, 143, 365
771, -11099, 148, 148, 365
775, -11099, 152, 152, 365
775, -11099, 152, 152, 365
777, -11099, 154, 154, 365
777, -11099, 154, 154, 365
778, -11098, 155, 155, 365
779, -11098, 156, 157, 365
780, -11099, 157, 157, 365
782, -11099, 158, 158, 365
782, -11098, 159, 159, 365
782, -11098, 159, 159, 365
783, -11099, 160, 160, 365
783, -11099, 160, 160, 365
784, -11099, 161, 161, 365
784, -11098, 162, 162, 367
784, -11098, 162, 162, 367
785, -11098, 162, 162, 367
785, -11098, 163, 163, 367
785, -11099, 163, 163, 367
786, -11099, 163, 163, 367
787, -11099, 164, 164, 367
787, -11099, 164, 164, 367
787, -11099, 164, 164, 367
787, -11099, 164, 164, 367
787, -11099, 164, 164, 367
788, -11099, 165, 165, 367
787, -11099, 165, 165, 367
788, -11099, 165, 165, 367
788, -11100, 165, 165, 367
787, -11099, 165, 165, 367
787, -11099, 165, 165, 367
789, -11099, 166, 166, 367
789, -11099, 166, 166, 367
789, -11100, 166, 166, 367
788, -11099, 166, 166, 367
788, -11099, 166, 166, 367
790, -11099, 167, 167, 367
788, -11099, 167, 167, 367
790, -11099, 167, 167, 367
790, -11099, 167, 167, 367
789, -11100, 167, 167, 371
789, -11100, 167, 167, 371
790, -11099, 167, 167, 371
789, -11100, 167, 167, 371
790, -11099, 167, 167, 371
790, -11099, 167, 167, 371
790, -11099, 167, 167, 371
790, -11099, 168, 168, 371
790, -11099, 168, 168, 371
790, -11099, 168, 168, 371
790, -11099, 168, 168, 371
791, -11100, 168, 168, 371
791, -11100, 168, 168, 371
791, -11099, 169, 169, 371
790, -11099, 168, 168, 371
790, -11098, 168, 168, 371
790, -11098, 168, 168, 371
790, -11098, 168, 168, 371
790, -11099, 168, 168, 371
790, -11099, 168, 168, 371
790, -11099, 168, 168, 371
790, -11099, 168, 168, 371
790, -11099, 168, 168, 371
791, -11099, 169, 169, 371
790, -11100, 168, 168, 367
791, -11099, 168, 168, 367
791, -11099, 168, 168, 367
791, -11099, 169, 169, 367
791, -11099, 169, 169, 367
791, -11099, 169, 169, 367
791, -11099, 169, 169, 367
792, -11098, 169, 169, 367
792, -11098, 169, 169, 367
791, -11099, 169, 169, 367
791, -11099, 169, 169, 367
791, -11099, 169, 169, 367
791, -11098, 169, 169, 367
791, -11098, 169, 169, 367
791, -11099, 169, 169, 367
790, -11098, 169, 169, 367
792, -11099, 170, 170, 367
792, -11099, 169, 169, 367
792, -11099, 169, 169, 367
792, -11099, 169, 169, 367
791, -11099, 169, 169, 367
791, -11099, 169, 169, 367
792, -11099, 170, 170, 367
791, -11100, 170, 170, 367
792, -11100, 170, 170, 367
791, -11099, 169, 169, 367
792, -11099, 169, 169, 369
792, -11099, 169, 169, 369
791, -11100, 169, 169, 369
792, -11099, 169, 169, 369
792, -11099, 169, 169, 369
791, -11099, 169, 169, 369
792, -11099, 170, 170, 369
792, -11099, 170, 170, 369
791, -11099, 169, 169, 369
792, -11099, 169, 169, 369
792, -11099, 169, 169, 369
791, -11099, 169, 169, 369
791, -11099, 169, 169, 369
792, -11100, 169, 169, 369
792, -11100, 169, 169, 369
792, -11100, 169, 169, 369
792, -11100, 169, 169, 369
793, -11100, 170, 170, 369
792, -11099, 170, 170, 369
792, -11099, 170, 170, 369
793, -11099, 170, 170, 369
792, -11100, 169, 169, 369
792, -11100, 169, 169, 369
792, -11100, 169, 169, 369
792, -11099, 170, 170, 369
792, -11099, 170, 170, 369
792, -11099, 170, 170, 369
793, -11100, 170, 170, 363
792, -11099, 170, 170, 363
793, -11099, 170, 170, 363
793, -11099, 170, 170, 363
792, -11099, 170, 170, 363
792, -11099, 170, 170, 363
792, -11099, 170, 170, 363
713, -11123, 88, 88, 363
694, -11124, 84, 84, 363
688, -11122, 68, 68, 363
685, -11122, 64, 64, 363
684, -11123, 63, 63, 363
682, -11122, 61, 61, 363
683, -11122, 59, 59, 363
681, -11122, 58, 58, 363
678, -11122, 55, 55, 363
678, -11122, 55, 55, 363
678, -11121, 54, 54, 363
676, -11123, 53, 53, 363
674, -11123, 53, 53, 363
674, -11123, 53, 53, 363
674, -11122, 52, 52, 363
674, -11122, 52, 52, 363
673, -11123, 51, 51, 363
673, -11123, 50, 50, 363
673, -11123, 50, 50, 363
673, -11122, 50, 50, 363
672, -11122, 50, 50, 363
672, -11122, 50, 50, 363
671, -11122, 49, 49, 363
670, -11123, 48, 48, 363
670, -11123, 48, 48, 363
670, -11123, 48, 48, 363
670, -11122, 48, 48, 363
671, -11122, 48, 48, 363
671, -11122, 48, 48, 363
671, -11122, 48, 48, 363
668, -11122, 47, 47, 363
668, -11122, 46, 46, 363
668, -11123, 47, 47, 363
668, -11123, 47, 47, 363
667, -11123, 46, 46, 363
667, -11123, 46, 46, 363
667, -11122, 45, 45, 363
669, -11123, 46, 46, 363
669, -11123, 46, 46, 363
668, -11122, 45, 45, 363
667, -11121, 45, 45, 363
667, -11121, 45, 45, 363
667, -11123, 46, 46, 363
667, -11123, 46, 46, 363
667, -11123, 45, 45, 363
666, -11123, 45, 45, 369
668, -11122, 45, 45, 369
668, -11122, 45, 45, 369
668, -11122, 45, 45, 369
668, -11121, 45, 45, 369
667, -11122, 44, 44, 369
665, -11123, 44, 44, 369
665, -11123, 44, 44, 369
667, -11123, 44, 44, 369
665, -11123, 43, 43, 369
665, -11123, 43, 43, 369
667, -11124, 44, 44, 369
669, -11123, 45, 45, 369
667, -11123, 43, 43, 369
665, -11123, 43, 43, 369
665, -11123, 43, 43, 369
665, -11123, 44, 44, 369
665, -11123, 44, 44, 369
666, -11123, 44, 44, 369
667, -11123, 43, 43, 369
667, -11122, 43, 43, 369
666, -11123, 44, 44, 369
666, -11123, 44, 44, 369
664, -11123, 43, 43, 369
665, -11123, 44, 44, 369
665, -11123, 43, 43, 369
665, -11123, 43, 43, 369
665, -11123, 43, 43, 369
665, -11122, 43, 43, 369
665, -11122, 43, 43, 369
665, -11123, 43, 43, 369
665, -11122, 43, 43, 369
665, -11122, 43, 43, 369
665, -11124, 43, 43, 369
666, -11123, 43, 43, 369
666, -11123, 43, 43, 369
667, -11123, 43, 43, 369
667, -11122, 43, 43, 369
667, -11122, 43, 43, 369
664, -11123, 42, 42, 369
665, -11122, 44, 44, 369
665, -11122, 44, 44, 369
665, -11123, 43, 43, 369
664, -11123, 43, 43, 369
664, -11123, 43, 43, 369
665, -11123, 42, 42, 369
665, -11123, 42, 42, 369
667, -11122, 43, 43, 369
667, -11122, 43, 43, 369
666, -11122, 43, 43, 369
666, -11122, 43, 43, 369
666, -11122, 43, 43, 369
663, -11123, 42, 42, 377
664, -11123, 42, 42, 377
664, -11123, 42, 42, 377
666, -11122, 43, 43, 377
667, -11123, 43, 43, 377
667, -11123, 43, 43, 377
666, -11122, 43, 43, 377
665, -11122, 42, 42, 377
664, -11123, 43, 43, 377
664, -11123, 43, 43, 377
665, -11124, 43, 43, 377
664, -11123, 43, 43, 377
664, -11123, 42, 42, 377
666, -11122, 42, 42, 377
666, -11122, 42, 42, 377
665, -11123, 43, 43, 377
663, -11121, 42, 42, 377
663, -11121, 42, 42, 377
664, -11123, 43, 43, 377
664, -11123, 41, 41, 377
664, -11123, 41, 41, 377
666, -11122, 46, 46, 377
757, -11101, 131, 131, 377
757, -11101, 131, 131, 377
767, -11100, 143, 143, 377
767, -11100, 143, 143, 377
774, -11100, 151, 151, 377
774, -11100, 151, 151, 377
775, -11101, 152, 152, 384
776, -11100, 153, 153, 384
777, -11100, 155, 155, 384
779, -11100, 157, 157, 384
779, -11100, 157, 157, 384
781, -11100, 158, 158, 384
781, -11100, 158, 158, 384
781, -11099, 159, 159, 384
781, -11099, 159, 159, 384
782, -11099, 159, 159, 384
784, -11100, 161, 161, 384
784, -11100, 161, 161, 384
785, -11100, 161, 161, 384
785, -11100, 163, 163, 384
785, -11100, 163, 163, 384
784, -11100, 162, 162, 384
785, -11099, 163, 163, 384
785, -11099, 163, 163, 384
786, -11099, 164, 164, 384
786, -11101, 164, 164, 384
786, -11101, 164, 164, 384
787, -11100, 164, 164, 384
787, -11100, 164, 164, 384
787, -11100, 165, 165, 384
787, -11099, 165, 165, 384
787, -11100, 165, 165, 384
787, -11100, 165, 165, 384
787, -11100, 165, 165, 384
788, -11100, 165, 165, 384
788, -11100, 166, 166, 384
788, -11100, 166, 166, 384
788, -11100, 166, 166, 384
787, -11100, 165, 165, 384
787, -11100, 165, 165, 384
789, -11101, 166, 166, 384
789, -11100, 166, 166, 384
789, -11100, 166, 166, 384
788, -11099, 166, 166, 384
788, -11099, 166, 166, 384
788, -11099, 166, 166, 384
789, -11100, 166, 166, 384
789, -11101, 167, 167, 384
789, -11100, 167, 167, 384
789, -11100, 167, 167, 384
788, -11101, 166, 166, 384
788, -11101, 166, 166, 384
789, -11100, 167, 167, 384
788, -11098, 167, 167, 384
788, -11098, 167, 167, 384
789, -11100, 167, 167, 384
789, -11100, 167, 167, 384
789, -11100, 167, 167, 384
790, -11100, 168, 168, 384
790, -11099, 167, 167, 384
790, -11099, 167, 167, 384
790, -11099, 167, 167, 384
790, -11099, 168, 168, 384
790, -11101, 168, 168, 384
790, -11101, 168, 168, 384
789, -11100, 168, 168, 384
791, -11099, 168, 168, 384
791, -11100, 168, 168, 384
790, -11099, 168, 168, 384
790, -11100, 168, 168, 384
790, -11100, 168, 168, 384
790, -11100, 168, 168, 384
790, -11100, 167, 167, 384
790, -11100, 167, 167, 384
789, -11099, 168, 168, 384
790, -11100, 168, 168, 384
791, -11101, 168, 168, 384
791, -11100, 168, 168, 384
791, -11100, 168, 168, 384
791, -11100, 169, 169, 384
791, -11101, 168, 168, 384
790, -11099, 168, 168, 384
791, -11100, 169, 169, 381
791, -11100, 169, 169, 381
791, -11101, 168, 168, 381
791, -11101, 168, 168, 381
790, -11099, 168, 168, 381
790, -11099, 168, 168, 381
791, -11100, 168, 168, 381
791, -11100, 168, 168, 381
791, -11100, 168, 168, 381
791, -11100, 168, 168, 381
791, -11100, 169, 169, 381
791, -11100, 168, 168, 381
791, -11100, 168, 168, 381
791, -11101, 169, 169, 381
791, -11100, 169, 169, 381
791, -11099, 168, 168, 381
791, -11099, 168, 168, 381
791, -11099, 168, 168, 381
790, -11100, 168, 168, 381
790, -11100, 168, 168, 381
790, -11100, 168, 168, 381
791, -11100, 168, 168, 381
791, -11100, 168, 168, 381
790, -11101, 168, 168, 381
790, -11101, 168, 168, 381
790, -11099, 168, 168, 381
791, -11100, 169, 169, 379
791, -11100, 169, 169, 379
791, -11102, 169, 169, 379
791, -11100, 169, 169, 379
791, -11100, 169, 169, 379
792, -11101, 169, 169, 379
792, -11100, 169, 169, 379
792, -11100, 169, 169, 379
791, -11099, 169, 169, 379
791, -11100, 169, 169, 379
791, -11101, 169, 169, 379
791, -11101, 169, 169, 379
791, -11101, 169, 169, 379
791, -11101, 169, 169, 379
791, -11101, 169, 169, 379
696, -11124, 80, 80, 379
696, -11124, 80, 80, 379
689, -11122, 65, 65, 379
681, -11122, 59, 59, 379
679, -11123, 57, 57, 379
677, -11122, 56, 56, 377
677, -11122, 56, 56, 377
676, -11124, 54, 54, 377
676, -11124, 53, 53, 377
675, -11123, 52, 52, 377
675, -11123, 52, 52, 377
674, -11123, 52, 52, 377
674, -11122, 51, 51, 377
672, -11123, 50, 50, 377
672, -11123, 51, 51, 377
673, -11124, 50, 50, 377
673, -11124, 50, 50, 377
670, -11124, 49, 49, 377
670, -11123, 49, 49, 377
669, -11124, 47, 47, 377
669, -11124, 47, 47, 377
669, -11124, 48, 48, 377
669, -11123, 47, 47, 377
670, -11123, 47, 47, 377
670, -11123, 47, 47, 377
669, -11123, 46, 46, 377
669, -11124, 46, 46, 377
668, -11123, 46, 46, 377
668, -11124, 46, 46, 377
668, -11124, 46, 46, 377
668, -11125, 45, 45, 377
668, -11123, 46, 46, 390
668, -11124, 45, 45, 390
668, -11124, 45, 45, 390
668, -11124, 45, 45, 390
668, -11123, 45, 45, 390
667, -11123, 45, 45, 390
667, -11122, 45, 45, 390
667, -11123, 44, 44, 390
666, -11123, 44, 44, 390
667, -11123, 44, 44, 390
667, -11123, 44, 44, 390
667, -11123, 44, 44, 390
665, -11123, 44, 44, 390
666, -11123, 43, 43, 390
666, -11123, 43, 43, 390
665, -11122, 43, 43, 390
665, -11122, 43, 43, 390
665, -11124, 43, 43, 390
665, -11124, 43, 43, 390
665, -11124, 43, 43, 390
668, -11123, 44, 44, 390
666, -11123, 43, 43, 379
666, -11123, 43, 43, 379
666, -11123, 43, 43, 379
666, -11123, 43, 43, 379
667, -11123, 43, 43, 379
667, -11123, 43, 43, 379
665, -11123, 43, 43, 379
665, -11123, 43, 43, 379
664, -11123, 43, 43, 379
664, -11123, 43, 43, 379
666, -11123, 43, 43, 379
666, -11123, 43, 43, 379
666, -11123, 44, 44, 379
666, -11124, 43, 43, 379
667, -11122, 44, 44, 379
667, -11122, 44, 44, 379
666, -11123, 43, 43, 379
666, -11123, 43, 43, 379
665, -11123, 43, 43, 379
667, -11122, 43, 43, 379
664, -11123, 43, 43, 379
665, -11123, 43, 43, 379
665, -11123, 43, 43, 379
664, -11123, 43, 43, 379
666, -11123, 43, 43, 379
666, -11123, 43, 43, 379
665, -11122, 43, 43, 379
666, -11123, 43, 43, 379
665, -11123, 43, 43, 379
663, -11123, 42, 42, 377
663, -11123, 42, 42, 377
664, -11123, 42, 42, 377
666, -11123, 42, 42, 377
666, -11123, 42, 42, 377
665, -11123, 42, 42, 377
665, -11123, 42, 42, 377
665, -11123, 42, 42, 377
665, -11124, 43, 43, 377
665, -11124, 43, 43, 377
665, -11124, 43, 43, 377
666, -11123, 43, 43, 377
666, -11123, 43, 43, 377
666, -11122, 42, 42, 377
666, -11123, 43, 43, 377
665, -11123, 43, 43, 377
665, -11123, 42, 42, 377
664, -11124, 42, 42, 377
664, -11124, 42, 42, 377
665, -11123, 43, 43, 377
666, -11123, 43, 43, 377
666, -11122, 43, 43, 377
666, -11122, 43, 43, 377
666, -11122, 43, 43, 377
664, -11123, 42, 42, 377
664, -11123, 42, 42, 377
664, -11123, 42, 42, 377
666, -11123, 43, 43, 377
667, -11122, 44, 44, 377
667, -11122, 44, 44, 377
767, -11102, 142, 142, 377
770, -11100, 146, 146, 377
773, -11099, 150, 150, 377
773, -11099, 150, 150, 377
778, -11100, 155, 155, 377
778, -11100, 155, 155, 377
779, -11100, 155, 155, 377
779, -11101, 157, 157, 377
780, -11100, 157, 157, 377
781, -11101, 158, 158, 377
781, -11101, 159, 159, 377
783, -11101, 160, 160, 377
783, -11101, 160, 160, 377
782, -11101, 160, 160, 377
783, -11100, 161, 161, 377
783, -11100, 161, 161, 377
784, -11101, 161, 161, 377
785, -11101, 162, 162, 377
786, -11101, 162, 162, 377
786, -11101, 164, 164, 381
785, -11101, 163, 163, 381
785, -11101, 163, 163, 381
786, -11099, 164, 164, 381
787, -11101, 164, 164, 381
787, -11101, 164, 164, 381
787, -11101, 164, 164, 381
787, -11101, 164, 164, 381
788, -11100, 165, 165, 381
787, -11101, 165, 165, 381
787, -11100, 165, 165, 381
787, -11100, 165, 165, 381
787, -11100, 165, 165, 381
786, -11100, 165, 165, 381
787, -11100, 165, 165, 381
787, -11100, 165, 165, 381
786, -11101, 165, 165, 381
788, -11101, 165, 165, 381
788, -11100, 165, 165, 381
788, -11100, 165, 165, 381
788, -11101, 166, 166, 381
789, -11100, 166, 166, 381
789, -11100, 166, 166, 381
787, -11100, 166, 166, 381
789, -11100, 166, 166, 384
789, -11101, 167, 167, 384
790, -11101, 167, 167, 384
789, -11101, 167, 167, 384
790, -11101, 167, 167, 384
788, -11100, 166, 166, 384
789, -11101, 167, 167, 384
789, -11100, 166, 166, 384
788, -11100, 166, 166, 384
789, -11100, 166, 166, 384
789, -11100, 167, 167, 384
789, -11100, 167, 167, 384
789, -11101, 167, 167, 384
789, -11100, 167, 167, 384
789, -11100, 167, 167, 384
790, -11101, 167, 167, 384
790, -11101, 167, 167, 384
790, -11101, 167, 167, 384
790, -11099, 167, 167, 384
789, -11100, 167, 167, 384
789, -11100, 167, 167, 384
789, -11100, 167, 167, 384
790, -11100, 168, 168, 384
790, -11100, 168, 168, 384
790, -11101, 168, 168, 388
790, -11101, 168, 168, 388
790, -11101, 168, 168, 388
790, -11101, 168, 168, 388
789, -11101, 168, 168, 388
790, -11101, 168, 168, 388
791, -11101, 168, 168, 388
791, -11101, 168, 168, 388
791, -11101, 169, 169, 388
790, -11100, 168, 168, 388
790, -11100, 168, 168, 388
790, -11100, 168, 168, 388
791, -11100, 169, 169, 388
791, -11100, 169, 169, 388
789, -11100, 168, 168, 388
791, -11101, 169, 169, 388
791, -11100, 169, 169, 388
791, -11101, 168, 168, 388
791, -11100, 169, 169, 388
791, -11100, 169, 169, 388
791, -11101, 169, 169, 388
791, -11101, 169, 169, 388
790, -11101, 168, 168, 388
790, -11101, 168, 168, 388
791, -11101, 169, 169, 388
791, -11101, 169, 169, 388
791, -11101, 169, 169, 388
791, -11101, 169, 169, 388
791, -11101, 169, 169, 388
792, -11101, 169, 169, 388
790, -11101, 169, 169, 388
791, -11100, 168, 168, 388
791, -11100, 168, 168, 388
791, -11101, 168, 168, 388
791, -11100, 169, 169, 388
791, -11101, 168, 168, 388
791, -11101, 168, 168, 388
791, -11100, 168, 168, 388
791, -11100, 168, 168, 388
791, -11100, 168, 168, 388
790, -11101, 168, 168, 388
791, -11100, 168, 168, 388
791, -11100, 168, 168, 388
791, -11101, 168, 168, 388
791, -11101, 168, 168, 388
791, -11100, 169, 169, 388
791, -11100, 169, 169, 388
791, -11100, 169, 169, 388
792, -11100, 169, 169, 388
791, -11100, 169, 169, 388
791, -11100, 168, 168, 379
791, -11100, 168, 168, 379
721, -11114, 151, 151, 379
691, -11122, 68, 68, 379
691, -11122, 68, 68, 379
687, -11123, 66, 66, 379
683, -11122, 63, 63, 379
678, -11122, 58, 58, 379
678, -11124, 56, 56, 379
678, -11124, 56, 56, 379
677, -11123, 55, 55, 379
676, -11123, 54, 54, 379
676, -11123, 54, 54, 379
675, -11123, 53, 53, 379
676, -11123, 52, 52, 379
676, -11123, 52, 52, 379
672, -11122, 51, 51, 379
671, -11124, 50, 50, 379
671, -11124, 50, 50, 379
672, -11124, 50, 50, 379
671, -11124, 48, 48, 379
671, -11124, 48, 48, 379
671, -11123, 47, 47, 379
669, -11124, 48, 48, 379
669, -11124, 48, 48, 379
667, -11123, 47, 47, 379
668, -11124, 46, 46, 386
668, -11123, 46, 46, 386
670, -11124, 47, 47, 386
669, -11123, 46, 46, 386
669, -11123, 46, 46, 386
669, -11124, 45, 45, 386
667, -11123, 45, 45, 386
668, -11124, 46, 46, 386
668, -11124, 46, 46, 386
668, -11123, 45, 45, 386
668, -11123, 45, 45, 386
668, -11124, 45, 45, 386
668, -11124, 45, 45, 386
668, -11124, 45, 45, 386
668, -11123, 45, 45, 386
666, -11123, 45, 45, 386
666, -11123, 45, 45, 386
666, -11123, 45, 45, 386
668, -11123, 45, 45, 386
668, -11123, 45, 45, 386
667, -11124, 45, 45, 386
668, -11124, 44, 44, 386
668, -11124, 44, 44, 386
666, -11123, 44, 44, 386
667, -11123, 44, 44, 386
665, -11123, 44, 44, 394
665, -11123, 44, 44, 394
665, -11123, 44, 44, 394
666, -11123, 44, 44, 394
666, -11123, 44, 44, 394
666, -11123, 44, 44, 394
666, -11123, 43, 43, 394
666, -11123, 44, 44, 394
668, -11124, 44, 44, 394
668, -11124, 44, 44, 394
665, -11123, 44, 44, 394
664, -11124, 44, 44, 394
667, -11124, 43, 43, 394
667, -11123, 44, 44, 394
667, -11123, 43, 43, 394
664, -11123, 44, 44, 394
664, -11123, 44, 44, 394
664, -11123, 43, 43, 394
664, -11124, 44, 44, 394
664, -11124, 43, 43, 394
665, -11123, 43, 43, 394
665, -11123, 43, 43, 394
666, -11122, 42, 42, 394
667, -11122, 43, 43, 394
664, -11123, 43, 43, 394
664, -11123, 43, 43, 394
664, -11125, 42, 42, 386
664, -11123, 43, 43, 386
665, -11123, 42, 42, 386
665, -11123, 42, 42, 386
665, -11123, 42, 42, 386
666, -11123, 42, 42, 386
667, -11123, 43, 43, 386
667, -11123, 43, 43, 386
663, -11123, 43, 43, 386
667, -11123, 43, 43, 386
664, -11123, 42, 42, 386
663, -11122, 42, 42, 386
664, -11123, 43, 43, 386
664, -11122, 42, 42, 386
664, -11122, 42, 42, 386
664, -11123, 43, 43, 386
666, -11123, 42, 42, 386
667, -11123, 42, 42, 386
665, -11122, 42, 42, 386
665, -11122, 42, 42, 386
666, -11123, 43, 43, 386
663, -11124, 42, 42, 386
663, -11124, 42, 42, 386
664, -11123, 42, 42, 386
666, -11123, 42, 42, 386
667, -11123, 43, 43, 386
666, -11122, 43, 43, 390
666, -11122, 42, 42, 390
666, -11122, 42, 42, 390
663, -11122, 43, 43, 390
664, -11124, 42, 42, 390
664, -11124, 42, 42, 390
665, -11124, 43, 43, 390
664, -11123, 42, 42, 390
665, -11123, 42, 42, 390
665, -11123, 42, 42, 390
666, -11123, 42, 42, 390
666, -11123, 42, 42, 390
666, -11123, 42, 42, 390
665, -11124, 42, 42, 390
665, -11124, 43, 43, 390
749, -11101, 98, 98, 390
749, -11101, 98, 98, 390
765, -11101, 141, 141, 390
765, -11101, 141, 141, 390
768, -11101, 144, 144, 390
771, -11101, 148, 148, 390
775, -11101, 152, 152, 390
775, -11101, 152, 152, 390
780, -11100, 157, 157, 390
780, -11100, 157, 157, 390
781, -11100, 158, 158, 390
782, -11101, 159, 159, 390
782, -11101, 159, 159, 390
782, -11101, 160, 160, 390
782, -11101, 160, 160, 390
783, -11100, 160, 160, 390
785, -11100, 162, 162, 390
785, -11100, 162, 162, 390
783, -11101, 162, 162, 390
785, -11100, 162, 162, 390
785, -11100, 162, 162, 390
786, -11101, 163, 163, 390
786, -11101, 163, 163, 390
785, -11100, 163, 163, 390
786, -11101, 163, 163, 390
786, -11101, 164, 164, 390
788, -11101, 165, 165, 390
788, -11101, 165, 165, 390
787, -11101, 165, 165, 390
787, -11101, 165, 165, 390
787, -11101, 165, 165, 390
787, -11102, 165, 165, 394
788, -11100, 165, 165, 394
788, -11101, 166, 166, 394
788, -11101, 166, 166, 394
788, -11101, 166, 166, 394
788, -11101, 166, 166, 394
788, -11101, 166, 166, 394
789, -11100, 166, 166, 394
788, -11100, 166, 166, 394
789, -11101, 166, 166, 394
789, -11101, 166, 166, 394
789, -11101, 167, 167, 394
790, -11101, 167, 167, 394
790, -11101, 167, 167, 394
790, -11101, 167, 167, 394
790, -11101, 167, 167, 394
789, -11102, 167, 167, 394
789, -11102, 167, 167, 394
790, -11102, 167, 167, 394
790, -11101, 167, 167, 394
789, -11100, 167, 167, 394
789, -11101, 167, 167, 388
790, -11101, 167, 167, 388
790, -11101, 167, 167, 388
789, -11101, 167, 167, 388
790, -11101, 167, 167, 388
790, -11101, 167, 167, 388
790, -11102, 167, 167, 388
790, -11102, 167, 167, 388
789, -11101, 167, 167, 388
789, -11100, 167, 167, 388
789, -11100, 167, 167, 388
789, -11101, 168, 168, 388
789, -11101, 168, 168, 388
790, -11102, 168, 168, 388
790, -11102, 168, 168, 388
790, -11100, 168, 168, 388
790, -11101, 167, 167, 388
790, -11101, 167, 167, 388
791, -11101, 168, 168, 388
790, -11101, 167, 167, 388
790, -11101, 167, 167, 388
790, -11101, 167, 167, 388
790, -11100, 168, 168, 388
790, -11100, 168, 168, 388
791, -11101, 168, 168, 388
791, -11101, 168, 168, 388
791, -11102, 168, 168, 388
790, -11101, 168, 168, 394
791, -11101, 168, 168, 394
790, -11101, 168, 168, 394
789, -11102, 167, 167, 394
791, -11102, 168, 168, 394
791, -11102, 168, 168, 394
789, -11101, 167, 167, 394
790, -11102, 167, 167, 394
790, -11101, 167, 167, 394
790, -11101, 168, 168, 394
790, -11101, 168, 168, 394
790, -11101, 168, 168, 394
790, -11101, 167, 167, 394
790, -11102, 168, 168, 394
790, -11102, 168, 168, 394
790, -11101, 168, 168, 394
790, -11101, 168, 168, 394
790, -11101, 168, 168, 394
791, -11101, 168, 168, 394
790, -11102, 168, 168, 394
790, -11101, 168, 168, 394
791, -11102, 168, 168, 394
790, -11101, 168, 168, 392
791, -11101, 168, 168, 392
791, -11101, 168, 168, 392
791, -11101, 168, 168, 392
791, -11101, 168, 168, 392
791, -11101, 168, 168, 392
790, -11102, 168, 168, 392
790, -11102, 168, 168, 392
791, -11102, 168, 168, 392
791, -11102, 168, 168, 392
791, -11101, 168, 168, 392
789, -11102, 167, 167, 392
789, -11102, 167, 167, 392
790, -11100, 168, 168, 392
790, -11100, 168, 168, 392
790, -11101, 168, 168, 392
789, -11102, 168, 168, 392
609, -11139, -11, -11, 392
609, -11139, -11, -11, 392
600, -11139, -21, -21, 392
600, -11139, -21, -21, 392
596, -11140, -26, -26, 392
596, -11140, -26, -26, 392
591, -11141, -29, -29, 386
588, -11141, -33, -33, 386
588, -11141, -33, -33, 386
586, -11142, -34, -34, 386
587, -11140, -37, -37, 386
584, -11140, -38, -38, 386
584, -11140, -38, -38, 386
580, -11141, -40, -40, 386
580, -11141, -40, -40, 386
580, -11141, -42, -42, 386
580, -11141, -42, -42, 386
577, -11141, -43, -43, 386
577, -11141, -43, -43, 386
579, -11141, -45, -45, 386
579, -11141, -45, -45, 386
577, -11141, -45, -45, 386
574, -11140, -46, -46, 386
574, -11140, -46, -46, 386
576, -11141, -47, -47, 386
576, -11141, -47, -47, 386
575, -11142, -48, -48, 386
572, -11142, -49, -49, 386
572, -11142, -49, -49, 386
572, -11142, -49, -49, 386
573, -11142, -49, -49, 386
574, -11140, -50, -50, 386
574, -11140, -50, -50, 386
571, -11141, -50, -50, 386
571, -11141, -50, -50, 386
570, -11142, -51, -51, 386
570, -11142, -51, -51, 386
573, -11142, -51, -51, 386
573, -11142, -51, -51, 386
572, -11141, -52, -52, 386
572, -11141, -52, -52, 386
572, -11141, -52, -52, 386
569, -11141, -52, -52, 386
569, -11141, -52, -52, 386
569, -11141, -52, -52, 386
569, -11142, -52, -52, 386
571, -11142, -52, -52, 386
571, -11142, -52, -52, 386
571, -11142, -54, -54, 386
571, -11142, -54, -54, 386
571, -11140, -53, -53, 386
570, -11141, -54, -54, 386
570, -11141, -54, -54, 386
570, -11141, -54, -54, 386
571, -11141, -53, -53, 386
566, -11143, -54, -54, 386
566, -11143, -54, -54, 386
567, -11141, -55, -55, 386
567, -11141, -55, -55, 386
569, -11142, -54, -54, 384
569, -11142, -54, -54, 384
569, -11140, -55, -55, 384
569, -11140, -55, -55, 384
566, -11140, -55, -55, 384
566, -11140, -55, -55, 384
566, -11142, -55, -55, 384
566, -11142, -55, -55, 384
569, -11142, -55, -55, 384
569, -11142, -55, -55, 384
567, -11140, -55, -55, 384
565, -11141, -55, -55, 384
565, -11141, -55, -55, 384
567, -11141, -55, -55, 384
567, -11141, -55, -55, 384
566, -11141, -56, -56, 384
566, -11142, -56, -56, 384
566, -11142, -56, -56, 384
568, -11141, -57, -57, 384
568, -11141, -57, -57, 384
566, -11141, -55, -55, 384
566, -11141, -55, -55, 384
565, -11141, -55, -55, 384
565, -11141, -55, -55, 384
569, -11142, -55, -55, 384
569, -11142, -55, -55, 384
568, -11141, -55, -55, 396
568, -11141, -55, -55, 396
566, -11140, -57, -57, 396
566, -11140, -57, -57, 396
567, -11141, -57, -57, 396
567, -11142, -56, -56, 396
564, -11142, -56, -56, 396
564, -11142, -56, -56, 396
565, -11141, -57, -57, 396
564, -11142, -57, -57, 396
565, -11142, -57, -57, 396
568, -11141, -57, -57, 396
569, -11140, -56, -56, 396
569, -11141, -55, -55, 396
569, -11141, -55, -55, 396
567, -11142, -56, -56, 396
567, -11142, -56, -56, 396
565, -11141, -57, -57, 396
565, -11141, -57, -57, 396
564, -11141, -57, -57, 396
564, -11141, -57, -57, 396
567, -11141, -57, -57, 396
566, -11141, -57, -57, 396
568, -11141, -56, -56, 396
569, -11140, -56, -56, 396
568, -11140, -56, -56, 396
565, -11142, -56, -56, 390
565, -11142, -56, -56, 390
565, -11140, -52, -52, 390
702, -11104, 4, 4, 390
702, -11104, 4, 4, 390
751, -11103, 126, 126, 390
753, -11104, 129, 129, 390
753, -11104, 129, 129, 390
759, -11102, 136, 136, 390
759, -11102, 136, 136, 390
762, -11102, 139, 139, 390
765, -11102, 142, 142, 390
765, -11102, 142, 142, 390
767, -11102, 144, 144, 390
767, -11102, 144, 144, 390
770, -11102, 148, 148, 390
771, -11102, 148, 148, 390
771, -11102, 148, 148, 390
773, -11102, 150, 150, 390
773, -11102, 150, 150, 390
774, -11102, 152, 152, 390
776, -11102, 153, 153, 390
775, -11101, 153, 153, 394
775, -11101, 153, 153, 394
777, -11101, 154, 154, 394
777, -11101, 154, 154, 394
777, -11101, 154, 154, 394
777, -11102, 155, 155, 394
781, -11102, 157, 157, 394
780, -11102, 157, 157, 394
781, -11101, 158, 158, 394
780, -11102, 158, 158, 394
781, -11102, 158, 158, 394
781, -11102, 158, 158, 394
782, -11101, 159, 159, 394
782, -11101, 159, 159, 394
782, -11101, 160, 160, 394
782, -11101, 160, 160, 394
782, -11101, 160, 160, 394
782, -11101, 160, 160, 394
783, -11101, 161, 161, 394
783, -11101, 161, 161, 394
783, -11101, 161, 161, 394
783, -11101, 161, 161, 394
784, -11102, 161, 161, 392
784, -11102, 161, 161, 392
783, -11102, 161, 161, 392
784, -11100, 162, 162, 392
784, -11102, 162, 162, 392
785, -11102, 162, 162, 392
784, -11101, 162, 162, 392
785, -11101, 162, 162, 392
785, -11102, 163, 163, 392
785, -11102, 163, 163, 392
786, -11101, 163, 163, 392
786, -11101, 163, 163, 392
785, -11102, 163, 163, 392
785, -11102, 163, 163, 392
786, -11102, 163, 163, 392
786, -11102, 163, 163, 392
785, -11101, 163, 163, 392
786, -11102, 163, 163, 392
785, -11100, 163, 163, 392
786, -11101, 164, 164, 392
786, -11102, 163, 163, 392
786, -11101, 164, 164, 392
786, -11101, 164, 164, 392
786, -11101, 164, 164, 392
787, -11102, 164, 164, 396
787, -11102, 164, 164, 396
787, -11101, 164, 164, 396
787, -11101, 164, 164, 396
787, -11101, 165, 165, 396
787, -11101, 165, 165, 396
787, -11101, 165, 165, 396
787, -11101, 165, 165, 396
787, -11101, 165, 165, 396
787, -11101, 165, 165, 396
787, -11101, 165, 165, 396
787, -11102, 164, 164, 396
787, -11102, 165, 165, 396
786, -11102, 164, 164, 396
787, -11102, 165, 165, 396
787, -11102, 165, 165, 396
788, -11102, 165, 165, 396
788, -11102, 165, 165, 396
787, -11102, 165, 165, 396
787, -11102, 164, 164, 396
787, -11102, 164, 164, 396
787, -11102, 165, 165, 396
787, -11102, 165, 165, 396
786, -11102, 165, 165, 396
786, -11102, 165, 165, 396
788, -11101, 166, 166, 396
788, -11101, 166, 166, 396
787, -11102, 165, 165, 394
787, -11102, 165, 165, 394
787, -11103, 165, 165, 394
787, -11102, 165, 165, 394
787, -11102, 165, 165, 394
787, -11102, 165, 165, 394
787, -11102, 165, 165, 394
787, -11102, 165, 165, 394
788, -11102, 165, 165, 394
788, -11102, 165, 165, 394
788, -11102, 166, 166, 394
788, -11102, 166, 166, 394
788, -11102, 166, 166, 394
787, -11102, 165, 165, 394
787, -11102, 165, 165, 394
788, -11102, 165, 165, 394
789, -11102, 165, 165, 394
789, -11102, 165, 165, 394
788, -11103, 165, 165, 394
788, -11102, 165, 165, 394
788, -11102, 165, 165, 394
788, -11102, 165, 165, 394
788, -11102, 166, 166, 394
788, -11102, 166, 166, 394
788, -11102, 166, 166, 394
788, -11102, 165, 165, 394
787, -11101, 165, 165, 394
787, -11101, 165, 165, 394
638, -11139, 66, 66, 394
638, -11139, 66, 66, 394
617, -11138, -2, -2, 394
603, -11139, -15, -15, 394
603, -11139, -15, -15, 394
597, -11140, -22, -22, 394
597, -11140, -22, -22, 394
595, -11140, -28, -28, 394
595, -11140, -28, -28, 394
593, -11141, -29, -29, 394
586, -11141, -34, -34, 394
585, -11142, -35, -35, 394
585, -11142, -35, -35, 394
584, -11141, -38, -38, 394
584, -11141, -38, -38, 394
584, -11141, -40, -40, 394
584, -11141, -40, -40, 394
582, -11141, -42, -42, 394
582, -11141, -42, -42, 394
579, -11141, -44, -44, 394
577, -11141, -44, -44, 394
577, -11141, -44, -44, 394
577, -11141, -45, -45, 394
577, -11141, -45, -45, 394
578, -11141, -46, -46, 396
578, -11141, -46, -46, 396
578, -11141, -47, -47, 396
578, -11141, -47, -47, 396
573, -11140, -48, -48, 396
573, -11140, -48, -48, 396
572, -11142, -48, -48, 396
572, -11142, -48, -48, 396
572, -11141, -49, -49, 396
573, -11141, -49, -49, 396
572, -11141, -49, -49, 396
575, -11140, -50, -50, 396
575, -11140, -50, -50, 396
573, -11141, -51, -51, 396
573, -11141, -51, -51, 396
569, -11142, -51, -51, 396
572, -11141, -51, -51, 396
573, -11141, -51, -51, 396
573, -11141, -51, -51, 396
572, -11140, -51, -51, 396
572, -11141, -52, -52, 396
571, -11142, -52, -52, 396
571, -11142, -52, -52, 396
568, -11142, -52, -52, 396
568, -11142, -52, -52, 396
570, -11142, -52, -52, 392
570, -11142, -52, -52, 392
572, -11141, -53, -53, 392
572, -11141, -53, -53, 392
569, -11141, -53, -53, 392
568, -11141, -53, -53, 392
568, -11142, -53, -53, 392
568, -11142, -54, -54, 392
568, -11142, -54, -54, 392
570, -11141, -54, -54, 392
568, -11141, -54, -54, 392
568, -11141, -54, -54, 392
567, -11142, -54, -54, 392
567, -11141, -54, -54, 392
567, -11142, -55, -55, 392
567, -11142, -55, -55, 392
570, -11141, -54, -54, 392
567, -11142, -55, -55, 392
569, -11141, -54, -54, 392
568, -11141, -55, -55, 392
569, -11143, -55, -55, 392
569, -11141, -54, -54, 392
567, -11143, -55, -55, 392
567, -11142, -55, -55, 392
569, -11141, -55, -55, 392
569, -11141, -55, -55, 392
568, -11141, -56, -56, 392
568, -11141, -56, -56, 392
570, -11142, -55, -55, 392
570, -11142, -55, -55, 392
566, -11142, -55, -55, 392
566, -11142, -55, -55, 392
566, -11142, -55, -55, 392
566, -11142, -55, -55, 392
566, -11142, -55, -55, 392
566, -11141, -56, -56, 392
569, -11140, -55, -55, 392
568, -11141, -55, -55, 392
568, -11141, -55, -55, 392
566, -11141, -55, -55, 392
566, -11141, -55, -55, 392
568, -11141, -55, -55, 392
565, -11143, -55, -55, 392
565, -11142, -56, -56, 392
566, -11142, -56, -56, 392
566, -11142, -56, -56, 392
568, -11140, -56, -56, 392
568, -11140, -56, -56, 392
568, -11141, -56, -56, 392
567, -11141, -56, -56, 392
567, -11141, -56, -56, 392
564, -11142, -57, -57, 394
564, -11142, -57, -57, 394
564, -11141, -57, -57, 394
564, -11141, -57, -57, 394
564, -11141, -56, -56, 394
564, -11141, -56, -56, 394
568, -11140, -56, -56, 394
568, -11140, -56, -56, 394
566, -11140, -56, -56, 394
565, -11141, -57, -57, 394
565, -11141, -57, -57, 394
565, -11142, -56, -56, 394
565, -11142, -56, -56, 394
567, -11141, -56, -56, 394
567, -11141, -56, -56, 394
725, -11103, 92, 92, 394
725, -11103, 92, 92, 394
737, -11103, 111, 111, 394
750, -11102, 126, 126, 394
750, -11102, 126, 126, 394
757, -11103, 133, 133, 394
760, -11102, 136, 136, 394
760, -11102, 136, 136, 394
763, -11102, 141, 141, 394
763, -11102, 141, 141, 394
764, -11102, 141, 141, 394
768, -11102, 145, 145, 398
768, -11102, 145, 145, 398
770, -11102, 147, 147, 398
770, -11102, 147, 147, 398
773, -11103, 150, 150, 398
773, -11103, 150, 150, 398
773, -11101, 150, 150, 398
775, -11101, 152, 152, 398
775, -11101, 152, 152, 398
775, -11101, 153, 153, 398
775, -11101, 153, 153, 398
777, -11100, 154, 154, 398
777, -11100, 154, 154, 398
778, -11102, 155, 155, 398
778, -11102, 155, 155, 398
777, -11102, 155, 155, 398
778, -11102, 156, 156, 398
778, -11102, 156, 156, 398
780, -11101, 157, 157, 398
780, -11101, 157, 157, 398
780, -11101, 158, 158, 398
781, -11102, 158, 158, 398
781, -11101, 158, 158, 398
781, -11101, 158, 158, 398
781, -11103, 159, 159, 398
781, -11102, 159, 159, 398
782, -11102, 160, 160, 398
782, -11102, 160, 160, 398
782, -11102, 160, 160, 398
783, -11101, 160, 160, 398
782, -11102, 160, 160, 398
783, -11102, 160, 160, 398
783, -11102, 160, 160, 398
783, -11101, 161, 161, 398
783, -11101, 161, 161, 398
784, -11102, 161, 161, 398
783, -11101, 161, 161, 398
784, -11102, 161, 161, 398
784, -11102, 161, 161, 398
784, -11102, 162, 162, 398
784, -11102, 162, 162, 398
784, -11102, 162, 162, 398
784, -11102, 162, 162, 398
784, -11102, 162, 162, 398
784, -11102, 162, 162, 398
785, -11101, 162, 162, 398
785, -11101, 162, 162, 398
785, -11101, 163, 163, 398
785, -11101, 162, 162, 398
785, -11102, 163, 163, 398
785, -11102, 163, 163, 398
785, -11102, 163, 163, 398
785, -11102, 163, 163, 398
786, -11102, 163, 163, 400
786, -11102, 163, 163, 400
786, -11102, 163, 163, 400
786, -11101, 164, 164, 400
785, -11101, 163, 163, 400
786, -11102, 163, 163, 400
787, -11102, 164, 164, 400
787, -11102, 164, 164, 400
787, -11102, 164, 164, 400
787, -11102, 164, 164, 400
787, -11102, 164, 164, 400
787, -11102, 164, 164, 400
786, -11102, 164, 164, 400
786, -11102, 164, 164, 400
786, -11102, 164, 164, 400
786, -11102, 164, 164, 400
787, -11102, 164, 164, 400
787, -11101, 165, 165, 400
787, -11102, 164, 164, 400
788, -11101, 164, 164, 400
788, -11101, 164, 164, 400
786, -11101, 164, 164, 400
787, -11102, 164, 164, 400
787, -11102, 164, 164, 400
787, -11102, 164, 164, 400
787, -11102, 164, 164, 400
787, -11102, 164, 164, 400
787, -11101, 165, 165, 398
787, -11101, 165, 165, 398
786, -11102, 165, 165, 398
787, -11102, 165, 165, 398
787, -11102, 165, 165, 398
788, -11102, 165, 165, 398
788, -11102, 165, 165, 398
787, -11102, 165, 165, 398
787, -11102, 165, 165, 398
787, -11102, 165, 165, 398
787, -11102, 165, 165, 398
788, -11102, 165, 165, 398
788, -11102, 165, 165, 398
788, -11102, 165, 165, 398
788, -11101, 165, 165, 398
788, -11101, 165, 165, 398
788, -11102, 165, 165, 398
788, -11102, 165, 165, 398
787, -11102, 165, 165, 398
788, -11102, 166, 166, 398
788, -11102, 166, 166, 398
787, -11102, 165, 165, 398
787, -11102, 165, 165, 398
787, -11102, 165, 165, 398
787, -11103, 165, 165, 400
787, -11103, 165, 165, 400
789, -11102, 166, 166, 400
789, -11102, 166, 166, 400
788, -11103, 165, 165, 400
788, -11102, 165, 165, 400
788, -11102, 165, 165, 400
788, -11103, 166, 166, 400
788, -11102, 166, 166, 400
788, -11102, 166, 166, 400
788, -11102, 165, 165, 400
788, -11102, 165, 165, 400
788, -11102, 165, 165, 400
787, -11102, 165, 165, 400
637, -11136, 90, 90, 400
612, -11140, -6, -6, 400
612, -11140, -6, -6, 400
597, -11141, -22, -22, 400
597, -11141, -22, -22, 400
594, -11141, -28, -28, 400
594, -11141, -28, -28, 400
590, -11142, -32, -32, 400
590, -11142, -32, -32, 400
586, -11141, -35, -35, 400
586, -11141, -35, -35, 400
585, -11142, -37, -37, 392
585, -11142, -37, -37, 392
583, -11141, -39, -39, 392
583, -11141, -39, -39, 392
583, -11141, -41, -41, 392
581, -11141, -43, -43, 392
581, -11142, -43, -43, 392
579, -11141, -44, -44, 392
579, -11141, -44, -44, 392
579, -11141, -44, -44, 392
577, -11141, -45, -45, 392
577, -11141, -45, -45, 392
573, -11142, -47, -47, 392
573, -11142, -47, -47, 392
576, -11142, -47, -47, 392
575, -11141, -47, -47, 392
576, -11141, -49, -49, 392
573, -11142, -49, -49, 392
572, -11142, -49, -50, 392
572, -11142, -49, -50, 392
571, -11141, -50, -50, 392
571, -11141, -50, -50, 392
572, -11141, -50, -50, 392
572, -11141, -50, -50, 392
574, -11141, -50, -50, 392
571, -11141, -50, -50, 392
571, -11141, -50, -50, 392
572, -11142, -50, -50, 392
569, -11142, -51, -51, 400
569, -11142, -52, -52, 400
569, -11142, -52, -52, 400
575, -11141, -51, -51, 400
575, -11141, -51, -51, 400
570, -11142, -52, -52, 400
569, -11141, -51, -51, 400
570, -11142, -52, -52, 400
572, -11141, -52, -52, 400
572, -11141, -52, -52, 400
570, -11141, -53, -53, 400
570, -11141, -53, -53, 400
568, -11143, -53, -53, 400
566, -11141, -54, -54, 400
566, -11141, -54, -54, 400
568, -11141, -54, -54, 400
567, -11142, -53, -53, 400
571, -11142, -54, -54, 400
572, -11141, -53, -53, 400
571, -11142, -53, -53, 400
571, -11142, -53, -53, 400
567, -11141, -54, -54, 400
567, -11141, -54, -54, 400
567, -11142, -54, -54, 400
567, -11142, -54, -54, 400
569, -11141, -55, -55, 400
569, -11141, -55, -55, 400
571, -11142, -54, -54, 400
571, -11142, -54, -54, 400
568, -11141, -54, -54, 400
568, -11141, -54, -54, 400
568, -11142, -54, -54, 400
568, -11142, -55, -55, 400
568, -11142, -55, -55, 400
569, -11141, -55, -55, 400
570, -11141, -55, -55, 400
566, -11142, -55, -55, 400
566, -11141, -55, -55, 400
567, -11142, -54, -54, 400
567, -11143, -55, -55, 400
567, -11143, -55, -55, 400
567, -11142, -55, -55, 400
568, -11142, -55, -55, 400
565, -11142, -55, -55, 400
568, -11142, -56, -56, 400
569, -11141, -55, -55, 400
569, -11141, -55, -55, 400
568, -11142, -56, -56, 400
568, -11141, -56, -56, 400
568, -11141, -56, -56, 400
566, -11142, -55, -55, 400
570, -11141, -55, -55, 400
570, -11141, -55, -55, 400
565, -11142, -56, -56, 400
565, -11142, -56, -56, 400
565, -11142, -56, -56, 400
565, -11142, -56, -56, 400
567, -11142, -57, -57, 400
567, -11142, -57, -57, 400
568, -11141, -56, -56, 400
567, -11141, -57, -57, 400
567, -11141, -57, -57, 400
566, -11141, -57, -57, 400
565, -11141, -56, -56, 400
565, -11141, -56, -56, 400
565, -11141, -56, -56, 400
564, -11141, -57, -57, 400
564, -11141, -57, -57, 400
565, -11142, -56, -56, 400
565, -11142, -56, -56, 400
567, -11141, -57, -57, 400
567, -11141, -57, -57, 400
564, -11141, -57, -57, 400
729, -11104, 100, 100, 404
729, -11104, 100, 100, 404
746, -11102, 123, 123, 404
746, -11102, 123, 123, 404
754, -11102, 131, 131, 404
754, -11102, 131, 131, 404
757, -11102, 133, 133, 404
763, -11103, 139, 139, 404
763, -11103, 139, 139, 404
767, -11102, 142, 142, 404
767, -11102, 142, 142, 404
770, -11102, 148, 148, 404
770, -11102, 148, 148, 404
773, -11102, 149, 149, 404
772, -11101, 150, 150, 404
774, -11100, 151, 151, 404
774, -11100, 151, 151, 404
775, -11102, 153, 153, 404
775, -11102, 153, 153, 404
775, -11101, 153, 153, 404
778, -11102, 155, 155, 404
778, -11102, 155, 155, 404
777, -11103, 156, 156, 404
777, -11103, 156, 156, 404
779, -11102, 157, 157, 402
780, -11102, 157, 157, 402
780, -11102, 157, 157, 402
780, -11102, 157, 157, 402
780, -11102, 158, 158, 402
780, -11102, 158, 158, 402
781, -11102, 159, 159, 402
782, -11102, 159, 159, 402
782, -11102, 159, 159, 402
782, -11102, 159, 159, 402
781, -11101, 159, 159, 402
782, -11102, 160, 160, 402
783, -11101, 161, 161, 402
783, -11101, 161, 161, 402
783, -11102, 161, 161, 402
783, -11102, 161, 161, 402
783, -11102, 161, 161, 402
783, -11102, 161, 161, 402
783, -11101, 161, 161, 402
783, -11101, 161, 161, 402
784, -11101, 161, 161, 402
784, -11101, 161, 161, 402
784, -11102, 161, 161, 402
784, -11102, 161, 161, 402
784, -11102, 162, 162, 402
784, -11102, 162, 162, 402
784, -11102, 162, 162, 402
784, -11102, 162, 162, 402
786, -11102, 163, 163, 396
786, -11102, 163, 163, 396
785, -11101, 162, 162, 396
785, -11101, 162, 162, 396
785, -11102, 162, 162, 396
785, -11102, 163, 163, 396
786, -11102, 163, 163, 396
786, -11102, 163, 163, 396
785, -11102, 163, 163, 396
785, -11101, 163, 163, 396
785, -11101, 163, 163, 396
786, -11102, 163, 163, 396
786, -11102, 163, 163, 396
786, -11102, 164, 164, 396
786, -11102, 164, 164, 396
786, -11102, 163, 163, 396
786, -11102, 163, 163, 396
786, -11103, 164, 164, 396
786, -11102, 164, 164, 396
786, -11101, 164, 164, 396
786, -11102, 164, 164, 396
786, -11102, 164, 164, 396
786, -11102, 164, 164, 396
786, -11102, 164, 164, 396
786, -11101, 164, 164, 396
787, -11102, 164, 164, 402
787, -11102, 164, 164, 402
787, -11102, 165, 165, 402
787, -11102, 165, 165, 402
787, -11102, 165, 165, 402
787, -11102, 165, 165, 402
787, -11102, 165, 165, 402
787, -11102, 165, 165, 402
787, -11101, 165, 165, 402
787, -11102, 164, 164, 402
787, -11102, 164, 164, 402
788, -11102, 165, 165, 402
788, -11102, 165, 165, 402
787, -11101, 165, 165, 402
788, -11102, 165, 165, 402
788, -11101, 165, 165, 402
788, -11102, 165, 165, 402
788, -11102, 165, 165, 402
788, -11102, 165, 165, 402
787, -11103, 165, 165, 402
788, -11102, 165, 165, 402
788, -11102, 165, 165, 402
788, -11102, 166, 166, 402
787, -11101, 165, 165, 402
787, -11101, 165, 165, 402
788, -11102, 165, 165, 402
788, -11102, 165, 165, 402
788, -11102, 166, 166, 398
787, -11103, 165, 165, 398
787, -11102, 165, 165, 398
787, -11102, 165, 165, 398
787, -11102, 165, 165, 398
787, -11102, 165, 165, 398
788, -11102, 165, 165, 398
787, -11102, 165, 165, 398
787, -11102, 165, 165, 398
788, -11101, 166, 166, 398
787, -11102, 165, 165, 398
787, -11102, 165, 165, 398
788, -11102, 165, 165, 398
788, -11102, 165, 165, 398
789, -11102, 166, 166, 398
789, -11102, 166, 166, 398
788, -11103, 165, 165, 398
788, -11102, 166, 166, 398
789, -11101, 166, 166, 398
789, -11101, 166, 166, 398
789, -11102, 166, 166, 398
627, -11137, 32, 32, 398
627, -11137, 32, 32, 398
611, -11139, -7, -7, 404
611, -11139, -7, -7, 404
600, -11141, -19, -19, 404
600, -11141, -19, -19, 404
597, -11140, -23, -23, 404
594, -11141, -27, -27, 404
594, -11141, -27, -27, 404
592, -11140, -32, -32, 404
592, -11140, -32, -32, 404
587, -11139, -35, -35, 404
584, -11141, -37, -37, 404
584, -11140, -39, -39, 404
581, -11140, -41, -41, 404
581, -11140, -41, -41, 404
582, -11141, -42, -42, 404
582, -11141, -42, -42, 404
578, -11140, -44, -44, 404
578, -11140, -44, -44, 404
576, -11141, -44, -44, 404
577, -11140, -45, -45, 404
577, -11140, -45, -45, 404
576, -11142, -45, -45, 404
575, -11141, -46, -46, 404
575, -11142, -47, -47, 404
575, -11142, -47, -47, 404
577, -11141, -47, -47, 404
573, -11141, -48, -48, 400
573, -11141, -48, -48, 400
575, -11141, -48, -48, 400
575, -11141, -48, -48, 400
576, -11141, -49, -49, 400
575, -11141, -50, -50, 400
575, -11141, -50, -50, 400
572, -11141, -50, -50, 400
572, -11141, -50, -50, 400
571, -11142, -50, -50, 400
571, -11142, -50, -50, 400
573, -11141, -51, -51, 400
573, -11141, -51, -51, 400
572, -11140, -51, -51, 400
572, -11140, -51, -51, 400
569, -11141, -51, -51, 400
569, -11141, -51, -51, 400
569, -11141, -52, -52, 400
569, -11141, -52, -52, 400
570, -11141, -51, -51, 400
571, -11141, -52, -52, 400
571, -11141, -52, -52, 400
570, -11141, -53, -53, 400
571, -11140, -53, -53, 400
568, -11142, -53, -53, 400
568, -11142, -53, -53, 400
567, -11140, -54, -54, 400
567, -11140, -54, -54, 400
570, -11141, -53, -53, 400
568, -11141, -53, -53, 400
568, -11141, -53, -53, 400
567, -11142, -53, -53, 400
567, -11142, -53, -53, 400
570, -11140, -54, -54, 400
570, -11140, -54, -54, 400
569, -11140, -54, -54, 400
569, -11140, -54, -54, 400
567, -11141, -54, -54, 400
567, -11141, -54, -54, 400
566, -11141, -54, -54, 400
567, -11141, -54, -54, 400
567, -11141, -54, -54, 400
567, -11142, -54, -54, 400
567, -11142, -54, -54, 400
570, -11140, -54, -54, 400
570, -11140, -54, -54, 400
568, -11141, -55, -55, 400
568, -11141, -55, -55, 400
567, -11142, -54, -54, 400
567, -11142, -54, -54, 400
567, -11142, -55, -55, 400
567, -11142, -55, -55, 400
570, -11141, -55, -55, 400
570, -11141, -55, -55, 400
567, -11141, -55, -55, 400
567, -11141, -55, -55, 400
566, -11142, -54, -54, 402
566, -11142, -54, -54, 402
568, -11140, -54, -54, 402
568, -11140, -54, -54, 402
566, -11142, -55, -55, 402
566, -11142, -54, -54, 402
566, -11142, -55, -55, 402
566, -11142, -55, -55, 402
569, -11142, -54, -54, 402
569, -11142, -54, -54, 402
568, -11141, -55, -55, 402
570, -11141, -54, -54, 402
570, -11141, -54, -54, 402
565, -11142, -56, -56, 402
565, -11142, -56, -56, 402
566, -11142, -55, -55, 402
567, -11142, -55, -55, 402
567, -11142, -55, -55, 402
566, -11142, -55, -55, 402
569, -11142, -55, -55, 402
569, -11142, -55, -55, 402
568, -11142, -55, -55, 402
568, -11142, -55, -55, 402
565, -11142, -55, -55, 402
565, -11142, -55, -55, 402
566, -11142, -56, -56, 402
566, -11142, -56, -56, 402
568, -11142, -55, -55, 402
568, -11142, -55, -55, 402
567, -11142, -56, -56, 402
570, -11141, -55, -55, 402
567, -11140, -56, -56, 402
567, -11142, -55, -55, 402
567, -11142, -55, -55, 402
566, -11141, -56, -56, 402
566, -11141, -56, -56, 402
566, -11142, -51, -51, 402
713, -11104, 25, 25, 402
733, -11104, 105, 105, 402
747, -11103, 122, 122, 402
747, -11103, 122, 122, 402
755, -11103, 131, 131, 402
755, -11103, 131, 131, 402
760, -11103, 137, 137, 402
760, -11103, 137, 137, 402
764, -11102, 141, 141, 402
764, -11102, 141, 141, 402
767, -11102, 144, 144, 402
767, -11102, 144, 144, 402
771, -11102, 149, 149, 402
771, -11102, 149, 149, 402
773, -11103, 150, 150, 394
773, -11103, 150, 150, 394
777, -11102, 154, 154, 394
777, -11102, 154, 154, 394
778, -11102, 155, 155, 394
778, -11102, 156, 156, 394
778, -11102, 156, 156, 394
779, -11102, 156, 156, 394
779, -11102, 156, 156, 394
779, -11103, 157, 157, 394
779, -11103, 157, 157, 394
780, -11102, 158, 158, 394
780, -11102, 158, 158, 394
780, -11102, 158, 158, 394
780, -11102, 158, 158, 394
782, -11102, 159, 159, 394
782, -11102, 159, 159, 394
783, -11103, 160, 160, 394
783, -11103, 160, 160, 394
783, -11102, 160, 160, 394
783, -11102, 160, 160, 394
783, -11102, 160, 160, 394
782, -11103, 160, 160, 394
784, -11103, 160, 160, 394
783, -11101, 161, 161, 400
783, -11101, 161, 161, 400
784, -11102, 161, 161, 400
784, -11102, 161, 161, 400
784, -11102, 161, 161, 400
784, -11102, 161, 161, 400
785, -11103, 162, 162, 400
785, -11102, 162, 162, 400
784, -11101, 162, 162, 400
784, -11103, 162, 162, 400
784, -11103, 162, 162, 400
785, -11101, 162, 162, 400
786, -11103, 162, 162, 400
786, -11103, 162, 162, 400
785, -11101, 163, 163, 400
785, -11102, 163, 163, 400
785, -11102, 163, 163, 400
786, -11102, 163, 163, 400
786, -11102, 163, 163, 400
786, -11102, 164, 164, 400
785, -11102, 164, 164, 400
785, -11102, 164, 164, 400
786, -11102, 164, 164, 400
786, -11102, 164, 164, 400
786, -11101, 164, 164, 400
786, -11101, 164, 164, 400
787, -11102, 164, 164, 400
786, -11103, 164, 164, 408
786, -11102, 164, 164, 408
786, -11102, 164, 164, 408
786, -11101, 164, 164, 408
786, -11101, 164, 164, 408
788, -11102, 165, 165, 408
787, -11103, 165, 165, 408
787, -11102, 165, 165, 408
787, -11102, 165, 165, 408
787, -11102, 165, 165, 408
787, -11102, 165, 165, 408
788, -11102, 165, 165, 408
788, -11102, 165, 165, 408
787, -11102, 165, 165, 408
787, -11103, 165, 165, 408
787, -11103, 165, 165, 408
787, -11103, 165, 165, 408
788, -11102, 165, 165, 408
788, -11102, 165, 165, 408
788, -11102, 166, 166, 408
788, -11102, 166, 166, 408
788, -11102, 165, 165, 408
788, -11102, 165, 165, 408
787, -11102, 165, 165, 408
787, -11103, 165, 165, 408
787, -11103, 165, 165, 408
788, -11102, 165, 165, 408
788, -11102, 165, 165, 408
787, -11102, 165, 165, 410
787, -11102, 165, 165, 410
788, -11103, 165, 165, 410
788, -11102, 166, 166, 410
788, -11102, 166, 166, 410
788, -11102, 165, 165, 410
788, -11102, 165, 165, 410
786, -11102, 164, 164, 410
786, -11102, 164, 164, 410
787, -11103, 165, 165, 410
787, -11103, 165, 165, 410
787, -11101, 165, 165, 410
787, -11102, 165, 165, 410
787, -11102, 165, 165, 410
788, -11101, 165, 165, 410
787, -11102, 165, 165, 410
788, -11101, 166, 166, 410
788, -11101, 166, 166, 410
787, -11102, 165, 165, 410
787, -11102, 165, 165, 410
787, -11102, 165, 165, 410
787, -11102, 165, 165, 410
788, -11101, 165, 165, 410
786, -11102, 165, 165, 410
786, -11102, 165, 165, 410
788, -11103, 165, 165, 410
788, -11103, 165, 165, 410
787, -11103, 165, 165, 410
789, -11103, 166, 166, 398
788, -11103, 165, 165, 398
788, -11103, 165, 165, 398
788, -11102, 166, 166, 398
788, -11101, 166, 166, 398
788, -11101, 166, 166, 398
788, -11102, 166, 166, 398
787, -11102, 166, 166, 398
616, -11140, 3, 3, 398
607, -11140, -10, -10, 398
607, -11140, -10, -10, 398
602, -11140, -19, -19, 398
602, -11140, -19, -19, 398
599, -11140, -23, -23, 398
592, -11141, -29, -29, 398
592, -11141, -29, -29, 398
589, -11142, -34, -34, 398
589, -11142, -34, -34, 398
590, -11142, -34, -34, 398
587, -11142, -37, -37, 398
587, -11142, -37, -37, 398
583, -11141, -40, -40, 398
583, -11141, -40, -40, 398
579, -11142, -41, -41, 398
579, -11142, -41, -41, 398
579, -11141, -44, -44, 406
580, -11142, -44, -44, 406
580, -11142, -44, -44, 406
573, -11141, -47, -47, 406
573, -11141, -47, -47, 406
573, -11143, -47, -47, 406
573, -11143, -47, -47, 406
576, -11141, -49, -49, 406
576, -11141, -49, -49, 406
573, -11142, -49, -49, 406
573, -11142, -49, -49, 406
572, -11142, -49, -49, 406
572, -11142, -49, -49, 406
571, -11142, -49, -49, 406
571, -11142, -49, -49, 406
569, -11142, -50, -50, 406
570, -11142, -51, -51, 406
573, -11141, -51, -51, 406
573, -11141, -51, -51, 406
572, -11141, -52, -52, 406
572, -11141, -52, -52, 406
569, -11142, -52, -52, 406
569, -11142, -52, -52, 406
569, -11142, -52, -52, 406
569, -11142, -52, -52, 406
572, -11142, -52, -52, 404
572, -11142, -52, -52, 404
569, -11141, -53, -53, 404
569, -11141, -53, -53, 404
567, -11143, -54, -54, 404
567, -11143, -54, -54, 404
570, -11140, -53, -53, 404
570, -11140, -53, -53, 404
569, -11141, -54, -54, 404
569, -11141, -54, -54, 404
566, -11141, -54, -54, 404
566, -11141, -54, -54, 404
567, -11141, -54, -54, 404
567, -11141, -54, -54, 404
569, -11141, -54, -54, 404
571, -11142, -54, -54, 404
569, -11141, -54, -54, 404
569, -11141, -54, -54, 404
565, -11142, -55, -55, 404
565, -11142, -55, -55, 404
567, -11141, -54, -54, 404
567, -11141, -54, -54, 404
570, -11141, -55, -55, 404
570, -11141, -55, -55, 404
569, -11141, -55, -55, 406
567, -11141, -54, -54, 406
568, -11141, -55, -55, 406
568, -11141, -55, -55, 406
566, -11141, -55, -55, 406
566, -11141, -55, -55, 406
568, -11140, -55, -55, 406
568, -11140, -55, -55, 406
567, -11141, -55, -55, 406
567, -11141, -55, -55, 406
565, -11142, -56, -56, 406
565, -11142, -55, -55, 406
565, -11142, -55, -55, 406
566, -11142, -55, -55, 406
566, -11142, -55, -55, 406
569, -11141, -56, -56, 406
565, -11141, -57, -57, 406
565, -11141, -57, -57, 406
566, -11141, -55, -55, 406
566, -11141, -55, -55, 406
566, -11141, -57, -57, 406
566, -11141, -57, -57, 406
568, -11140, -55, -55, 408
568, -11140, -55, -55, 408
566, -11141, -56, -56, 408
566, -11141, -56, -56, 408
566, -11142, -56, -56, 408
564, -11141, -57, -57, 408
564, -11141, -57, -57, 408
566, -11141, -56, -56, 408
566, -11141, -56, -56, 408
566, -11141, -57, -57, 408
566, -11141, -57, -57, 408
569, -11140, -56, -56, 408
566, -11140, -57, -57, 408
566, -11140, -57, -57, 408
565, -11142, -56, -56, 408
565, -11142, -56, -56, 408
568, -11142, -55, -55, 408
568, -11142, -55, -55, 408
567, -11140, -56, -56, 408
567, -11140, -56, -56, 408
593, -11104, -49, -49, 408
593, -11104, -49, -49, 408
735, -11103, 108, 108, 408
735, -11103, 108, 108, 408
748, -11103, 124, 124, 408
758, -11102, 134, 134, 408
761, -11103, 138, 138, 408
761, -11103, 138, 138, 408
765, -11103, 142, 142, 408
765, -11103, 142, 142, 408
767, -11102, 145, 145, 408
767, -11102, 145, 145, 408
771, -11102, 148, 148, 408
771, -11102, 148, 148, 408
773, -11102, 149, 149, 408
773, -11102, 149, 149, 408
774, -11102, 151, 151, 408
775, -11100, 152, 152, 408
775, -11100, 152, 152, 408
776, -11102, 153, 153, 408
776, -11102, 153, 153, 408
776, -11102, 154, 154, 408
778, -11103, 155, 155, 408
778, -11103, 155, 155, 408
777, -11101, 155, 155, 408
779, -11102, 156, 156, 408
779, -11102, 156, 156, 408
779, -11102, 156, 156, 408
781, -11102, 157, 157, 408
780, -11102, 157, 157, 408
780, -11101, 157, 157, 408
780, -11101, 157, 157, 408
781, -11102, 159, 159, 410
781, -11102, 159, 159, 410
781, -11102, 159, 159, 410
781, -11102, 159, 159, 410
783, -11102, 159, 159, 410
781, -11102, 160, 160, 410
781, -11102, 160, 160, 410
782, -11102, 160, 160, 410
782, -11102, 160, 160, 410
784, -11101, 161, 161, 410
784, -11101, 161, 161, 410
784, -11102, 161, 161, 410
784, -11102, 161, 161, 410
784, -11101, 161, 161, 410
784, -11101, 161, 161, 410
785, -11101, 162, 162, 410
785, -11101, 162, 162, 410
784, -11102, 162, 162, 410
784, -11101, 162, 162, 410
785, -11101, 163, 163, 410
785, -11101, 163, 163, 410
785, -11101, 163, 163, 410
785, -11101, 163, 163, 410
784, -11102, 162, 162, 410
786, -11102, 163, 163, 400
786, -11102, 163, 163, 400
786, -11102, 163, 163, 400
786, -11102, 163, 163, 400
786, -11101, 164, 164, 400
786, -11102, 163, 163, 400
787, -11101, 164, 164, 400
787, -11101, 164, 164, 400
786, -11102, 163, 163, 400
786, -11102, 163, 163, 400
787, -11102, 164, 164, 400
787, -11102, 164, 164, 400
787, -11102, 164, 164, 400
787, -11102, 164, 164, 400
786, -11101, 164, 164, 400
786, -11101, 164, 164, 400
786, -11102, 164, 164, 400
786, -11102, 164, 164, 400
787, -11101, 164, 164, 400
787, -11101, 164, 164, 400
787, -11103, 164, 164, 400
787, -11102, 164, 164, 400
787, -11102, 164, 164, 400
787, -11102, 164, 164, 400
786, -11102, 164, 164, 400
787, -11102, 164, 164, 400
787, -11101, 165, 165, 406
787, -11101, 165, 165, 406
787, -11101, 165, 165, 406
787, -11101, 165, 165, 406
787, -11102, 165, 165, 406
787, -11102, 164, 164, 406
787, -11102, 164, 164, 406
788, -11102, 165, 165, 406
788, -11102, 165, 165, 406
788, -11101, 165, 165, 406
788, -11101, 165, 165, 406
788, -11101, 165, 165, 406
788, -11101, 165, 165, 406
788, -11102, 166, 166, 406
787, -11102, 165, 165, 406
787, -11102, 165, 165, 406
787, -11102, 165, 165, 406
788, -11102, 165, 165, 406
788, -11102, 165, 165, 406
788, -11102, 165, 165, 406
788, -11102, 165, 165, 406
788, -11102, 165, 165, 406
788, -11102, 165, 165, 406
788, -11102, 166, 166, 406
788, -11102, 166, 166, 406
788, -11102, 166, 166, 398
788, -11103, 165, 165, 398
788, -11103, 165, 165, 398
788, -11102, 165, 165, 398
788, -11102, 165, 165, 398
788, -11102, 166, 166, 398
788, -11102, 166, 166, 398
788, -11102, 166, 166, 398
788, -11102, 166, 166, 398
789, -11101, 166, 166, 398
789, -11101, 166, 166, 398
788, -11102, 166, 166, 398
787, -11101, 165, 165, 398
787, -11101, 165, 165, 398
788, -11102, 166, 166, 398
788, -11102, 166, 166, 398
788, -11102, 166, 166, 398
788, -11102, 166, 166, 398
788, -11102, 166, 166, 398
788, -11103, 165, 165, 398
788, -11102, 165, 165, 398
788, -11102, 165, 165, 398
788, -11103, 166, 166, 398
788, -11103, 166, 166, 398
787, -11103, 165, 165, 404
787, -11103, 165, 165, 404
788, -11102, 166, 166, 404
788, -11102, 166, 166, 404
789, -11102, 166, 166, 404
789, -11102, 166, 166, 404
788, -11102, 166, 166, 404
788, -11102, 166, 166, 404
788, -11102, 166, 166, 404
788, -11102, 166, 166, 404
789, -11103, 166, 166, 404
788, -11103, 166, 166, 404
788, -11102, 166, 166, 404
788, -11102, 166, 166, 404
788, -11103, 166, 166, 404
788, -11103, 166, 166, 404
788, -11102, 166, 166, 404
789, -11102, 166, 166, 404
787, -11102, 166, 166, 404
788, -11102, 166, 166, 404
789, -11102, 166, 166, 404
789, -11102, 166, 166, 404
789, -11103, 166, 166, 404
788, -11103, 166, 166, 404
789, -11102, 166, 166, 404
789, -11102, 166, 166, 404
788, -11103, 166, 166, 404
788, -11102, 166, 166, 398
788, -11102, 166, 166, 398
789, -11102, 166, 166, 398
789, -11102, 166, 166, 398
788, -11102, 166, 166, 398
788, -11102, 166, 166, 398
789, -11103, 166, 166, 398
789, -11103, 166, 166, 398
789, -11103, 166, 166, 398
789, -11103, 166, 166, 398
789, -11102, 166, 166, 398
789, -11102, 166, 166, 398
788, -11103, 165, 165, 398
789, -11102, 166, 166, 398
789, -11102, 166, 166, 398
788, -11103, 165, 165, 398
788, -11103, 165, 165, 398
788, -11102, 166, 166, 398
788, -11102, 166, 166, 398
788, -11102, 166, 166, 398
788, -11102, 166, 166, 398
787, -11103, 166, 166, 398
787, -11103, 166, 166, 398
789, -11103, 166, 166, 398
789, -11103, 166, 166, 398
789, -11103, 166, 166, 398
789, -11103, 166, 166, 398
789, -11102, 166, 166, 408
789, -11102, 166, 166, 408
789, -11103, 166, 166, 408
789, -11103, 166, 166, 408
788, -11103, 165, 165, 408
788, -11102, 166, 166, 408
789, -11102, 166, 166, 408
789, -11102, 166, 166, 408
789, -11102, 166, 166, 408
