1917, -9910, 1295, 1295, 3100
1919, -9910, 1295, 1295, 3100
1918, -9909, 1296, 1296, 3100
1918, -9909, 1296, 1296, 3100
1917, -9911, 1295, 1295, 3100
1917, -9911, 1295, 1295, 3100
1916, -9910, 1295, 1295, 3084
1918, -9909, 1295, 1295, 3084
1918, -9909, 1295, 1295, 3084
1917, -9910, 1295, 1295, 3084
1916, -9910, 1294, 1294, 3084
1918, -9911, 1295, 1295, 3084
1917, -9911, 1295, 1295, 3084
1917, -9910, 1294, 1294, 3084
1916, -9910, 1294, 1294, 3084
1916, -9910, 1294, 1294, 3084
1918, -9910, 1295, 1295, 3084
1918, -9910, 1295, 1295, 3084
1917, -9911, 1295, 1295, 3084
1917, -9910, 1295, 1295, 3084
1917, -9910, 1295, 1295, 3084
1917, -9910, 1295, 1295, 3084
1917, -9911, 1295, 1295, 3084
1917, -9911, 1295, 1295, 3084
1917, -9911, 1295, 1295, 3084
1918, -9911, 1295, 1295, 3084
1917, -9910, 1295, 1295, 3084
1918, -9911, 1295, 1295, 3084
1916, -9911, 1295, 1295, 3084
1916, -9911, 1295, 1295, 3084
1916, -9911, 1294, 1294, 3084
1916, -9910, 1294, 1294, 3079
1917, -9911, 1294, 1294, 3079
1917, -9910, 1295, 1295, 3079
1917, -9910, 1295, 1295, 3079
1916, -9911, 1294, 1294, 3079
1917, -9910, 1295, 1295, 3079
1916, -9911, 1294, 1294, 3079
1917, -9911, 1294, 1294, 3079
1917, -9911, 1294, 1294, 3079
1917, -9912, 1294, 1294, 3079
1917, -9912, 1294, 1294, 3079
1916, -9911, 1294, 1294, 3079
1916, -9911, 1294, 1294, 3079
1916, -9912, 1294, 1294, 3079
1916, -9912, 1294, 1294, 3079
1917, -9911, 1294, 1294, 3079
1917, -9911, 1294, 1294, 3079
1916, -9912, 1294, 1294, 3079
1916, -9911, 1294, 1294, 3079
1917, -9911, 1295, 1295, 3079
1917, -9911, 1294, 1294, 3079
1917, -9911, 1294, 1294, 3079
1916, -9911, 1294, 1294, 3079
1916, -9911, 1294, 1294, 3079
1915, -9911, 1293, 1293, 3073
1915, -9911, 1293, 1293, 3073
1916, -9911, 1294, 1294, 3073
1916, -9911, 1294, 1294, 3073
1915, -9912, 1293, 1293, 3073
1915, -9912, 1293, 1293, 3073
1917, -9911, 1294, 1294, 3073
1916, -9912, 1294, 1294, 3073
1916, -9913, 1293, 1293, 3073
1916, -9913, 1293, 1293, 3073
1917, -9912, 1294, 1294, 3073
1915, -9912, 1293, 1293, 3073
1915, -9912, 1293, 1293, 3073
1916, -9912, 1293, 1293, 3073
1916, -9911, 1293, 1293, 3073
1916, -9911, 1293, 1293, 3073
1915, -9912, 1293, 1293, 3073
1914, -9912, 1293, 1293, 3073
1916, -9912, 1293, 1293, 3073
1916, -9911, 1294, 1294, 3073
1916, -9912, 1293, 1293, 3073
1916, -9912, 1293, 1293, 3073
1916, -9912, 1293, 1293, 3069
1916, -9912, 1293, 1293, 3069
1916, -9912, 1293, 1293, 3069
1916, -9912, 1293, 1293, 3069
1916, -9911, 1293, 1293, 3069
1916, -9911, 1293, 1293, 3069
1915, -9913, 1293, 1293, 3069
1916, -9911, 1293, 1293, 3069
1916, -9912, 1293, 1293, 3069
1916, -9912, 1293, 1293, 3069
1916, -9912, 1293, 1293, 3069
1916, -9913, 1293, 1293, 3069
1915, -9912, 1293, 1293, 3069
1915, -9912, 1293, 1293, 3069
1916, -9913, 1294, 1294, 3069
1916, -9913, 1294, 1294, 3069
1776, -9947, 1190, 1190, 3069
1776, -9947, 1190, 1190, 3069
1775, -9934, 1157, 1157, 3069
1775, -9934, 1157, 1157, 3069
1781, -9933, 1157, 1157, 3069
1781, -9933, 1157, 1157, 3069
1777, -9934, 1156, 1156, 3069
1776, -9934, 1157, 1157, 3069
1776, -9934, 1157, 1157, 3069
1782, -9933, 1157, 1157, 3069
1777, -9933, 1154, 1154, 3069
1786, -9932, 1156, 1156, 3069
1781, -9934, 1158, 1158, 3065
1781, -9934, 1157, 1157, 3065
1781, -9934, 1157, 1157, 3065
1787, -9933, 1158, 1158, 3065
1778, -9933, 1157, 1157, 3065
1778, -9933, 1157, 1157, 3065
1775, -9934, 1158, 1158, 3065
1775, -9934, 1158, 1158, 3065
1782, -9934, 1158, 1158, 3065
1781, -9933, 1158, 1158, 3065
1779, -9934, 1158, 1158, 3065
1778, -9932, 1158, 1158, 3065
1778, -9933, 1158, 1158, 3065
1781, -9933, 1158, 1158, 3065
1779, -9933, 1157, 1157, 3065
1779, -9933, 1157, 1157, 3065
1780, -9933, 1159, 1159, 3065
1779, -9933, 1158, 1158, 3065
1781, -9932, 1159, 1159, 3065
1782, -9932, 1158, 1158, 3065
1782, -9932, 1158, 1158, 3065
1783, -9933, 1159, 1159, 3065
1783, -9932, 1158, 1158, 3067
1783, -9932, 1157, 1157, 3067
1783, -9932, 1157, 1157, 3067
1783, -9933, 1158, 1158, 3067
1780, -9933, 1157, 1157, 3067
1780, -9933, 1157, 1157, 3067
1779, -9933, 1158, 1158, 3067
1779, -9933, 1157, 1157, 3067
1779, -9933, 1157, 1157, 3067
1782, -9933, 1158, 1158, 3067
1782, -9932, 1159, 1159, 3067
1781, -9933, 1158, 1158, 3067
1782, -9931, 1158, 1158, 3067
1780, -9931, 1158, 1158, 3067
1780, -9931, 1158, 1158, 3067
1782, -9932, 1158, 1158, 3067
1779, -9933, 1159, 1159, 3067
1781, -9933, 1158, 1158, 3067
1781, -9933, 1158, 1158, 3067
1781, -9933, 1159, 1159, 3067
1779, -9932, 1158, 1158, 3067
1779, -9934, 1158, 1158, 3067
1780, -9933, 1158, 1158, 3067
1782, -9933, 1158, 1158, 3061
1782, -9933, 1158, 1158, 3061
1782, -9933, 1158, 1158, 3061
1780, -9934, 1158, 1158, 3061
1780, -9934, 1158, 1158, 3061
1780, -9933, 1158, 1158, 3061
1780, -9933, 1158, 1158, 3061
1779, -9933, 1158, 1158, 3061
1778, -9933, 1157, 1157, 3061
1778, -9933, 1157, 1157, 3061
1780, -9934, 1158, 1158, 3061
1779, -9933, 1158, 1158, 3061
1778, -9934, 1158, 1158, 3061
1780, -9933, 1157, 1157, 3061
1780, -9933, 1157, 1157, 3061
1779, -9933, 1157, 1157, 3061
1779, -9933, 1157, 1157, 3061
1780, -9933, 1157, 1157, 3061
1779, -9934, 1157, 1157, 3061
1779, -9935, 1158, 1158, 3061
1779, -9933, 1157, 1157, 3061
1778, -9933, 1158, 1158, 3061
1778, -9933, 1158, 1158, 3061
1778, -9934, 1157, 1157, 3061
1778, -9934, 1157, 1157, 3061
1779, -9933, 1157, 1157, 3055
1782, -9933, 1157, 1157, 3055
1782, -9933, 1157, 1157, 3055
1781, -9934, 1157, 1157, 3055
1779, -9933, 1157, 1157, 3055
1779, -9933, 1157, 1157, 3055
1779, -9933, 1157, 1157, 3055
1778, -9933, 1157, 1157, 3055
1779, -9934, 1158, 1158, 3055
1781, -9933, 1157, 1157, 3055
1781, -9933, 1157, 1157, 3055
1781, -9933, 1158, 1158, 3055
1781, -9934, 1157, 1157, 3055
1780, -9933, 1157, 1157, 3055
1779, -9935, 1157, 1157, 3055
1779, -9934, 1156, 1156, 3055
1779, -9934, 1157, 1157, 3055
1781, -9933, 1157, 1157, 3055
1783, -9934, 1158, 1158, 3055
1780, -9933, 1157, 1157, 3055
1780, -9933, 1156, 1156, 3055
1778, -9934, 1156, 1156, 3055
1778, -9934, 1156, 1156, 3055
1778, -9934, 1156, 1156, 3055
1778, -9934, 1157, 1157, 3055
1778, -9934, 1157, 1157, 3059
1916, -9911, 1257, 1257, 3059
1915, -9913, 1293, 1293, 3059
1914, -9913, 1292, 1292, 3059
1913, -9913, 1291, 1291, 3059
1913, -9913, 1291, 1291, 3059
1914, -9914, 1291, 1291, 3059
1912, -9913, 1290, 1290, 3059
1912, -9913, 1290, 1290, 3059
1913, -9915, 1290, 1290, 3059
1913, -9915, 1290, 1290, 3059
1912, -9915, 1289, 1289, 3059
1912, -9915, 1289, 1289, 3059
1912, -9915, 1290, 1290, 3059
1912, -9915, 1290, 1290, 3059
1912, -9915, 1289, 1289, 3059
1912, -9915, 1289, 1289, 3059
1911, -9915, 1289, 1289, 3059
1912, -9916, 1289, 1289, 3059
1910, -9916, 1289, 1289, 3059
1911, -9916, 1289, 1289, 3059
1911, -9916, 1289, 1289, 3051
1911, -9916, 1289, 1289, 3051
1911, -9916, 1289, 1289, 3051
1911, -9916, 1289, 1289, 3051
1912, -9916, 1289, 1289, 3051
1912, -9916, 1289, 1289, 3051
1912, -9916, 1289, 1289, 3051
1911, -9916, 1289, 1289, 3051
1911, -9916, 1289, 1289, 3051
1911, -9915, 1289, 1289, 3051
1911, -9916, 1289, 1289, 3051
1910, -9917, 1288, 1288, 3051
1912, -9916, 1289, 1289, 3051
1911, -9917, 1289, 1289, 3051
1910, -9917, 1288, 1288, 3051
1912, -9916, 1289, 1289, 3051
1911, -9916, 1289, 1289, 3051
1910, -9916, 1288, 1288, 3051
1910, -9916, 1288, 1288, 3051
1910, -9916, 1288, 1288, 3051
1910, -9917, 1288, 1288, 3051
1910, -9916, 1288, 1288, 3051
1910, -9916, 1288, 1288, 3051
1910, -9917, 1288, 1288, 3051
1911, -9917, 1288, 1288, 3047
1911, -9916, 1288, 1288, 3047
1911, -9916, 1289, 1289, 3047
1910, -9917, 1288, 1288, 3047
1910, -9917, 1288, 1288, 3047
1910, -9916, 1288, 1288, 3047
1911, -9917, 1288, 1288, 3047
1910, -9916, 1288, 1288, 3047
1910, -9917, 1288, 1288, 3047
1910, -9917, 1288, 1288, 3047
1910, -9916, 1288, 1288, 3047
1910, -9917, 1288, 1288, 3047
1910, -9917, 1288, 1288, 3047
1910, -9917, 1288, 1288, 3047
1910, -9917, 1287, 1287, 3047
1910, -9917, 1287, 1287, 3047
1911, -9917, 1288, 1288, 3047
1910, -9917, 1288, 1288, 3047
1910, -9916, 1288, 1288, 3047
1910, -9916, 1288, 1288, 3047
1910, -9917, 1288, 1288, 3047
1910, -9916, 1288, 1288, 3047
1910, -9917, 1288, 1288, 3047
1910, -9917, 1288, 1288, 3047
1910, -9917, 1288, 1288, 3047
1910, -9917, 1288, 1288, 3043
1910, -9917, 1288, 1288, 3043
1910, -9917, 1288, 1288, 3043
1910, -9917, 1288, 1288, 3043
1910, -9917, 1288, 1288, 3043
1910, -9917, 1288, 1288, 3043
1910, -9917, 1288, 1288, 3043
1910, -9918, 1287, 1287, 3043
1910, -9918, 1287, 1287, 3043
1910, -9918, 1287, 1287, 3043
1909, -9917, 1287, 1287, 3043
1910, -9917, 1287, 1287, 3043
1910, -9917, 1287, 1287, 3043
1909, -9917, 1287, 1287, 3043
1910, -9917, 1287, 1287, 3043
1910, -9917, 1287, 1287, 3043
1910, -9917, 1287, 1287, 3043
1910, -9917, 1287, 1287, 3043
1910, -9917, 1287, 1287, 3043
1910, -9918, 1287, 1287, 3043
1910, -9918, 1287, 1287, 3043
1910, -9917, 1287, 1287, 3043
1910, -9917, 1287, 1287, 3043
1909, -9918, 1287, 1287, 3043
1910, -9917, 1287, 1287, 3053
1910, -9917, 1287, 1287, 3053
1909, -9917, 1287, 1287, 3053
1909, -9918, 1286, 1286, 3053
1909, -9918, 1286, 1286, 3053
1909, -9917, 1287, 1287, 3053
1909, -9917, 1287, 1287, 3053
1909, -9917, 1287, 1287, 3053
1909, -9917, 1287, 1287, 3053
1909, -9917, 1286, 1286, 3053
1909, -9917, 1287, 1287, 3053
1909, -9918, 1287, 1287, 3053
1909, -9918, 1287, 1287, 3053
1909, -9917, 1287, 1287, 3053
1909, -9917, 1286, 1286, 3053
1908, -9918, 1286, 1286, 3053
1909, -9918, 1286, 1286, 3053
1909, -9918, 1287, 1287, 3053
1909, -9917, 1287, 1287, 3053
1909, -9917, 1287, 1287, 3053
1909, -9917, 1287, 1287, 3053
1910, -9918, 1287, 1287, 3053
1909, -9918, 1286, 1286, 3053
1909, -9917, 1286, 1286, 3053
1908, -9918, 1286, 1286, 3053
1908, -9918, 1286, 1286, 3053
1909, -9918, 1287, 1287, 3053
1773, -9940, 1154, 1154, 3049
1773, -9940, 1154, 1154, 3049
1771, -9939, 1151, 1151, 3049
1775, -9937, 1151, 1151, 3049
1776, -9938, 1151, 1151, 3049
1773, -9937, 1151, 1151, 3049
1774, -9937, 1152, 1152, 3049
1773, -9939, 1152, 1152, 3049
1772, -9937, 1152, 1152, 3049
1776, -9938, 1151, 1151, 3049
1776, -9938, 1151, 1151, 3049
1776, -9937, 1153, 1153, 3049
1776, -9938, 1152, 1152, 3049
1776, -9938, 1152, 1152, 3049
1776, -9938, 1153, 1153, 3049
1775, -9937, 1152, 1152, 3049
1776, -9937, 1153, 1153, 3049
1774, -9937, 1153, 1153, 3049
1773, -9938, 1152, 1152, 3049
1776, -9938, 1153, 1153, 3049
1776, -9938, 1153, 1153, 3049
1776, -9938, 1153, 1153, 3049
1776, -9937, 1153, 1153, 3051
1775, -9938, 1153, 1153, 3051
1775, -9938, 1153, 1153, 3051
1774, -9938, 1153, 1153, 3051
1773, -9938, 1153, 1153, 3051
1775, -9937, 1152, 1152, 3051
1775, -9937, 1152, 1152, 3051
1774, -9938, 1151, 1151, 3051
1774, -9938, 1151, 1151, 3051
1775, -9937, 1152, 1152, 3051
1777, -9938, 1153, 1153, 3051
1775, -9937, 1152, 1152, 3051
1776, -9937, 1153, 1153, 3051
1776, -9937, 1153, 1153, 3051
1776, -9937, 1152, 1152, 3051
1777, -9939, 1153, 1153, 3051
1777, -9939, 1153, 1153, 3051
1776, -9937, 1153, 1153, 3051
1775, -9937, 1152, 1152, 3051
1775, -9937, 1152, 1152, 3051
1777, -9938, 1153, 1153, 3051
1777, -9937, 1153, 1153, 3051
1776, -9937, 1152, 1152, 3051
1776, -9937, 1152, 1152, 3051
1775, -9938, 1153, 1153, 3051
1774, -9938, 1152, 1152, 3041
1774, -9938, 1152, 1152, 3041
1775, -9937, 1153, 1153, 3041
1775, -9937, 1153, 1153, 3041
1775, -9938, 1153, 1153, 3041
1774, -9937, 1153, 1153, 3041
1774, -9937, 1153, 1153, 3041
1774, -9936, 1153, 1153, 3041
1773, -9937, 1152, 1152, 3041
1773, -9939, 1153, 1153, 3041
1773, -9939, 1153, 1153, 3041
1773, -9937, 1152, 1152, 3041
1774, -9939, 1153, 1153, 3041
1773, -9938, 1152, 1152, 3041
1773, -9938, 1152, 1152, 3041
1775, -9939, 1153, 1153, 3041
1774, -9938, 1152, 1152, 3041
1774, -9938, 1152, 1152, 3041
1774, -9939, 1153, 1153, 3041
1776, -9938, 1152, 1152, 3041
1777, -9938, 1152, 1152, 3041
1774, -9939, 1152, 1152, 3041
1776, -9937, 1152, 1152, 3041
1772, -9939, 1151, 1151, 3043
1775, -9939, 1153, 1153, 3043
1774, -9938, 1151, 1151, 3043
1774, -9938, 1151, 1151, 3043
1774, -9939, 1152, 1152, 3043
1775, -9939, 1152, 1152, 3043
1776, -9938, 1151, 1151, 3043
1777, -9938, 1152, 1152, 3043
1773, -9939, 1151, 1151, 3043
1773, -9939, 1151, 1151, 3043
1772, -9938, 1151, 1151, 3043
1772, -9939, 1151, 1151, 3043
1773, -9939, 1151, 1151, 3043
1775, -9938, 1152, 1152, 3043
1776, -9939, 1151, 1151, 3043
1776, -9939, 1151, 1151, 3043
1776, -9938, 1152, 1152, 3043
1774, -9938, 1151, 1151, 3043
1774, -9938, 1152, 1152, 3043
1774, -9938, 1152, 1152, 3043
1772, -9938, 1152, 1152, 3043
1772, -9939, 1151, 1151, 3043
1771, -9938, 1152, 1152, 3043
1771, -9939, 1151, 1151, 3043
1776, -9939, 1151, 1151, 3043
1777, -9939, 1152, 1152, 3043
1773, -9939, 1151, 1151, 3043
1774, -9939, 1152, 1152, 3043
1774, -9940, 1151, 1151, 3043
1776, -9939, 1152, 1152, 3043
1776, -9939, 1152, 1152, 3043
1773, -9938, 1151, 1151, 3043
1774, -9939, 1150, 1150, 3043
1774, -9939, 1150, 1150, 3043
1773, -9940, 1151, 1151, 3043
1769, -9939, 1151, 1151, 3043
1770, -9939, 1154, 1154, 3043
1909, -9918, 1286, 1286, 3043
1909, -9918, 1286, 1286, 3043
1909, -9919, 1286, 1286, 3043
1908, -9920, 1286, 1286, 3043
1908, -9920, 1286, 1286, 3043
1907, -9919, 1285, 1285, 3043
1907, -9918, 1285, 1285, 3043
1908, -9918, 1285, 1285, 3043
1907, -9919, 1284, 1284, 3043
1907, -9920, 1285, 1285, 3045
1907, -9920, 1285, 1285, 3045
1907, -9919, 1285, 1285, 3045
1906, -9920, 1284, 1284, 3045
1906, -9920, 1284, 1284, 3045
1907, -9920, 1285, 1285, 3045
1907, -9920, 1285, 1285, 3045
1907, -9921, 1284, 1284, 3045
1905, -9921, 1284, 1284, 3045
1905, -9921, 1284, 1284, 3045
1905, -9921, 1284, 1284, 3045
1906, -9921, 1284, 1284, 3045
1906, -9921, 1284, 1284, 3045
1906, -9921, 1284, 1284, 3045
1905, -9921, 1283, 1283, 3045
1907, -9921, 1284, 1284, 3045
1907, -9921, 1284, 1284, 3045
1905, -9920, 1283, 1283, 3045
1906, -9920, 1283, 1283, 3045
1906, -9921, 1284, 1284, 3045
1906, -9921, 1284, 1284, 3045
1906, -9922, 1283, 1283, 3045
1906, -9922, 1283, 1283, 3045
1906, -9921, 1284, 1284, 3045
1906, -9921, 1284, 1284, 3045
1906, -9921, 1283, 1283, 3045
1905, -9921, 1283, 1283, 3045
1906, -9921, 1283, 1283, 3045
1906, -9922, 1283, 1283, 3045
1906, -9922, 1283, 1283, 3045
1906, -9921, 1283, 1283, 3045
1905, -9922, 1283, 1283, 3045
1905, -9921, 1283, 1283, 3045
1905, -9921, 1283, 1283, 3045
1906, -9922, 1283, 1283, 3045
1905, -9922, 1283, 1283, 3045
1905, -9922, 1282, 1282, 3045
1905, -9922, 1283, 1283, 3045
1905, -9922, 1283, 1283, 3045
1905, -9922, 1283, 1283, 3045
1905, -9922, 1282, 1282, 3045
1906, -9922, 1283, 1283, 3045
1906, -9922, 1283, 1283, 3045
1904, -9921, 1282, 1282, 3045
1905, -9921, 1282, 1282, 3045
1904, -9923, 1282, 1282, 3045
1904, -9923, 1282, 1282, 3045
1905, -9922, 1283, 1283, 3045
1905, -9922, 1283, 1283, 3045
1904, -9922, 1282, 1282, 3045
1904, -9922, 1282, 1282, 3049
1905, -9922, 1282, 1282, 3049
1905, -9922, 1283, 1283, 3049
1905, -9922, 1283, 1283, 3049
1904, -9922, 1282, 1282, 3049
1904, -9922, 1282, 1282, 3049
1904, -9921, 1282, 1282, 3049
1904, -9923, 1282, 1282, 3049
1905, -9922, 1282, 1282, 3049
1905, -9922, 1282, 1282, 3049
1903, -9922, 1282, 1282, 3049
1905, -9921, 1282, 1282, 3049
1905, -9923, 1282, 1282, 3049
1904, -9923, 1282, 1282, 3049
1904, -9923, 1282, 1282, 3049
1904, -9923, 1282, 1282, 3049
1903, -9922, 1282, 1282, 3049
1903, -9922, 1282, 1282, 3049
1905, -9923, 1282, 1282, 3049
1904, -9922, 1282, 1282, 3049
1904, -9923, 1282, 1282, 3041
1904, -9923, 1282, 1282, 3041
1904, -9924, 1281, 1281, 3041
1904, -9923, 1282, 1282, 3041
1904, -9923, 1282, 1282, 3041
1903, -9923, 1281, 1281, 3041
1905, -9923, 1282, 1282, 3041
1904, -9923, 1282, 1282, 3041
1904, -9923, 1282, 1282, 3041
1904, -9923, 1282, 1282, 3041
1903, -9923, 1282, 1282, 3041
1904, -9923, 1281, 1281, 3041
1904, -9923, 1281, 1281, 3041
1904, -9923, 1282, 1282, 3041
1905, -9923, 1282, 1282, 3041
1904, -9923, 1282, 1282, 3041
1904, -9923, 1281, 1281, 3041
1904, -9923, 1281, 1281, 3041
1903, -9923, 1281, 1281, 3041
1903, -9924, 1281, 1281, 3041
1904, -9924, 1281, 1281, 3041
1904, -9924, 1281, 1281, 3041
1904, -9923, 1281, 1281, 3041
1903, -9924, 1281, 1281, 3041
1904, -9923, 1281, 1281, 3041
1904, -9923, 1281, 1281, 3041
1902, -9924, 1280, 1280, 3045
1902, -9924, 1280, 1280, 3045
1904, -9924, 1281, 1281, 3045
1903, -9924, 1281, 1281, 3045
1903, -9924, 1281, 1281, 3045
1903, -9924, 1281, 1281, 3045
1904, -9924, 1281, 1281, 3045
1904, -9924, 1281, 1281, 3045
1903, -9924, 1281, 1281, 3045
1903, -9924, 1281, 1281, 3045
1903, -9922, 1281, 1281, 3045
1903, -9924, 1281, 1281, 3045
1731, -9954, 1163, 1163, 3045
1731, -9954, 1163, 1163, 3045
1766, -9944, 1144, 1144, 3045
1771, -9944, 1146, 1146, 3045
1770, -9944, 1145, 1145, 3045
1771, -9943, 1146, 1146, 3045
1770, -9943, 1147, 1147, 3045
1769, -9943, 1146, 1146, 3045
1768, -9944, 1147, 1147, 3045
1768, -9944, 1146, 1146, 3045
1768, -9944, 1146, 1146, 3045
1767, -9944, 1146, 1146, 3041
1770, -9944, 1146, 1146, 3041
1770, -9944, 1146, 1146, 3041
1770, -9944, 1147, 1147, 3041
1769, -9943, 1147, 1147, 3041
1771, -9942, 1147, 1147, 3041
1771, -9942, 1147, 1147, 3041
1771, -9942, 1147, 1147, 3041
1768, -9944, 1147, 1147, 3041
1768, -9944, 1147, 1147, 3041
1768, -9944, 1147, 1147, 3041
1771, -9944, 1148, 1148, 3041
1771, -9944, 1148, 1148, 3041
1770, -9943, 1147, 1147, 3041
1770, -9943, 1147, 1147, 3041
1772, -9943, 1147, 1147, 3041
1771, -9943, 1146, 1146, 3041
1771, -9943, 1146, 1146, 3041
1769, -9943, 1146, 1146, 3041
1769, -9943, 1146, 1146, 3041
1771, -9943, 1147, 1147, 3041
1771, -9943, 1147, 1147, 3041
1769, -9943, 1147, 1147, 3041
1768, -9944, 1147, 1147, 3041
1768, -9944, 1147, 1147, 3037
1768, -9944, 1147, 1147, 3037
1770, -9943, 1147, 1147, 3037
1771, -9945, 1147, 1147, 3037
1770, -9944, 1146, 1146, 3037
1770, -9944, 1148, 1148, 3037
1769, -9944, 1147, 1147, 3037
1769, -9944, 1147, 1147, 3037
1771, -9943, 1147, 1147, 3037
1771, -9943, 1147, 1147, 3037
1769, -9943, 1146, 1146, 3037
1768, -9945, 1148, 1148, 3037
1768, -9945, 1148, 1148, 3037
1768, -9943, 1147, 1147, 3037
1769, -9944, 1147, 1147, 3037
1769, -9944, 1147, 1147, 3037
1769, -9944, 1147, 1147, 3037
1769, -9944, 1148, 1148, 3037
1770, -9943, 1147, 1147, 3037
1767, -9943, 1146, 1146, 3037
1770, -9943, 1147, 1147, 3037
1770, -9943, 1147, 1147, 3037
1771, -9944, 1147, 1147, 3037
1771, -9944, 1147, 1147, 3037
1771, -9944, 1147, 1147, 3037
1770, -9943, 1147, 1147, 3037
1770, -9942, 1146, 1146, 3037
1770, -9943, 1147, 1147, 3035
1767, -9944, 1146, 1146, 3035
1767, -9944, 1146, 1146, 3035
1765, -9943, 1145, 1145, 3035
1768, -9944, 1147, 1147, 3035
1770, -9945, 1146, 1146, 3035
1770, -9945, 1146, 1146, 3035
1771, -9944, 1147, 1147, 3035
1770, -9944, 1147, 1147, 3035
1768, -9943, 1146, 1146, 3035
1768, -9944, 1147, 1147, 3035
1767, -9944, 1145, 1145, 3035
1768, -9944, 1147, 1147, 3035
1768, -9944, 1147, 1147, 3035
1769, -9944, 1146, 1146, 3035
1769, -9944, 1146, 1146, 3035
1768, -9944, 1146, 1146, 3035
1768, -9944, 1146, 1146, 3035
1767, -9944, 1146, 1146, 3035
1767, -9944, 1145, 1145, 3035
1767, -9944, 1146, 1146, 3035
1767, -9944, 1145, 1145, 3035
1765, -9945, 1145, 1145, 3035
1768, -9945, 1147, 1147, 3035
1769, -9944, 1146, 1146, 3035
1770, -9944, 1146, 1146, 3035
1770, -9944, 1146, 1146, 3035
1770, -9945, 1146, 1146, 3035
1767, -9944, 1145, 1145, 3035
1769, -9945, 1146, 1146, 3035
1769, -9945, 1146, 1146, 3035
1766, -9944, 1146, 1146, 3035
1766, -9944, 1146, 1146, 3035
1766, -9943, 1145, 1145, 3035
1766, -9943, 1145, 1145, 3035
1769, -9945, 1146, 1146, 3035
1768, -9945, 1145, 1145, 3035
1769, -9943, 1147, 1147, 3035
1769, -9943, 1147, 1147, 3035
1769, -9944, 1146, 1146, 3035
1767, -9945, 1146, 1146, 3035
1767, -9944, 1146, 1146, 3035
1768, -9944, 1145, 1145, 3035
1905, -9922, 1247, 1247, 3033
1905, -9922, 1247, 1247, 3033
1904, -9923, 1282, 1282, 3033
1903, -9924, 1281, 1281, 3033
1903, -9924, 1281, 1281, 3033
1903, -9924, 1280, 1280, 3033
1903, -9924, 1280, 1280, 3033
1903, -9924, 1280, 1280, 3033
1901, -9924, 1279, 1279, 3033
1901, -9925, 1279, 1279, 3033
1902, -9925, 1279, 1279, 3033
1901, -9926, 1279, 1279, 3033
1901, -9926, 1279, 1279, 3033
1901, -9926, 1279, 1279, 3033
1901, -9925, 1278, 1278, 3033
1901, -9925, 1278, 1278, 3033
1900, -9925, 1278, 1278, 3033
1900, -9925, 1278, 1278, 3033
1900, -9925, 1278, 1278, 3033
1901, -9926, 1278, 1278, 3033
1901, -9926, 1278, 1278, 3033
1900, -9926, 1278, 1278, 3033
1900, -9926, 1278, 1278, 3033
1901, -9926, 1278, 1278, 3033
1902, -9926, 1279, 1279, 3035
1901, -9926, 1278, 1278, 3035
1901, -9926, 1278, 1278, 3035
1900, -9926, 1278, 1278, 3035
1901, -9925, 1278, 1278, 3035
1901, -9925, 1278, 1278, 3035
1900, -9926, 1278, 1278, 3035
1900, -9926, 1278, 1278, 3035
1900, -9927, 1278, 1278, 3035
1900, -9926, 1278, 1278, 3035
1900, -9926, 1278, 1278, 3035
1900, -9927, 1278, 1278, 3035
1900, -9926, 1278, 1278, 3035
1901, -9926, 1278, 1278, 3035
1901, -9926, 1278, 1278, 3035
1900, -9926, 1277, 1277, 3035
1901, -9928, 1278, 1278, 3035
1900, -9926, 1278, 1278, 3035
1900, -9926, 1278, 1278, 3035
1900, -9927, 1278, 1278, 3035
1900, -9927, 1278, 1278, 3035
1900, -9927, 1278, 1278, 3035
1900, -9926, 1278, 1278, 3035
1900, -9927, 1278, 1278, 3035
1901, -9926, 1278, 1278, 3031
1901, -9927, 1278, 1278, 3031
1899, -9928, 1277, 1277, 3031
1900, -9927, 1277, 1277, 3031
1900, -9927, 1278, 1278, 3031
1900, -9927, 1277, 1277, 3031
1900, -9927, 1277, 1277, 3031
1900, -9928, 1278, 1278, 3031
1899, -9928, 1277, 1277, 3031
1899, -9928, 1277, 1277, 3031
1900, -9926, 1277, 1277, 3031
1901, -9927, 1278, 1278, 3031
1900, -9927, 1277, 1277, 3031
1900, -9928, 1277, 1277, 3031
1899, -9928, 1277, 1277, 3031
1899, -9928, 1277, 1277, 3031
1899, -9928, 1277, 1277, 3031
1899, -9928, 1277, 1277, 3031
1900, -9927, 1277, 1277, 3031
1899, -9928, 1277, 1277, 3031
1899, -9929, 1277, 1277, 3031
1900, -9928, 1277, 1277, 3031
1900, -9928, 1277, 1277, 3031
1899, -9928, 1277, 1277, 3039
1899, -9928, 1277, 1277, 3039
1899, -9928, 1277, 1277, 3039
1899, -9928, 1277, 1277, 3039
1899, -9928, 1277, 1277, 3039
1899, -9928, 1277, 1277, 3039
1899, -9928, 1276, 1276, 3039
1899, -9929, 1277, 1277, 3039
1899, -9929, 1277, 1277, 3039
1899, -9929, 1276, 1276, 3039
1899, -9928, 1277, 1277, 3039
1899, -9928, 1276, 1276, 3039
1899, -9928, 1276, 1276, 3039
1899, -9928, 1276, 1276, 3039
1899, -9928, 1277, 1277, 3039
1899, -9928, 1277, 1277, 3039
1899, -9928, 1277, 1277, 3039
1899, -9929, 1276, 1276, 3039
1899, -9929, 1276, 1276, 3039
1898, -9928, 1276, 1276, 3039
1899, -9929, 1276, 1276, 3039
1899, -9929, 1277, 1277, 3039
1899, -9930, 1277, 1277, 3039
1900, -9928, 1277, 1277, 3039
1898, -9928, 1277, 1277, 3039
1900, -9929, 1276, 1276, 3039
1898, -9929, 1277, 1277, 3039
1899, -9929, 1276, 1276, 3037
1899, -9929, 1276, 1276, 3037
1898, -9929, 1276, 1276, 3037
1899, -9929, 1276, 1276, 3037
1899, -9929, 1276, 1276, 3037
1898, -9928, 1276, 1276, 3037
1899, -9928, 1276, 1276, 3037
1900, -9929, 1277, 1277, 3037
1898, -9929, 1276, 1276, 3037
1898, -9929, 1276, 1276, 3037
1899, -9929, 1276, 1276, 3037
1899, -9929, 1276, 1276, 3037
1899, -9929, 1276, 1276, 3037
1898, -9929, 1276, 1276, 3037
1899, -9928, 1276, 1276, 3037
1898, -9930, 1276, 1276, 3037
1898, -9929, 1275, 1275, 3037
1897, -9930, 1275, 1275, 3037
1898, -9930, 1275, 1275, 3037
1898, -9930, 1275, 1275, 3037
1898, -9930, 1276, 1276, 3037
1899, -9930, 1276, 1276, 3037
1899, -9929, 1276, 1276, 3037
1898, -9929, 1276, 1276, 3037
1769, -9966, 1181, 1181, 3037
1739, -9948, 1148, 1148, 3033
1739, -9948, 1148, 1148, 3033
1764, -9950, 1141, 1141, 3033
1764, -9950, 1141, 1141, 3033
1762, -9949, 1140, 1140, 3033
1765, -9950, 1140, 1140, 3033
1764, -9949, 1141, 1141, 3033
1764, -9949, 1141, 1141, 3033
1763, -9949, 1140, 1140, 3033
1764, -9949, 1141, 1141, 3033
1763, -9948, 1141, 1141, 3033
1764, -9950, 1141, 1141, 3033
1764, -9950, 1141, 1141, 3033
1763, -9950, 1142, 1142, 3033
1765, -9948, 1142, 1142, 3033
1765, -9948, 1142, 1142, 3033
1765, -9948, 1142, 1142, 3033
1765, -9949, 1141, 1141, 3033
1766, -9949, 1142, 1142, 3033
1764, -9949, 1141, 1141, 3033
1767, -9949, 1142, 1142, 3033
1767, -9949, 1142, 1142, 3033
1766, -9949, 1143, 1143, 3033
1763, -9949, 1141, 1141, 3033
1763, -9949, 1142, 1142, 3033
1762, -9949, 1141, 1141, 3033
1764, -9949, 1142, 1142, 3033
1764, -9949, 1142, 1142, 3033
1764, -9949, 1142, 1142, 3033
1763, -9949, 1142, 1142, 3033
1762, -9948, 1141, 1141, 3033
1762, -9949, 1140, 1140, 3033
1766, -9949, 1141, 1141, 3033
1765, -9949, 1141, 1141, 3033
1765, -9949, 1141, 1141, 3033
1765, -9950, 1141, 1141, 3033
1763, -9949, 1141, 1141, 3033
1763, -9949, 1141, 1141, 3033
1764, -9949, 1142, 1142, 3033
1764, -9949, 1142, 1142, 3033
1763, -9949, 1141, 1141, 3033
1763, -9949, 1141, 1141, 3033
1765, -9949, 1142, 1142, 3033
1762, -9949, 1141, 1141, 3033
1762, -9950, 1142, 1142, 3033
1762, -9950, 1142, 1142, 3033
1764, -9949, 1141, 1141, 3033
1766, -9950, 1142, 1142, 3033
1766, -9950, 1142, 1142, 3033
1765, -9950, 1142, 1142, 3033
1763, -9949, 1142, 1142, 3033
1763, -9949, 1142, 1142, 3033
1763, -9951, 1141, 1141, 3033
1763, -9950, 1141, 1141, 3031
1762, -9950, 1141, 1141, 3031
1762, -9950, 1141, 1141, 3031
1763, -9950, 1141, 1141, 3031
1765, -9949, 1141, 1141, 3031
1766, -9950, 1141, 1141, 3031
1766, -9949, 1142, 1142, 3031
1764, -9948, 1140, 1140, 3031
1761, -9951, 1141, 1141, 3031
1762, -9948, 1141, 1141, 3031
1762, -9948, 1141, 1141, 3031
1763, -9950, 1142, 1142, 3031
1763, -9950, 1142, 1142, 3031
1764, -9951, 1141, 1141, 3031
1766, -9949, 1141, 1141, 3031
1764, -9949, 1141, 1141, 3031
1765, -9949, 1141, 1141, 3031
1765, -9949, 1140, 1140, 3031
1763, -9949, 1141, 1141, 3031
1761, -9950, 1140, 1140, 3031
1760, -9949, 1139, 1139, 3031
1763, -9950, 1141, 1141, 3031
1763, -9950, 1140, 1140, 3031
1763, -9950, 1140, 1140, 3031
1763, -9949, 1140, 1140, 3031
1765, -9950, 1141, 1141, 3031
1764, -9950, 1140, 1140, 3031
1764, -9950, 1141, 1141, 3029
1762, -9950, 1140, 1140, 3029
1762, -9950, 1140, 1140, 3029
1762, -9949, 1141, 1141, 3029
1762, -9949, 1141, 1141, 3029
1761, -9950, 1141, 1141, 3029
1762, -9950, 1140, 1140, 3029
1766, -9949, 1141, 1141, 3029
1766, -9949, 1141, 1141, 3029
1764, -9950, 1140, 1140, 3029
1765, -9949, 1141, 1141, 3029
1765, -9949, 1141, 1141, 3029
1763, -9949, 1140, 1140, 3029
1765, -9949, 1141, 1141, 3029
1764, -9950, 1141, 1141, 3029
1764, -9948, 1140, 1140, 3029
1764, -9950, 1140, 1140, 3029
1763, -9950, 1140, 1140, 3029
1763, -9949, 1140, 1140, 3029
1763, -9949, 1141, 1141, 3029
1761, -9951, 1141, 1141, 3029
1760, -9949, 1140, 1140, 3029
1762, -9950, 1140, 1140, 3029
1761, -9950, 1141, 1141, 3029
1762, -9950, 1140, 1140, 3029
1762, -9950, 1140, 1140, 3029
1764, -9950, 1140, 1140, 3031
1765, -9951, 1140, 1140, 3031
1763, -9950, 1139, 1139, 3031
1760, -9951, 1140, 1140, 3031
1760, -9951, 1140, 1140, 3031
1760, -9951, 1139, 1139, 3031
1760, -9951, 1139, 1139, 3031
1761, -9951, 1140, 1140, 3031
1761, -9950, 1139, 1139, 3031
1762, -9951, 1140, 1140, 3031
1763, -9950, 1139, 1139, 3031
1773, -9952, 1140, 1140, 3031
1898, -9929, 1277, 1277, 3031
1898, -9929, 1277, 1277, 3031
1898, -9929, 1276, 1276, 3031
1897, -9930, 1275, 1275, 3031
1898, -9930, 1275, 1275, 3031
1898, -9930, 1275, 1275, 3031
1897, -9929, 1275, 1275, 3031
1896, -9931, 1274, 1274, 3031
1896, -9931, 1274, 1274, 3031
1896, -9931, 1274, 1274, 3031
1896, -9931, 1274, 1274, 3031
1896, -9931, 1274, 1274, 3031
1896, -9931, 1273, 1273, 3031
1895, -9931, 1273, 1273, 3031
1895, -9931, 1273, 1273, 3027
1895, -9931, 1273, 1273, 3027
1895, -9930, 1273, 1273, 3027
1896, -9931, 1272, 1272, 3027
1894, -9932, 1272, 1272, 3027
1894, -9932, 1272, 1272, 3027
1894, -9932, 1272, 1272, 3027
1894, -9932, 1272, 1272, 3027
1894, -9932, 1272, 1272, 3027
1895, -9932, 1272, 1272, 3027
1896, -9932, 1273, 1273, 3027
1896, -9932, 1273, 1273, 3027
1895, -9932, 1273, 1273, 3027
1895, -9932, 1273, 1273, 3027
1895, -9931, 1273, 1273, 3027
1894, -9932, 1273, 1273, 3027
1894, -9932, 1272, 1272, 3027
1894, -9932, 1272, 1272, 3027
1894, -9932, 1272, 1272, 3027
1894, -9931, 1272, 1272, 3027
1894, -9933, 1272, 1272, 3027
1895, -9932, 1273, 1273, 3027
1894, -9933, 1272, 1272, 3027
1894, -9933, 1272, 1272, 3027
1894, -9932, 1272, 1272, 3029
1894, -9932, 1272, 1272, 3029
1895, -9933, 1272, 1272, 3029
1894, -9933, 1272, 1272, 3029
1894, -9932, 1272, 1272, 3029
1894, -9932, 1272, 1272, 3029
1894, -9933, 1272, 1272, 3029
1895, -9932, 1272, 1272, 3029
1895, -9933, 1272, 1272, 3029
1894, -9933, 1272, 1272, 3029
1894, -9933, 1272, 1272, 3029
1895, -9934, 1272, 1272, 3029
1894, -9932, 1272, 1272, 3029
1893, -9933, 1272, 1272, 3029
1894, -9932, 1272, 1272, 3029
1894, -9933, 1272, 1272, 3029
1894, -9933, 1271, 1271, 3029
1894, -9934, 1271, 1271, 3029
1894, -9933, 1271, 1271, 3029
1894, -9933, 1271, 1271, 3029
1893, -9933, 1271, 1271, 3029
1893, -9933, 1271, 1271, 3029
1893, -9934, 1271, 1271, 3029
1893, -9934, 1271, 1271, 3029
1893, -9934, 1271, 1271, 3031
1893, -9934, 1271, 1271, 3031
1893, -9934, 1271, 1271, 3031
1893, -9934, 1271, 1271, 3031
1894, -9933, 1271, 1271, 3031
1894, -9933, 1271, 1271, 3031
1893, -9934, 1271, 1271, 3031
1893, -9933, 1271, 1271, 3031
1894, -9933, 1271, 1271, 3031
1894, -9934, 1272, 1272, 3031
1893, -9934, 1271, 1271, 3031
1894, -9934, 1272, 1272, 3031
1893, -9934, 1271, 1271, 3031
1894, -9933, 1272, 1272, 3031
1894, -9933, 1272, 1272, 3031
1894, -9934, 1271, 1271, 3031
1894, -9934, 1271, 1271, 3031
1894, -9933, 1271, 1271, 3031
1894, -9933, 1271, 1271, 3031
1893, -9934, 1271, 1271, 3031
1894, -9934, 1271, 1271, 3031
1894, -9933, 1271, 1271, 3031
1894, -9933, 1271, 1271, 3031
1893, -9934, 1271, 1271, 3031
1893, -9934, 1271, 1271, 3031
1894, -9935, 1271, 1271, 3031
1893, -9934, 1271, 1271, 3023
1893, -9934, 1271, 1271, 3023
1892, -9934, 1271, 1271, 3023
1893, -9933, 1271, 1271, 3023
1893, -9934, 1271, 1271, 3023
1893, -9934, 1271, 1271, 3023
1894, -9934, 1271, 1271, 3023
1892, -9934, 1270, 1270, 3023
1893, -9934, 1271, 1271, 3023
1893, -9934, 1271, 1271, 3023
1893, -9934, 1271, 1271, 3023
1894, -9935, 1271, 1271, 3023
1894, -9935, 1271, 1271, 3023
1894, -9935, 1271, 1271, 3023
1894, -9935, 1271, 1271, 3023
1892, -9934, 1270, 1270, 3023
1893, -9933, 1271, 1271, 3023
1893, -9935, 1270, 1270, 3023
1893, -9935, 1271, 1271, 3023
1894, -9935, 1271, 1271, 3023
1891, -9935, 1270, 1270, 3023
1892, -9935, 1270, 1270, 3023
1892, -9935, 1270, 1270, 3023
1892, -9935, 1270, 1270, 3023
1892, -9935, 1270, 1270, 3023
1892, -9934, 1270, 1270, 3029
1892, -9934, 1270, 1270, 3029
1893, -9934, 1270, 1270, 3029
1893, -9935, 1270, 1270, 3029
1893, -9934, 1270, 1270, 3029
1892, -9935, 1270, 1270, 3029
1893, -9935, 1271, 1271, 3029
1894, -9935, 1271, 1271, 3029
1893, -9934, 1270, 1270, 3029
1893, -9935, 1271, 1271, 3029
1893, -9934, 1270, 1270, 3029
1677, -9954, 1141, 1141, 3029
1677, -9954, 1141, 1141, 3029
1759, -9956, 1137, 1137, 3029
1759, -9956, 1137, 1137, 3029
1756, -9956, 1134, 1134, 3029
1756, -9955, 1134, 1134, 3029
1756, -9955, 1134, 1134, 3029
1755, -9955, 1134, 1134, 3029
1756, -9955, 1134, 1134, 3029
1756, -9955, 1134, 1134, 3029
1757, -9954, 1135, 1135, 3029
1758, -9954, 1136, 1136, 3029
1758, -9954, 1136, 1136, 3029
1760, -9954, 1136, 1136, 3029
1758, -9954, 1136, 1136, 3029
1760, -9954, 1135, 1135, 3029
1760, -9954, 1135, 1135, 3029
1759, -9953, 1136, 1136, 3031
1758, -9954, 1136, 1136, 3031
1759, -9953, 1135, 1135, 3031
1759, -9953, 1135, 1135, 3031
1758, -9954, 1136, 1136, 3031
1759, -9954, 1136, 1136, 3031
1757, -9954, 1136, 1136, 3031
1757, -9954, 1136, 1136, 3031
1757, -9955, 1136, 1136, 3031
1759, -9955, 1136, 1136, 3031
1760, -9955, 1136, 1136, 3031
1759, -9955, 1135, 1135, 3031
1759, -9955, 1135, 1135, 3031
1760, -9955, 1136, 1136, 3031
1759, -9953, 1136, 1136, 3031
1759, -9953, 1136, 1136, 3031
1759, -9955, 1136, 1136, 3031
1757, -9954, 1136, 1136, 3031
1755, -9955, 1135, 1135, 3031
1757, -9954, 1136, 1136, 3031
1759, -9955, 1136, 1136, 3031
1758, -9955, 1135, 1135, 3031
1759, -9954, 1136, 1136, 3031
1760, -9955, 1136, 1136, 3031
1757, -9954, 1135, 1135, 3031
1759, -9955, 1135, 1135, 3031
1758, -9954, 1136, 1136, 3031
1760, -9955, 1136, 1136, 3029
1757, -9954, 1136, 1136, 3029
1756, -9954, 1135, 1135, 3029
1758, -9955, 1136, 1136, 3029
1757, -9955, 1135, 1135, 3029
1757, -9955, 1135, 1135, 3029
1758, -9956, 1136, 1136, 3029
1757, -9956, 1136, 1136, 3029
1760, -9954, 1136, 1136, 3029
1759, -9955, 1135, 1135, 3029
1758, -9954, 1135, 1135, 3029
1758, -9954, 1135, 1135, 3029
1759, -9956, 1136, 1136, 3029
1756, -9955, 1135, 1135, 3029
1756, -9955, 1135, 1135, 3029
1758, -9955, 1135, 1135, 3029
1758, -9956, 1136, 1136, 3029
1758, -9956, 1136, 1136, 3029
1758, -9955, 1135, 1135, 3029
1758, -9955, 1135, 1135, 3029
1759, -9955, 1135, 1135, 3029
1759, -9955, 1136, 1136, 3029
1760, -9955, 1135, 1135, 3029
1756, -9955, 1136, 1136, 3029
1756, -9955, 1136, 1136, 3029
1758, -9955, 1136, 1136, 3029
1757, -9955, 1136, 1136, 3029
1756, -9955, 1135, 1135, 3025
1757, -9956, 1136, 1136, 3025
1757, -9956, 1136, 1136, 3025
1759, -9955, 1136, 1136, 3025
1758, -9955, 1134, 1134, 3025
1759, -9956, 1136, 1136, 3025
1759, -9956, 1136, 1136, 3025
1759, -9956, 1136, 1136, 3025
1759, -9956, 1136, 1136, 3025
1757, -9956, 1134, 1134, 3025
1757, -9956, 1134, 1134, 3025
1758, -9955, 1135, 1135, 3025
1759, -9956, 1135, 1135, 3025
1759, -9956, 1135, 1135, 3025
1756, -9955, 1134, 1134, 3025
1755, -9955, 1135, 1135, 3025
1755, -9955, 1135, 1135, 3025
1755, -9956, 1134, 1134, 3025
1756, -9954, 1134, 1134, 3025
1758, -9955, 1135, 1135, 3025
1759, -9955, 1135, 1135, 3025
1757, -9956, 1136, 1136, 3025
1757, -9956, 1136, 1136, 3025
1755, -9956, 1135, 1135, 3025
1758, -9955, 1134, 1134, 3025
1758, -9955, 1135, 1135, 3027
1755, -9957, 1135, 1135, 3027
1755, -9957, 1135, 1135, 3027
1756, -9956, 1135, 1135, 3027
1758, -9956, 1134, 1134, 3027
1758, -9956, 1134, 1134, 3027
1756, -9955, 1134, 1134, 3027
1756, -9956, 1134, 1134, 3027
1758, -9955, 1135, 1135, 3027
1757, -9956, 1134, 1134, 3027
1757, -9955, 1134, 1134, 3027
1758, -9956, 1134, 1134, 3027
1758, -9956, 1134, 1134, 3027
1757, -9956, 1134, 1134, 3027
1759, -9955, 1135, 1135, 3027
1757, -9956, 1134, 1134, 3027
1757, -9956, 1134, 1134, 3027
1757, -9956, 1133, 1133, 3027
1757, -9956, 1133, 1133, 3027
1755, -9956, 1134, 1134, 3027
1756, -9957, 1135, 1135, 3027
1757, -9957, 1134, 1134, 3027
1757, -9957, 1134, 1134, 3027
1749, -9955, 1133, 1133, 3027
1757, -9932, 1139, 1139, 3027
1893, -9935, 1272, 1272, 3027
1893, -9935, 1270, 1270, 3035
1893, -9935, 1270, 1270, 3035
1892, -9935, 1270, 1270, 3035
1891, -9935, 1269, 1269, 3035
1891, -9936, 1269, 1269, 3035
1891, -9936, 1269, 1269, 3035
1892, -9936, 1269, 1269, 3035
1892, -9936, 1269, 1269, 3035
1890, -9936, 1268, 1268, 3035
1890, -9936, 1268, 1268, 3035
1891, -9937, 1269, 1269, 3035
1890, -9937, 1268, 1268, 3035
1890, -9937, 1268, 1268, 3035
1890, -9937, 1267, 1267, 3035
1890, -9937, 1267, 1267, 3035
1889, -9937, 1267, 1267, 3035
1889, -9937, 1267, 1267, 3035
1889, -9937, 1267, 1267, 3035
1889, -9937, 1267, 1267, 3035
1891, -9937, 1268, 1268, 3035
1890, -9938, 1268, 1268, 3035
1890, -9937, 1267, 1267, 3035
1889, -9938, 1267, 1267, 3035
1889, -9938, 1267, 1267, 3035
1890, -9937, 1267, 1267, 3035
1889, -9938, 1267, 1267, 3029
1889, -9938, 1267, 1267, 3029
1889, -9938, 1267, 1267, 3029
1889, -9938, 1267, 1267, 3029
1888, -9938, 1267, 1267, 3029
1889, -9938, 1267, 1267, 3029
1889, -9938, 1267, 1267, 3029
1889, -9938, 1267, 1267, 3029
1889, -9938, 1267, 1267, 3029
1889, -9938, 1267, 1267, 3029
1889, -9938, 1267, 1267, 3029
1888, -9938, 1266, 1266, 3029
1889, -9938, 1266, 1266, 3029
1890, -9938, 1267, 1267, 3029
1889, -9938, 1266, 1266, 3029
1888, -9939, 1266, 1266, 3029
1888, -9939, 1266, 1266, 3029
1889, -9939, 1266, 1266, 3029
1888, -9938, 1266, 1266, 3029
1888, -9938, 1266, 1266, 3029
1889, -9940, 1266, 1266, 3029
1888, -9939, 1266, 1266, 3029
1888, -9939, 1265, 1265, 3029
1888, -9939, 1266, 1266, 3029
1888, -9940, 1266, 1266, 3031
1889, -9939, 1266, 1266, 3031
1889, -9939, 1266, 1266, 3031
1889, -9939, 1266, 1266, 3031
1889, -9938, 1266, 1266, 3031
1888, -9938, 1266, 1266, 3031
1888, -9939, 1266, 1266, 3031
1888, -9939, 1266, 1266, 3031
1888, -9938, 1266, 1266, 3031
1888, -9938, 1266, 1266, 3031
1888, -9939, 1266, 1266, 3031
1888, -9939, 1266, 1266, 3031
1888, -9939, 1266, 1266, 3031
1888, -9939, 1266, 1266, 3031
1888, -9939, 1266, 1266, 3031
1888, -9938, 1266, 1266, 3031
1888, -9939, 1266, 1266, 3031
1888, -9939, 1265, 1265, 3031
1888, -9939, 1266, 1266, 3031
1888, -9939, 1266, 1266, 3031
1890, -9939, 1266, 1266, 3031
1888, -9939, 1266, 1266, 3031
1888, -9939, 1266, 1266, 3031
1888, -9939, 1265, 1265, 3031
1888, -9940, 1266, 1266, 3027
1888, -9939, 1265, 1265, 3027
1888, -9939, 1266, 1266, 3027
1889, -9939, 1266, 1266, 3027
1888, -9939, 1265, 1265, 3027
1888, -9939, 1265, 1265, 3027
1888, -9939, 1265, 1265, 3027
1888, -9939, 1265, 1265, 3027
1887, -9939, 1265, 1265, 3027
1887, -9938, 1265, 1265, 3027
1886, -9939, 1264, 1264, 3027
1888, -9938, 1265, 1265, 3027
1887, -9939, 1265, 1265, 3027
1887, -9939, 1265, 1265, 3027
1887, -9940, 1265, 1265, 3027
1887, -9940, 1265, 1265, 3027
1887, -9938, 1265, 1265, 3027
1889, -9939, 1266, 1266, 3027
1889, -9939, 1266, 1266, 3027
1887, -9938, 1265, 1265, 3027
1887, -9938, 1265, 1265, 3027
1888, -9940, 1265, 1265, 3027
1888, -9940, 1265, 1265, 3027
1888, -9940, 1265, 1265, 3027
1887, -9940, 1265, 1265, 3027
1887, -9940, 1265, 1265, 3027
1887, -9940, 1265, 1265, 3027
1887, -9940, 1265, 1265, 3027
1888, -9939, 1266, 1266, 3027
1888, -9939, 1266, 1266, 3027
1886, -9940, 1264, 1264, 3027
1887, -9940, 1265, 1265, 3027
1887, -9940, 1265, 1265, 3027
1887, -9940, 1265, 1265, 3027
1888, -9940, 1265, 1265, 3027
1888, -9940, 1265, 1265, 3027
1888, -9940, 1265, 1265, 3027
1887, -9941, 1265, 1265, 3027
1887, -9940, 1265, 1265, 3027
1887, -9940, 1264, 1264, 3027
1887, -9940, 1265, 1265, 3027
1887, -9940, 1265, 1265, 3027
1886, -9941, 1264, 1264, 3027
1886, -9941, 1264, 1264, 3027
1887, -9940, 1265, 1265, 3027
1887, -9940, 1265, 1265, 3027
1887, -9940, 1265, 1265, 3027
1886, -9941, 1265, 1265, 3027
1887, -9940, 1265, 1265, 3027
1887, -9940, 1265, 1265, 3027
1887, -9939, 1265, 1265, 3027
1886, -9941, 1264, 1264, 3031
1887, -9940, 1264, 1264, 3031
1714, -9981, 1129, 1129, 3031
1714, -9981, 1129, 1129, 3031
1650, -9977, 1027, 1027, 3031
1650, -9977, 1027, 1027, 3031
1650, -9977, 1028, 1028, 3031
1649, -9976, 1029, 1029, 3031
1649, -9976, 1029, 1029, 3031
1655, -9976, 1029, 1029, 3031
1656, -9974, 1030, 1030, 3031
1654, -9975, 1030, 1030, 3031
1654, -9975, 1030, 1030, 3031
1654, -9975, 1030, 1030, 3031
1651, -9974, 1031, 1031, 3031
1651, -9975, 1031, 1031, 3031
1652, -9976, 1031, 1031, 3031
1651, -9974, 1032, 1032, 3031
1651, -9974, 1032, 1032, 3031
1651, -9974, 1032, 1032, 3031
1655, -9974, 1032, 1032, 3031
1656, -9974, 1033, 1033, 3031
1656, -9975, 1031, 1031, 3031
1656, -9975, 1031, 1031, 3031
1656, -9974, 1032, 1032, 3031
1656, -9974, 1032, 1032, 3031
1658, -9973, 1033, 1033, 3031
1656, -9974, 1034, 1034, 3023
1652, -9975, 1032, 1032, 3023
1652, -9975, 1032, 1032, 3023
1651, -9975, 1032, 1032, 3023
1653, -9974, 1032, 1032, 3023
1651, -9975, 1032, 1032, 3023
1651, -9975, 1032, 1032, 3023
1654, -9975, 1032, 1032, 3023
1656, -9975, 1033, 1033, 3023
1656, -9975, 1032, 1032, 3023
1658, -9973, 1033, 1033, 3023
1658, -9973, 1033, 1033, 3023
1654, -9974, 1033, 1033, 3023
1653, -9975, 1033, 1033, 3023
1653, -9975, 1033, 1033, 3023
1653, -9974, 1033, 1033, 3023
1653, -9974, 1033, 1033, 3023
1655, -9975, 1033, 1033, 3023
1655, -9975, 1033, 1033, 3023
1655, -9975, 1033, 1033, 3023
1655, -9975, 1033, 1033, 3023
1653, -9974, 1033, 1033, 3023
1656, -9974, 1033, 1033, 3023
1654, -9974, 1033, 1033, 3023
1655, -9975, 1033, 1033, 3023
1657, -9975, 1033, 1033, 3023
1658, -9974, 1033, 1033, 3023
1657, -9974, 1032, 1032, 3025
1657, -9974, 1032, 1032, 3025
1657, -9974, 1032, 1032, 3025
1657, -9974, 1033, 1033, 3025
1652, -9974, 1032, 1032, 3025
1652, -9974, 1032, 1032, 3025
1652, -9974, 1032, 1032, 3025
1652, -9974, 1032, 1032, 3025
1656, -9974, 1032, 1032, 3025
1655, -9973, 1032, 1032, 3025
1656, -9973, 1033, 1033, 3025
1653, -9975, 1032, 1032, 3025
1651, -9974, 1032, 1032, 3025
1651, -9974, 1032, 1032, 3025
1654, -9974, 1032, 1032, 3025
1657, -9974, 1032, 1032, 3025
1657, -9974, 1032, 1032, 3025
1655, -9975, 1032, 1032, 3025
1653, -9974, 1032, 1032, 3025
1653, -9975, 1033, 1033, 3025
1653, -9974, 1032, 1032, 3025
1653, -9974, 1032, 1032, 3025
1657, -9974, 1032, 1032, 3025
1653, -9975, 1031, 1031, 3033
1656, -9974, 1032, 1032, 3033
1656, -9974, 1032, 1032, 3033
1655, -9974, 1031, 1031, 3033
1656, -9974, 1031, 1031, 3033
1656, -9974, 1032, 1032, 3033
1656, -9974, 1032, 1032, 3033
1655, -9975, 1032, 1032, 3033
1655, -9974, 1032, 1032, 3033
1657, -9975, 1033, 1033, 3033
1655, -9974, 1032, 1032, 3033
1652, -9974, 1031, 1031, 3033
1650, -9975, 1031, 1031, 3033
1654, -9975, 1032, 1032, 3033
1654, -9975, 1032, 1032, 3033
1656, -9974, 1032, 1032, 3033
1657, -9975, 1031, 1031, 3033
1657, -9975, 1031, 1031, 3033
1656, -9974, 1032, 1032, 3033
1653, -9975, 1032, 1032, 3033
1651, -9974, 1031, 1031, 3033
1652, -9975, 1031, 1031, 3033
1651, -9975, 1031, 1031, 3033
1651, -9975, 1031, 1031, 3033
1656, -9974, 1031, 1031, 3033
1657, -9975, 1031, 1031, 3023
1651, -9975, 1032, 1032, 3023
1651, -9975, 1032, 1032, 3023
1651, -9974, 1030, 1030, 3023
1651, -9974, 1030, 1030, 3023
1650, -9975, 1031, 1031, 3023
1650, -9975, 1031, 1031, 3023
1653, -9975, 1031, 1031, 3023
1657, -9975, 1032, 1032, 3023
1657, -9975, 1032, 1032, 3023
1654, -9974, 1031, 1031, 3023
1654, -9974, 1031, 1031, 3023
1655, -9974, 1031, 1031, 3023
1655, -9974, 1031, 1031, 3023
1651, -9974, 1031, 1031, 3023
1651, -9975, 1032, 1032, 3023
1657, -9976, 1033, 1033, 3023
1890, -9937, 1269, 1269, 3023
1890, -9937, 1269, 1269, 3023
1887, -9939, 1266, 1266, 3023
1887, -9939, 1266, 1266, 3023
1887, -9940, 1265, 1265, 3023
1887, -9939, 1265, 1265, 3023
1885, -9940, 1263, 1263, 3023
1885, -9940, 1263, 1263, 3023
1886, -9941, 1264, 1264, 3023
1886, -9941, 1263, 1263, 3023
1885, -9941, 1262, 1262, 3033
1885, -9941, 1262, 1262, 3033
1886, -9941, 1262, 1262, 3033
1886, -9941, 1262, 1262, 3033
1884, -9940, 1262, 1262, 3033
1885, -9941, 1262, 1262, 3033
1884, -9941, 1261, 1261, 3033
1883, -9942, 1261, 1261, 3033
1884, -9942, 1261, 1261, 3033
1884, -9942, 1261, 1261, 3033
1884, -9942, 1262, 1262, 3033
1884, -9942, 1262, 1262, 3033
1884, -9941, 1262, 1262, 3033
1884, -9942, 1262, 1262, 3033
1883, -9943, 1261, 1261, 3033
1883, -9943, 1261, 1261, 3033
1883, -9941, 1261, 1261, 3033
1883, -9942, 1261, 1261, 3033
1883, -9942, 1260, 1260, 3033
1883, -9942, 1261, 1261, 3033
1883, -9942, 1261, 1261, 3033
1883, -9943, 1261, 1261, 3033
1882, -9943, 1260, 1260, 3033
1882, -9943, 1260, 1260, 3033
1883, -9942, 1260, 1260, 3033
1882, -9942, 1260, 1260, 3033
1882, -9943, 1260, 1260, 3045
1882, -9943, 1260, 1260, 3045
1882, -9943, 1259, 1259, 3045
1883, -9943, 1260, 1260, 3045
1883, -9943, 1260, 1260, 3045
1881, -9944, 1260, 1260, 3045
1882, -9943, 1259, 1259, 3045
1881, -9942, 1260, 1260, 3045
1882, -9943, 1259, 1259, 3045
1882, -9943, 1260, 1260, 3045
1882, -9944, 1260, 1260, 3045
1881, -9943, 1259, 1259, 3045
1882, -9943, 1259, 1259, 3045
1882, -9943, 1260, 1260, 3045
1882, -9943, 1260, 1260, 3045
1881, -9944, 1259, 1259, 3045
1881, -9944, 1259, 1259, 3045
1881, -9943, 1259, 1259, 3045
1881, -9944, 1259, 1259, 3045
1881, -9944, 1259, 1259, 3045
1880, -9943, 1258, 1258, 3045
1880, -9943, 1258, 1258, 3045
1880, -9944, 1258, 1258, 3045
1880, -9944, 1258, 1258, 3045
1881, -9944, 1259, 1259, 3043
1881, -9944, 1259, 1259, 3043
1881, -9944, 1258, 1258, 3043
1881, -9943, 1259, 1259, 3043
1881, -9943, 1259, 1259, 3043
1881, -9945, 1259, 1259, 3043
1881, -9945, 1259, 1259, 3043
1881, -9944, 1258, 1258, 3043
1881, -9944, 1258, 1258, 3043
1881, -9944, 1259, 1259, 3043
1881, -9944, 1259, 1259, 3043
1882, -9945, 1259, 1259, 3043
1881, -9944, 1259, 1259, 3043
1881, -9944, 1259, 1259, 3043
1881, -9944, 1259, 1259, 3043
1881, -9945, 1259, 1259, 3043
1881, -9944, 1259, 1259, 3043
1881, -9944, 1259, 1259, 3043
1881, -9945, 1258, 1258, 3043
1880, -9945, 1258, 1258, 3043
1880, -9945, 1258, 1258, 3043
1881, -9944, 1258, 1258, 3043
1880, -9944, 1258, 1258, 3043
1880, -9944, 1258, 1258, 3043
1880, -9944, 1258, 1258, 3043
1880, -9946, 1258, 1258, 3043
1879, -9946, 1257, 1257, 3037
1880, -9944, 1258, 1258, 3037
1880, -9944, 1258, 1258, 3037
1880, -9946, 1258, 1258, 3037
1880, -9946, 1258, 1258, 3037
1880, -9945, 1257, 1257, 3037
1879, -9945, 1257, 1257, 3037
1880, -9945, 1258, 1258, 3037
1880, -9946, 1258, 1258, 3037
1880, -9946, 1258, 1258, 3037
1880, -9945, 1258, 1258, 3037
1880, -9946, 1257, 1257, 3037
1880, -9945, 1257, 1257, 3037
1880, -9945, 1257, 1257, 3037
1880, -9945, 1257, 1257, 3037
1880, -9946, 1258, 1258, 3037
1880, -9945, 1257, 1257, 3037
1880, -9946, 1258, 1258, 3037
1880, -9945, 1258, 1258, 3037
1879, -9946, 1257, 1257, 3037
1880, -9945, 1258, 1258, 3037
1879, -9945, 1257, 1257, 3037
1880, -9946, 1257, 1257, 3037
1880, -9946, 1257, 1257, 3037
1880, -9946, 1257, 1257, 3037
1880, -9946, 1257, 1257, 3037
1880, -9946, 1257, 1257, 3037
1880, -9946, 1257, 1257, 3037
1880, -9946, 1257, 1257, 3037
1880, -9946, 1257, 1257, 3037
1879, -9946, 1257, 1257, 3037
1880, -9947, 1257, 1257, 3037
1880, -9947, 1257, 1257, 3037
1879, -9946, 1257, 1257, 3037
1879, -9945, 1257, 1257, 3037
1879, -9946, 1257, 1257, 3037
1879, -9946, 1257, 1257, 3037
1879, -9946, 1257, 1257, 3037
1880, -9946, 1257, 1257, 3037
1880, -9947, 1257, 1257, 3037
1610, -9985, 1113, 1113, 3037
1641, -9983, 1020, 1020, 3037
1643, -9982, 1022, 1022, 3037
1642, -9980, 1022, 1022, 3037
1644, -9982, 1023, 1023, 3037
1644, -9982, 1023, 1023, 3037
1644, -9981, 1024, 1024, 3037
1646, -9981, 1025, 1025, 3037
1646, -9981, 1025, 1025, 3037
1647, -9980, 1025, 1025, 3037
1650, -9980, 1025, 1025, 3037
1651, -9980, 1026, 1026, 3033
1651, -9980, 1026, 1026, 3033
1645, -9980, 1026, 1026, 3033
1647, -9979, 1026, 1026, 3033
1645, -9981, 1025, 1025, 3033
1648, -9979, 1026, 1026, 3033
1648, -9979, 1026, 1026, 3033
1648, -9979, 1026, 1026, 3033
1647, -9979, 1026, 1026, 3033
1646, -9979, 1026, 1026, 3033
1646, -9979, 1026, 1026, 3033
1647, -9981, 1027, 1027, 3033
1651, -9979, 1026, 1026, 3033
1650, -9980, 1026, 1026, 3033
1651, -9979, 1027, 1027, 3033
1652, -9979, 1027, 1027, 3033
1651, -9979, 1026, 1026, 3033
1646, -9979, 1027, 1027, 3033
1646, -9979, 1027, 1027, 3033
1646, -9980, 1026, 1026, 3033
1649, -9979, 1026, 1026, 3033
1648, -9980, 1026, 1026, 3033
1644, -9980, 1026, 1026, 3033
1645, -9980, 1026, 1026, 3033
1645, -9980, 1026, 1026, 3033
1649, -9981, 1026, 1026, 3033
1651, -9980, 1026, 1026, 3037
1652, -9980, 1027, 1027, 3037
1652, -9980, 1027, 1027, 3037
1649, -9979, 1027, 1027, 3037
1649, -9979, 1026, 1026, 3037
1649, -9979, 1027, 1027, 3037
1646, -9980, 1026, 1026, 3037
1647, -9981, 1026, 1026, 3037
1650, -9980, 1027, 1027, 3037
1647, -9980, 1027, 1027, 3037
1651, -9980, 1026, 1026, 3037
1651, -9979, 1027, 1027, 3037
1651, -9979, 1027, 1027, 3037
1649, -9979, 1027, 1027, 3037
1649, -9979, 1027, 1027, 3037
1646, -9980, 1026, 1026, 3037
1645, -9980, 1026, 1026, 3037
1648, -9980, 1027, 1027, 3037
1647, -9980, 1026, 1026, 3037
1647, -9980, 1026, 1026, 3037
1648, -9981, 1027, 1027, 3037
1649, -9981, 1026, 1026, 3037
1649, -9980, 1026, 1026, 3037
1652, -9979, 1027, 1027, 3037
1652, -9979, 1026, 1026, 3037
1649, -9979, 1027, 1027, 3037
1646, -9980, 1027, 1027, 3031
1646, -9980, 1027, 1027, 3031
1646, -9979, 1026, 1026, 3031
1646, -9980, 1026, 1026, 3031
1645, -9980, 1026, 1026, 3031
1645, -9980, 1026, 1026, 3031
1649, -9980, 1027, 1027, 3031
1646, -9981, 1026, 1026, 3031
1647, -9980, 1027, 1027, 3031
1646, -9980, 1026, 1026, 3031
1647, -9981, 1027, 1027, 3031
1651, -9981, 1027, 1027, 3031
1651, -9981, 1027, 1027, 3031
1651, -9980, 1026, 1026, 3031
1651, -9979, 1026, 1026, 3031
1647, -9980, 1026, 1026, 3031
1647, -9980, 1026, 1026, 3031
1647, -9980, 1026, 1026, 3031
1647, -9980, 1026, 1026, 3031
1650, -9979, 1026, 1026, 3031
1650, -9980, 1026, 1026, 3031
1648, -9979, 1025, 1025, 3031
1647, -9980, 1026, 1026, 3031
1647, -9980, 1026, 1026, 3031
1649, -9978, 1025, 1025, 3031
1647, -9980, 1026, 1025, 3033
1647, -9980, 1026, 1025, 3033
1646, -9980, 1026, 1026, 3033
1645, -9980, 1026, 1026, 3033
1645, -9980, 1026, 1026, 3033
1645, -9980, 1026, 1026, 3033
1647, -9980, 1025, 1025, 3033
1648, -9980, 1026, 1026, 3033
1650, -9980, 1026, 1026, 3033
1650, -9980, 1026, 1026, 3033
1650, -9979, 1026, 1026, 3033
1650, -9979, 1026, 1026, 3033
1650, -9979, 1025, 1025, 3033
1650, -9980, 1026, 1026, 3033
1650, -9980, 1026, 1026, 3033
1646, -9980, 1026, 1026, 3033
1646, -9980, 1026, 1026, 3033
1646, -9980, 1026, 1026, 3033
1647, -9980, 1026, 1026, 3033
1648, -9980, 1026, 1026, 3033
1651, -9980, 1026, 1026, 3033
1648, -9980, 1026, 1026, 3033
1650, -9980, 1025, 1025, 3033
1650, -9981, 1025, 1025, 3033
1650, -9980, 1025, 1025, 3033
1650, -9980, 1025, 1025, 3033
1651, -9981, 1031, 1031, 3029
1651, -9981, 1031, 1031, 3029
1886, -9943, 1263, 1263, 3029
1882, -9944, 1260, 1260, 3029
1882, -9944, 1260, 1260, 3029
1880, -9944, 1258, 1258, 3029
1881, -9945, 1258, 1258, 3029
1880, -9946, 1257, 1257, 3029
1880, -9946, 1257, 1257, 3029
1879, -9946, 1257, 1257, 3029
1879, -9946, 1257, 1257, 3029
1879, -9946, 1256, 1256, 3029
1878, -9946, 1256, 1256, 3029
1878, -9947, 1256, 1256, 3029
1878, -9947, 1256, 1256, 3029
1878, -9947, 1256, 1256, 3029
1878, -9948, 1255, 1255, 3029
1878, -9947, 1255, 1255, 3029
1877, -9948, 1255, 1255, 3029
1877, -9948, 1255, 1255, 3029
1877, -9948, 1255, 1255, 3029
1877, -9948, 1255, 1255, 3029
1878, -9948, 1255, 1255, 3029
1877, -9947, 1255, 1255, 3027
1876, -9949, 1254, 1254, 3027
1876, -9949, 1254, 1254, 3027
1877, -9948, 1254, 1254, 3027
1876, -9948, 1254, 1254, 3027
1877, -9948, 1254, 1254, 3027
1875, -9948, 1253, 1253, 3027
1875, -9948, 1253, 1253, 3027
1876, -9948, 1253, 1253, 3027
1876, -9949, 1254, 1254, 3027
1875, -9949, 1253, 1253, 3027
1875, -9949, 1253, 1253, 3027
1876, -9947, 1254, 1254, 3027
1877, -9950, 1253, 1253, 3027
1875, -9949, 1253, 1253, 3027
1876, -9948, 1254, 1254, 3027
1876, -9949, 1254, 1254, 3027
1876, -9949, 1254, 1254, 3027
1876, -9950, 1254, 1254, 3027
1876, -9950, 1254, 1254, 3027
1876, -9949, 1254, 1254, 3027
1876, -9950, 1253, 1253, 3029
1876, -9950, 1253, 1253, 3029
1876, -9950, 1254, 1254, 3029
1875, -9949, 1253, 1253, 3029
1876, -9948, 1253, 1253, 3029
1876, -9949, 1254, 1254, 3029
1877, -9950, 1254, 1254, 3029
1877, -9950, 1254, 1254, 3029
1875, -9950, 1253, 1253, 3029
1875, -9950, 1253, 1253, 3029
1876, -9949, 1253, 1253, 3029
1876, -9949, 1253, 1253, 3029
1875, -9949, 1253, 1253, 3029
1876, -9950, 1254, 1254, 3029
1875, -9950, 1253, 1253, 3029
1875, -9950, 1253, 1253, 3029
1876, -9950, 1253, 1253, 3029
1876, -9950, 1254, 1254, 3029
1876, -9950, 1254, 1254, 3029
1875, -9950, 1253, 1253, 3029
1875, -9950, 1253, 1253, 3029
1875, -9950, 1253, 1253, 3029
1875, -9949, 1252, 1252, 3029
1876, -9949, 1253, 1253, 3029
1875, -9950, 1253, 1253, 3017
1875, -9950, 1253, 1253, 3017
1875, -9950, 1253, 1253, 3017
1875, -9951, 1253, 1253, 3017
1875, -9950, 1253, 1253, 3017
1875, -9951, 1253, 1253, 3017
1874, -9950, 1252, 1252, 3017
1875, -9950, 1252, 1252, 3017
1875, -9949, 1252, 1252, 3017
1875, -9950, 1253, 1253, 3017
1875, -9950, 1253, 1253, 3017
1875, -9950, 1253, 1253, 3017
1875, -9950, 1252, 1252, 3017
1875, -9950, 1252, 1252, 3017
1874, -9951, 1252, 1252, 3017
1875, -9950, 1252, 1252, 3017
1875, -9951, 1253, 1253, 3017
1875, -9950, 1252, 1252, 3017
1874, -9950, 1252, 1252, 3017
1874, -9950, 1252, 1252, 3017
1874, -9951, 1252, 1252, 3017
1875, -9951, 1252, 1252, 3017
1875, -9951, 1252, 1252, 3017
1874, -9951, 1252, 1252, 3017
1875, -9950, 1252, 1252, 3017
1874, -9950, 1251, 1251, 3017
1874, -9951, 1252, 1252, 3017
1874, -9950, 1252, 1252, 3025
1874, -9950, 1252, 1252, 3025
1875, -9950, 1252, 1252, 3025
1874, -9950, 1252, 1252, 3025
1874, -9951, 1252, 1252, 3025
1875, -9951, 1252, 1252, 3025
1875, -9951, 1252, 1252, 3025
1874, -9951, 1252, 1252, 3025
1874, -9952, 1252, 1252, 3025
1874, -9950, 1251, 1251, 3025
1874, -9951, 1252, 1252, 3025
1874, -9951, 1252, 1252, 3025
1875, -9951, 1252, 1252, 3025
1874, -9951, 1252, 1252, 3025
1874, -9951, 1252, 1252, 3025
1873, -9952, 1252, 1252, 3025
1874, -9952, 1251, 1251, 3025
1874, -9951, 1252, 1252, 3025
1874, -9951, 1252, 1252, 3025
1874, -9951, 1252, 1252, 3025
1874, -9951, 1252, 1252, 3025
1874, -9952, 1252, 1252, 3025
1873, -9951, 1251, 1251, 3025
1873, -9951, 1251, 1251, 3025
1873, -9951, 1251, 1251, 3025
1874, -9953, 1251, 1251, 3025
1874, -9953, 1251, 1251, 3025
1641, -9988, 1013, 1013, 3025
1641, -9988, 1013, 1013, 3025
1639, -9987, 1016, 1016, 3025
1643, -9986, 1018, 1018, 3025
1643, -9985, 1018, 1018, 3025
1643, -9985, 1018, 1018, 3025
1638, -9986, 1019, 1019, 3025
1638, -9986, 1019, 1019, 3025
1641, -9985, 1019, 1019, 3025
1641, -9985, 1019, 1019, 3025
1641, -9986, 1019, 1019, 3025
1642, -9986, 1020, 1020, 3025
1642, -9986, 1020, 1020, 3025
1645, -9985, 1020, 1020, 3025
1645, -9985, 1020, 1020, 3025
1642, -9985, 1020, 1020, 3025
1641, -9986, 1020, 1020, 3025
1643, -9985, 1020, 1020, 3025
1643, -9985, 1020, 1020, 3025
1644, -9985, 1020, 1020, 3025
1640, -9985, 1020, 1020, 3025
1640, -9985, 1020, 1020, 3025
1640, -9986, 1021, 1021, 3025
1640, -9986, 1021, 1021, 3025
1643, -9985, 1020, 1020, 3025
1643, -9986, 1020, 1020, 3027
1643, -9986, 1020, 1020, 3027
1644, -9986, 1021, 1021, 3027
1643, -9985, 1020, 1020, 3027
1643, -9985, 1020, 1020, 3027
1643, -9984, 1020, 1020, 3027
1644, -9985, 1022, 1022, 3027
1640, -9985, 1021, 1020, 3027
1643, -9985, 1022, 1022, 3027
1641, -9985, 1021, 1021, 3027
1641, -9985, 1021, 1021, 3027
1643, -9985, 1021, 1021, 3027
1646, -9984, 1021, 1021, 3027
1645, -9984, 1021, 1021, 3027
1645, -9984, 1021, 1021, 3027
1646, -9985, 1021, 1021, 3027
1645, -9984, 1020, 1020, 3027
1647, -9985, 1021, 1021, 3027
1643, -9985, 1021, 1021, 3027
1640, -9984, 1021, 1021, 3027
1640, -9984, 1021, 1021, 3027
1642, -9984, 1021, 1021, 3027
1645, -9985, 1020, 1020, 3027
1645, -9984, 1021, 1021, 3027
1645, -9984, 1021, 1021, 3027
1645, -9984, 1021, 1021, 3027
1644, -9986, 1021, 1021, 3025
1641, -9986, 1020, 1020, 3025
1641, -9986, 1020, 1020, 3025
1640, -9986, 1021, 1021, 3025
1645, -9986, 1021, 1021, 3025
1644, -9985, 1021, 1021, 3025
1645, -9985, 1021, 1021, 3025
1646, -9986, 1021, 1021, 3025
1643, -9985, 1021, 1021, 3025
1641, -9986, 1021, 1021, 3025
1641, -9986, 1021, 1021, 3025
1642, -9985, 1021, 1021, 3025
1642, -9985, 1021, 1021, 3025
1646, -9984, 1021, 1021, 3025
1646, -9984, 1021, 1021, 3025
1646, -9985, 1021, 1021, 3025
1642, -9985, 1020, 1020, 3025
1643, -9985, 1021, 1021, 3025
1644, -9985, 1021, 1021, 3025
1640, -9986, 1020, 1020, 3025
1641, -9985, 1020, 1020, 3025
1641, -9985, 1020, 1020, 3025
1645, -9984, 1020, 1020, 3025
1641, -9985, 1021, 1021, 3025
1643, -9987, 1021, 1021, 3025
1640, -9985, 1021, 1021, 3025
1639, -9985, 1020, 1020, 3025
1645, -9985, 1021, 1021, 3021
1644, -9986, 1021, 1021, 3021
1645, -9985, 1020, 1020, 3021
1645, -9985, 1020, 1020, 3021
1642, -9985, 1021, 1021, 3021
1643, -9986, 1021, 1021, 3021
1641, -9986, 1021, 1021, 3021
1642, -9985, 1021, 1021, 3021
1642, -9985, 1021, 1021, 3021
1642, -9985, 1021, 1021, 3021
1643, -9986, 1020, 1020, 3021
1646, -9985, 1020, 1020, 3021
1641, -9984, 1020, 1020, 3021
1641, -9984, 1020, 1020, 3021
1642, -9985, 1020, 1020, 3021
1640, -9986, 1021, 1021, 3021
1640, -9986, 1021, 1021, 3021
1640, -9986, 1021, 1021, 3021
1643, -9987, 1020, 1020, 3021
1644, -9986, 1020, 1020, 3021
1645, -9985, 1021, 1021, 3021
1647, -9985, 1021, 1021, 3021
1646, -9985, 1020, 1020, 3021
1641, -9985, 1020, 1020, 3021
1644, -9984, 1020, 1020, 3027
1642, -9985, 1019, 1019, 3027
1642, -9985, 1019, 1019, 3027
1644, -9986, 1020, 1020, 3027
1644, -9985, 1020, 1020, 3027
1644, -9985, 1020, 1020, 3027
1644, -9986, 1020, 1020, 3027
1638, -9985, 1020, 1020, 3027
1638, -9985, 1020, 1020, 3027
1657, -9987, 1023, 1023, 3027
1651, -9986, 1021, 1021, 3027
1878, -9949, 1257, 1257, 3027
1878, -9949, 1257, 1257, 3027
1876, -9949, 1254, 1254, 3027
1875, -9951, 1253, 1253, 3027
1875, -9951, 1253, 1253, 3027
1874, -9950, 1252, 1252, 3027
1874, -9950, 1252, 1252, 3027
1874, -9951, 1252, 1252, 3027
1874, -9952, 1251, 1251, 3027
1873, -9952, 1251, 1251, 3027
1874, -9952, 1251, 1251, 3027
1873, -9951, 1251, 1251, 3027
1873, -9951, 1251, 1251, 3027
1872, -9952, 1250, 1250, 3019
1872, -9952, 1250, 1250, 3019
1873, -9953, 1250, 1250, 3019
1872, -9952, 1250, 1250, 3019
1871, -9952, 1249, 1249, 3019
1871, -9952, 1249, 1249, 3019
1872, -9953, 1250, 1250, 3019
1872, -9952, 1250, 1250, 3019
1872, -9952, 1250, 1250, 3019
1872, -9952, 1249, 1249, 3019
1872, -9953, 1249, 1249, 3019
1872, -9952, 1249, 1249, 3019
1872, -9952, 1249, 1249, 3019
1872, -9954, 1249, 1249, 3019
1872, -9954, 1249, 1249, 3019
1872, -9953, 1250, 1250, 3019
1871, -9954, 1249, 1249, 3019
1871, -9954, 1249, 1249, 3019
1870, -9954, 1248, 1248, 3019
1871, -9953, 1249, 1249, 3019
1872, -9954, 1249, 1249, 3019
1871, -9955, 1249, 1249, 3019
1871, -9955, 1249, 1249, 3019
1871, -9954, 1249, 1249, 3019
1871, -9955, 1249, 1249, 3017
1871, -9953, 1248, 1248, 3017
1871, -9953, 1248, 1248, 3017
1871, -9954, 1249, 1249, 3017
1871, -9954, 1248, 1248, 3017
1871, -9954, 1248, 1248, 3017
1871, -9955, 1248, 1248, 3017
1871, -9955, 1248, 1248, 3017
1871, -9954, 1249, 1249, 3017
1871, -9954, 1249, 1249, 3017
1870, -9955, 1248, 1248, 3017
1871, -9954, 1248, 1248, 3017
1870, -9954, 1248, 1248, 3017
1871, -9954, 1249, 1249, 3017
1871, -9954, 1249, 1249, 3017
1870, -9954, 1248, 1248, 3017
1870, -9954, 1248, 1248, 3017
1870, -9954, 1248, 1248, 3017
1870, -9956, 1248, 1248, 3017
1870, -9956, 1248, 1248, 3017
1871, -9955, 1249, 1249, 3017
1872, -9954, 1248, 1248, 3017
1871, -9955, 1248, 1248, 3017
1871, -9955, 1248, 1248, 3017
1870, -9955, 1248, 1248, 3017
1870, -9954, 1248, 1248, 3017
1870, -9955, 1248, 1248, 3019
1869, -9955, 1247, 1247, 3019
1869, -9955, 1247, 1247, 3019
1870, -9956, 1248, 1248, 3019
1870, -9955, 1248, 1248, 3019
1870, -9955, 1248, 1248, 3019
1869, -9955, 1247, 1247, 3019
1870, -9956, 1247, 1247, 3019
1870, -9955, 1247, 1247, 3019
1869, -9955, 1247, 1247, 3019
1870, -9956, 1247, 1247, 3019
1870, -9955, 1248, 1248, 3019
1870, -9956, 1248, 1248, 3019
1870, -9955, 1247, 1247, 3019
1870, -9955, 1247, 1247, 3019
1869, -9956, 1247, 1247, 3019
1870, -9956, 1247, 1247, 3019
1870, -9956, 1247, 1247, 3019
1870, -9954, 1248, 1248, 3019
1871, -9956, 1248, 1248, 3019
1871, -9956, 1248, 1248, 3019
1870, -9955, 1247, 1247, 3019
1870, -9955, 1248, 1248, 3019
1870, -9955, 1248, 1248, 3019
1870, -9954, 1248, 1248, 3019
1869, -9955, 1247, 1247, 3017
1869, -9955, 1247, 1247, 3017
1870, -9955, 1247, 1247, 3017
1870, -9955, 1247, 1247, 3017
1869, -9956, 1247, 1247, 3017
1870, -9956, 1247, 1247, 3017
1870, -9956, 1247, 1247, 3017
1869, -9956, 1247, 1247, 3017
1870, -9956, 1247, 1247, 3017
1870, -9956, 1247, 1247, 3017
1869, -9955, 1247, 1247, 3017
1868, -9956, 1247, 1247, 3017
1868, -9956, 1247, 1247, 3017
1869, -9956, 1247, 1247, 3017
1869, -9956, 1247, 1247, 3017
1869, -9956, 1247, 1247, 3017
1870, -9956, 1247, 1247, 3017
1870, -9957, 1247, 1247, 3017
1870, -9957, 1247, 1247, 3017
1870, -9956, 1247, 1247, 3017
1869, -9956, 1247, 1247, 3017
1869, -9956, 1247, 1247, 3017
1868, -9957, 1246, 1246, 3017
1868, -9957, 1246, 1246, 3017
1869, -9957, 1247, 1247, 3021
1869, -9956, 1246, 1246, 3021
1868, -9956, 1246, 1246, 3021
1869, -9956, 1246, 1246, 3021
1869, -9956, 1246, 1246, 3021
1868, -9957, 1246, 1246, 3021
1868, -9956, 1246, 1246, 3021
1869, -9956, 1246, 1246, 3021
1869, -9957, 1246, 1246, 3021
1869, -9957, 1246, 1246, 3021
1625, -9998, 1017, 1017, 3021
1625, -9998, 1017, 1017, 3021
1629, -9992, 1006, 1006, 3021
1634, -9993, 1010, 1010, 3021
1634, -9993, 1011, 1011, 3021
1636, -9992, 1012, 1012, 3021
1636, -9991, 1012, 1012, 3021
1637, -9991, 1013, 1013, 3021
1637, -9991, 1013, 1013, 3021
1640, -9991, 1014, 1014, 3021
1640, -9991, 1014, 1014, 3021
1640, -9989, 1015, 1015, 3021
1639, -9990, 1014, 1014, 3021
1640, -9990, 1015, 1015, 3021
1640, -9990, 1015, 1015, 3021
1640, -9990, 1015, 1015, 3023
1639, -9990, 1015, 1015, 3023
1638, -9990, 1015, 1015, 3023
1639, -9989, 1015, 1015, 3023
1640, -9990, 1015, 1015, 3023
1637, -9990, 1015, 1015, 3023
1637, -9990, 1015, 1015, 3023
1634, -9990, 1015, 1015, 3023
1634, -9989, 1015, 1015, 3023
1634, -9989, 1015, 1015, 3023
1636, -9991, 1015, 1015, 3023
1636, -9990, 1015, 1015, 3023
1636, -9990, 1015, 1015, 3023
1640, -9990, 1015, 1015, 3023
1638, -9990, 1014, 1014, 3023
1640, -9991, 1016, 1016, 3023
1639, -9989, 1016, 1016, 3023
1636, -9990, 1016, 1016, 3023
1636, -9990, 1016, 1016, 3023
1635, -9989, 1016, 1016, 3023
1639, -9989, 1015, 1015, 3023
1640, -9989, 1015, 1015, 3023
1639, -9989, 1016, 1016, 3023
1639, -9989, 1016, 1016, 3023
1635, -9990, 1016, 1016, 3023
1635, -9990, 1015, 1015, 3021
1636, -9990, 1016, 1016, 3021
1638, -9990, 1015, 1015, 3021
1638, -9990, 1015, 1015, 3021
1639, -9990, 1016, 1016, 3021
1640, -9989, 1015, 1015, 3021
1640, -9989, 1015, 1015, 3021
1634, -9990, 1016, 1016, 3021
1634, -9990, 1016, 1016, 3021
1636, -9991, 1015, 1015, 3021
1635, -9990, 1016, 1016, 3021
1635, -9990, 1016, 1016, 3021
1635, -9990, 1015, 1015, 3021
1635, -9990, 1015, 1015, 3021
1635, -9990, 1015, 1015, 3021
1638, -9990, 1015, 1015, 3021
1639, -9990, 1015, 1015, 3021
1641, -9989, 1016, 1016, 3021
1638, -9989, 1015, 1015, 3021
1639, -9989, 1015, 1015, 3021
1638, -9990, 1016, 1016, 3021
1634, -9990, 1015, 1015, 3021
1637, -9989, 1014, 1014, 3019
1637, -9989, 1014, 1014, 3019
1639, -9990, 1015, 1015, 3019
1639, -9990, 1015, 1015, 3019
1638, -9990, 1015, 1015, 3019
1634, -9990, 1014, 1014, 3019
1635, -9990, 1015, 1015, 3019
1635, -9990, 1015, 1015, 3019
1637, -9991, 1015, 1015, 3019
1637, -9991, 1015, 1015, 3019
1641, -9989, 1015, 1015, 3019
1640, -9990, 1015, 1015, 3019
1635, -9991, 1015, 1015, 3019
1637, -9990, 1015, 1015, 3019
1635, -9990, 1014, 1014, 3019
1637, -9991, 1015, 1015, 3019
1638, -9990, 1015, 1015, 3019
1638, -9990, 1015, 1015, 3019
1639, -9990, 1015, 1015, 3019
1640, -9991, 1015, 1015, 3019
1638, -9991, 1015, 1015, 3019
1639, -9990, 1015, 1015, 3019
1639, -9990, 1015, 1015, 3019
1637, -9991, 1015, 1015, 3019
1635, -9991, 1015, 1015, 3019
1636, -9990, 1016, 1016, 3019
1636, -9991, 1015, 1015, 3019
1635, -9990, 1015, 1015, 3019
1636, -9992, 1015, 1015, 3019
1639, -9991, 1015, 1015, 3019
1639, -9990, 1015, 1015, 3019
1638, -9992, 1015, 1015, 3019
1638, -9991, 1014, 1014, 3019
1638, -9991, 1014, 1014, 3019
1638, -9991, 1014, 1014, 3019
1638, -9990, 1015, 1015, 3019
1640, -9991, 1014, 1014, 3019
1638, -9990, 1015, 1015, 3019
1638, -9990, 1015, 1015, 3019
1635, -9991, 1015, 1015, 3019
1636, -9991, 1015, 1015, 3019
1636, -9993, 1014, 1014, 3019
1636, -9993, 1014, 1014, 3019
1636, -9992, 1014, 1014, 3019
1631, -9988, 1017, 1017, 3019
1631, -9988, 1017, 1017, 3019
1645, -9991, 1015, 1015, 3019
1876, -9953, 1245, 1245, 3019
1871, -9954, 1250, 1250, 3019
1872, -9956, 1249, 1249, 3019
1872, -9956, 1249, 1249, 3019
1871, -9956, 1247, 1247, 3019
1869, -9956, 1247, 1247, 3019
1869, -9957, 1246, 1246, 3019
1869, -9957, 1246, 1246, 3019
1868, -9956, 1246, 1246, 3019
1869, -9957, 1246, 1246, 3019
1869, -9957, 1246, 1246, 3019
1868, -9956, 1245, 1245, 3019
1868, -9957, 1245, 1245, 3019
1868, -9957, 1245, 1245, 3019
1868, -9958, 1245, 1245, 3019
1867, -9959, 1244, 1244, 3019
1868, -9958, 1244, 1244, 3019
1866, -9957, 1245, 1245, 3019
1866, -9957, 1245, 1245, 3019
1866, -9958, 1244, 1244, 3019
1867, -9959, 1244, 1244, 3019
1866, -9959, 1244, 1244, 3019
1867, -9958, 1244, 1244, 3019
1866, -9959, 1244, 1244, 3019
1866, -9959, 1243, 1243, 3019
1866, -9959, 1244, 1244, 3025
1866, -9959, 1244, 1244, 3025
1866, -9958, 1244, 1244, 3025
1866, -9959, 1243, 1243, 3025
1866, -9959, 1243, 1243, 3025
1866, -9959, 1243, 1243, 3025
1866, -9959, 1244, 1244, 3025
1865, -9958, 1243, 1243, 3025
1865, -9958, 1243, 1243, 3025
1865, -9959, 1243, 1243, 3025
1866, -9958, 1243, 1243, 3025
1866, -9958, 1243, 1243, 3025
1866, -9958, 1243, 1243, 3025
1865, -9959, 1243, 1243, 3025
1866, -9959, 1243, 1243, 3025
1864, -9959, 1242, 1242, 3025
1864, -9959, 1242, 1242, 3025
1865, -9960, 1243, 1243, 3025
1865, -9960, 1243, 1243, 3025
1864, -9959, 1242, 1242, 3025
1865, -9959, 1243, 1243, 3025
1865, -9960, 1242, 1242, 3025
1865, -9959, 1242, 1242, 3025
1864, -9961, 1242, 1242, 3025
1865, -9960, 1242, 1242, 3017
1865, -9960, 1243, 1243, 3017
1865, -9960, 1243, 1243, 3017
1865, -9961, 1243, 1243, 3017
1865, -9961, 1242, 1242, 3017
1865, -9960, 1242, 1242, 3017
1865, -9960, 1243, 1243, 3017
1865, -9959, 1243, 1243, 3017
1865, -9959, 1242, 1242, 3017
1865, -9961, 1243, 1243, 3017
1865, -9961, 1242, 1242, 3017
1865, -9960, 1242, 1242, 3017
1865, -9960, 1242, 1242, 3017
1864, -9960, 1242, 1242, 3017
1864, -9960, 1242, 1242, 3017
1864, -9960, 1242, 1242, 3017
1864, -9960, 1242, 1242, 3017
1864, -9960, 1242, 1242, 3017
1864, -9961, 1241, 1241, 3017
1864, -9961, 1241, 1241, 3017
1864, -9961, 1242, 1242, 3017
1864, -9961, 1242, 1242, 3017
1864, -9961, 1242, 1242, 3017
1864, -9961, 1242, 1242, 3017
1865, -9960, 1242, 1242, 3017
1865, -9960, 1242, 1242, 3027
1865, -9960, 1242, 1242, 3027
1866, -9960, 1243, 1243, 3027
1864, -9960, 1242, 1242, 3027
1863, -9961, 1242, 1242, 3027
1864, -9961, 1241, 1241, 3027
1864, -9961, 1241, 1241, 3027
1863, -9961, 1241, 1241, 3027
1864, -9961, 1241, 1241, 3027
1864, -9961, 1242, 1242, 3027
1864, -9960, 1242, 1242, 3027
1863, -9961, 1241, 1241, 3027
1864, -9961, 1242, 1242, 3027
1864, -9961, 1242, 1242, 3027
1863, -9961, 1242, 1242, 3027
1864, -9961, 1242, 1242, 3027
1864, -9961, 1241, 1241, 3027
1864, -9961, 1241, 1241, 3027
1864, -9961, 1242, 1242, 3027
1864, -9960, 1242, 1242, 3027
1864, -9961, 1241, 1241, 3027
1864, -9960, 1242, 1242, 3027
1864, -9961, 1241, 1241, 3027
1864, -9961, 1241, 1241, 3027
1863, -9959, 1241, 1241, 3027
1864, -9961, 1241, 1241, 3027
1864, -9961, 1242, 1242, 3027
1863, -9961, 1241, 1241, 3023
1864, -9962, 1242, 1242, 3023
1864, -9962, 1242, 1242, 3023
1863, -9961, 1241, 1241, 3023
1863, -9961, 1241, 1241, 3023
1864, -9961, 1242, 1242, 3023
1863, -9961, 1241, 1241, 3023
1864, -9961, 1241, 1241, 3023
1863, -9961, 1241, 1241, 3023
1864, -9962, 1242, 1242, 3023
1864, -9960, 1241, 1241, 3023
1863, -9962, 1241, 1241, 3023
1864, -9961, 1241, 1241, 3023
1863, -9962, 1241, 1241, 3023
1863, -9962, 1241, 1241, 3023
1863, -9962, 1241, 1241, 3023
1864, -9961, 1241, 1241, 3023
1864, -9961, 1242, 1242, 3023
1864, -9961, 1242, 1242, 3023
1863, -9962, 1241, 1241, 3023
1863, -9962, 1241, 1241, 3023
1864, -9962, 1241, 1241, 3023
1863, -9961, 1240, 1240, 3023
1621, -10002, 1024, 1024, 3023
1621, -10002, 1024, 1024, 3023
1631, -9997, 1002, 1002, 3025
1631, -9997, 1002, 1002, 3025
1627, -9997, 1005, 1005, 3025
1630, -9996, 1006, 1006, 3025
1632, -9995, 1007, 1007, 3025
1630, -9996, 1007, 1007, 3025
1628, -9997, 1009, 1009, 3025
1631, -9996, 1010, 1010, 3025
1631, -9996, 1010, 1010, 3025
1633, -9995, 1010, 1010, 3025
1633, -9995, 1010, 1010, 3025
1631, -9995, 1010, 1010, 3025
1631, -9995, 1010, 1010, 3025
1633, -9995, 1010, 1010, 3025
1633, -9995, 1010, 1010, 3025
1635, -9995, 1010, 1010, 3025
1633, -9994, 1011, 1011, 3025
1634, -9995, 1011, 1011, 3025
1634, -9995, 1011, 1011, 3025
1631, -9996, 1011, 1011, 3025
1630, -9996, 1010, 1010, 3025
1632, -9995, 1010, 1010, 3025
1632, -9995, 1010, 1010, 3025
1637, -9995, 1011, 1011, 3025
1636, -9995, 1010, 1010, 3025
1635, -9995, 1011, 1011, 3021
1635, -9994, 1010, 1010, 3021
1631, -9996, 1010, 1010, 3021
1631, -9996, 1010, 1010, 3021
1630, -9995, 1010, 1010, 3021
1630, -9995, 1010, 1010, 3021
1634, -9996, 1011, 1011, 3021
1631, -9995, 1009, 1009, 3021
1631, -9995, 1009, 1009, 3021
1636, -9995, 1010, 1010, 3021
1632, -9995, 1010, 1010, 3021
1632, -9995, 1011, 1011, 3021
1631, -9995, 1010, 1010, 3021
1631, -9994, 1011, 1011, 3021
1632, -9995, 1011, 1011, 3021
1632, -9995, 1011, 1011, 3021
1632, -9995, 1011, 1011, 3021
1631, -9996, 1010, 1010, 3021
1631, -9996, 1010, 1010, 3021
1631, -9995, 1010, 1010, 3021
1632, -9996, 1011, 1011, 3021
1632, -9996, 1010, 1010, 3021
1633, -9996, 1010, 1010, 3021
1633, -9995, 1010, 1010, 3023
1633, -9995, 1010, 1010, 3023
1630, -9996, 1010, 1010, 3023
1630, -9997, 1010, 1010, 3023
1630, -9997, 1010, 1010, 3023
1630, -9996, 1011, 1011, 3023
1632, -9996, 1010, 1010, 3023
1630, -9996, 1011, 1011, 3023
1630, -9996, 1011, 1011, 3023
1634, -9995, 1011, 1011, 3023
1634, -9995, 1009, 1009, 3023
1634, -9995, 1009, 1009, 3023
1635, -9994, 1010, 1010, 3023
1634, -9995, 1010, 1010, 3023
1634, -9995, 1010, 1010, 3023
1628, -9996, 1010, 1010, 3023
1631, -9996, 1010, 1010, 3023
1630, -9996, 1011, 1011, 3023
1630, -9996, 1011, 1011, 3023
1630, -9995, 1010, 1010, 3023
1630, -9996, 1010, 1010, 3023
1630, -9996, 1010, 1010, 3023
1634, -9997, 1010, 1010, 3023
1634, -9997, 1010, 1010, 3023
1634, -9996, 1011, 1011, 3021
1635, -9997, 1011, 1011, 3021
1634, -9995, 1010, 1010, 3021
1634, -9995, 1010, 1010, 3021
1636, -9995, 1010, 1010, 3021
1633, -9995, 1010, 1010, 3021
1633, -9995, 1010, 1010, 3021
1630, -9996, 1010, 1010, 3021
1628, -9996, 1010, 1010, 3021
1631, -9996, 1010, 1010, 3021
1630, -9996, 1010, 1010, 3021
1630, -9996, 1010, 1010, 3021
1633, -9996, 1010, 1010, 3021
1632, -9996, 1009, 1009, 3021
1632, -9996, 1009, 1009, 3021
1631, -9995, 1009, 1009, 3021
1635, -9996, 1009, 1009, 3021
1634, -9996, 1010, 1010, 3021
1634, -9996, 1009, 1009, 3021
1629, -9995, 1010, 1010, 3021
1631, -9996, 1010, 1010, 3021
1630, -9996, 1010, 1010, 3021
1630, -9997, 1010, 1010, 3017
1630, -9997, 1010, 1010, 3017
1629, -9996, 1009, 1009, 3017
1629, -9996, 1009, 1009, 3017
1630, -9997, 1009, 1009, 3017
1630, -9997, 1009, 1009, 3017
1630, -9996, 1009, 1009, 3017
1632, -9996, 1009, 1009, 3017
1645, -9998, 1012, 1012, 3017
1645, -9998, 1012, 1012, 3017
1869, -9958, 1247, 1247, 3017
1869, -9958, 1247, 1247, 3017
1868, -9959, 1246, 1246, 3017
1866, -9960, 1243, 1243, 3017
1864, -9962, 1242, 1242, 3017
1864, -9962, 1242, 1242, 3017
1865, -9961, 1242, 1242, 3017
1864, -9961, 1242, 1242, 3017
1864, -9961, 1242, 1242, 3017
1863, -9961, 1241, 1241, 3017
1863, -9962, 1241, 1241, 3017
1863, -9962, 1241, 1241, 3017
1863, -9962, 1240, 1240, 3017
1863, -9962, 1240, 1240, 3017
1863, -9962, 1240, 1240, 3017
1862, -9962, 1240, 1240, 3017
1862, -9962, 1240, 1240, 3017
1861, -9962, 1239, 1239, 3017
1863, -9963, 1239, 1239, 3017
1863, -9963, 1239, 1239, 3017
1862, -9963, 1239, 1239, 3017
1861, -9963, 1239, 1239, 3017
1861, -9963, 1239, 1239, 3017
1861, -9963, 1239, 1239, 3017
1861, -9963, 1239, 1239, 3017
1862, -9964, 1239, 1239, 3017
1861, -9963, 1238, 1238, 3017
1860, -9964, 1238, 1238, 3017
1861, -9964, 1238, 1238, 3017
1861, -9963, 1238, 1238, 3017
1861, -9964, 1238, 1238, 3017
1861, -9964, 1238, 1238, 3017
1860, -9964, 1238, 1238, 3017
1861, -9965, 1238, 1238, 3017
1861, -9965, 1238, 1238, 3017
1860, -9964, 1238, 1238, 3017
1862, -9964, 1238, 1238, 3017
1861, -9964, 1239, 1239, 3017
1860, -9964, 1238, 1238, 3017
1860, -9964, 1238, 1238, 3017
1862, -9964, 1238, 1238, 3017
1860, -9964, 1237, 1237, 3017
1860, -9966, 1238, 1238, 3023
1860, -9966, 1238, 1238, 3023
1860, -9965, 1238, 1238, 3023
1860, -9964, 1238, 1238, 3023
1860, -9965, 1238, 1238, 3023
1860, -9965, 1238, 1238, 3023
1859, -9965, 1237, 1237, 3023
1859, -9965, 1237, 1237, 3023
1859, -9965, 1237, 1237, 3023
1860, -9964, 1238, 1238, 3023
1860, -9965, 1237, 1237, 3023
1859, -9963, 1237, 1237, 3023
1860, -9965, 1237, 1237, 3023
1860, -9965, 1237, 1237, 3023
1860, -9966, 1237, 1237, 3023
1860, -9966, 1237, 1237, 3023
1859, -9966, 1237, 1237, 3023
1859, -9965, 1237, 1237, 3023
1860, -9965, 1237, 1237, 3023
1859, -9965, 1237, 1237, 3023
1859, -9965, 1237, 1237, 3023
1860, -9965, 1237, 1237, 3023
1859, -9965, 1237, 1237, 3023
1859, -9965, 1237, 1237, 3023
1860, -9965, 1237, 1237, 3023
1860, -9966, 1237, 1237, 3023
1859, -9965, 1237, 1237, 3019
1859, -9965, 1236, 1236, 3019
1859, -9966, 1236, 1236, 3019
1859, -9965, 1237, 1237, 3019
1859, -9965, 1236, 1236, 3019
1859, -9965, 1236, 1236, 3019
1859, -9965, 1237, 1237, 3019
1859, -9965, 1237, 1237, 3019
1859, -9966, 1237, 1237, 3019
1859, -9965, 1237, 1237, 3019
1859, -9965, 1237, 1237, 3019
1858, -9966, 1236, 1236, 3019
1858, -9966, 1236, 1236, 3019
1859, -9966, 1236, 1236, 3019
1858, -9966, 1236, 1236, 3019
1859, -9966, 1236, 1236, 3019
1859, -9965, 1237, 1237, 3019
1859, -9967, 1236, 1236, 3019
1859, -9967, 1236, 1236, 3019
1858, -9966, 1236, 1236, 3019
1858, -9966, 1236, 1236, 3019
1859, -9966, 1236, 1236, 3019
1857, -9965, 1235, 1235, 3019
1859, -9966, 1236, 1236, 3019
1858, -9966, 1236, 1236, 3013
1857, -9966, 1236, 1236, 3013
1858, -9966, 1236, 1236, 3013
1858, -9966, 1236, 1236, 3013
1858, -9967, 1236, 1236, 3013
1858, -9967, 1236, 1236, 3013
1858, -9966, 1235, 1235, 3013
1858, -9966, 1236, 1236, 3013
1859, -9966, 1236, 1236, 3013
1858, -9966, 1235, 1235, 3013
1858, -9966, 1236, 1236, 3013
1857, -9966, 1235, 1235, 3013
1857, -9966, 1235, 1235, 3013
1858, -9966, 1235, 1235, 3013
1858, -9966, 1235, 1235, 3013
1858, -9966, 1235, 1235, 3013
1857, -9967, 1235, 1235, 3013
1858, -9966, 1235, 1235, 3013
1858, -9966, 1236, 1236, 3013
1858, -9966, 1235, 1235, 3013
1858, -9966, 1235, 1235, 3013
1858, -9967, 1236, 1236, 3013
1859, -9967, 1236, 1236, 3013
1860, -9966, 1237, 1237, 3013
1858, -9967, 1236, 1236, 3013
1859, -9967, 1236, 1236, 3021
1858, -9967, 1236, 1236, 3021
1858, -9967, 1236, 1236, 3021
1859, -9966, 1236, 1236, 3021
1858, -9966, 1236, 1236, 3021
1858, -9967, 1235, 1235, 3021
1858, -9967, 1235, 1235, 3021
1858, -9967, 1236, 1236, 3021
1859, -9966, 1236, 1236, 3021
1857, -9967, 1236, 1236, 3021
1857, -9967, 1236, 1236, 3021
1858, -9966, 1236, 1236, 3021
1858, -9966, 1235, 1235, 3021
1857, -9968, 1235, 1235, 3021
1858, -9967, 1235, 1235, 3021
1858, -9967, 1235, 1235, 3021
1857, -9968, 1235, 1235, 3021
1857, -9967, 1235, 1235, 3021
1857, -9968, 1235, 1235, 3021
1857, -9968, 1235, 1235, 3021
1856, -9967, 1235, 1235, 3021
1857, -9967, 1235, 1235, 3021
1858, -9968, 1235, 1235, 3021
1857, -9968, 1235, 1235, 3021
1858, -9966, 1235, 1235, 3021
1857, -9968, 1235, 1235, 3021
1857, -9968, 1235, 1235, 3021
1857, -9967, 1235, 1235, 3021
1857, -9968, 1235, 1235, 3021
1857, -9968, 1235, 1235, 3021
1858, -9967, 1235, 1235, 3021
1858, -9967, 1235, 1235, 3021
1858, -9967, 1235, 1235, 3021
1857, -9967, 1235, 1235, 3021
1857, -9967, 1235, 1235, 3021
1858, -9968, 1235, 1235, 3021
1857, -9968, 1234, 1234, 3021
1857, -9968, 1235, 1235, 3021
1856, -9968, 1235, 1235, 3021
1857, -9967, 1234, 1234, 3021
1857, -9967, 1234, 1234, 3021
1857, -9967, 1234, 1234, 3021
1857, -9967, 1235, 1235, 3021
1857, -9967, 1235, 1235, 3021
1857, -9967, 1235, 1235, 3021
1857, -9967, 1235, 1235, 3021
1856, -9968, 1234, 1234, 3021
1856, -9968, 1234, 1234, 3021
1857, -9968, 1235, 1235, 3021
1857, -9968, 1235, 1235, 3021
1858, -9968, 1235, 1235, 3017
1857, -9969, 1234, 1234, 3017
1858, -9969, 1235, 1235, 3017
1857, -9968, 1235, 1235, 3017
1857, -9968, 1235, 1235, 3017
1857, -9968, 1235, 1235, 3017
1857, -9968, 1235, 1235, 3017
1857, -9968, 1235, 1235, 3017
1857, -9968, 1235, 1235, 3017
1857, -9968, 1235, 1235, 3017
1858, -9968, 1235, 1235, 3017
1856, -9968, 1234, 1234, 3017
1856, -9968, 1234, 1234, 3017
1856, -9968, 1234, 1234, 3017
1857, -9968, 1234, 1234, 3017
1857, -9968, 1235, 1235, 3017
1857, -9968, 1235, 1235, 3017
1856, -9968, 1234, 1234, 3017
1856, -9968, 1234, 1234, 3017
1856, -9968, 1234, 1234, 3017
1857, -9968, 1234, 1234, 3017
1857, -9969, 1234, 1234, 3017
1856, -9968, 1234, 1234, 3017
1856, -9969, 1234, 1234, 3017
1856, -9967, 1234, 1234, 3017
1856, -9968, 1234, 1234, 3017
1856, -9969, 1233, 1233, 3017
1856, -9969, 1233, 1233, 3017
1856, -9968, 1234, 1234, 3017
1856, -9969, 1234, 1234, 3017
1856, -9968, 1234, 1234, 3017
1856, -9968, 1234, 1234, 3017
1856, -9968, 1234, 1234, 3017
1856, -9968, 1234, 1234, 3017
1856, -9969, 1234, 1234, 3017
1856, -9969, 1234, 1234, 3017
1855, -9968, 1233, 1233, 3017
1855, -9968, 1233, 1233, 3017
1856, -9968, 1234, 1234, 3017
1856, -9969, 1234, 1234, 3017
