1739, -9682, 1117, 1117, 5004
1739, -9683, 1117, 1117, 5004
1740, -9681, 1117, 1117, 5004
1740, -9682, 1117, 1117, 5004
1740, -9682, 1117, 1117, 5004
1739, -9682, 1117, 1117, 5004
1739, -9682, 1117, 1117, 5004
1739, -9682, 1116, 1116, 5004
1739, -9682, 1116, 1116, 5004
1739, -9682, 1117, 1117, 5004
1738, -9682, 1116, 1116, 5004
1740, -9682, 1117, 1117, 5004
1740, -9682, 1117, 1117, 5004
1740, -9682, 1117, 1117, 5004
1739, -9683, 1117, 1117, 5004
1739, -9683, 1117, 1117, 5004
1739, -9682, 1117, 1117, 5004
1739, -9682, 1117, 1117, 5004
1739, -9683, 1117, 1117, 5004
1739, -9684, 1117, 1117, 5004
1738, -9684, 1117, 1117, 5014
1739, -9682, 1116, 1116, 5014
1738, -9682, 1117, 1117, 5014
1740, -9683, 1117, 1117, 5014
1740, -9683, 1117, 1117, 5014
1739, -9682, 1117, 1117, 5014
1739, -9682, 1117, 1117, 5014
1739, -9682, 1117, 1117, 5014
1739, -9683, 1117, 1117, 5014
1739, -9683, 1117, 1117, 5014
1739, -9683, 1117, 1117, 5014
1739, -9683, 1117, 1117, 5014
1739, -9683, 1117, 1117, 5014
1739, -9683, 1117, 1117, 5014
1739, -9683, 1117, 1117, 5014
1739, -9683, 1117, 1117, 5014
1739, -9683, 1117, 1117, 5014
1738, -9682, 1117, 1117, 5014
1739, -9682, 1117, 1117, 5014
1739, -9682, 1117, 1117, 5014
1740, -9683, 1117, 1117, 5014
1739, -9682, 1117, 1117, 5014
1740, -9682, 1118, 1118, 5014
1740, -9682, 1118, 1118, 5014
1740, -9682, 1118, 1118, 5014
1740, -9683, 1117, 1117, 5014
1739, -9683, 1117, 1117, 5016
1739, -9683, 1117, 1117, 5016
1740, -9683, 1117, 1117, 5016
1740, -9683, 1117, 1117, 5016
1740, -9682, 1117, 1117, 5016
1740, -9682, 1118, 1118, 5016
1740, -9682, 1118, 1118, 5016
1739, -9682, 1117, 1117, 5016
1739, -9682, 1117, 1117, 5016
1739, -9682, 1117, 1117, 5016
1739, -9682, 1117, 1117, 5016
1740, -9682, 1118, 1118, 5016
1739, -9682, 1117, 1117, 5016
1739, -9682, 1117, 1117, 5016
1739, -9683, 1117, 1117, 5016
1741, -9681, 1118, 1118, 5016
1741, -9681, 1118, 1118, 5016
1741, -9682, 1118, 1118, 5016
1740, -9682, 1118, 1118, 5016
1741, -9682, 1118, 1118, 5016
1740, -9682, 1118, 1118, 5016
1740, -9682, 1118, 1118, 5016
1741, -9682, 1118, 1118, 5016
1739, -9683, 1117, 1117, 5016
1739, -9682, 1117, 1117, 5016
1741, -9681, 1118, 1118, 5006
1741, -9681, 1118, 1118, 5006
1741, -9682, 1118, 1118, 5006
1740, -9681, 1118, 1118, 5006
1740, -9681, 1118, 1118, 5006
1740, -9682, 1118, 1118, 5006
1741, -9682, 1118, 1118, 5006
1740, -9683, 1118, 1118, 5006
1740, -9682, 1118, 1118, 5006
1741, -9682, 1118, 1118, 5006
1741, -9682, 1118, 1118, 5006
1741, -9683, 1119, 1119, 5006
1740, -9682, 1119, 1119, 5006
1740, -9682, 1119, 1119, 5006
1740, -9682, 1118, 1118, 5006
1741, -9683, 1118, 1118, 5006
1740, -9683, 1118, 1118, 5006
1741, -9683, 1118, 1118, 5006
1741, -9682, 1118, 1118, 5006
1740, -9682, 1118, 1118, 5006
1740, -9681, 1118, 1118, 5006
1741, -9683, 1119, 1119, 5000
1741, -9682, 1119, 1119, 5000
1742, -9682, 1119, 1119, 5000
1598, -9702, 984, 984, 5000
1598, -9702, 984, 984, 5000
1608, -9699, 993, 993, 5000
1612, -9698, 992, 992, 5000
1614, -9698, 994, 994, 5000
1618, -9698, 995, 995, 5000
1613, -9699, 995, 995, 5000
1619, -9698, 996, 996, 5000
1619, -9696, 996, 996, 5000
1619, -9696, 996, 996, 5000
1619, -9696, 997, 997, 5000
1619, -9696, 997, 997, 5000
1618, -9697, 996, 996, 5000
1618, -9697, 997, 997, 5000
1618, -9697, 997, 997, 5000
1624, -9697, 997, 997, 5000
1618, -9697, 997, 997, 5000
1618, -9697, 997, 997, 5000
1616, -9697, 997, 997, 5000
1617, -9698, 997, 997, 5000
1618, -9696, 998, 998, 5000
1618, -9696, 998, 998, 5000
1618, -9696, 998, 998, 5000
1618, -9697, 998, 998, 5000
1618, -9697, 998, 998, 5000
1617, -9696, 998, 998, 5000
1617, -9697, 998, 998, 5000
1618, -9698, 999, 999, 5000
1618, -9697, 999, 999, 5000
1619, -9697, 998, 998, 5000
1618, -9697, 998, 998, 5000
1619, -9697, 999, 999, 5000
1619, -9697, 999, 999, 5000
1620, -9697, 999, 999, 5000
1620, -9697, 999, 999, 5000
1618, -9696, 998, 998, 5000
1620, -9696, 999, 999, 5000
1621, -9697, 999, 999, 5000
1621, -9697, 999, 999, 5000
1624, -9696, 999, 999, 5000
1624, -9696, 999, 999, 5000
1625, -9696, 999, 999, 5000
1625, -9696, 1001, 1001, 4992
1624, -9696, 999, 999, 4992
1621, -9697, 999, 999, 4992
1625, -9696, 1000, 1000, 4992
1626, -9696, 1000, 1000, 4992
1625, -9697, 1000, 1000, 4992
1625, -9696, 1000, 1000, 4992
1625, -9696, 1000, 1000, 4992
1625, -9695, 1000, 1000, 4992
1623, -9696, 1000, 1000, 4992
1624, -9697, 1000, 1000, 4992
1623, -9695, 1000, 1000, 4992
1623, -9695, 1000, 1000, 4992
1622, -9696, 1000, 1000, 4992
1620, -9696, 1000, 1000, 4992
1620, -9696, 1000, 1000, 4992
1622, -9696, 1000, 1000, 4992
1619, -9696, 1000, 1000, 4992
1620, -9696, 1001, 1001, 4992
1622, -9695, 1001, 1001, 4992
1622, -9695, 1001, 1001, 4994
1622, -9696, 1001, 1001, 4994
1621, -9697, 1001, 1001, 4994
1626, -9695, 1001, 1001, 4994
1625, -9695, 1001, 1001, 4994
1626, -9695, 1001, 1001, 4994
1624, -9696, 1002, 1002, 4994
1624, -9696, 1002, 1002, 4994
1623, -9696, 1001, 1001, 4994
1623, -9695, 1001, 1001, 4994
1623, -9695, 1001, 1001, 4994
1622, -9696, 1000, 1000, 4994
1622, -9697, 1001, 1001, 4994
1622, -9697, 1001, 1001, 4994
1626, -9695, 1000, 1000, 4994
1622, -9695, 1001, 1001, 4994
1622, -9695, 1002, 1002, 4994
1621, -9696, 1001, 1001, 4994
1621, -9696, 1001, 1001, 4994
1621, -9696, 1002, 1002, 4994
1622, -9696, 1001, 1001, 4994
1623, -9696, 1001, 1001, 4994
1622, -9696, 1001, 1001, 4994
1623, -9696, 1001, 1001, 4994
1625, -9696, 1001, 1001, 4994
1625, -9696, 1001, 1001, 4994
1626, -9696, 1001, 1001, 4994
1628, -9695, 1001, 1001, 4994
1628, -9695, 1001, 1001, 4994
1624, -9696, 1002, 1002, 4994
1623, -9696, 1002, 1002, 4994
1621, -9697, 1002, 1002, 4994
1621, -9696, 1002, 1002, 4994
1621, -9697, 1002, 1002, 4994
1625, -9697, 1002, 1002, 4994
1625, -9697, 1002, 1002, 4994
1626, -9696, 1002, 1002, 4994
1625, -9696, 1002, 1002, 4994
1614, -9695, 999, 999, 4994
1753, -9679, 1133, 1133, 4994
1753, -9679, 1133, 1133, 4994
1749, -9679, 1127, 1127, 4994
1749, -9680, 1126, 1126, 4994
1749, -9680, 1126, 1126, 4994
1748, -9679, 1126, 1126, 4994
1747, -9680, 1125, 1125, 4994
1747, -9680, 1125, 1125, 4994
1747, -9680, 1125, 1125, 4998
1747, -9680, 1124, 1124, 4998
1747, -9680, 1124, 1124, 4998
1747, -9680, 1125, 1125, 4998
1747, -9680, 1125, 1125, 4998
1747, -9680, 1124, 1124, 4998
1746, -9679, 1124, 1124, 4998
1747, -9680, 1124, 1124, 4998
1746, -9680, 1124, 1124, 4998
1745, -9681, 1123, 1123, 4998
1746, -9681, 1123, 1123, 4998
1746, -9680, 1123, 1123, 4998
1746, -9680, 1123, 1123, 4998
1746, -9680, 1123, 1123, 4998
1746, -9681, 1124, 1124, 4998
1745, -9680, 1123, 1123, 4998
1744, -9681, 1123, 1123, 4998
1745, -9680, 1123, 1123, 4998
1745, -9679, 1123, 1123, 4998
1745, -9679, 1123, 1123, 4998
1745, -9680, 1122, 1122, 4998
1745, -9680, 1122, 1122, 4998
1746, -9681, 1122, 1122, 4998
1744, -9681, 1122, 1122, 4992
1744, -9681, 1122, 1122, 4992
1744, -9681, 1122, 1122, 4992
1744, -9681, 1122, 1122, 4992
1744, -9680, 1122, 1122, 4992
1744, -9680, 1122, 1122, 4992
1744, -9681, 1122, 1122, 4992
1745, -9679, 1122, 1122, 4992
1744, -9681, 1122, 1122, 4992
1744, -9681, 1122, 1122, 4992
1745, -9680, 1122, 1122, 4992
1745, -9680, 1122, 1122, 4992
1745, -9680, 1122, 1122, 4992
1745, -9680, 1122, 1122, 4992
1744, -9681, 1122, 1122, 4992
1745, -9680, 1122, 1122, 4992
1744, -9680, 1122, 1122, 4992
1745, -9681, 1122, 1122, 4992
1744, -9681, 1122, 1122, 4992
1745, -9680, 1122, 1122, 4992
1745, -9680, 1122, 1122, 4992
1744, -9681, 1122, 1122, 4992
1744, -9681, 1122, 1122, 4992
1743, -9682, 1121, 1121, 4992
1743, -9682, 1121, 1121, 4992
1744, -9681, 1122, 1122, 4992
1744, -9682, 1122, 1122, 4992
1744, -9681, 1122, 1122, 4992
1744, -9681, 1122, 1122, 4992
1744, -9681, 1121, 1121, 4992
1744, -9681, 1122, 1122, 4992
1744, -9681, 1122, 1122, 4992
1744, -9681, 1122, 1122, 4992
1744, -9681, 1122, 1122, 4992
1744, -9680, 1122, 1122, 4992
1744, -9681, 1122, 1122, 4992
1744, -9681, 1122, 1122, 4992
1744, -9680, 1122, 1122, 4992
1744, -9680, 1122, 1122, 4992
1744, -9680, 1122, 1122, 4992
1744, -9680, 1122, 1122, 4992
1744, -9680, 1121, 1121, 4992
1744, -9680, 1121, 1121, 4992
1744, -9682, 1122, 1122, 4992
1744, -9682, 1122, 1122, 4992
1744, -9680, 1122, 1122, 4992
1744, -9680, 1122, 1122, 4992
1744, -9680, 1122, 1122, 4992
1744, -9681, 1121, 1121, 4981
1743, -9681, 1121, 1121, 4981
1743, -9681, 1121, 1121, 4981
1744, -9681, 1121, 1121, 4981
1744, -9681, 1121, 1121, 4981
1744, -9681, 1121, 1121, 4981
1744, -9681, 1121, 1121, 4981
1744, -9681, 1121, 1121, 4981
1743, -9681, 1121, 1121, 4981
1743, -9680, 1120, 1120, 4981
1744, -9680, 1121, 1121, 4981
1744, -9681, 1121, 1121, 4981
1744, -9680, 1121, 1121, 4981
1744, -9681, 1122, 1122, 4981
1744, -9681, 1122, 1122, 4981
1744, -9681, 1122, 1122, 4981
1743, -9681, 1121, 1121, 4981
1743, -9681, 1121, 1121, 4981
1744, -9681, 1122, 1122, 4981
1744, -9681, 1122, 1122, 4981
1744, -9682, 1121, 1121, 4981
1744, -9682, 1121, 1121, 4981
1744, -9681, 1122, 1122, 4981
1744, -9681, 1121, 1121, 4981
1743, -9681, 1121, 1121, 4981
1744, -9681, 1121, 1121, 4981
1742, -9681, 1121, 1121, 4981
1742, -9681, 1121, 1121, 4981
1744, -9680, 1121, 1121, 4981
1744, -9681, 1122, 1122, 4981
1743, -9681, 1121, 1121, 4981
1743, -9681, 1121, 1121, 4981
1743, -9680, 1121, 1121, 4981
1744, -9682, 1121, 1121, 4981
1743, -9681, 1121, 1121, 4981
1743, -9681, 1121, 1121, 4981
1743, -9680, 1121, 1121, 4981
1630, -9698, 973, 973, 4981
1616, -9696, 990, 990, 4981
1616, -9696, 990, 990, 4981
1613, -9697, 996, 996, 4981
1613, -9697, 996, 996, 4981
1617, -9697, 997, 997, 4981
1617, -9697, 997, 997, 4981
1617, -9697, 998, 998, 4981
1622, -9697, 998, 998, 4981
1620, -9697, 997, 997, 4971
1620, -9697, 998, 998, 4971
1620, -9697, 998, 998, 4971
1619, -9696, 998, 998, 4971
1624, -9695, 999, 999, 4971
1624, -9695, 999, 999, 4971
1625, -9695, 999, 999, 4971
1620, -9696, 1000, 1000, 4971
1621, -9695, 1000, 1000, 4971
1619, -9696, 999, 999, 4971
1619, -9696, 999, 999, 4971
1619, -9696, 1000, 1000, 4971
1619, -9696, 1000, 1000, 4971
1620, -9696, 1000, 1000, 4971
1621, -9696, 1001, 1001, 4971
1624, -9695, 1001, 1001, 4971
1624, -9695, 1001, 1001, 4971
1623, -9696, 1000, 1000, 4971
1626, -9695, 1001, 1001, 4971
1626, -9695, 1001, 1001, 4971
1626, -9696, 1000, 1000, 4971
1627, -9695, 1001, 1001, 4971
1622, -9696, 1001, 1001, 4971
1622, -9696, 1002, 1002, 4971
1622, -9696, 1002, 1002, 4971
1620, -9697, 1001, 1001, 4983
1620, -9696, 1001, 1001, 4983
1621, -9696, 1002, 1002, 4983
1621, -9696, 1002, 1002, 4983
1626, -9697, 1001, 1001, 4983
1626, -9696, 1002, 1002, 4983
1627, -9694, 1002, 1002, 4983
1627, -9694, 1002, 1002, 4983
1628, -9695, 1002, 1002, 4983
1627, -9695, 1002, 1002, 4983
1628, -9695, 1001, 1001, 4983
1628, -9695, 1001, 1001, 4983
1622, -9695, 1002, 1002, 4983
1626, -9696, 1002, 1002, 4983
1626, -9694, 1001, 1001, 4983
1626, -9695, 1001, 1001, 4983
1626, -9695, 1001, 1001, 4983
1626, -9695, 1001, 1001, 4983
1626, -9695, 1001, 1001, 4983
1625, -9696, 1001, 1001, 4983
1625, -9695, 1002, 1002, 4983
1626, -9696, 1001, 1001, 4979
1626, -9696, 1001, 1001, 4979
1623, -9696, 1002, 1002, 4979
1622, -9695, 1002, 1002, 4979
1622, -9695, 1002, 1002, 4979
1622, -9697, 1002, 1002, 4979
1622, -9696, 1002, 1002, 4979
1621, -9695, 1001, 1001, 4979
1621, -9695, 1001, 1001, 4979
1627, -9695, 1002, 1002, 4979
1625, -9696, 1001, 1001, 4979
1625, -9696, 1001, 1001, 4979
1628, -9694, 1002, 1002, 4979
1628, -9694, 1002, 1002, 4979
1626, -9694, 1001, 1001, 4979
1627, -9695, 1001, 1001, 4979
1627, -9695, 1001, 1001, 4979
1627, -9695, 1001, 1001, 4979
1623, -9696, 1003, 1003, 4979
1621, -9695, 1002, 1002, 4979
1621, -9695, 1002, 1002, 4979
1622, -9695, 1000, 1000, 4977
1627, -9696, 1002, 1002, 4977
1627, -9694, 1001, 1001, 4977
1627, -9694, 1001, 1001, 4977
1622, -9695, 1002, 1002, 4977
1622, -9695, 1002, 1002, 4977
1620, -9696, 1001, 1001, 4977
1620, -9696, 1001, 1001, 4977
1627, -9694, 1002, 1002, 4977
1626, -9695, 1001, 1001, 4977
1625, -9695, 1002, 1002, 4977
1625, -9695, 1002, 1002, 4977
1625, -9695, 1002, 1002, 4977
1624, -9695, 1002, 1002, 4977
1620, -9695, 1002, 1002, 4977
1620, -9695, 1002, 1002, 4977
1621, -9696, 1002, 1002, 4977
1621, -9696, 1002, 1002, 4977
1627, -9696, 1002, 1002, 4977
1623, -9695, 1002, 1002, 4977
1622, -9695, 1002, 1002, 4977
1622, -9695, 1002, 1002, 4977
1626, -9695, 1002, 1002, 4977
1626, -9695, 1002, 1002, 4977
1626, -9695, 1002, 1002, 4977
1642, -9696, 1006, 1006, 4977
1753, -9679, 1132, 1132, 4977
1750, -9679, 1128, 1128, 4977
1748, -9679, 1127, 1127, 4977
1748, -9679, 1127, 1127, 4977
1749, -9679, 1127, 1127, 4977
1749, -9680, 1127, 1127, 4977
1748, -9680, 1126, 1126, 4977
1747, -9680, 1125, 1125, 4977
1747, -9679, 1125, 1125, 4977
1747, -9679, 1125, 1125, 4977
1746, -9680, 1125, 1125, 4977
1747, -9679, 1125, 1125, 4977
1747, -9679, 1125, 1125, 4977
1747, -9680, 1124, 1124, 4977
1746, -9680, 1124, 1124, 4977
1746, -9679, 1124, 1124, 4977
1746, -9679, 1124, 1124, 4977
1746, -9679, 1123, 1123, 4977
1746, -9680, 1123, 1123, 4977
1745, -9680, 1123, 1123, 4977
1745, -9680, 1123, 1123, 4977
1745, -9680, 1123, 1123, 4973
1746, -9680, 1123, 1123, 4973
1746, -9680, 1123, 1123, 4973
1745, -9681, 1123, 1123, 4973
1746, -9680, 1124, 1124, 4973
1744, -9680, 1123, 1123, 4973
1746, -9681, 1123, 1123, 4973
1746, -9681, 1123, 1123, 4973
1745, -9681, 1123, 1123, 4973
1745, -9680, 1123, 1123, 4973
1745, -9680, 1123, 1123, 4973
1745, -9681, 1122, 1122, 4973
1744, -9680, 1122, 1122, 4973
1744, -9680, 1122, 1122, 4973
1745, -9680, 1122, 1122, 4973
1745, -9680, 1122, 1122, 4973
1745, -9680, 1122, 1122, 4973
1745, -9681, 1122, 1122, 4973
1744, -9681, 1122, 1122, 4973
1744, -9681, 1122, 1122, 4973
1745, -9681, 1122, 1122, 4973
1744, -9681, 1121, 1121, 4973
1745, -9681, 1122, 1122, 4973
1745, -9680, 1122, 1122, 4981
1745, -9680, 1122, 1122, 4981
1744, -9680, 1122, 1122, 4981
1744, -9680, 1122, 1122, 4981
1744, -9680, 1122, 1122, 4981
1745, -9681, 1122, 1122, 4981
1745, -9681, 1122, 1122, 4981
1743, -9680, 1122, 1122, 4981
1744, -9681, 1122, 1122, 4981
1745, -9682, 1122, 1122, 4981
1744, -9680, 1121, 1121, 4981
1745, -9681, 1122, 1122, 4981
1744, -9682, 1122, 1122, 4981
1744, -9681, 1122, 1122, 4981
1744, -9680, 1121, 1121, 4981
1744, -9681, 1122, 1122, 4981
1744, -9680, 1122, 1122, 4981
1745, -9680, 1122, 1122, 4981
1745, -9680, 1122, 1122, 4981
1744, -9680, 1122, 1122, 4981
1744, -9680, 1121, 1121, 4981
1743, -9680, 1121, 1121, 4981
1743, -9681, 1121, 1121, 4981
1744, -9680, 1121, 1121, 4981
1743, -9681, 1121, 1121, 4981
1742, -9681, 1120, 1120, 4981
1744, -9680, 1121, 1121, 4969
1744, -9680, 1121, 1121, 4969
1743, -9680, 1121, 1121, 4969
1743, -9680, 1121, 1121, 4969
1744, -9682, 1121, 1121, 4969
1744, -9681, 1121, 1121, 4969
1744, -9681, 1121, 1121, 4969
1744, -9681, 1121, 1121, 4969
1744, -9680, 1121, 1121, 4969
1743, -9680, 1121, 1121, 4969
1743, -9680, 1121, 1121, 4969
1743, -9681, 1121, 1121, 4969
1744, -9680, 1121, 1121, 4969
1744, -9680, 1121, 1121, 4969
1744, -9681, 1121, 1121, 4969
1743, -9680, 1121, 1121, 4969
1742, -9681, 1121, 1121, 4969
1742, -9681, 1121, 1121, 4969
1743, -9681, 1121, 1121, 4969
1745, -9681, 1121, 1121, 4969
1745, -9681, 1122, 1122, 4969
1744, -9682, 1122, 1122, 4969
1743, -9681, 1121, 1121, 4975
1743, -9681, 1121, 1121, 4975
1743, -9681, 1121, 1121, 4975
1743, -9681, 1121, 1121, 4975
1744, -9682, 1121, 1121, 4975
1744, -9682, 1121, 1121, 4975
1744, -9681, 1121, 1121, 4975
1744, -9681, 1122, 1122, 4975
1744, -9680, 1121, 1121, 4975
1744, -9680, 1121, 1121, 4975
1744, -9680, 1121, 1121, 4975
1743, -9681, 1121, 1121, 4975
1743, -9681, 1121, 1121, 4975
1744, -9682, 1121, 1121, 4975
1742, -9680, 1121, 1121, 4975
1744, -9680, 1121, 1121, 4975
1744, -9680, 1121, 1121, 4975
1744, -9681, 1121, 1121, 4975
1744, -9681, 1122, 1122, 4975
1744, -9682, 1121, 1121, 4975
1744, -9681, 1121, 1121, 4975
1744, -9681, 1121, 1121, 4975
1743, -9681, 1121, 1121, 4975
1743, -9682, 1121, 1121, 4975
1743, -9681, 1121, 1121, 4979
1743, -9681, 1120, 1120, 4979
1743, -9681, 1121, 1121, 4979
1743, -9681, 1121, 1121, 4979
1678, -9700, 1015, 1015, 4979
1618, -9698, 985, 985, 4979
1616, -9698, 995, 995, 4979
1614, -9698, 995, 995, 4979
1616, -9697, 996, 996, 4979
1616, -9698, 996, 996, 4979
1623, -9698, 997, 997, 4979
1621, -9697, 997, 997, 4979
1621, -9697, 997, 997, 4979
1623, -9697, 998, 998, 4979
1623, -9697, 998, 998, 4979
1624, -9696, 998, 998, 4979
1620, -9697, 999, 999, 4979
1621, -9696, 1000, 1000, 4979
1625, -9696, 999, 999, 4979
1624, -9697, 999, 999, 4979
1623, -9697, 998, 998, 4979
1623, -9696, 998, 998, 4979
1619, -9696, 999, 999, 4979
1619, -9696, 999, 999, 4979
1620, -9698, 999, 999, 4979
1623, -9698, 1000, 1000, 4979
1625, -9698, 1001, 1001, 4971
1625, -9698, 1001, 1001, 4971
1620, -9698, 1000, 1000, 4971
1619, -9697, 999, 999, 4971
1619, -9697, 999, 999, 4971
1626, -9696, 1000, 1000, 4971
1626, -9696, 1000, 1000, 4971
1626, -9696, 1000, 1000, 4971
1620, -9696, 1000, 1000, 4971
1621, -9697, 1000, 1000, 4971
1621, -9697, 1001, 1001, 4971
1622, -9697, 1001, 1001, 4971
1621, -9697, 1001, 1001, 4971
1621, -9697, 1001, 1001, 4971
1621, -9697, 1000, 1000, 4971
1626, -9697, 1001, 1001, 4971
1626, -9697, 1000, 1000, 4971
1622, -9696, 1001, 1001, 4971
1622, -9696, 1001, 1001, 4971
1622, -9697, 1002, 1002, 4971
1619, -9697, 999, 999, 4971
1620, -9698, 1001, 1001, 4971
1622, -9698, 1001, 1001, 4971
1624, -9697, 1000, 1000, 4971
1621, -9698, 1002, 1002, 4971
1625, -9697, 1001, 1001, 4971
1626, -9698, 1001, 1001, 4971
1627, -9698, 1002, 1002, 4971
1626, -9697, 1000, 1000, 4971
1626, -9697, 1000, 1000, 4971
1624, -9697, 1001, 1001, 4971
1620, -9698, 1001, 1001, 4971
1620, -9698, 1001, 1001, 4971
1623, -9698, 1002, 1002, 4971
1625, -9697, 1002, 1002, 4971
1625, -9697, 1002, 1002, 4971
1624, -9698, 1001, 1001, 4971
1626, -9698, 1002, 1002, 4971
1626, -9698, 1002, 1002, 4971
1626, -9698, 1002, 1002, 4971
1627, -9698, 1002, 1002, 4971
1625, -9697, 1002, 1002, 4971
1625, -9697, 1002, 1002, 4971
1621, -9699, 1002, 1002, 4971
1622, -9698, 1002, 1002, 4971
1624, -9699, 1002, 1002, 4971
1628, -9697, 1003, 1003, 4969
1627, -9697, 1002, 1002, 4969
1626, -9696, 1001, 1001, 4969
1625, -9697, 1001, 1001, 4969
1622, -9698, 1002, 1002, 4969
1621, -9698, 1001, 1001, 4969
1622, -9697, 1002, 1002, 4969
1621, -9698, 1002, 1002, 4969
1621, -9698, 1002, 1002, 4969
1621, -9698, 1002, 1002, 4969
1622, -9697, 1002, 1002, 4969
1627, -9697, 1002, 1002, 4969
1627, -9697, 1002, 1002, 4969
1627, -9697, 1002, 1002, 4969
1627, -9697, 1001, 1001, 4969
1627, -9697, 1001, 1001, 4969
1627, -9697, 1002, 1002, 4969
1625, -9697, 1000, 1000, 4969
1627, -9698, 1001, 1001, 4969
1627, -9697, 1002, 1002, 4969
1622, -9697, 1001, 1001, 4969
1622, -9696, 1002, 1002, 4969
1621, -9697, 1002, 1002, 4969
1627, -9697, 1002, 1002, 4969
1625, -9697, 1003, 1003, 4971
1624, -9697, 1002, 1002, 4971
1624, -9698, 1002, 1002, 4971
1622, -9698, 1002, 1002, 4971
1621, -9698, 1002, 1002, 4971
1621, -9698, 1002, 1002, 4971
1620, -9698, 1001, 1001, 4971
1621, -9698, 1001, 1001, 4971
1622, -9698, 1002, 1002, 4971
1623, -9698, 1002, 1002, 4971
1621, -9696, 1001, 1001, 4971
1621, -9696, 1001, 1001, 4971
1624, -9698, 1002, 1002, 4971
1754, -9680, 1103, 1103, 4971
1754, -9680, 1103, 1103, 4971
1750, -9681, 1128, 1128, 4971
1750, -9681, 1128, 1128, 4971
1749, -9682, 1127, 1127, 4971
1748, -9681, 1126, 1126, 4971
1747, -9680, 1125, 1125, 4971
1747, -9681, 1125, 1125, 4971
1748, -9682, 1125, 1125, 4971
1746, -9682, 1124, 1124, 4971
1747, -9682, 1124, 1124, 4973
1746, -9682, 1124, 1124, 4973
1748, -9682, 1124, 1124, 4973
1748, -9682, 1124, 1124, 4973
1746, -9681, 1124, 1124, 4973
1746, -9682, 1124, 1124, 4973
1746, -9682, 1124, 1124, 4973
1745, -9682, 1123, 1123, 4973
1747, -9681, 1123, 1123, 4973
1745, -9681, 1123, 1123, 4973
1746, -9682, 1123, 1123, 4973
1746, -9683, 1124, 1124, 4973
1745, -9682, 1123, 1123, 4973
1746, -9682, 1123, 1123, 4973
1745, -9682, 1123, 1123, 4973
1745, -9682, 1123, 1123, 4973
1746, -9681, 1123, 1123, 4973
1746, -9681, 1123, 1123, 4973
1745, -9683, 1123, 1123, 4973
1745, -9683, 1122, 1122, 4973
1745, -9683, 1122, 1122, 4973
1744, -9683, 1122, 1122, 4973
1746, -9682, 1123, 1123, 4973
1746, -9682, 1123, 1123, 4973
1745, -9682, 1123, 1123, 4973
1745, -9682, 1122, 1122, 4973
1745, -9682, 1122, 1122, 4971
1745, -9682, 1122, 1122, 4971
1744, -9683, 1122, 1122, 4971
1745, -9683, 1122, 1122, 4971
1745, -9683, 1122, 1122, 4971
1743, -9683, 1122, 1122, 4971
1743, -9683, 1122, 1122, 4971
1744, -9682, 1122, 1122, 4971
1744, -9683, 1122, 1122, 4971
1744, -9683, 1122, 1122, 4971
1744, -9683, 1122, 1122, 4971
1744, -9683, 1122, 1122, 4971
1744, -9684, 1121, 1121, 4971
1744, -9684, 1121, 1121, 4971
1743, -9683, 1121, 1121, 4971
1744, -9683, 1121, 1121, 4971
1744, -9682, 1121, 1121, 4971
1744, -9682, 1121, 1121, 4971
1744, -9683, 1122, 1122, 4971
1743, -9682, 1121, 1121, 4971
1744, -9684, 1121, 1121, 4971
1744, -9683, 1121, 1121, 4971
1744, -9683, 1121, 1121, 4971
1743, -9683, 1121, 1121, 4971
1744, -9683, 1120, 1120, 4971
1744, -9683, 1120, 1120, 4971
1743, -9683, 1121, 1121, 4971
1743, -9682, 1121, 1121, 4971
1743, -9682, 1121, 1121, 4971
1743, -9683, 1121, 1121, 4971
1742, -9683, 1120, 1120, 4971
1743, -9682, 1120, 1120, 4971
1743, -9684, 1121, 1121, 4971
1743, -9684, 1121, 1121, 4971
1744, -9684, 1121, 1121, 4971
1744, -9684, 1122, 1122, 4971
1743, -9682, 1121, 1121, 4971
1743, -9684, 1121, 1121, 4971
1743, -9683, 1121, 1121, 4971
1742, -9683, 1120, 1120, 4971
1742, -9683, 1120, 1120, 4971
1742, -9683, 1120, 1120, 4971
1742, -9684, 1120, 1120, 4971
1742, -9684, 1120, 1120, 4971
1742, -9685, 1120, 1120, 4971
1742, -9684, 1120, 1120, 4971
1743, -9684, 1120, 1120, 4971
1743, -9684, 1120, 1120, 4971
1743, -9684, 1121, 1121, 4971
1743, -9684, 1120, 1120, 4971
1743, -9684, 1120, 1120, 4969
1743, -9684, 1120, 1120, 4969
1742, -9684, 1120, 1120, 4969
1742, -9685, 1120, 1120, 4969
1742, -9684, 1120, 1120, 4969
1742, -9684, 1119, 1119, 4969
1742, -9684, 1120, 1120, 4969
1742, -9684, 1120, 1120, 4969
1742, -9684, 1120, 1120, 4969
1742, -9684, 1120, 1120, 4969
1742, -9684, 1120, 1120, 4969
1742, -9683, 1119, 1119, 4969
1741, -9683, 1119, 1119, 4969
1742, -9684, 1119, 1119, 4969
1741, -9684, 1119, 1119, 4969
1741, -9684, 1119, 1119, 4969
1743, -9684, 1120, 1120, 4969
1741, -9683, 1119, 1119, 4969
1741, -9683, 1119, 1119, 4969
1742, -9684, 1119, 1119, 4969
1742, -9683, 1120, 1120, 4969
1741, -9683, 1119, 1119, 4969
1741, -9684, 1119, 1119, 4969
1742, -9683, 1119, 1120, 4969
1742, -9685, 1120, 1120, 4969
1742, -9684, 1119, 1119, 4969
1741, -9684, 1119, 1119, 4969
1741, -9683, 1119, 1119, 4969
1741, -9684, 1119, 1119, 4969
1742, -9684, 1119, 1119, 4969
1742, -9684, 1119, 1119, 4969
1742, -9684, 1119, 1119, 4969
1742, -9684, 1119, 1119, 4969
1741, -9684, 1119, 1119, 4969
1741, -9684, 1119, 1119, 4969
1741, -9684, 1119, 1119, 4969
1743, -9684, 1119, 1119, 4969
1563, -9724, 1074, 1074, 4969
1589, -9697, 1007, 1007, 4969
1612, -9700, 992, 992, 4969
1612, -9700, 992, 992, 4969
1619, -9701, 994, 994, 4969
1615, -9700, 994, 994, 4969
1615, -9700, 994, 994, 4969
1615, -9700, 996, 996, 4969
1617, -9701, 996, 996, 4969
1617, -9700, 996, 996, 4969
1617, -9699, 997, 997, 4965
1617, -9699, 997, 997, 4965
1617, -9700, 997, 997, 4965
1617, -9700, 997, 997, 4965
1617, -9699, 996, 996, 4965
1622, -9699, 996, 996, 4965
1623, -9699, 997, 997, 4965
1623, -9699, 997, 997, 4965
1621, -9698, 998, 998, 4965
1620, -9700, 997, 997, 4965
1617, -9699, 998, 998, 4965
1623, -9699, 999, 999, 4965
1623, -9699, 999, 999, 4965
1622, -9699, 998, 998, 4965
1622, -9700, 997, 997, 4965
1623, -9699, 998, 998, 4965
1623, -9699, 998, 998, 4965
1618, -9700, 998, 998, 4965
1623, -9698, 998, 998, 4965
1617, -9700, 998, 998, 4965
1617, -9700, 998, 998, 4965
1619, -9699, 999, 999, 4965
1619, -9700, 998, 998, 4965
1620, -9700, 998, 998, 4965
1625, -9699, 998, 998, 4965
1625, -9699, 998, 998, 4965
1624, -9699, 999, 999, 4965
1618, -9701, 999, 999, 4965
1618, -9699, 999, 999, 4965
1620, -9700, 999, 999, 4965
1620, -9699, 998, 998, 4965
1621, -9699, 998, 998, 4965
1621, -9700, 999, 999, 4965
1622, -9699, 998, 998, 4965
1622, -9699, 998, 998, 4965
1623, -9699, 999, 999, 4965
1623, -9699, 999, 999, 4965
1623, -9699, 998, 998, 4965
1618, -9699, 999, 999, 4965
1623, -9698, 999, 999, 4965
1622, -9699, 999, 999, 4965
1622, -9699, 999, 999, 4965
1618, -9700, 999, 999, 4965
1618, -9700, 999, 999, 4965
1618, -9700, 999, 999, 4965
1618, -9701, 1000, 1000, 4965
1618, -9701, 1000, 1000, 4965
1620, -9700, 999, 999, 4965
1625, -9700, 1000, 1000, 4965
1624, -9699, 999, 999, 4965
1620, -9700, 998, 998, 4971
1620, -9700, 998, 998, 4971
1621, -9700, 999, 999, 4971
1623, -9701, 999, 999, 4971
1623, -9700, 999, 999, 4971
1623, -9700, 999, 999, 4971
1620, -9700, 999, 999, 4971
1619, -9701, 999, 999, 4971
1620, -9701, 999, 999, 4971
1621, -9700, 1000, 1000, 4971
1619, -9700, 999, 999, 4971
1619, -9700, 999, 999, 4971
1622, -9700, 1000, 1000, 4971
1622, -9700, 999, 999, 4971
1622, -9700, 999, 999, 4971
1623, -9701, 1000, 1000, 4971
1625, -9700, 999, 999, 4971
1625, -9700, 999, 999, 4971
1625, -9700, 999, 999, 4971
1625, -9700, 999, 999, 4971
1625, -9700, 999, 999, 4971
1623, -9699, 999, 999, 4971
1623, -9699, 999, 999, 4971
1621, -9700, 999, 999, 4971
1620, -9700, 999, 999, 4971
1619, -9699, 1000, 1000, 4971
1619, -9701, 999, 999, 4971
1619, -9700, 1000, 1000, 4971
1626, -9702, 999, 999, 4971
1626, -9702, 999, 999, 4971
1625, -9701, 999, 999, 4971
1625, -9701, 999, 999, 4971
1622, -9700, 999, 999, 4971
1622, -9700, 999, 999, 4971
1621, -9700, 999, 999, 4971
1619, -9701, 1000, 1000, 4971
1620, -9702, 999, 999, 4971
1619, -9700, 1000, 1000, 4971
1622, -9701, 1001, 1001, 4971
1622, -9701, 1001, 1001, 4971
1620, -9701, 1000, 1000, 4971
1620, -9701, 999, 999, 4971
1621, -9701, 999, 999, 4971
1625, -9700, 999, 999, 4971
1619, -9700, 999, 999, 4971
1620, -9701, 1000, 1000, 4971
1623, -9699, 1001, 1001, 4965
1616, -9702, 995, 995, 4965
1756, -9682, 1041, 1041, 4965
1756, -9682, 1041, 1041, 4965
1750, -9685, 1129, 1129, 4965
1747, -9685, 1125, 1125, 4965
1747, -9685, 1125, 1125, 4965
1746, -9685, 1124, 1124, 4965
1746, -9684, 1124, 1124, 4965
1745, -9685, 1123, 1123, 4965
1745, -9685, 1123, 1123, 4965
1745, -9685, 1123, 1123, 4965
1745, -9685, 1123, 1123, 4965
1745, -9685, 1122, 1122, 4965
1744, -9685, 1122, 1122, 4965
1744, -9686, 1121, 1121, 4965
1743, -9685, 1121, 1121, 4965
1743, -9685, 1121, 1121, 4965
1743, -9685, 1121, 1121, 4965
1743, -9686, 1121, 1121, 4965
1744, -9686, 1121, 1121, 4965
1744, -9686, 1121, 1121, 4965
1743, -9685, 1121, 1121, 4965
1742, -9686, 1120, 1120, 4965
1742, -9686, 1120, 1120, 4965
1742, -9686, 1120, 1120, 4967
1742, -9686, 1120, 1120, 4967
1742, -9686, 1120, 1120, 4967
1741, -9687, 1119, 1119, 4967
1742, -9686, 1119, 1119, 4967
1742, -9687, 1120, 1120, 4967
1741, -9686, 1119, 1119, 4967
1741, -9686, 1120, 1120, 4967
1742, -9688, 1119, 1119, 4967
1742, -9688, 1119, 1119, 4967
1742, -9686, 1119, 1119, 4967
1742, -9687, 1119, 1119, 4967
1741, -9686, 1119, 1119, 4967
1742, -9687, 1119, 1119, 4967
1741, -9687, 1119, 1119, 4967
1741, -9687, 1119, 1119, 4967
1741, -9687, 1118, 1118, 4967
1741, -9688, 1119, 1119, 4967
1741, -9688, 1119, 1119, 4967
1741, -9687, 1119, 1119, 4967
1741, -9688, 1118, 1118, 4967
1740, -9687, 1118, 1118, 4967
1741, -9686, 1118, 1118, 4971
1741, -9686, 1118, 1118, 4971
1740, -9688, 1117, 1117, 4971
1740, -9688, 1118, 1118, 4971
1741, -9686, 1118, 1118, 4971
1741, -9686, 1118, 1118, 4971
1739, -9687, 1118, 1118, 4971
1739, -9687, 1118, 1118, 4971
1740, -9687, 1118, 1118, 4971
1740, -9687, 1118, 1118, 4971
1739, -9687, 1118, 1118, 4971
1740, -9687, 1118, 1118, 4971
1741, -9686, 1118, 1118, 4971
1740, -9687, 1118, 1118, 4971
1740, -9687, 1118, 1118, 4971
1740, -9687, 1118, 1118, 4971
1740, -9687, 1117, 1117, 4971
1740, -9687, 1117, 1117, 4971
1740, -9687, 1118, 1118, 4971
1740, -9688, 1117, 1117, 4971
1741, -9688, 1118, 1118, 4971
1741, -9688, 1118, 1118, 4971
1740, -9687, 1117, 1117, 4971
1739, -9687, 1117, 1117, 4971
1739, -9687, 1117, 1117, 4971
1739, -9687, 1117, 1117, 4971
1739, -9688, 1116, 1116, 4971
1739, -9688, 1117, 1117, 4975
1739, -9688, 1117, 1117, 4975
1739, -9688, 1117, 1117, 4975
1739, -9688, 1117, 1117, 4975
1739, -9688, 1116, 1116, 4975
1739, -9688, 1117, 1117, 4975
1739, -9688, 1117, 1117, 4975
1739, -9687, 1116, 1116, 4975
1738, -9687, 1116, 1116, 4975
1739, -9688, 1117, 1117, 4975
1738, -9687, 1116, 1116, 4975
1738, -9687, 1117, 1117, 4975
1738, -9687, 1117, 1117, 4975
1739, -9689, 1116, 1116, 4975
1739, -9689, 1117, 1117, 4975
1739, -9687, 1116, 1116, 4975
1739, -9688, 1116, 1116, 4975
1738, -9687, 1116, 1116, 4975
1738, -9687, 1116, 1116, 4975
1739, -9687, 1116, 1116, 4975
1737, -9687, 1116, 1116, 4975
1737, -9687, 1116, 1116, 4975
1738, -9687, 1116, 1116, 4975
1739, -9688, 1116, 1116, 4975
1739, -9688, 1116, 1116, 4975
1739, -9688, 1117, 1117, 4971
1739, -9688, 1117, 1117, 4971
1739, -9687, 1116, 1116, 4971
1739, -9687, 1116, 1116, 4971
1739, -9688, 1116, 1116, 4971
1738, -9688, 1116, 1116, 4971
1738, -9688, 1116, 1116, 4971
1738, -9689, 1116, 1116, 4971
1739, -9688, 1117, 1117, 4971
1737, -9688, 1116, 1116, 4971
1739, -9688, 1116, 1116, 4971
1739, -9688, 1116, 1116, 4971
1737, -9690, 1115, 1115, 4971
1738, -9689, 1116, 1116, 4971
1738, -9689, 1116, 1116, 4971
1738, -9689, 1116, 1116, 4971
1738, -9689, 1116, 1116, 4971
1739, -9689, 1116, 1116, 4971
1738, -9689, 1116, 1116, 4971
1738, -9689, 1116, 1116, 4971
1737, -9688, 1116, 1116, 4971
1738, -9689, 1116, 1116, 4971
1738, -9689, 1116, 1116, 4971
1738, -9689, 1116, 1116, 4971
1738, -9689, 1116, 1116, 4971
1738, -9689, 1115, 1115, 4971
1737, -9690, 1115, 1115, 4971
1738, -9690, 1115, 1115, 4969
1738, -9690, 1115, 1115, 4969
1510, -9706, 1001, 1001, 4969
1600, -9705, 995, 995, 4969
1616, -9706, 991, 991, 4969
1616, -9706, 991, 991, 4969
1616, -9705, 991, 991, 4969
1615, -9705, 991, 991, 4969
1615, -9705, 991, 991, 4969
1619, -9704, 992, 992, 4969
1614, -9705, 993, 993, 4969
1613, -9704, 992, 992, 4969
1614, -9703, 993, 993, 4969
1613, -9704, 992, 992, 4969
1614, -9705, 993, 993, 4969
1614, -9705, 993, 993, 4969
1614, -9706, 993, 993, 4969
1619, -9705, 993, 993, 4969
1619, -9705, 993, 993, 4969
1615, -9705, 994, 994, 4969
1619, -9705, 993, 993, 4969
1617, -9705, 994, 994, 4969
1617, -9705, 994, 994, 4969
1617, -9705, 994, 994, 4969
1616, -9704, 993, 993, 4969
1614, -9705, 994, 994, 4969
1617, -9705, 994, 994, 4969
1620, -9704, 994, 994, 4969
1620, -9704, 994, 994, 4969
1619, -9705, 994, 994, 4969
1618, -9705, 994, 994, 4969
1618, -9705, 994, 994, 4969
1615, -9704, 994, 994, 4969
1615, -9704, 994, 994, 4969
1615, -9704, 994, 994, 4969
1615, -9705, 994, 994, 4969
1615, -9705, 995, 995, 4969
1615, -9704, 995, 995, 4969
1614, -9705, 995, 995, 4969
1615, -9705, 995, 995, 4969
1616, -9705, 994, 994, 4969
1621, -9705, 994, 994, 4969
1621, -9705, 994, 994, 4969
1620, -9704, 995, 995, 4969
1616, -9704, 994, 994, 4969
1616, -9706, 995, 995, 4969
1616, -9706, 995, 995, 4969
1616, -9705, 995, 995, 4969
1615, -9705, 995, 995, 4969
1616, -9705, 995, 995, 4969
1615, -9705, 995, 995, 4969
1617, -9705, 996, 996, 4969
1615, -9705, 994, 994, 4967
1615, -9705, 995, 995, 4967
1618, -9704, 994, 994, 4967
1618, -9705, 995, 995, 4967
1619, -9705, 995, 995, 4967
1619, -9705, 994, 994, 4967
1620, -9705, 995, 995, 4967
1618, -9705, 995, 995, 4967
1617, -9705, 994, 994, 4967
1614, -9706, 994, 994, 4967
1613, -9706, 995, 995, 4967
1617, -9705, 994, 994, 4967
1615, -9706, 995, 995, 4967
1617, -9705, 995, 995, 4967
1618, -9704, 995, 995, 4967
1619, -9704, 995, 995, 4967
1620, -9705, 995, 995, 4967
1619, -9705, 995, 995, 4967
1619, -9704, 995, 995, 4967
1619, -9704, 995, 995, 4967
1618, -9706, 994, 994, 4967
1617, -9706, 995, 995, 4967
1618, -9705, 995, 995, 4967
1618, -9705, 995, 995, 4967
1617, -9705, 995, 995, 4967
1620, -9704, 995, 995, 4969
1619, -9706, 996, 996, 4969
1619, -9706, 996, 996, 4969
1615, -9706, 996, 996, 4969
1614, -9706, 995, 995, 4969
1614, -9706, 995, 995, 4969
1614, -9706, 995, 995, 4969
1619, -9706, 994, 994, 4969
1619, -9706, 994, 994, 4969
1620, -9706, 995, 995, 4969
1619, -9706, 995, 995, 4969
1619, -9706, 995, 995, 4969
1619, -9706, 995, 995, 4969
1614, -9707, 994, 994, 4969
1615, -9708, 995, 995, 4969
1615, -9708, 995, 995, 4969
1616, -9707, 995, 995, 4969
1616, -9707, 995, 995, 4969
1619, -9707, 995, 995, 4969
1620, -9707, 995, 995, 4969
1619, -9706, 996, 996, 4973
1619, -9706, 996, 996, 4973
1620, -9705, 995, 995, 4973
1617, -9705, 994, 994, 4973
1617, -9706, 995, 995, 4973
1617, -9706, 995, 995, 4973
1615, -9707, 995, 995, 4973
1615, -9707, 995, 995, 4973
1614, -9706, 995, 995, 4973
1615, -9706, 994, 994, 4973
1616, -9707, 996, 996, 4973
1613, -9707, 994, 994, 4973
1613, -9707, 994, 994, 4973
1618, -9707, 995, 995, 4973
1617, -9707, 995, 995, 4973
1620, -9706, 995, 995, 4973
1615, -9707, 998, 998, 4973
1743, -9690, 1123, 1123, 4973
1743, -9690, 1123, 1123, 4973
1741, -9690, 1120, 1120, 4973
1742, -9690, 1120, 1120, 4973
1742, -9690, 1120, 1120, 4973
1741, -9690, 1119, 1119, 4973
1741, -9691, 1119, 1119, 4973
1740, -9691, 1118, 1118, 4973
1740, -9690, 1118, 1118, 4973
1740, -9690, 1118, 1118, 4973
1740, -9691, 1118, 1118, 4973
1738, -9691, 1116, 1116, 4963
1738, -9691, 1116, 1116, 4963
1738, -9692, 1116, 1116, 4963
1738, -9692, 1116, 1116, 4963
1738, -9692, 1116, 1116, 4963
1738, -9692, 1116, 1116, 4963
1738, -9693, 1116, 1116, 4963
1738, -9692, 1115, 1115, 4963
1738, -9693, 1115, 1115, 4963
1738, -9693, 1115, 1115, 4963
1737, -9692, 1115, 1115, 4963
1737, -9692, 1115, 1115, 4963
1737, -9693, 1115, 1115, 4963
1737, -9692, 1115, 1115, 4963
1737, -9693, 1114, 1114, 4963
1737, -9693, 1114, 1114, 4963
1736, -9693, 1114, 1114, 4963
1737, -9693, 1115, 1115, 4963
1737, -9693, 1114, 1114, 4963
1737, -9693, 1114, 1114, 4963
1737, -9693, 1115, 1115, 4963
1737, -9694, 1114, 1114, 4963
1737, -9694, 1114, 1114, 4963
1737, -9694, 1114, 1114, 4963
1737, -9694, 1114, 1114, 4973
1737, -9694, 1114, 1114, 4973
1737, -9692, 1114, 1114, 4973
1737, -9694, 1114, 1114, 4973
1737, -9694, 1114, 1114, 4973
1736, -9693, 1114, 1114, 4973
1736, -9693, 1114, 1114, 4973
1735, -9693, 1113, 1113, 4973
1735, -9693, 1113, 1113, 4973
1735, -9694, 1113, 1113, 4973
1735, -9694, 1113, 1113, 4973
1735, -9694, 1113, 1113, 4973
1736, -9693, 1113, 1113, 4973
1736, -9693, 1113, 1113, 4973
1736, -9693, 1113, 1113, 4973
1735, -9693, 1114, 1114, 4973
1735, -9693, 1114, 1114, 4973
1735, -9694, 1113, 1113, 4973
1735, -9695, 1113, 1113, 4973
1735, -9694, 1113, 1113, 4973
1735, -9694, 1113, 1113, 4973
1735, -9694, 1113, 1113, 4973
1734, -9694, 1112, 1112, 4973
1735, -9694, 1113, 1113, 4973
1734, -9695, 1113, 1113, 4973
1736, -9694, 1113, 1113, 4973
1735, -9695, 1112, 1112, 4965
1735, -9694, 1113, 1113, 4965
1734, -9694, 1112, 1112, 4965
1735, -9694, 1112, 1112, 4965
1734, -9694, 1112, 1112, 4965
1735, -9694, 1112, 1112, 4965
1735, -9693, 1112, 1112, 4965
1734, -9695, 1112, 1112, 4965
1734, -9693, 1112, 1112, 4965
1734, -9693, 1112, 1112, 4965
1735, -9695, 1112, 1112, 4965
1735, -9694, 1112, 1112, 4965
1734, -9694, 1112, 1112, 4965
1734, -9694, 1111, 1111, 4965
1734, -9694, 1111, 1111, 4965
1734, -9695, 1111, 1111, 4965
1734, -9695, 1111, 1111, 4965
1733, -9694, 1111, 1111, 4965
1735, -9694, 1111, 1111, 4965
1734, -9695, 1112, 1112, 4965
1733, -9695, 1111, 1111, 4965
1733, -9695, 1111, 1111, 4965
1734, -9694, 1111, 1111, 4965
1734, -9695, 1112, 1112, 4965
1734, -9696, 1111, 1111, 4971
1734, -9695, 1111, 1111, 4971
1735, -9696, 1112, 1112, 4971
1735, -9696, 1112, 1112, 4971
1734, -9694, 1112, 1112, 4971
1734, -9694, 1112, 1112, 4971
1734, -9694, 1112, 1112, 4971
1734, -9695, 1112, 1112, 4971
1734, -9696, 1112, 1112, 4971
1734, -9696, 1112, 1112, 4971
1734, -9695, 1111, 1111, 4971
1735, -9696, 1112, 1112, 4971
1735, -9696, 1112, 1112, 4971
1734, -9695, 1112, 1112, 4971
1734, -9695, 1111, 1111, 4971
1734, -9696, 1111, 1111, 4971
1733, -9695, 1111, 1111, 4971
1733, -9696, 1111, 1111, 4971
1733, -9696, 1111, 1111, 4971
1734, -9695, 1111, 1111, 4971
1733, -9696, 1111, 1111, 4971
1733, -9696, 1111, 1111, 4971
1733, -9696, 1111, 1111, 4971
1734, -9696, 1111, 1111, 4971
1734, -9696, 1111, 1111, 4961
1734, -9696, 1111, 1111, 4961
1734, -9695, 1111, 1111, 4961
1734, -9695, 1111, 1111, 4961
1732, -9695, 1110, 1110, 4961
1732, -9696, 1110, 1110, 4961
1733, -9696, 1110, 1110, 4961
1732, -9696, 1110, 1110, 4961
1732, -9696, 1110, 1110, 4961
1732, -9697, 1110, 1110, 4961
1733, -9696, 1111, 1111, 4961
1733, -9696, 1111, 1111, 4961
1733, -9696, 1111, 1111, 4961
1733, -9695, 1110, 1110, 4961
1732, -9697, 1110, 1110, 4961
1732, -9697, 1110, 1110, 4961
1733, -9697, 1110, 1110, 4961
1733, -9696, 1111, 1111, 4961
1733, -9696, 1111, 1111, 4961
1733, -9696, 1110, 1110, 4961
1732, -9696, 1110, 1110, 4961
1733, -9697, 1110, 1110, 4961
1733, -9697, 1110, 1110, 4961
1511, -9727, 874, 874, 4961
1512, -9724, 888, 888, 4961
1512, -9724, 888, 888, 4961
1515, -9725, 891, 891, 4961
1521, -9725, 895, 895, 4965
1513, -9724, 896, 896, 4965
1513, -9724, 896, 896, 4965
1513, -9725, 896, 896, 4965
1513, -9725, 896, 896, 4965
1521, -9725, 897, 897, 4965
1515, -9725, 898, 898, 4965
1515, -9725, 898, 898, 4965
1516, -9725, 898, 898, 4965
1523, -9725, 898, 898, 4965
1527, -9724, 899, 899, 4965
1527, -9724, 899, 899, 4965
1527, -9724, 899, 899, 4965
1527, -9724, 899, 899, 4965
1527, -9724, 899, 899, 4965
1525, -9725, 899, 899, 4965
1519, -9724, 899, 899, 4965
1519, -9724, 900, 900, 4965
1519, -9724, 900, 900, 4965
1518, -9725, 900, 900, 4965
1525, -9725, 900, 900, 4965
1527, -9725, 900, 900, 4965
1522, -9725, 900, 900, 4965
1522, -9725, 900, 900, 4965
1522, -9725, 900, 900, 4965
1519, -9725, 898, 898, 4967
1519, -9725, 898, 898, 4967
1529, -9725, 901, 901, 4967
1516, -9726, 900, 900, 4967
1517, -9726, 900, 900, 4967
1522, -9726, 901, 901, 4967
1522, -9726, 901, 901, 4967
1522, -9726, 900, 900, 4967
1529, -9724, 901, 901, 4967
1526, -9726, 900, 900, 4967
1526, -9726, 900, 900, 4967
1526, -9725, 901, 901, 4967
1527, -9724, 901, 901, 4967
1529, -9726, 901, 901, 4967
1525, -9724, 901, 901, 4967
1525, -9725, 900, 900, 4967
1520, -9726, 901, 901, 4967
1529, -9725, 901, 901, 4967
1523, -9725, 901, 901, 4967
1523, -9725, 901, 901, 4967
1520, -9726, 902, 902, 4967
1519, -9726, 901, 901, 4967
1518, -9725, 901, 901, 4965
1522, -9726, 901, 901, 4965
1523, -9726, 901, 901, 4965
1528, -9725, 901, 901, 4965
1527, -9724, 900, 900, 4965
1522, -9725, 902, 902, 4965
1520, -9726, 901, 901, 4965
1520, -9726, 901, 901, 4965
1523, -9726, 902, 902, 4965
1521, -9727, 901, 901, 4965
1521, -9727, 901, 901, 4965
1529, -9726, 901, 901, 4965
1523, -9726, 901, 901, 4965
1523, -9726, 902, 902, 4965
1523, -9726, 902, 902, 4965
1523, -9727, 902, 902, 4965
1521, -9726, 902, 902, 4965
1520, -9725, 902, 902, 4965
1521, -9726, 902, 902, 4965
1521, -9727, 902, 902, 4965
1520, -9726, 901, 901, 4965
1522, -9726, 901, 901, 4965
1523, -9726, 902, 902, 4965
1529, -9726, 902, 902, 4965
1529, -9727, 901, 901, 4965
1525, -9726, 901, 901, 4971
1527, -9726, 901, 901, 4971
1527, -9725, 902, 902, 4971
1526, -9726, 901, 901, 4971
1526, -9726, 901, 901, 4971
1525, -9726, 902, 902, 4971
1518, -9726, 901, 901, 4971
1524, -9725, 902, 902, 4971
1519, -9727, 902, 902, 4971
1520, -9728, 903, 903, 4971
1520, -9728, 902, 902, 4971
1521, -9727, 902, 902, 4971
1521, -9727, 902, 902, 4971
1527, -9726, 901, 901, 4971
1527, -9727, 902, 902, 4971
1527, -9727, 902, 902, 4971
1526, -9725, 903, 903, 4971
1521, -9726, 902, 902, 4971
1521, -9726, 902, 902, 4971
1525, -9726, 902, 902, 4971
1525, -9726, 902, 902, 4971
1523, -9727, 902, 902, 4971
1519, -9727, 902, 902, 4971
1519, -9727, 902, 902, 4971
1521, -9727, 903, 903, 4971
1530, -9727, 902, 902, 4965
1528, -9727, 901, 901, 4965
1528, -9727, 901, 901, 4965
1529, -9726, 902, 902, 4965
1530, -9727, 902, 902, 4965
1530, -9727, 902, 902, 4965
1530, -9727, 902, 902, 4965
1523, -9726, 902, 902, 4965
1524, -9728, 906, 906, 4965
1744, -9697, 1123, 1123, 4965
1744, -9697, 1123, 1123, 4965
1742, -9699, 1120, 1120, 4965
1739, -9699, 1117, 1117, 4965
1738, -9700, 1115, 1115, 4965
1736, -9700, 1114, 1114, 4965
1736, -9700, 1114, 1114, 4965
1736, -9700, 1114, 1114, 4965
1736, -9701, 1114, 1114, 4965
1736, -9700, 1113, 1113, 4965
1736, -9700, 1113, 1113, 4965
1735, -9701, 1113, 1113, 4965
1735, -9701, 1112, 1112, 4965
1734, -9701, 1111, 1111, 4965
1734, -9701, 1111, 1111, 4965
1734, -9702, 1111, 1111, 4969
1733, -9702, 1111, 1111, 4969
1733, -9701, 1110, 1110, 4969
1733, -9701, 1110, 1110, 4969
1733, -9702, 1111, 1111, 4969
1732, -9701, 1110, 1110, 4969
1732, -9701, 1110, 1110, 4969
1732, -9701, 1109, 1109, 4969
1732, -9702, 1110, 1110, 4969
1732, -9702, 1110, 1110, 4969
1732, -9702, 1110, 1110, 4969
1732, -9703, 1109, 1109, 4969
1732, -9703, 1109, 1109, 4969
1732, -9702, 1110, 1110, 4969
1731, -9702, 1109, 1109, 4969
1731, -9702, 1108, 1108, 4969
1731, -9702, 1108, 1108, 4969
1731, -9702, 1108, 1108, 4969
1731, -9702, 1109, 1109, 4969
1731, -9703, 1109, 1109, 4969
1731, -9702, 1108, 1108, 4969
1731, -9703, 1109, 1109, 4969
1730, -9703, 1108, 1108, 4969
1730, -9702, 1108, 1108, 4969
1730, -9703, 1108, 1108, 4969
1730, -9703, 1108, 1108, 4969
1729, -9704, 1107, 1107, 4971
1729, -9703, 1107, 1107, 4971
1729, -9703, 1107, 1107, 4971
1730, -9703, 1107, 1107, 4971
1728, -9704, 1107, 1107, 4971
1729, -9703, 1107, 1107, 4971
1729, -9704, 1107, 1107, 4971
1729, -9704, 1106, 1106, 4971
1730, -9705, 1107, 1107, 4971
1729, -9705, 1106, 1106, 4971
1729, -9705, 1106, 1106, 4971
1729, -9705, 1106, 1106, 4971
1728, -9704, 1106, 1106, 4971
1728, -9704, 1106, 1106, 4971
1728, -9704, 1106, 1106, 4971
1729, -9704, 1106, 1106, 4971
1729, -9703, 1106, 1106, 4971
1729, -9703, 1106, 1106, 4971
1728, -9704, 1106, 1106, 4971
1729, -9704, 1106, 1106, 4971
1729, -9704, 1106, 1106, 4971
1727, -9705, 1106, 1106, 4971
1728, -9704, 1106, 1106, 4971
1728, -9705, 1106, 1106, 4971
1728, -9705, 1105, 1105, 4971
1727, -9704, 1105, 1105, 4973
1727, -9704, 1105, 1105, 4973
1728, -9704, 1105, 1105, 4973
1728, -9705, 1105, 1105, 4973
1728, -9705, 1105, 1105, 4973
1727, -9704, 1105, 1105, 4973
1727, -9704, 1105, 1105, 4973
1727, -9705, 1105, 1105, 4973
1727, -9705, 1105, 1105, 4973
1726, -9705, 1105, 1105, 4973
1726, -9705, 1105, 1105, 4973
1727, -9705, 1104, 1104, 4973
1728, -9705, 1105, 1105, 4973
1726, -9706, 1105, 1105, 4973
1726, -9706, 1105, 1105, 4973
1727, -9705, 1104, 1104, 4973
1728, -9705, 1105, 1105, 4973
1728, -9705, 1105, 1105, 4973
1726, -9706, 1104, 1104, 4973
1727, -9706, 1104, 1104, 4973
1727, -9706, 1105, 1105, 4973
1727, -9706, 1105, 1105, 4973
1727, -9706, 1105, 1105, 4973
1727, -9707, 1104, 1104, 4973
1727, -9706, 1104, 1104, 4973
1728, -9706, 1105, 1105, 4973
1727, -9706, 1104, 1104, 4973
1726, -9706, 1104, 1104, 4973
1726, -9706, 1104, 1104, 4973
1727, -9706, 1104, 1104, 4973
1727, -9706, 1104, 1104, 4973
1727, -9706, 1104, 1104, 4973
1726, -9706, 1104, 1104, 4973
1726, -9705, 1104, 1104, 4973
1727, -9706, 1103, 1103, 4973
1727, -9706, 1103, 1103, 4973
1726, -9707, 1103, 1103, 4973
1727, -9707, 1104, 1104, 4973
1727, -9707, 1104, 1104, 4973
1726, -9707, 1103, 1103, 4973
1726, -9706, 1104, 1104, 4973
1725, -9707, 1103, 1103, 4973
1726, -9707, 1103, 1103, 4973
1726, -9707, 1103, 1103, 4973
1725, -9707, 1103, 1103, 4973
1725, -9707, 1102, 1102, 4973
1725, -9707, 1102, 1102, 4973
1725, -9707, 1103, 1103, 4973
1725, -9707, 1103, 1103, 4973
1724, -9707, 1103, 1103, 4973
1724, -9707, 1102, 1102, 4969
1724, -9707, 1102, 1102, 4969
1725, -9707, 1102, 1102, 4969
1725, -9707, 1103, 1103, 4969
1725, -9706, 1103, 1103, 4969
1725, -9707, 1102, 1102, 4969
1477, -9744, 831, 831, 4969
1477, -9744, 831, 831, 4969
1515, -9734, 885, 885, 4969
1515, -9734, 885, 885, 4969
1517, -9734, 889, 889, 4969
1518, -9734, 889, 889, 4969
1508, -9734, 890, 890, 4969
1508, -9734, 890, 890, 4969
1511, -9735, 891, 891, 4969
1511, -9735, 891, 891, 4969
1519, -9735, 892, 892, 4969
1519, -9735, 892, 892, 4969
1518, -9733, 891, 891, 4969
1515, -9734, 892, 892, 4969
1515, -9734, 892, 892, 4969
1515, -9733, 892, 892, 4969
1510, -9735, 892, 892, 4969
1513, -9734, 891, 891, 4977
1513, -9734, 893, 893, 4977
1514, -9734, 893, 893, 4977
1514, -9734, 893, 893, 4977
1515, -9735, 893, 893, 4977
1515, -9735, 893, 893, 4977
1519, -9734, 893, 893, 4977
1523, -9733, 894, 894, 4977
1523, -9733, 894, 894, 4977
1513, -9735, 893, 893, 4977
1513, -9734, 893, 893, 4977
1513, -9734, 893, 893, 4977
1511, -9735, 894, 894, 4977
1512, -9735, 893, 893, 4977
1520, -9735, 893, 893, 4977
1520, -9735, 893, 893, 4977
1512, -9735, 894, 894, 4977
1521, -9734, 894, 894, 4977
1521, -9734, 894, 894, 4977
1521, -9734, 894, 894, 4977
1516, -9734, 894, 894, 4977
1522, -9734, 894, 894, 4977
1512, -9735, 895, 895, 4977
1521, -9734, 895, 895, 4973
1521, -9734, 895, 895, 4973
1521, -9734, 894, 894, 4973
1514, -9736, 894, 894, 4973
1523, -9735, 894, 894, 4973
1523, -9735, 894, 894, 4973
1511, -9736, 894, 894, 4973
1514, -9735, 895, 895, 4973
1514, -9735, 895, 895, 4973
1515, -9735, 895, 895, 4973
1514, -9736, 895, 895, 4973
1514, -9736, 895, 895, 4973
1513, -9736, 895, 895, 4973
1522, -9735, 895, 895, 4973
1521, -9736, 895, 895, 4973
1516, -9737, 895, 895, 4973
1516, -9737, 895, 895, 4973
1517, -9736, 895, 895, 4973
1522, -9735, 895, 895, 4973
1522, -9735, 895, 895, 4973
1516, -9736, 895, 895, 4973
1514, -9736, 894, 894, 4973
1513, -9737, 896, 896, 4973
1513, -9737, 896, 896, 4973
1520, -9737, 896, 896, 4973
1517, -9736, 895, 895, 4973
1517, -9736, 895, 895, 4973
1517, -9735, 895, 895, 4973
1517, -9735, 895, 895, 4973
1518, -9736, 895, 895, 4973
1523, -9736, 895, 895, 4973
1523, -9736, 895, 895, 4973
1523, -9736, 896, 896, 4973
1514, -9736, 896, 896, 4973
1512, -9736, 895, 895, 4973
1512, -9736, 895, 895, 4973
1514, -9736, 896, 896, 4973
1512, -9738, 895, 895, 4973
1512, -9738, 895, 895, 4973
1514, -9737, 895, 895, 4973
1517, -9737, 895, 895, 4973
1517, -9737, 895, 895, 4973
1517, -9736, 895, 895, 4973
1513, -9737, 895, 895, 4973
1517, -9736, 895, 895, 4973
1518, -9736, 894, 894, 4973
1520, -9737, 895, 895, 4973
1521, -9735, 895, 895, 4973
1519, -9736, 896, 896, 4975
1519, -9736, 896, 896, 4975
1513, -9736, 894, 894, 4975
1513, -9736, 894, 894, 4975
1513, -9737, 895, 895, 4975
1520, -9737, 895, 895, 4975
1522, -9736, 895, 895, 4975
1522, -9736, 895, 895, 4975
1522, -9736, 895, 895, 4975
1520, -9737, 895, 895, 4975
1520, -9737, 895, 895, 4975
1519, -9738, 895, 895, 4975
1511, -9737, 895, 895, 4975
1510, -9738, 894, 894, 4975
1519, -9737, 895, 895, 4975
1519, -9737, 895, 895, 4975
1522, -9738, 895, 895, 4975
1522, -9738, 895, 895, 4975
1515, -9735, 899, 899, 4975
1738, -9708, 1119, 1119, 4975
1738, -9708, 1119, 1119, 4975
1736, -9708, 1114, 1114, 4975
1734, -9709, 1112, 1112, 4975
1732, -9710, 1110, 1110, 4975
1731, -9711, 1108, 1108, 4973
1730, -9711, 1108, 1108, 4973
1730, -9711, 1108, 1108, 4973
1730, -9711, 1107, 1107, 4973
1729, -9711, 1106, 1106, 4973
1729, -9710, 1106, 1106, 4973
1728, -9710, 1106, 1106, 4973
1728, -9711, 1105, 1105, 4973
1726, -9710, 1104, 1104, 4973
1727, -9712, 1104, 1104, 4973
1726, -9711, 1104, 1104, 4973
1726, -9712, 1104, 1104, 4973
1726, -9712, 1104, 1104, 4973
1726, -9712, 1103, 1103, 4973
1725, -9712, 1103, 1103, 4973
1725, -9712, 1103, 1103, 4973
1725, -9712, 1103, 1103, 4973
1724, -9712, 1102, 1102, 4973
1725, -9712, 1102, 1102, 4973
1724, -9712, 1102, 1102, 4973
1724, -9713, 1102, 1102, 4975
1724, -9713, 1101, 1101, 4975
1724, -9713, 1101, 1101, 4975
1723, -9713, 1101, 1101, 4975
1723, -9714, 1101, 1101, 4975
1724, -9713, 1101, 1101, 4975
1723, -9714, 1101, 1101, 4975
1723, -9712, 1101, 1101, 4975
1724, -9714, 1101, 1101, 4975
1724, -9713, 1101, 1101, 4975
1723, -9714, 1101, 1101, 4975
1723, -9714, 1101, 1101, 4975
1722, -9713, 1100, 1100, 4975
1722, -9713, 1100, 1100, 4975
1722, -9713, 1100, 1100, 4975
1722, -9713, 1100, 1100, 4975
1722, -9713, 1100, 1100, 4975
1722, -9714, 1099, 1099, 4975
1721, -9713, 1099, 1099, 4975
1721, -9713, 1099, 1099, 4975
1722, -9714, 1099, 1099, 4975
1722, -9713, 1100, 1100, 4975
1721, -9714, 1100, 1100, 4975
1721, -9714, 1099, 1099, 4975
1721, -9713, 1099, 1099, 4975
1720, -9715, 1098, 1098, 4975
1722, -9713, 1099, 1099, 4975
1721, -9714, 1098, 1098, 4975
1721, -9714, 1099, 1099, 4975
1722, -9715, 1099, 1099, 4975
1720, -9714, 1099, 1099, 4975
1721, -9714, 1098, 1098, 4975
1721, -9714, 1098, 1098, 4975
1720, -9714, 1099, 1099, 4975
1721, -9714, 1098, 1098, 4975
1720, -9714, 1098, 1098, 4975
1721, -9714, 1098, 1098, 4975
1720, -9714, 1098, 1098, 4975
1720, -9714, 1098, 1098, 4975
1721, -9715, 1098, 1098, 4975
1720, -9714, 1098, 1098, 4975
1720, -9714, 1098, 1098, 4975
1720, -9714, 1098, 1098, 4975
1720, -9715, 1098, 1098, 4975
1720, -9716, 1097, 1097, 4975
1719, -9715, 1097, 1097, 4975
1719, -9715, 1097, 1097, 4975
1720, -9715, 1097, 1097, 4975
1719, -9716, 1097, 1097, 4975
1719, -9715, 1097, 1097, 4975
1718, -9717, 1097, 1097, 4973
1719, -9716, 1096, 1096, 4973
1719, -9715, 1097, 1097, 4973
1719, -9716, 1097, 1097, 4973
1718, -9716, 1096, 1096, 4973
1719, -9716, 1096, 1096, 4973
1719, -9716, 1097, 1097, 4973
1718, -9715, 1096, 1096, 4973
1718, -9715, 1096, 1096, 4973
1718, -9716, 1096, 1096, 4973
1719, -9716, 1096, 1096, 4973
1719, -9716, 1097, 1097, 4973
1719, -9716, 1096, 1096, 4973
1719, -9716, 1096, 1096, 4973
1719, -9716, 1096, 1096, 4973
1719, -9716, 1096, 1096, 4973
1718, -9716, 1096, 1096, 4973
1719, -9716, 1097, 1097, 4973
1718, -9716, 1096, 1096, 4973
1718, -9715, 1096, 1096, 4973
1718, -9715, 1096, 1096, 4973
1717, -9716, 1095, 1095, 4973
1717, -9717, 1095, 1095, 4973
1718, -9716, 1095, 1095, 4973
1719, -9715, 1096, 1096, 4975
1717, -9717, 1095, 1095, 4975
1717, -9717, 1095, 1095, 4975
1717, -9716, 1094, 1094, 4975
1717, -9717, 1095, 1095, 4975
1717, -9717, 1095, 1095, 4975
1717, -9717, 1095, 1095, 4975
1717, -9717, 1095, 1095, 4975
1717, -9717, 1095, 1095, 4975
1716, -9717, 1095, 1095, 4975
1717, -9717, 1095, 1095, 4975
1717, -9717, 1095, 1095, 4975
1716, -9717, 1094, 1094, 4975
1716, -9717, 1094, 1094, 4975
1717, -9718, 1094, 1094, 4975
1716, -9717, 1094, 1094, 4975
1717, -9718, 1095, 1095, 4975
1717, -9718, 1095, 1095, 4975
1583, -9748, 954, 954, 4975
1491, -9747, 872, 872, 4975
1491, -9747, 872, 872, 4975
1495, -9746, 877, 877, 4975
1503, -9744, 878, 878, 4975
1496, -9747, 880, 880, 4971
1499, -9748, 881, 881, 4971
1503, -9747, 882, 882, 4971
1503, -9747, 882, 882, 4971
1503, -9746, 882, 882, 4971
1512, -9746, 883, 883, 4971
1510, -9745, 882, 882, 4971
1511, -9745, 883, 883, 4971
1504, -9745, 883, 883, 4971
1504, -9745, 883, 883, 4971
1499, -9746, 883, 883, 4971
1499, -9746, 883, 883, 4971
1501, -9747, 884, 884, 4971
1509, -9744, 884, 884, 4971
1511, -9745, 885, 885, 4971
1501, -9747, 884, 884, 4971
1507, -9745, 884, 884, 4971
1507, -9745, 884, 884, 4971
1511, -9745, 885, 885, 4973
1511, -9745, 885, 885, 4973
1502, -9747, 885, 885, 4973
1501, -9746, 885, 885, 4973
1508, -9746, 886, 886, 4973
1506, -9746, 884, 884, 4973
1506, -9746, 884, 884, 4973
1513, -9745, 885, 885, 4973
1504, -9746, 885, 885, 4973
1504, -9746, 885, 885, 4973
1505, -9746, 885, 885, 4973
1514, -9745, 886, 886, 4973
1513, -9745, 885, 885, 4973
1513, -9745, 886, 886, 4973
1505, -9747, 886, 886, 4973
1505, -9747, 886, 886, 4973
1504, -9746, 886, 886, 4973
1506, -9747, 886, 886, 4973
1506, -9747, 886, 886, 4973
1509, -9747, 886, 886, 4973
1510, -9747, 886, 886, 4973
1513, -9747, 885, 885, 4973
1513, -9747, 885, 885, 4973
1507, -9746, 886, 886, 4973
1507, -9746, 886, 886, 4973
1504, -9748, 886, 886, 4973
1509, -9747, 886, 886, 4975
1509, -9747, 886, 886, 4975
1508, -9746, 886, 886, 4975
1505, -9747, 887, 887, 4975
1505, -9747, 887, 887, 4975
1512, -9749, 886, 886, 4975
1512, -9749, 886, 886, 4975
1513, -9747, 886, 886, 4975
1513, -9747, 886, 886, 4975
1513, -9747, 887, 887, 4975
1512, -9746, 886, 886, 4975
1511, -9747, 886, 886, 4975
1512, -9747, 886, 886, 4975
1507, -9748, 887, 887, 4975
1506, -9749, 886, 886, 4975
1506, -9748, 886, 886, 4975
1507, -9748, 886, 886, 4975
1514, -9746, 886, 886, 4975
1513, -9747, 886, 886, 4975
1513, -9747, 886, 886, 4975
1515, -9747, 886, 886, 4975
1506, -9748, 886, 886, 4975
1506, -9748, 886, 886, 4975
1505, -9747, 886, 886, 4975
1505, -9747, 886, 886, 4975
1503, -9749, 886, 886, 4973
1504, -9749, 887, 887, 4973
1504, -9749, 886, 886, 4973
1503, -9749, 885, 885, 4973
1512, -9749, 886, 886, 4973
1512, -9749, 886, 886, 4973
1512, -9749, 886, 886, 4973
1513, -9747, 886, 886, 4973
1512, -9748, 886, 886, 4973
1514, -9748, 886, 886, 4973
1502, -9750, 885, 885, 4973
1502, -9750, 885, 885, 4973
1504, -9750, 886, 886, 4973
1508, -9749, 887, 887, 4973
1515, -9749, 886, 886, 4973
1510, -9748, 886, 886, 4973
1509, -9748, 887, 887, 4973
1509, -9748, 887, 887, 4973
1507, -9750, 885, 885, 4973
1506, -9749, 885, 885, 4973
1506, -9749, 886, 886, 4973
1510, -9750, 885, 885, 4973
1506, -9749, 884, 884, 4973
1508, -9750, 885, 885, 4973
1512, -9748, 885, 885, 4973
1512, -9749, 885, 885, 4973
1512, -9749, 886, 886, 4973
1512, -9749, 885, 885, 4973
1734, -9718, 1061, 1061, 4973
1726, -9721, 1104, 1104, 4973
1726, -9721, 1104, 1104, 4973
1724, -9721, 1102, 1102, 4973
1723, -9722, 1102, 1102, 4973
1722, -9721, 1100, 1100, 4973
1721, -9722, 1099, 1099, 4973
1721, -9722, 1099, 1099, 4973
1720, -9722, 1097, 1097, 4973
1719, -9723, 1097, 1097, 4973
1719, -9723, 1097, 1097, 4973
1719, -9722, 1096, 1096, 4973
1719, -9722, 1096, 1096, 4973
1718, -9723, 1095, 1095, 4973
1718, -9724, 1096, 1096, 4973
1718, -9724, 1096, 1096, 4973
1717, -9723, 1094, 1094, 4973
1716, -9724, 1094, 1094, 4975
1716, -9724, 1094, 1094, 4975
1716, -9725, 1094, 1094, 4975
1716, -9725, 1094, 1094, 4975
1716, -9724, 1093, 1093, 4975
1716, -9726, 1093, 1093, 4975
1716, -9726, 1093, 1093, 4975
1715, -9725, 1093, 1093, 4975
1716, -9726, 1093, 1093, 4975
1715, -9726, 1093, 1093, 4975
1715, -9726, 1093, 1093, 4975
1715, -9724, 1093, 1093, 4975
1715, -9725, 1092, 1092, 4975
1715, -9725, 1092, 1092, 4975
1714, -9725, 1092, 1092, 4975
1714, -9725, 1092, 1092, 4975
1715, -9726, 1092, 1092, 4975
1713, -9725, 1092, 1092, 4975
1714, -9724, 1091, 1091, 4975
1714, -9725, 1091, 1091, 4975
1714, -9725, 1091, 1091, 4975
1714, -9724, 1091, 1091, 4975
1714, -9724, 1091, 1091, 4975
1714, -9726, 1091, 1091, 4975
1713, -9725, 1091, 1091, 4975
1712, -9726, 1090, 1090, 4975
1712, -9726, 1090, 1090, 4975
1713, -9727, 1090, 1090, 4975
1713, -9725, 1090, 1090, 4975
1713, -9726, 1090, 1090, 4975
1713, -9726, 1090, 1090, 4975
1712, -9726, 1090, 1090, 4975
1712, -9726, 1090, 1090, 4975
1712, -9726, 1090, 1090, 4975
1712, -9726, 1090, 1090, 4975
1712, -9726, 1089, 1089, 4975
1712, -9726, 1089, 1089, 4975
1712, -9727, 1089, 1089, 4975
1711, -9726, 1089, 1089, 4975
1712, -9726, 1090, 1090, 4975
1711, -9728, 1089, 1089, 4975
1712, -9727, 1089, 1089, 4975
1711, -9726, 1089, 1089, 4975
1711, -9726, 1089, 1089, 4975
1711, -9726, 1088, 1088, 4975
1711, -9726, 1088, 1088, 4975
1710, -9727, 1088, 1088, 4975
1710, -9727, 1088, 1088, 4971
1710, -9728, 1088, 1088, 4971
1710, -9728, 1088, 1088, 4971
1710, -9728, 1088, 1088, 4971
1710, -9728, 1088, 1088, 4971
1710, -9727, 1088, 1088, 4971
1710, -9727, 1088, 1088, 4971
1710, -9728, 1088, 1088, 4971
1710, -9727, 1087, 1087, 4971
1710, -9728, 1087, 1087, 4971
1710, -9728, 1087, 1087, 4971
1709, -9728, 1087, 1087, 4971
1709, -9729, 1087, 1087, 4971
1708, -9728, 1087, 1087, 4971
1709, -9728, 1087, 1087, 4971
1709, -9728, 1087, 1087, 4971
1709, -9729, 1086, 1086, 4971
1709, -9729, 1086, 1086, 4971
1708, -9728, 1086, 1086, 4971
1708, -9728, 1086, 1086, 4971
1708, -9728, 1086, 1086, 4971
1709, -9729, 1086, 1086, 4971
1709, -9729, 1086, 1086, 4971
1709, -9730, 1086, 1086, 4971
1708, -9729, 1086, 1086, 4969
1708, -9729, 1086, 1086, 4969
1708, -9729, 1086, 1086, 4969
1708, -9729, 1086, 1086, 4969
1709, -9730, 1086, 1086, 4969
1707, -9729, 1086, 1086, 4969
1707, -9729, 1086, 1086, 4969
1709, -9729, 1086, 1086, 4969
1707, -9730, 1085, 1085, 4969
1707, -9730, 1085, 1085, 4969
1708, -9730, 1086, 1086, 4969
1708, -9730, 1085, 1085, 4969
1708, -9730, 1085, 1085, 4969
1708, -9730, 1085, 1085, 4969
1708, -9730, 1085, 1085, 4969
1707, -9731, 1085, 1085, 4969
1707, -9731, 1085, 1085, 4969
1707, -9730, 1085, 1085, 4969
1708, -9731, 1085, 1085, 4969
1707, -9731, 1085, 1085, 4969
1708, -9730, 1085, 1085, 4969
1707, -9730, 1085, 1085, 4969
1706, -9730, 1084, 1084, 4969
1707, -9730, 1085, 1085, 4969
1707, -9731, 1085, 1085, 4973
1706, -9731, 1084, 1084, 4973
1706, -9732, 1084, 1084, 4973
1706, -9731, 1084, 1084, 4973
1706, -9731, 1084, 1084, 4973
1707, -9731, 1084, 1084, 4973
1278, -9765, 977, 977, 4973
1461, -9765, 813, 813, 4973
1492, -9759, 868, 868, 4973
1489, -9760, 869, 869, 4973
1490, -9759, 870, 870, 4973
1490, -9758, 871, 871, 4973
1499, -9759, 871, 871, 4973
1499, -9759, 871, 871, 4973
1499, -9758, 872, 872, 4973
1500, -9758, 872, 872, 4973
1500, -9758, 872, 872, 4973
1501, -9757, 873, 873, 4973
1492, -9758, 873, 873, 4973
1493, -9758, 874, 874, 4973
1493, -9758, 874, 874, 4973
1491, -9758, 873, 873, 4973
1491, -9758, 873, 873, 4973
1491, -9758, 874, 874, 4975
1495, -9760, 874, 874, 4975
1498, -9759, 874, 874, 4975
1498, -9758, 875, 875, 4975
1498, -9758, 875, 875, 4975
1500, -9760, 875, 875, 4975
1500, -9760, 875, 875, 4975
1501, -9759, 875, 875, 4975
1502, -9759, 875, 875, 4975
1502, -9758, 875, 875, 4975
1492, -9759, 875, 875, 4975
1492, -9759, 875, 875, 4975
1492, -9760, 875, 875, 4975
1495, -9759, 875, 875, 4975
1497, -9759, 875, 875, 4975
1498, -9760, 875, 875, 4975
1499, -9760, 875, 875, 4975
1499, -9760, 875, 875, 4975
1501, -9760, 876, 876, 4975
1500, -9760, 875, 875, 4975
1502, -9760, 876, 876, 4975
1503, -9759, 875, 875, 4975
1503, -9759, 875, 875, 4975
1503, -9759, 875, 875, 4975
1499, -9758, 875, 875, 4973
1491, -9761, 875, 875, 4973
1499, -9761, 876, 876, 4973
1499, -9761, 876, 876, 4973
1500, -9760, 876, 876, 4973
1499, -9761, 876, 876, 4973
1502, -9760, 875, 875, 4973
1505, -9759, 876, 876, 4973
1505, -9759, 876, 876, 4973
1494, -9761, 876, 876, 4973
1493, -9760, 876, 876, 4973
1493, -9760, 875, 875, 4973
1494, -9761, 876, 876, 4973
1499, -9760, 875, 875, 4973
1499, -9760, 875, 875, 4973
1492, -9761, 875, 875, 4973
1493, -9760, 876, 876, 4973
1492, -9761, 875, 875, 4973
1493, -9761, 876, 876, 4973
1497, -9760, 875, 875, 4973
1497, -9760, 875, 875, 4973
1500, -9760, 876, 876, 4973
1500, -9761, 875, 875, 4973
1501, -9760, 876, 876, 4973
1502, -9761, 876, 876, 4973
1502, -9760, 875, 875, 4973
1502, -9760, 875, 875, 4971
1502, -9760, 875, 875, 4971
1503, -9760, 875, 875, 4971
1503, -9760, 875, 875, 4971
1503, -9760, 876, 876, 4971
1503, -9761, 876, 876, 4971
1495, -9761, 876, 876, 4971
1494, -9761, 876, 876, 4971
1503, -9762, 876, 876, 4971
1500, -9761, 875, 875, 4971
1501, -9761, 875, 875, 4971
1500, -9761, 876, 876, 4971
1493, -9762, 875, 875, 4971
1493, -9762, 875, 875, 4971
1493, -9762, 875, 875, 4971
1498, -9761, 875, 875, 4971
1498, -9761, 875, 875, 4971
1500, -9762, 875, 875, 4971
1504, -9761, 876, 876, 4971
1504, -9761, 876, 876, 4971
1503, -9761, 875, 875, 4971
1495, -9762, 876, 876, 4971
1495, -9762, 876, 876, 4971
1494, -9763, 876, 876, 4971
1495, -9762, 876, 876, 4971
1495, -9763, 876, 876, 4971
1492, -9762, 875, 875, 4971
1500, -9763, 875, 875, 4971
1500, -9763, 875, 875, 4971
1499, -9761, 875, 875, 4971
1499, -9763, 875, 875, 4971
1501, -9762, 875, 875, 4971
1503, -9762, 876, 876, 4971
1503, -9762, 875, 875, 4971
1503, -9763, 875, 875, 4971
1501, -9763, 874, 874, 4971
1504, -9763, 875, 875, 4971
1504, -9763, 875, 875, 4971
1504, -9762, 875, 875, 4971
1497, -9762, 875, 875, 4971
1497, -9762, 875, 875, 4971
1497, -9763, 875, 875, 4971
1496, -9762, 875, 875, 4971
1494, -9764, 875, 875, 4971
1494, -9764, 875, 875, 4971
1507, -9764, 879, 879, 4971
1490, -9762, 874, 874, 4971
1724, -9732, 1017, 1017, 4971
1714, -9734, 1093, 1093, 4971
1714, -9734, 1093, 1093, 4971
1711, -9735, 1090, 1090, 4971
1711, -9735, 1090, 1090, 4971
1710, -9735, 1087, 1087, 4969
1710, -9736, 1087, 1087, 4969
1709, -9736, 1087, 1087, 4969
1709, -9736, 1087, 1087, 4969
1708, -9737, 1086, 1086, 4969
1708, -9737, 1086, 1086, 4969
1707, -9737, 1085, 1085, 4969
1707, -9737, 1085, 1085, 4969
1706, -9738, 1084, 1084, 4969
1706, -9738, 1084, 1084, 4969
1705, -9738, 1084, 1084, 4969
1705, -9737, 1083, 1083, 4969
1706, -9738, 1083, 1083, 4969
1705, -9737, 1083, 1083, 4969
1705, -9737, 1083, 1083, 4969
1705, -9738, 1083, 1083, 4969
1704, -9738, 1082, 1082, 4969
1704, -9738, 1082, 1082, 4969
1704, -9739, 1082, 1082, 4969
1704, -9738, 1082, 1082, 4969
1704, -9738, 1082, 1082, 4969
1703, -9738, 1081, 1081, 4965
1704, -9739, 1081, 1081, 4965
1704, -9739, 1081, 1081, 4965
1703, -9739, 1081, 1081, 4965
1704, -9739, 1081, 1081, 4965
1704, -9740, 1081, 1081, 4965
1703, -9739, 1081, 1081, 4965
1702, -9739, 1080, 1080, 4965
1702, -9739, 1080, 1080, 4965
1702, -9738, 1080, 1080, 4965
1702, -9738, 1080, 1080, 4965
1702, -9740, 1080, 1080, 4965
1702, -9739, 1080, 1080, 4965
1703, -9740, 1080, 1080, 4965
1703, -9739, 1080, 1080, 4965
1702, -9740, 1080, 1080, 4965
1702, -9740, 1080, 1080, 4965
1702, -9740, 1079, 1079, 4965
1702, -9740, 1079, 1079, 4965
1702, -9740, 1079, 1079, 4965
1702, -9740, 1079, 1079, 4965
1702, -9740, 1079, 1079, 4965
1702, -9740, 1079, 1079, 4965
1701, -9740, 1079, 1079, 4965
1701, -9741, 1079, 1079, 4965
1701, -9740, 1078, 1078, 4965
1700, -9740, 1078, 1078, 4965
1701, -9742, 1078, 1078, 4973
1701, -9742, 1078, 1078, 4973
1700, -9741, 1078, 1078, 4973
1700, -9740, 1078, 1078, 4973
1700, -9740, 1078, 1078, 4973
1701, -9741, 1078, 1078, 4973
1700, -9742, 1078, 1078, 4973
1700, -9741, 1077, 1077, 4973
1701, -9741, 1078, 1078, 4973
1700, -9741, 1078, 1078, 4973
1699, -9742, 1077, 1077, 4973
1700, -9741, 1077, 1077, 4973
1700, -9741, 1077, 1077, 4973
1700, -9742, 1077, 1077, 4973
1700, -9742, 1077, 1077, 4973
1700, -9742, 1077, 1077, 4973
1699, -9741, 1077, 1077, 4973
1699, -9742, 1077, 1077, 4973
1699, -9741, 1077, 1077, 4973
1699, -9741, 1077, 1077, 4973
1699, -9742, 1077, 1077, 4973
1700, -9742, 1077, 1077, 4973
1699, -9742, 1077, 1077, 4973
1700, -9742, 1077, 1077, 4973
1700, -9742, 1077, 1077, 4973
1699, -9743, 1077, 1077, 4973
1699, -9743, 1077, 1077, 4973
1698, -9743, 1076, 1076, 4967
1699, -9743, 1077, 1077, 4967
1699, -9743, 1077, 1077, 4967
1698, -9743, 1076, 1076, 4967
1698, -9742, 1076, 1076, 4967
1698, -9743, 1076, 1076, 4967
1698, -9743, 1076, 1076, 4967
1698, -9744, 1075, 1075, 4967
1698, -9744, 1075, 1075, 4967
1699, -9744, 1076, 1076, 4967
1698, -9743, 1075, 1075, 4967
1698, -9744, 1075, 1075, 4967
1697, -9743, 1075, 1075, 4967
1697, -9744, 1075, 1075, 4967
1697, -9744, 1075, 1075, 4967
1697, -9744, 1075, 1075, 4967
1697, -9744, 1074, 1074, 4967
1697, -9744, 1074, 1074, 4967
1697, -9745, 1075, 1075, 4967
1697, -9744, 1075, 1075, 4967
1697, -9744, 1074, 1074, 4967
1696, -9744, 1074, 1074, 4967
1695, -9744, 1074, 1074, 4967
1697, -9745, 1074, 1074, 4967
1697, -9744, 1074, 1074, 4967
1696, -9744, 1074, 1074, 4973
1697, -9744, 1074, 1074, 4973
1697, -9744, 1074, 1074, 4973
1696, -9744, 1074, 1074, 4973
1696, -9744, 1074, 1074, 4973
1697, -9745, 1074, 1074, 4973
1695, -9744, 1073, 1073, 4973
1696, -9744, 1073, 1073, 4973
1696, -9745, 1074, 1074, 4973
1695, -9744, 1073, 1073, 4973
1695, -9744, 1073, 1073, 4973
1696, -9745, 1073, 1073, 4973
1695, -9745, 1073, 1073, 4973
1696, -9745, 1073, 1073, 4973
1696, -9744, 1074, 1074, 4973
1696, -9745, 1073, 1073, 4973
1696, -9745, 1073, 1073, 4973
1695, -9745, 1073, 1073, 4973
1450, -9776, 838, 838, 4973
1479, -9772, 854, 854, 4973
1479, -9772, 854, 854, 4973
1479, -9774, 857, 857, 4973
1479, -9774, 857, 857, 4973
1480, -9773, 858, 858, 4973
1476, -9774, 859, 859, 4973
1479, -9773, 857, 857, 4965
1481, -9773, 860, 860, 4965
1481, -9773, 860, 860, 4965
1481, -9774, 861, 861, 4965
1483, -9774, 861, 861, 4965
1489, -9773, 861, 861, 4965
1489, -9773, 861, 861, 4965
1490, -9772, 862, 862, 4965
1483, -9773, 862, 862, 4965
1480, -9773, 862, 862, 4965
1488, -9772, 862, 862, 4965
1488, -9772, 862, 862, 4965
1481, -9773, 863, 863, 4965
1481, -9773, 863, 863, 4965
1489, -9773, 863, 863, 4965
1489, -9773, 863, 863, 4965
1480, -9774, 863, 863, 4965
1480, -9773, 863, 863, 4965
1482, -9774, 864, 864, 4965
1484, -9772, 864, 864, 4965
1480, -9773, 863, 863, 4965
1484, -9773, 864, 864, 4969
1484, -9774, 864, 864, 4969
1491, -9774, 864, 864, 4969
1491, -9774, 864, 864, 4969
1485, -9773, 864, 864, 4969
1485, -9773, 864, 864, 4969
1485, -9773, 863, 863, 4969
1482, -9774, 863, 863, 4969
1484, -9773, 864, 864, 4969
1484, -9774, 864, 864, 4969
1484, -9773, 864, 864, 4969
1484, -9774, 864, 864, 4969
1484, -9774, 864, 864, 4969
1485, -9774, 864, 864, 4969
1485, -9773, 864, 864, 4969
1485, -9773, 864, 864, 4969
1484, -9774, 864, 864, 4969
1493, -9773, 864, 864, 4969
1485, -9773, 864, 864, 4969
1492, -9774, 864, 864, 4969
1492, -9774, 864, 864, 4969
1484, -9774, 864, 864, 4969
1485, -9774, 864, 864, 4969
1485, -9775, 864, 864, 4969
1489, -9773, 865, 865, 4969
1489, -9773, 865, 865, 4969
1482, -9775, 865, 865, 4969
1481, -9775, 864, 864, 4969
1486, -9775, 864, 864, 4969
1486, -9775, 864, 864, 4969
1486, -9774, 864, 864, 4969
1486, -9774, 864, 864, 4969
1486, -9774, 863, 863, 4969
1492, -9774, 863, 863, 4969
1489, -9776, 864, 864, 4969
1490, -9774, 864, 864, 4969
1490, -9774, 863, 863, 4969
1490, -9774, 864, 864, 4969
1481, -9776, 863, 863, 4969
1483, -9775, 864, 864, 4969
1483, -9775, 864, 864, 4969
1482, -9776, 864, 864, 4969
1487, -9776, 865, 865, 4969
1486, -9776, 864, 864, 4969
1492, -9775, 864, 864, 4969
1492, -9775, 864, 864, 4969
1485, -9775, 864, 864, 4969
1483, -9776, 863, 863, 4969
1491, -9775, 863, 863, 4969
1491, -9775, 863, 863, 4969
1493, -9775, 864, 864, 4965
1488, -9776, 864, 864, 4965
1488, -9776, 864, 864, 4965
1487, -9776, 864, 864, 4965
1481, -9777, 864, 864, 4965
1490, -9776, 863, 863, 4965
1490, -9776, 863, 863, 4965
1491, -9776, 863, 863, 4965
1490, -9777, 863, 864, 4965
1489, -9777, 863, 863, 4965
1488, -9776, 863, 863, 4965
1481, -9777, 864, 864, 4965
1481, -9777, 864, 864, 4965
1483, -9778, 864, 864, 4965
1484, -9777, 864, 864, 4965
1484, -9778, 864, 864, 4965
1484, -9777, 863, 863, 4965
1486, -9778, 863, 863, 4965
1491, -9777, 864, 864, 4965
1489, -9777, 863, 863, 4965
1489, -9777, 863, 863, 4965
1484, -9778, 862, 862, 4965
1483, -9776, 862, 862, 4965
1480, -9779, 863, 863, 4965
1480, -9778, 863, 863, 4965
1480, -9778, 863, 863, 4965
1486, -9778, 863, 863, 4973
1481, -9778, 863, 863, 4973
1480, -9779, 862, 862, 4973
1488, -9778, 863, 863, 4973
1501, -9779, 864, 864, 4973
1719, -9745, 923, 923, 4973
1707, -9749, 1087, 1087, 4973
1703, -9749, 1082, 1082, 4973
1704, -9750, 1081, 1081, 4973
1700, -9750, 1079, 1079, 4973
1699, -9750, 1078, 1078, 4973
1699, -9750, 1077, 1077, 4973
1697, -9751, 1076, 1076, 4973
1697, -9751, 1076, 1076, 4973
1697, -9751, 1074, 1074, 4973
1696, -9752, 1074, 1074, 4973
1696, -9752, 1074, 1074, 4973
1696, -9751, 1074, 1074, 4973
1695, -9752, 1073, 1073, 4973
1695, -9752, 1073, 1073, 4973
1694, -9752, 1073, 1073, 4973
1694, -9751, 1072, 1072, 4973
1693, -9752, 1071, 1071, 4973
1693, -9752, 1071, 1071, 4973
1694, -9753, 1072, 1072, 4973
1693, -9753, 1072, 1072, 4969
1693, -9752, 1071, 1071, 4969
1693, -9753, 1070, 1070, 4969
1693, -9753, 1071, 1071, 4969
1693, -9754, 1071, 1071, 4969
1692, -9753, 1070, 1070, 4969
1692, -9752, 1070, 1070, 4969
1692, -9754, 1070, 1070, 4969
1692, -9754, 1070, 1070, 4969
1692, -9753, 1070, 1070, 4969
1692, -9753, 1070, 1070, 4969
1691, -9753, 1069, 1069, 4969
1691, -9753, 1069, 1069, 4969
1692, -9753, 1069, 1069, 4969
1691, -9753, 1069, 1069, 4969
1691, -9754, 1069, 1069, 4969
1691, -9754, 1069, 1069, 4969
1691, -9753, 1069, 1069, 4969
1691, -9754, 1068, 1068, 4969
1691, -9754, 1068, 1068, 4969
1690, -9753, 1067, 1067, 4969
1690, -9753, 1067, 1067, 4969
1690, -9754, 1067, 1067, 4969
1690, -9754, 1068, 1068, 4969
1689, -9753, 1067, 1067, 4969
1690, -9755, 1067, 1067, 4969
1690, -9756, 1068, 1068, 4965
1689, -9755, 1067, 1067, 4965
1689, -9755, 1067, 1067, 4965
1689, -9754, 1067, 1067, 4965
1689, -9755, 1067, 1067, 4965
1689, -9755, 1067, 1067, 4965
1689, -9755, 1067, 1067, 4965
1689, -9755, 1067, 1067, 4965
1688, -9755, 1066, 1066, 4965
1689, -9755, 1067, 1067, 4965
1689, -9754, 1066, 1066, 4965
1689, -9754, 1066, 1066, 4965
1688, -9756, 1066, 1066, 4965
1688, -9756, 1066, 1066, 4965
1689, -9755, 1066, 1066, 4965
1688, -9755, 1066, 1066, 4965
1687, -9756, 1065, 1065, 4965
1687, -9756, 1065, 1065, 4965
1688, -9756, 1066, 1066, 4965
1687, -9756, 1065, 1065, 4965
1688, -9756, 1065, 1065, 4965
1688, -9755, 1065, 1065, 4965
1688, -9756, 1065, 1065, 4965
1688, -9756, 1065, 1065, 4965
1688, -9757, 1065, 1065, 4965
1686, -9757, 1064, 1064, 4969
1686, -9757, 1064, 1064, 4969
1687, -9757, 1064, 1064, 4969
1688, -9756, 1065, 1065, 4969
1688, -9756, 1065, 1065, 4969
1687, -9757, 1064, 1064, 4969
1687, -9757, 1065, 1065, 4969
1686, -9756, 1064, 1064, 4969
1686, -9757, 1064, 1064, 4969
1687, -9757, 1064, 1064, 4969
1685, -9757, 1064, 1064, 4969
1685, -9757, 1064, 1064, 4969
1686, -9757, 1063, 1063, 4969
1686, -9758, 1064, 1064, 4969
1686, -9757, 1064, 1064, 4969
1686, -9757, 1064, 1064, 4969
1685, -9757, 1063, 1063, 4969
1685, -9757, 1063, 1063, 4969
1685, -9758, 1063, 1063, 4969
1684, -9758, 1062, 1062, 4969
1685, -9758, 1063, 1063, 4969
1685, -9756, 1063, 1063, 4969
1685, -9758, 1062, 1062, 4969
1685, -9758, 1062, 1062, 4969
1685, -9757, 1062, 1062, 4969
1685, -9758, 1063, 1063, 4969
1685, -9759, 1062, 1062, 4969
1685, -9759, 1062, 1062, 4963
1684, -9759, 1061, 1061, 4963
1685, -9757, 1062, 1062, 4963
1685, -9757, 1062, 1062, 4963
1685, -9758, 1062, 1062, 4963
1684, -9758, 1062, 1062, 4963
1684, -9758, 1062, 1062, 4963
1684, -9759, 1062, 1062, 4963
1684, -9759, 1062, 1062, 4963
1683, -9759, 1061, 1061, 4963
1683, -9758, 1061, 1061, 4963
1684, -9758, 1061, 1061, 4963
1683, -9759, 1061, 1061, 4963
1684, -9759, 1061, 1061, 4963
1684, -9759, 1061, 1061, 4963
1683, -9760, 1061, 1061, 4963
1683, -9760, 1061, 1061, 4963
1683, -9760, 1061, 1061, 4963
1683, -9760, 1061, 1061, 4963
1683, -9760, 1061, 1061, 4963
1683, -9759, 1061, 1061, 4963
1683, -9760, 1061, 1061, 4963
1684, -9759, 1060, 1060, 4963
1684, -9759, 1060, 1060, 4963
1683, -9760, 1060, 1060, 4971
1683, -9760, 1060, 1060, 4971
1683, -9760, 1060, 1060, 4971
1682, -9760, 1060, 1060, 4971
1682, -9759, 1060, 1060, 4971
1682, -9759, 1060, 1060, 4971
1682, -9760, 1060, 1060, 4971
1682, -9760, 1059, 1059, 4971
1682, -9760, 1059, 1059, 4971
1683, -9761, 1060, 1060, 4971
1682, -9761, 1059, 1059, 4971
1682, -9761, 1059, 1059, 4971
1682, -9760, 1060, 1060, 4971
1681, -9761, 1059, 1059, 4971
1681, -9761, 1059, 1059, 4971
1681, -9761, 1059, 1059, 4971
1681, -9761, 1059, 1059, 4971
1682, -9762, 1059, 1059, 4971
1681, -9761, 1059, 1059, 4971
1681, -9762, 1059, 1059, 4971
1681, -9762, 1059, 1059, 4971
1681, -9762, 1059, 1059, 4971
1681, -9762, 1059, 1059, 4971
1681, -9762, 1058, 1058, 4971
1681, -9762, 1058, 1058, 4971
1679, -9762, 1058, 1058, 4973
1679, -9762, 1058, 1058, 4973
