789, -11105, 166, 166, 1283
789, -11104, 167, 167, 1283
788, -11105, 166, 166, 1277
788, -11105, 166, 166, 1277
788, -11104, 166, 166, 1277
789, -11104, 166, 166, 1277
789, -11105, 167, 167, 1277
790, -11105, 167, 167, 1277
790, -11105, 167, 167, 1277
790, -11106, 167, 167, 1277
790, -11106, 167, 167, 1277
788, -11106, 167, 167, 1277
789, -11105, 166, 166, 1277
789, -11105, 166, 166, 1277
788, -11106, 166, 166, 1277
788, -11106, 166, 166, 1277
789, -11105, 166, 166, 1277
789, -11105, 166, 166, 1277
788, -11105, 166, 166, 1277
788, -11105, 166, 166, 1277
788, -11106, 166, 166, 1277
788, -11106, 166, 166, 1277
788, -11106, 166, 166, 1277
789, -11105, 166, 166, 1277
788, -11106, 166, 166, 1277
788, -11106, 166, 166, 1277
788, -11106, 165, 165, 1277
788, -11105, 166, 166, 1277
788, -11106, 166, 166, 1275
788, -11106, 166, 166, 1275
788, -11106, 165, 165, 1275
787, -11105, 165, 165, 1275
788, -11106, 166, 166, 1275
787, -11106, 165, 165, 1275
788, -11106, 166, 166, 1275
788, -11105, 166, 166, 1275
787, -11106, 165, 165, 1275
788, -11104, 165, 165, 1275
788, -11106, 166, 166, 1275
787, -11105, 165, 165, 1275
787, -11106, 165, 165, 1275
789, -11106, 166, 166, 1275
789, -11106, 166, 166, 1275
788, -11105, 166, 166, 1275
788, -11105, 165, 165, 1275
787, -11106, 166, 166, 1275
788, -11106, 166, 166, 1275
786, -11106, 165, 165, 1275
788, -11106, 166, 166, 1275
788, -11106, 165, 165, 1275
788, -11107, 165, 165, 1275
788, -11107, 165, 165, 1275
787, -11106, 165, 165, 1275
788, -11107, 165, 165, 1275
787, -11106, 165, 165, 1275
788, -11105, 165, 165, 1275
787, -11106, 165, 165, 1271
787, -11106, 165, 165, 1271
788, -11105, 165, 165, 1271
788, -11105, 165, 165, 1271
788, -11106, 165, 165, 1271
788, -11106, 166, 166, 1271
787, -11104, 165, 165, 1271
788, -11106, 165, 165, 1271
788, -11106, 165, 165, 1271
787, -11106, 165, 165, 1271
787, -11105, 165, 165, 1271
787, -11105, 165, 165, 1271
787, -11106, 165, 165, 1271
787, -11106, 165, 165, 1271
786, -11106, 164, 164, 1271
786, -11106, 164, 164, 1271
787, -11106, 165, 165, 1271
787, -11105, 165, 165, 1271
786, -11105, 164, 164, 1271
786, -11105, 164, 164, 1271
787, -11106, 164, 164, 1271
787, -11106, 164, 164, 1271
787, -11106, 165, 165, 1271
787, -11106, 165, 165, 1271
787, -11105, 165, 165, 1271
787, -11105, 165, 165, 1271
787, -11105, 165, 165, 1271
787, -11107, 165, 165, 1271
787, -11107, 165, 165, 1271
787, -11105, 165, 165, 1271
787, -11106, 164, 164, 1271
787, -11106, 164, 164, 1271
787, -11106, 165, 165, 1271
787, -11106, 165, 165, 1271
788, -11106, 165, 165, 1271
788, -11106, 165, 165, 1271
786, -11106, 164, 164, 1271
787, -11106, 165, 165, 1271
787, -11106, 165, 165, 1271
787, -11106, 165, 165, 1271
787, -11106, 165, 165, 1271
787, -11107, 165, 165, 1271
787, -11106, 165, 165, 1271
787, -11105, 165, 165, 1271
787, -11107, 165, 165, 1271
787, -11106, 165, 165, 1271
787, -11106, 165, 165, 1271
787, -11106, 165, 165, 1271
663, -11131, 53, 53, 1263
660, -11129, 40, 40, 1263
660, -11129, 40, 40, 1263
659, -11130, 37, 37, 1263
659, -11130, 37, 37, 1263
658, -11129, 37, 37, 1263
660, -11128, 35, 35, 1263
661, -11128, 35, 35, 1263
661, -11128, 35, 35, 1263
656, -11129, 35, 35, 1263
655, -11129, 36, 36, 1263
656, -11129, 34, 34, 1263
657, -11129, 35, 35, 1263
657, -11129, 35, 35, 1263
658, -11128, 37, 37, 1263
657, -11128, 34, 34, 1263
657, -11128, 34, 34, 1263
661, -11129, 36, 36, 1263
658, -11128, 36, 36, 1263
658, -11128, 36, 36, 1263
657, -11128, 35, 35, 1263
659, -11128, 36, 36, 1263
658, -11127, 35, 35, 1263
658, -11127, 35, 35, 1263
659, -11127, 36, 36, 1269
659, -11127, 36, 36, 1269
659, -11128, 35, 35, 1269
659, -11128, 35, 35, 1269
658, -11127, 36, 36, 1269
658, -11128, 35, 35, 1269
659, -11128, 36, 36, 1269
660, -11128, 36, 36, 1269
658, -11127, 36, 36, 1269
658, -11127, 36, 36, 1269
659, -11128, 36, 36, 1269
658, -11128, 36, 36, 1269
659, -11127, 35, 35, 1269
659, -11127, 35, 35, 1269
659, -11126, 36, 36, 1269
659, -11126, 37, 37, 1269
657, -11127, 36, 36, 1269
658, -11127, 36, 36, 1269
658, -11127, 36, 36, 1269
657, -11127, 36, 36, 1269
658, -11129, 36, 36, 1269
660, -11127, 35, 35, 1269
660, -11127, 35, 35, 1269
659, -11127, 36, 36, 1269
659, -11127, 36, 36, 1269
660, -11127, 36, 36, 1269
657, -11127, 36, 36, 1263
657, -11127, 36, 36, 1263
656, -11127, 35, 35, 1263
658, -11127, 36, 36, 1263
657, -11126, 36, 36, 1263
656, -11127, 35, 35, 1263
656, -11127, 35, 35, 1263
656, -11127, 36, 36, 1263
658, -11127, 36, 36, 1263
658, -11126, 36, 36, 1263
660, -11127, 35, 35, 1263
657, -11126, 36, 36, 1263
657, -11126, 36, 36, 1263
657, -11127, 36, 36, 1263
657, -11127, 36, 36, 1263
659, -11127, 37, 37, 1263
659, -11127, 37, 37, 1263
659, -11127, 37, 37, 1263
659, -11127, 37, 37, 1263
661, -11127, 36, 36, 1263
657, -11126, 36, 36, 1263
658, -11126, 36, 36, 1261
658, -11126, 36, 36, 1261
658, -11127, 37, 37, 1261
656, -11127, 36, 36, 1261
657, -11126, 36, 36, 1261
657, -11126, 36, 36, 1261
657, -11127, 36, 36, 1261
657, -11127, 37, 37, 1261
657, -11127, 37, 37, 1261
658, -11127, 37, 37, 1261
659, -11127, 37, 37, 1261
659, -11127, 37, 37, 1261
659, -11127, 37, 37, 1261
660, -11126, 38, 38, 1261
661, -11126, 37, 37, 1261
661, -11126, 37, 37, 1261
661, -11125, 37, 37, 1261
660, -11126, 37, 37, 1261
660, -11126, 37, 37, 1261
661, -11126, 37, 37, 1261
661, -11125, 37, 37, 1261
661, -11125, 37, 37, 1261
657, -11127, 37, 37, 1261
656, -11127, 36, 36, 1254
658, -11127, 37, 37, 1254
658, -11127, 37, 37, 1254
660, -11126, 37, 37, 1254
661, -11127, 37, 37, 1254
660, -11126, 37, 37, 1254
660, -11126, 37, 37, 1254
658, -11127, 36, 36, 1254
657, -11126, 36, 36, 1254
657, -11126, 36, 36, 1254
659, -11127, 37, 37, 1254
662, -11124, 37, 37, 1254
771, -11104, 91, 91, 1254
784, -11104, 160, 160, 1254
785, -11103, 162, 162, 1254
787, -11104, 164, 164, 1254
788, -11104, 166, 166, 1254
788, -11104, 166, 166, 1254
789, -11105, 166, 166, 1254
789, -11104, 166, 166, 1254
788, -11104, 166, 166, 1254
789, -11104, 166, 166, 1259
789, -11104, 166, 166, 1259
788, -11105, 166, 166, 1259
788, -11105, 166, 166, 1259
789, -11105, 166, 166, 1259
789, -11105, 166, 166, 1259
789, -11105, 166, 166, 1259
789, -11105, 166, 166, 1259
789, -11105, 166, 166, 1259
789, -11105, 166, 166, 1259
788, -11105, 166, 166, 1259
788, -11106, 166, 166, 1259
787, -11105, 165, 165, 1259
788, -11105, 165, 165, 1259
788, -11105, 165, 165, 1259
788, -11106, 165, 165, 1259
788, -11105, 166, 166, 1259
787, -11106, 165, 165, 1259
787, -11106, 165, 165, 1259
787, -11105, 165, 165, 1259
788, -11106, 165, 165, 1259
787, -11106, 165, 165, 1259
788, -11106, 165, 165, 1259
788, -11105, 165, 165, 1259
787, -11106, 166, 166, 1259
787, -11105, 165, 165, 1259
787, -11105, 165, 165, 1259
788, -11105, 165, 165, 1259
788, -11106, 165, 165, 1259
788, -11106, 165, 165, 1259
787, -11105, 165, 165, 1259
787, -11105, 165, 165, 1259
787, -11105, 165, 165, 1259
788, -11106, 165, 165, 1259
787, -11106, 165, 165, 1259
787, -11106, 165, 165, 1259
787, -11106, 165, 165, 1259
787, -11106, 165, 165, 1259
787, -11106, 164, 164, 1259
787, -11104, 164, 164, 1259
787, -11104, 164, 164, 1259
787, -11106, 165, 165, 1259
787, -11106, 165, 165, 1259
788, -11106, 165, 165, 1259
788, -11106, 165, 165, 1259
788, -11106, 165, 165, 1259
788, -11105, 165, 165, 1259
788, -11105, 165, 165, 1259
787, -11106, 165, 165, 1259
787, -11105, 165, 165, 1259
786, -11105, 165, 165, 1254
787, -11106, 165, 165, 1254
786, -11105, 164, 164, 1254
787, -11105, 164, 164, 1254
787, -11105, 164, 164, 1254
787, -11104, 165, 165, 1254
788, -11106, 165, 165, 1254
788, -11106, 165, 165, 1254
786, -11107, 164, 164, 1254
787, -11105, 165, 165, 1254
787, -11105, 165, 165, 1254
787, -11106, 165, 165, 1254
787, -11106, 165, 165, 1254
787, -11106, 165, 165, 1254
786, -11105, 164, 164, 1254
786, -11106, 164, 164, 1254
787, -11106, 164, 164, 1254
787, -11106, 164, 164, 1254
787, -11105, 164, 164, 1254
786, -11105, 164, 164, 1254
786, -11105, 164, 164, 1254
787, -11106, 164, 164, 1254
786, -11106, 164, 164, 1254
787, -11105, 164, 164, 1261
787, -11105, 164, 164, 1261
786, -11105, 164, 164, 1261
786, -11105, 164, 164, 1261
788, -11106, 164, 164, 1261
788, -11106, 164, 164, 1261
787, -11106, 164, 164, 1261
786, -11105, 164, 164, 1261
786, -11105, 164, 164, 1261
787, -11105, 164, 164, 1261
787, -11105, 164, 164, 1261
786, -11106, 164, 164, 1261
788, -11106, 164, 164, 1261
788, -11106, 164, 164, 1261
787, -11105, 164, 164, 1261
787, -11105, 164, 164, 1261
787, -11106, 164, 164, 1261
788, -11106, 165, 165, 1261
788, -11106, 165, 165, 1261
786, -11106, 164, 164, 1261
786, -11106, 164, 164, 1261
787, -11105, 165, 165, 1261
787, -11105, 165, 165, 1261
787, -11105, 164, 164, 1261
786, -11107, 164, 164, 1261
786, -11106, 164, 164, 1261
786, -11106, 164, 164, 1261
787, -11106, 164, 164, 1257
787, -11105, 164, 164, 1257
786, -11106, 164, 164, 1257
786, -11106, 164, 164, 1257
786, -11105, 164, 164, 1257
787, -11106, 163, 163, 1257
786, -11105, 164, 164, 1257
787, -11105, 165, 165, 1257
787, -11106, 164, 164, 1257
787, -11106, 164, 164, 1257
787, -11165, 165, 165, 1257
787, -11165, 165, 165, 1257
659, -11129, 41, 41, 1257
659, -11129, 41, 41, 1257
657, -11129, 37, 37, 1257
657, -11129, 36, 36, 1257
659, -11127, 35, 35, 1257
658, -11128, 35, 35, 1257
659, -11128, 35, 35, 1257
657, -11128, 34, 34, 1257
656, -11127, 35, 35, 1257
655, -11127, 34, 34, 1257
655, -11127, 34, 34, 1257
658, -11127, 35, 35, 1257
658, -11127, 34, 34, 1257
658, -11127, 34, 34, 1257
656, -11127, 34, 34, 1257
660, -11127, 36, 36, 1254
658, -11127, 34, 34, 1254
656, -11127, 35, 35, 1254
657, -11128, 36, 36, 1254
656, -11127, 35, 35, 1254
657, -11128, 35, 35, 1254
657, -11128, 35, 35, 1254
658, -11127, 35, 35, 1254
658, -11127, 35, 35, 1254
658, -11127, 35, 35, 1254
660, -11127, 35, 35, 1254
660, -11127, 35, 35, 1254
658, -11127, 35, 35, 1254
660, -11127, 35, 35, 1254
659, -11127, 35, 35, 1254
657, -11127, 35, 35, 1254
657, -11127, 35, 35, 1254
656, -11127, 36, 36, 1254
657, -11127, 36, 36, 1254
659, -11126, 35, 35, 1254
659, -11126, 35, 35, 1254
660, -11126, 35, 35, 1254
658, -11126, 35, 35, 1254
655, -11126, 35, 35, 1254
655, -11126, 35, 35, 1254
656, -11128, 37, 37, 1254
657, -11126, 36, 36, 1254
658, -11127, 36, 36, 1263
655, -11126, 35, 35, 1263
660, -11126, 35, 35, 1263
660, -11126, 35, 35, 1263
660, -11126, 37, 37, 1263
658, -11124, 36, 36, 1263
659, -11126, 36, 36, 1263
656, -11126, 35, 35, 1263
656, -11126, 35, 35, 1263
658, -11126, 36, 36, 1263
656, -11127, 35, 35, 1263
657, -11126, 35, 35, 1263
656, -11127, 36, 36, 1263
656, -11127, 36, 36, 1263
660, -11125, 36, 36, 1263
660, -11127, 36, 36, 1263
659, -11127, 35, 35, 1263
661, -11126, 36, 36, 1263
659, -11125, 36, 36, 1263
658, -11126, 36, 36, 1263
658, -11126, 36, 36, 1263
657, -11126, 36, 36, 1263
657, -11126, 36, 36, 1263
659, -11126, 36, 36, 1263
659, -11126, 36, 36, 1263
660, -11126, 35, 35, 1263
659, -11125, 36, 36, 1259
659, -11125, 36, 36, 1259
657, -11126, 36, 36, 1259
657, -11126, 36, 36, 1259
657, -11126, 36, 36, 1259
656, -11126, 36, 36, 1259
658, -11126, 36, 36, 1259
658, -11126, 36, 36, 1259
659, -11126, 36, 36, 1259
657, -11126, 37, 37, 1259
658, -11126, 36, 36, 1259
657, -11126, 37, 37, 1259
659, -11126, 36, 36, 1259
659, -11126, 36, 36, 1259
660, -11125, 36, 36, 1259
657, -11127, 36, 36, 1259
657, -11127, 36, 36, 1259
658, -11127, 37, 37, 1259
658, -11127, 37, 37, 1259
659, -11126, 37, 37, 1259
657, -11127, 37, 37, 1259
659, -11126, 36, 36, 1259
657, -11126, 37, 37, 1259
658, -11127, 36, 36, 1265
657, -11126, 37, 37, 1265
658, -11127, 36, 36, 1265
658, -11127, 36, 36, 1265
659, -11126, 37, 37, 1265
658, -11126, 36, 36, 1265
658, -11126, 36, 36, 1265
662, -11125, 37, 37, 1265
662, -11125, 37, 37, 1265
660, -11126, 36, 36, 1265
660, -11126, 36, 36, 1265
660, -11126, 36, 36, 1265
658, -11126, 36, 36, 1265
658, -11126, 38, 38, 1265
656, -11127, 36, 36, 1265
660, -11127, 36, 36, 1265
661, -11127, 37, 37, 1265
660, -11125, 37, 37, 1265
660, -11125, 37, 37, 1265
657, -11126, 37, 37, 1265
656, -11126, 36, 36, 1265
659, -11126, 37, 37, 1265
659, -11126, 37, 37, 1265
665, -11127, 36, 36, 1265
781, -11103, 153, 153, 1254
781, -11103, 153, 153, 1254
784, -11103, 161, 161, 1254
784, -11103, 161, 161, 1254
787, -11103, 164, 164, 1254
787, -11103, 165, 165, 1254
788, -11103, 166, 166, 1254
788, -11103, 166, 166, 1254
788, -11104, 166, 166, 1254
788, -11103, 166, 166, 1254
788, -11104, 166, 166, 1254
788, -11104, 166, 166, 1254
787, -11103, 166, 166, 1254
788, -11104, 165, 165, 1254
787, -11104, 165, 165, 1254
787, -11104, 165, 165, 1254
788, -11104, 165, 165, 1254
788, -11103, 166, 166, 1254
789, -11105, 166, 166, 1254
789, -11105, 166, 166, 1254
788, -11104, 165, 165, 1254
788, -11104, 165, 165, 1254
788, -11104, 166, 166, 1254
788, -11104, 166, 166, 1254
789, -11104, 166, 166, 1254
788, -11105, 166, 166, 1254
788, -11105, 166, 166, 1254
789, -11104, 166, 166, 1254
788, -11105, 166, 166, 1254
789, -11103, 166, 166, 1259
789, -11103, 166, 166, 1259
787, -11105, 165, 165, 1259
788, -11105, 165, 165, 1259
788, -11104, 166, 166, 1259
788, -11105, 166, 166, 1259
789, -11105, 166, 166, 1259
788, -11105, 166, 166, 1259
787, -11105, 165, 165, 1259
789, -11105, 166, 166, 1259
788, -11105, 166, 166, 1259
787, -11104, 165, 165, 1259
788, -11104, 165, 165, 1259
787, -11105, 165, 165, 1259
788, -11105, 166, 166, 1259
788, -11104, 166, 166, 1259
788, -11104, 166, 166, 1259
788, -11104, 165, 165, 1259
787, -11105, 165, 165, 1259
789, -11105, 166, 166, 1259
789, -11105, 166, 166, 1259
789, -11105, 166, 166, 1259
788, -11105, 166, 166, 1259
788, -11103, 166, 166, 1257
788, -11104, 165, 165, 1257
787, -11105, 166, 166, 1257
787, -11105, 166, 166, 1257
787, -11104, 165, 165, 1257
787, -11104, 165, 165, 1257
788, -11104, 165, 165, 1257
788, -11104, 165, 165, 1257
787, -11104, 165, 165, 1257
787, -11104, 165, 165, 1257
787, -11104, 165, 165, 1257
787, -11104, 165, 165, 1257
787, -11104, 165, 165, 1257
787, -11105, 165, 165, 1257
787, -11105, 164, 164, 1257
786, -11104, 164, 164, 1257
786, -11104, 164, 164, 1257
788, -11106, 165, 165, 1257
787, -11105, 165, 165, 1257
787, -11106, 165, 165, 1257
787, -11105, 165, 165, 1257
787, -11104, 165, 165, 1257
787, -11104, 165, 165, 1257
787, -11105, 165, 165, 1257
788, -11106, 165, 165, 1257
787, -11106, 165, 165, 1257
787, -11105, 165, 165, 1265
787, -11106, 164, 164, 1265
788, -11106, 165, 165, 1265
787, -11105, 165, 165, 1265
787, -11106, 165, 165, 1265
787, -11105, 165, 165, 1265
787, -11105, 165, 165, 1265
787, -11105, 165, 165, 1265
787, -11106, 165, 165, 1265
787, -11105, 165, 165, 1265
787, -11105, 165, 165, 1265
788, -11106, 165, 165, 1265
787, -11105, 165, 165, 1265
787, -11106, 165, 165, 1265
787, -11106, 165, 165, 1265
787, -11104, 164, 164, 1265
788, -11105, 165, 165, 1265
787, -11104, 165, 165, 1265
787, -11105, 165, 165, 1265
787, -11105, 165, 165, 1265
787, -11105, 165, 165, 1265
788, -11105, 165, 165, 1265
787, -11105, 165, 165, 1265
787, -11104, 165, 165, 1265
787, -11104, 165, 165, 1265
788, -11105, 165, 165, 1265
787, -11104, 165, 165, 1257
787, -11104, 165, 165, 1257
786, -11106, 164, 164, 1257
786, -11104, 164, 164, 1257
786, -11104, 164, 164, 1257
786, -11105, 164, 164, 1257
787, -11104, 164, 164, 1257
787, -11105, 164, 164, 1257
787, -11105, 164, 164, 1257
787, -11105, 164, 164, 1257
787, -11105, 164, 164, 1257
788, -11104, 165, 165, 1257
787, -11105, 165, 165, 1257
786, -11105, 164, 164, 1257
786, -11105, 164, 164, 1257
787, -11105, 164, 164, 1257
786, -11106, 164, 164, 1257
786, -11106, 164, 164, 1257
787, -11105, 164, 164, 1257
787, -11105, 164, 164, 1257
787, -11106, 164, 164, 1257
787, -11105, 164, 164, 1257
787, -11105, 165, 165, 1257
785, -11164, 164, 164, 1257
659, -11128, 38, 38, 1257
660, -11128, 38, 38, 1257
660, -11128, 38, 38, 1257
661, -11128, 37, 37, 1257
660, -11127, 36, 36, 1257
659, -11127, 35, 35, 1257
658, -11127, 35, 35, 1257
660, -11126, 35, 35, 1257
656, -11127, 35, 35, 1257
656, -11126, 35, 35, 1257
655, -11127, 35, 35, 1257
657, -11127, 35, 35, 1257
659, -11127, 35, 35, 1257
659, -11127, 34, 34, 1257
659, -11125, 35, 35, 1257
659, -11125, 35, 35, 1257
658, -11126, 36, 36, 1257
658, -11126, 36, 36, 1257
658, -11127, 35, 35, 1257
657, -11127, 36, 36, 1257
655, -11127, 35, 35, 1257
656, -11127, 35, 35, 1257
657, -11125, 35, 35, 1257
657, -11125, 35, 35, 1257
658, -11126, 35, 35, 1257
659, -11125, 35, 35, 1257
659, -11125, 35, 35, 1257
659, -11125, 36, 36, 1259
655, -11126, 35, 35, 1259
655, -11126, 35, 35, 1259
656, -11126, 35, 35, 1259
657, -11127, 35, 35, 1259
657, -11127, 35, 35, 1259
659, -11126, 36, 36, 1259
659, -11125, 35, 35, 1259
658, -11125, 35, 35, 1259
659, -11124, 35, 35, 1259
656, -11126, 35, 35, 1259
656, -11126, 35, 35, 1259
656, -11126, 35, 35, 1259
656, -11126, 35, 35, 1259
656, -11126, 35, 35, 1259
658, -11127, 36, 36, 1259
660, -11125, 36, 36, 1259
661, -11126, 36, 36, 1259
658, -11126, 36, 36, 1259
655, -11126, 36, 36, 1259
655, -11126, 36, 36, 1259
657, -11127, 36, 36, 1259
657, -11126, 36, 36, 1259
657, -11126, 36, 36, 1259
660, -11127, 36, 36, 1259
659, -11125, 36, 36, 1259
660, -11125, 36, 36, 1259
660, -11126, 37, 37, 1259
660, -11126, 35, 35, 1261
660, -11126, 35, 35, 1261
662, -11125, 36, 36, 1261
662, -11126, 36, 36, 1261
662, -11126, 36, 36, 1261
660, -11126, 37, 37, 1261
658, -11126, 36, 36, 1261
657, -11127, 37, 37, 1261
657, -11127, 37, 37, 1261
657, -11126, 36, 36, 1261
661, -11127, 37, 37, 1261
660, -11126, 36, 36, 1261
660, -11126, 36, 36, 1261
657, -11126, 36, 36, 1261
658, -11126, 37, 37, 1261
658, -11126, 37, 37, 1261
659, -11125, 37, 37, 1261
661, -11124, 37, 37, 1261
661, -11124, 37, 37, 1261
662, -11125, 37, 37, 1261
658, -11126, 37, 37, 1261
658, -11126, 37, 37, 1261
657, -11125, 36, 36, 1261
658, -11125, 37, 37, 1261
661, -11126, 37, 37, 1259
659, -11124, 37, 37, 1259
659, -11124, 37, 37, 1259
659, -11125, 37, 37, 1259
658, -11126, 37, 37, 1259
658, -11126, 37, 37, 1259
658, -11126, 37, 37, 1259
660, -11124, 37, 37, 1259
661, -11126, 37, 37, 1259
659, -11124, 36, 36, 1259
657, -11125, 36, 36, 1259
658, -11125, 37, 37, 1259
659, -11124, 37, 37, 1259
659, -11125, 37, 37, 1259
659, -11126, 37, 37, 1259
659, -11127, 38, 38, 1259
661, -11125, 37, 37, 1259
661, -11125, 37, 37, 1259
662, -11125, 37, 37, 1259
662, -11125, 37, 37, 1259
661, -11125, 37, 37, 1259
661, -11125, 37, 37, 1259
661, -11125, 38, 38, 1259
658, -11124, 37, 37, 1259
658, -11124, 37, 37, 1259
658, -11125, 37, 37, 1263
658, -11125, 36, 36, 1263
661, -11125, 36, 36, 1263
661, -11125, 36, 36, 1263
660, -11124, 36, 36, 1263
660, -11124, 36, 36, 1263
660, -11124, 36, 36, 1263
660, -11124, 36, 36, 1263
663, -11124, 37, 37, 1263
755, -11104, 62, 62, 1263
783, -11102, 159, 159, 1263
783, -11102, 159, 159, 1263
787, -11102, 164, 164, 1263
787, -11102, 164, 164, 1263
788, -11102, 164, 164, 1263
787, -11103, 165, 165, 1263
787, -11103, 165, 165, 1263
788, -11103, 165, 165, 1263
788, -11102, 166, 166, 1263
788, -11103, 166, 166, 1263
788, -11103, 166, 166, 1263
789, -11103, 166, 166, 1263
789, -11103, 166, 166, 1263
789, -11103, 166, 166, 1263
788, -11104, 166, 166, 1263
788, -11103, 166, 166, 1263
788, -11103, 165, 165, 1263
789, -11105, 166, 166, 1263
789, -11105, 166, 166, 1263
789, -11103, 166, 166, 1263
789, -11103, 166, 166, 1263
789, -11103, 166, 166, 1263
789, -11103, 166, 166, 1263
789, -11104, 166, 166, 1263
788, -11104, 166, 166, 1263
788, -11104, 166, 166, 1263
788, -11103, 165, 165, 1263
788, -11104, 166, 166, 1263
788, -11104, 166, 166, 1263
789, -11104, 166, 166, 1263
789, -11104, 166, 166, 1263
788, -11104, 166, 166, 1263
788, -11104, 166, 166, 1263
789, -11104, 166, 166, 1263
789, -11104, 166, 166, 1263
788, -11104, 166, 166, 1263
789, -11104, 166, 166, 1263
788, -11104, 166, 166, 1263
788, -11104, 165, 165, 1263
788, -11104, 165, 165, 1263
788, -11104, 165, 165, 1263
788, -11104, 166, 166, 1265
789, -11104, 166, 166, 1265
787, -11104, 166, 166, 1265
788, -11104, 165, 165, 1265
789, -11104, 166, 166, 1265
788, -11104, 166, 166, 1265
788, -11104, 166, 166, 1265
788, -11104, 166, 166, 1265
788, -11104, 166, 166, 1265
788, -11105, 166, 166, 1265
788, -11104, 166, 166, 1265
788, -11104, 166, 166, 1265
788, -11104, 165, 165, 1265
788, -11104, 166, 166, 1265
788, -11104, 166, 166, 1265
788, -11105, 165, 165, 1265
789, -11104, 166, 166, 1265
788, -11104, 165, 165, 1265
787, -11104, 165, 165, 1265
787, -11104, 165, 165, 1265
788, -11104, 165, 165, 1265
788, -11104, 165, 165, 1265
789, -11105, 166, 166, 1265
788, -11104, 166, 166, 1265
788, -11103, 165, 165, 1263
788, -11103, 165, 165, 1263
788, -11105, 166, 166, 1263
787, -11105, 165, 165, 1263
787, -11105, 165, 165, 1263
787, -11104, 165, 165, 1263
788, -11105, 165, 165, 1263
788, -11105, 165, 165, 1263
788, -11105, 165, 165, 1263
788, -11105, 166, 166, 1263
788, -11105, 165, 165, 1263
787, -11105, 165, 165, 1263
788, -11104, 165, 165, 1263
788, -11104, 165, 165, 1263
788, -11104, 165, 165, 1263
788, -11104, 165, 165, 1263
787, -11105, 165, 165, 1263
788, -11104, 166, 166, 1263
788, -11104, 166, 166, 1263
787, -11105, 164, 164, 1263
788, -11104, 165, 165, 1263
788, -11104, 165, 165, 1263
788, -11105, 165, 165, 1263
787, -11105, 165, 165, 1263
787, -11105, 165, 165, 1263
788, -11104, 165, 165, 1261
788, -11103, 165, 165, 1261
788, -11105, 166, 166, 1261
788, -11104, 166, 166, 1261
787, -11104, 165, 165, 1261
788, -11105, 166, 166, 1261
788, -11105, 166, 166, 1261
787, -11104, 165, 165, 1261
787, -11104, 165, 165, 1261
787, -11104, 165, 165, 1261
787, -11104, 165, 165, 1261
787, -11105, 165, 165, 1261
787, -11105, 165, 165, 1261
788, -11105, 165, 165, 1261
787, -11105, 165, 165, 1261
787, -11105, 165, 165, 1261
787, -11105, 165, 165, 1261
787, -11105, 165, 165, 1261
788, -11104, 165, 165, 1261
788, -11104, 165, 165, 1261
787, -11105, 165, 165, 1261
786, -11104, 165, 165, 1261
787, -11105, 165, 165, 1261
787, -11105, 165, 165, 1261
788, -11105, 165, 165, 1261
787, -11106, 165, 165, 1257
787, -11106, 165, 165, 1257
787, -11105, 165, 165, 1257
788, -11105, 166, 166, 1257
788, -11105, 166, 166, 1257
787, -11104, 164, 164, 1257
787, -11104, 164, 164, 1257
669, -11128, 57, 57, 1257
669, -11128, 57, 57, 1257
660, -11127, 38, 38, 1257
661, -11127, 37, 37, 1257
659, -11128, 37, 37, 1257
658, -11127, 35, 35, 1257
658, -11127, 36, 36, 1257
656, -11127, 36, 36, 1257
657, -11127, 36, 36, 1257
657, -11127, 36, 36, 1257
658, -11127, 36, 36, 1257
659, -11127, 36, 36, 1257
659, -11127, 36, 36, 1257
659, -11126, 35, 35, 1257
659, -11126, 35, 35, 1257
658, -11126, 36, 36, 1257
656, -11127, 35, 35, 1257
657, -11126, 35, 35, 1257
657, -11126, 35, 35, 1261
657, -11126, 35, 35, 1261
659, -11124, 36, 36, 1261
657, -11127, 35, 35, 1261
657, -11127, 35, 35, 1261
658, -11125, 35, 35, 1261
660, -11126, 36, 36, 1261
660, -11126, 36, 36, 1261
658, -11125, 35, 35, 1261
657, -11126, 36, 36, 1261
661, -11127, 37, 37, 1261
661, -11125, 36, 36, 1261
661, -11125, 36, 36, 1261
660, -11124, 36, 36, 1261
658, -11126, 37, 37, 1261
657, -11126, 36, 36, 1261
657, -11126, 36, 36, 1261
656, -11125, 37, 37, 1261
659, -11126, 36, 36, 1261
659, -11125, 36, 36, 1261
659, -11125, 36, 36, 1261
661, -11124, 37, 37, 1261
661, -11124, 37, 37, 1261
656, -11126, 36, 36, 1261
659, -11125, 37, 37, 1265
659, -11125, 37, 37, 1265
657, -11127, 37, 37, 1265
656, -11126, 36, 36, 1265
659, -11126, 36, 36, 1265
661, -11126, 37, 37, 1265
661, -11126, 37, 37, 1265
661, -11126, 37, 37, 1265
660, -11125, 37, 37, 1265
660, -11125, 37, 37, 1265
659, -11124, 37, 37, 1265
657, -11126, 37, 37, 1265
659, -11125, 37, 37, 1265
659, -11125, 37, 37, 1265
660, -11125, 38, 38, 1265
660, -11125, 37, 37, 1265
662, -11124, 37, 37, 1265
661, -11125, 38, 38, 1265
661, -11125, 38, 38, 1265
660, -11126, 38, 38, 1265
660, -11126, 38, 38, 1265
660, -11125, 38, 38, 1265
660, -11125, 38, 38, 1265
660, -11125, 38, 38, 1265
661, -11124, 38, 38, 1265
661, -11124, 38, 38, 1265
660, -11124, 37, 37, 1263
660, -11124, 38, 38, 1263
660, -11124, 38, 38, 1263
659, -11124, 38, 38, 1263
659, -11124, 38, 38, 1263
660, -11125, 38, 38, 1263
660, -11125, 38, 38, 1263
658, -11126, 37, 37, 1263
661, -11125, 38, 38, 1263
661, -11125, 38, 38, 1263
663, -11123, 38, 38, 1263
663, -11123, 38, 38, 1263
662, -11124, 37, 37, 1263
661, -11123, 38, 38, 1263
660, -11124, 38, 38, 1263
660, -11124, 38, 38, 1263
660, -11124, 37, 37, 1263
659, -11125, 38, 38, 1263
659, -11125, 38, 38, 1263
658, -11126, 38, 38, 1263
660, -11125, 38, 38, 1263
660, -11125, 38, 38, 1263
661, -11124, 37, 37, 1263
662, -11125, 38, 38, 1263
662, -11124, 39, 39, 1261
662, -11124, 39, 39, 1261
661, -11124, 37, 37, 1261
660, -11125, 37, 37, 1261
658, -11125, 38, 38, 1261
659, -11125, 38, 38, 1261
662, -11126, 38, 38, 1261
662, -11126, 38, 38, 1261
661, -11125, 38, 38, 1261
662, -11124, 38, 38, 1261
662, -11124, 38, 38, 1261
659, -11124, 38, 38, 1261
659, -11124, 38, 38, 1261
660, -11123, 38, 38, 1261
658, -11124, 38, 38, 1261
658, -11124, 38, 38, 1261
662, -11126, 39, 39, 1261
660, -11125, 38, 38, 1261
662, -11124, 38, 38, 1261
662, -11124, 38, 38, 1261
762, -11103, 65, 65, 1261
762, -11103, 65, 65, 1261
779, -11102, 149, 149, 1261
784, -11102, 160, 160, 1261
787, -11101, 165, 165, 1261
787, -11101, 165, 165, 1261
788, -11102, 165, 165, 1263
788, -11102, 165, 165, 1263
789, -11102, 166, 166, 1263
789, -11102, 166, 166, 1263
789, -11101, 166, 166, 1263
789, -11102, 166, 166, 1263
788, -11103, 166, 166, 1263
788, -11101, 166, 166, 1263
789, -11102, 166, 166, 1263
790, -11102, 167, 167, 1263
790, -11102, 167, 167, 1263
789, -11103, 167, 167, 1263
789, -11102, 167, 167, 1263
789, -11103, 167, 167, 1263
789, -11103, 167, 167, 1263
789, -11103, 167, 167, 1263
790, -11103, 167, 167, 1263
790, -11103, 167, 167, 1263
789, -11103, 167, 167, 1263
789, -11103, 166, 166, 1263
789, -11103, 167, 167, 1263
789, -11103, 167, 167, 1263
788, -11103, 166, 166, 1263
789, -11102, 166, 166, 1263
789, -11102, 166, 166, 1263
789, -11104, 166, 166, 1263
790, -11104, 166, 166, 1259
789, -11104, 167, 167, 1259
789, -11104, 167, 167, 1259
789, -11103, 167, 167, 1259
788, -11103, 166, 166, 1259
788, -11104, 166, 166, 1259
788, -11103, 166, 166, 1259
788, -11104, 166, 166, 1259
788, -11104, 166, 166, 1259
789, -11104, 166, 166, 1259
789, -11104, 166, 166, 1259
789, -11103, 166, 166, 1259
788, -11104, 166, 166, 1259
788, -11103, 166, 166, 1259
788, -11104, 166, 166, 1259
788, -11104, 166, 166, 1259
789, -11102, 167, 167, 1259
789, -11103, 166, 166, 1259
789, -11103, 166, 166, 1259
789, -11104, 166, 166, 1259
788, -11103, 166, 166, 1261
789, -11104, 166, 166, 1261
789, -11103, 167, 167, 1261
788, -11103, 166, 166, 1261
788, -11103, 166, 166, 1261
788, -11103, 166, 166, 1261
789, -11104, 166, 166, 1261
789, -11104, 166, 166, 1261
788, -11103, 166, 166, 1261
788, -11103, 166, 166, 1261
788, -11104, 166, 166, 1261
788, -11103, 166, 166, 1261
788, -11104, 166, 166, 1261
788, -11104, 166, 166, 1261
787, -11104, 165, 165, 1261
789, -11104, 166, 166, 1261
789, -11104, 166, 166, 1261
788, -11104, 166, 166, 1261
787, -11103, 166, 166, 1261
787, -11103, 166, 166, 1261
788, -11104, 166, 166, 1261
788, -11104, 166, 166, 1261
788, -11103, 166, 166, 1261
789, -11103, 166, 166, 1261
788, -11103, 166, 166, 1261
789, -11104, 166, 166, 1261
788, -11104, 166, 166, 1261
788, -11104, 166, 166, 1261
788, -11105, 165, 165, 1261
788, -11105, 166, 166, 1261
787, -11104, 165, 165, 1261
787, -11104, 165, 165, 1261
788, -11104, 166, 166, 1261
789, -11104, 166, 166, 1261
789, -11104, 166, 166, 1261
788, -11104, 165, 165, 1261
788, -11105, 165, 165, 1261
788, -11105, 165, 165, 1261
788, -11103, 166, 166, 1261
788, -11104, 166, 166, 1261
788, -11104, 166, 166, 1261
788, -11103, 166, 166, 1261
788, -11104, 166, 166, 1261
788, -11103, 166, 166, 1261
789, -11104, 166, 166, 1261
786, -11103, 165, 165, 1261
788, -11103, 166, 166, 1261
788, -11103, 166, 166, 1261
788, -11104, 166, 166, 1261
787, -11103, 165, 165, 1265
787, -11103, 165, 165, 1265
788, -11104, 166, 166, 1265
788, -11104, 166, 166, 1265
787, -11103, 165, 165, 1265
788, -11103, 166, 166, 1265
789, -11104, 166, 166, 1265
789, -11104, 166, 166, 1265
788, -11103, 166, 166, 1265
788, -11103, 166, 166, 1265
789, -11104, 166, 166, 1265
788, -11103, 166, 166, 1265
788, -11103, 166, 166, 1265
788, -11104, 165, 165, 1265
789, -11103, 166, 166, 1265
789, -11103, 166, 166, 1265
788, -11103, 165, 165, 1265
788, -11103, 165, 165, 1265
788, -11103, 166, 166, 1265
683, -11134, 120, 120, 1265
683, -11134, 120, 120, 1265
662, -11126, 39, 39, 1265
662, -11126, 39, 39, 1265
661, -11126, 37, 37, 1265
658, -11127, 38, 38, 1265
658, -11127, 38, 38, 1265
658, -11125, 37, 37, 1265
660, -11126, 38, 38, 1265
658, -11126, 37, 37, 1261
659, -11126, 37, 37, 1261
659, -11126, 37, 37, 1261
660, -11126, 37, 37, 1261
659, -11125, 37, 37, 1261
660, -11126, 37, 37, 1261
657, -11126, 37, 37, 1261
659, -11126, 37, 37, 1261
659, -11126, 37, 37, 1261
657, -11126, 37, 37, 1261
660, -11125, 37, 37, 1261
660, -11126, 38, 38, 1261
661, -11124, 37, 37, 1261
661, -11125, 36, 36, 1261
657, -11125, 36, 36, 1261
658, -11125, 37, 37, 1261
657, -11125, 37, 37, 1261
661, -11125, 37, 37, 1261
661, -11125, 37, 37, 1261
661, -11125, 37, 37, 1261
660, -11124, 37, 37, 1261
661, -11124, 38, 38, 1261
660, -11123, 37, 37, 1261
657, -11125, 37, 37, 1261
657, -11125, 37, 37, 1261
659, -11125, 37, 37, 1261
660, -11125, 37, 37, 1261
660, -11124, 37, 37, 1261
660, -11124, 37, 37, 1261
663, -11124, 38, 38, 1261
661, -11123, 38, 38, 1261
662, -11124, 37, 37, 1261
659, -11124, 37, 37, 1261
659, -11124, 37, 37, 1261
659, -11124, 37, 37, 1261
658, -11125, 37, 37, 1261
662, -11124, 37, 37, 1261
661, -11124, 37, 37, 1261
661, -11124, 38, 38, 1261
661, -11124, 38, 38, 1261
663, -11124, 38, 38, 1261
658, -11125, 38, 38, 1261
658, -11125, 38, 38, 1261
658, -11123, 38, 38, 1261
660, -11124, 39, 39, 1261
659, -11125, 37, 37, 1265
659, -11125, 38, 38, 1265
659, -11124, 37, 37, 1265
659, -11124, 37, 37, 1265
660, -11124, 37, 37, 1265
662, -11124, 37, 37, 1265
662, -11124, 37, 37, 1265
662, -11125, 38, 38, 1265
659, -11125, 38, 38, 1265
659, -11126, 38, 38, 1265
658, -11125, 38, 38, 1265
659, -11125, 38, 38, 1265
662, -11125, 38, 38, 1265
662, -11123, 38, 38, 1265
662, -11123, 38, 38, 1265
662, -11124, 38, 38, 1265
661, -11123, 37, 37, 1265
661, -11123, 37, 37, 1265
661, -11124, 38, 38, 1265
661, -11124, 38, 38, 1265
659, -11123, 37, 37, 1265
659, -11123, 37, 37, 1265
661, -11124, 38, 38, 1265
659, -11124, 38, 38, 1265
661, -11124, 39, 39, 1265
661, -11124, 39, 39, 1265
659, -11124, 38, 38, 1265
659, -11124, 38, 38, 1265
659, -11125, 38, 38, 1265
659, -11124, 38, 38, 1265
661, -11124, 39, 39, 1265
663, -11124, 39, 39, 1265
663, -11124, 39, 39, 1265
661, -11123, 38, 38, 1265
660, -11123, 39, 39, 1265
660, -11124, 38, 38, 1265
659, -11124, 38, 38, 1265
659, -11124, 38, 38, 1265
661, -11124, 39, 39, 1265
659, -11124, 38, 38, 1265
660, -11124, 38, 38, 1265
660, -11124, 39, 39, 1265
659, -11123, 38, 38, 1265
659, -11124, 38, 38, 1265
659, -11124, 38, 38, 1265
661, -11124, 38, 38, 1269
661, -11124, 38, 38, 1269
662, -11123, 39, 39, 1269
667, -11124, 40, 40, 1269
667, -11124, 40, 40, 1269
754, -11101, 63, 63, 1269
786, -11100, 162, 162, 1269
786, -11100, 162, 162, 1269
786, -11101, 163, 163, 1269
788, -11101, 166, 166, 1269
789, -11101, 166, 166, 1269
789, -11100, 167, 167, 1269
789, -11102, 167, 167, 1269
789, -11102, 167, 167, 1269
790, -11102, 167, 167, 1269
790, -11102, 167, 167, 1269
790, -11101, 168, 168, 1269
790, -11101, 168, 168, 1269
790, -11102, 167, 167, 1269
789, -11102, 167, 167, 1269
790, -11102, 167, 167, 1269
790, -11102, 167, 167, 1269
789, -11102, 167, 167, 1269
790, -11103, 168, 168, 1265
790, -11102, 167, 167, 1265
790, -11103, 168, 168, 1265
789, -11102, 167, 167, 1265
790, -11103, 167, 167, 1265
789, -11103, 167, 167, 1265
789, -11103, 167, 167, 1265
789, -11103, 166, 166, 1265
790, -11102, 167, 167, 1265
790, -11103, 167, 167, 1265
790, -11103, 167, 167, 1265
789, -11102, 167, 167, 1265
790, -11102, 167, 167, 1265
790, -11102, 167, 167, 1265
790, -11102, 167, 167, 1265
791, -11103, 167, 167, 1265
789, -11102, 167, 167, 1265
790, -11103, 167, 167, 1265
790, -11103, 167, 167, 1265
789, -11102, 167, 167, 1265
789, -11102, 167, 167, 1265
789, -11102, 167, 167, 1265
789, -11103, 167, 167, 1265
789, -11102, 167, 167, 1265
790, -11103, 167, 167, 1265
789, -11102, 167, 167, 1265
790, -11103, 167, 167, 1265
790, -11103, 167, 167, 1265
790, -11103, 167, 167, 1265
790, -11103, 167, 167, 1265
789, -11104, 167, 167, 1265
789, -11103, 167, 167, 1265
789, -11103, 167, 167, 1265
789, -11103, 167, 167, 1265
790, -11103, 167, 167, 1265
788, -11102, 167, 167, 1265
788, -11102, 167, 167, 1265
789, -11103, 166, 166, 1265
788, -11102, 167, 167, 1265
788, -11103, 166, 166, 1265
789, -11102, 167, 167, 1265
789, -11103, 167, 167, 1265
789, -11103, 167, 167, 1265
789, -11102, 167, 167, 1265
790, -11103, 167, 167, 1265
790, -11103, 167, 167, 1265
789, -11103, 167, 167, 1265
789, -11102, 167, 167, 1265
789, -11102, 167, 167, 1265
789, -11103, 167, 167, 1265
790, -11103, 167, 167, 1265
789, -11103, 167, 167, 1269
789, -11103, 167, 167, 1269
789, -11102, 167, 167, 1269
788, -11103, 167, 167, 1269
789, -11103, 166, 166, 1269
789, -11103, 166, 166, 1269
789, -11103, 167, 167, 1269
789, -11102, 167, 167, 1269
790, -11102, 167, 167, 1269
790, -11104, 167, 167, 1269
790, -11104, 167, 167, 1269
789, -11103, 167, 167, 1269
788, -11103, 166, 166, 1269
788, -11103, 166, 166, 1269
789, -11103, 166, 166, 1269
789, -11102, 166, 166, 1269
789, -11102, 166, 166, 1269
789, -11103, 166, 166, 1269
788, -11103, 166, 166, 1269
789, -11103, 167, 167, 1269
788, -11103, 166, 166, 1269
789, -11103, 166, 166, 1269
789, -11103, 166, 166, 1269
789, -11103, 166, 166, 1269
788, -11102, 166, 166, 1267
789, -11104, 167, 167, 1267
789, -11104, 167, 167, 1267
789, -11103, 166, 166, 1267
789, -11103, 166, 166, 1267
789, -11103, 167, 167, 1267
789, -11103, 167, 167, 1267
788, -11103, 166, 166, 1267
789, -11102, 166, 166, 1267
788, -11103, 167, 167, 1267
788, -11103, 166, 166, 1267
788, -11103, 166, 166, 1267
790, -11103, 166, 166, 1267
788, -11103, 167, 167, 1267
789, -11102, 167, 167, 1267
789, -11102, 167, 167, 1267
789, -11102, 166, 166, 1267
789, -11102, 166, 166, 1267
788, -11103, 167, 167, 1267
788, -11103, 167, 167, 1267
789, -11102, 166, 166, 1267
789, -11102, 166, 166, 1267
789, -11102, 166, 166, 1267
789, -11103, 167, 167, 1267
789, -11102, 166, 166, 1267
789, -11103, 167, 167, 1279
789, -11103, 167, 167, 1279
788, -11102, 166, 166, 1279
788, -11102, 166, 166, 1279
788, -11103, 166, 166, 1279
788, -11103, 166, 166, 1279
788, -11102, 166, 166, 1279
788, -11102, 166, 166, 1279
789, -11102, 167, 167, 1279
787, -11102, 166, 166, 1279
789, -11101, 166, 166, 1279
573, -11144, -74, -74, 1279
567, -11142, -56, -56, 1279
567, -11142, -56, -56, 1279
565, -11141, -61, -61, 1279
556, -11142, -62, -62, 1279
562, -11141, -62, -62, 1279
558, -11142, -62, -62, 1279
558, -11142, -62, -62, 1279
560, -11141, -61, -61, 1279
560, -11141, -61, -61, 1279
559, -11142, -62, -62, 1279
560, -11141, -62, -62, 1279
563, -11140, -62, -62, 1279
565, -11139, -62, -62, 1279
565, -11139, -62, -62, 1279
564, -11139, -61, -61, 1287
561, -11141, -62, -62, 1287
558, -11142, -62, -62, 1287
558, -11142, -62, -62, 1287
561, -11141, -62, -62, 1287
561, -11141, -62, -62, 1287
564, -11140, -62, -62, 1287
566, -11140, -61, -61, 1287
559, -11140, -61, -61, 1287
559, -11140, -61, -61, 1287
560, -11140, -61, -61, 1287
558, -11141, -61, -61, 1287
560, -11140, -61, -61, 1287
561, -11141, -61, -61, 1287
559, -11139, -61, -61, 1287
559, -11140, -61, -61, 1287
559, -11140, -61, -61, 1287
561, -11140, -61, -61, 1287
565, -11139, -61, -61, 1287
562, -11139, -61, -61, 1287
562, -11139, -60, -60, 1287
562, -11139, -60, -60, 1287
562, -11139, -60, -60, 1287
560, -11139, -60, -60, 1287
560, -11140, -61, -61, 1283
560, -11140, -59, -59, 1283
561, -11139, -60, -60, 1283
560, -11139, -60, -60, 1283
562, -11139, -60, -60, 1283
566, -11139, -60, -60, 1283
565, -11139, -60, -60, 1283
561, -11140, -60, -60, 1283
560, -11139, -60, -60, 1283
560, -11139, -60, -60, 1283
561, -11140, -60, -60, 1283
561, -11140, -60, -60, 1283
561, -11141, -60, -60, 1283
563, -11140, -60, -60, 1283
563, -11140, -60, -60, 1283
565, -11139, -59, -59, 1283
565, -11139, -59, -59, 1283
564, -11140, -59, -59, 1283
564, -11139, -59, -59, 1283
560, -11140, -59, -59, 1283
560, -11140, -59, -59, 1283
563, -11139, -60, -60, 1283
561, -11140, -59, -59, 1283
563, -11139, -59, -59, 1283
563, -11140, -60, -60, 1283
563, -11140, -60, -60, 1283
566, -11140, -59, -59, 1281
565, -11138, -59, -59, 1281
565, -11139, -59, -59, 1281
565, -11139, -59, -59, 1281
564, -11137, -59, -59, 1281
564, -11137, -59, -59, 1281
560, -11139, -59, -59, 1281
560, -11138, -59, -59, 1281
567, -11138, -58, -58, 1281
562, -11139, -59, -59, 1281
562, -11139, -59, -59, 1281
561, -11139, -59, -59, 1281
562, -11140, -59, -59, 1281
563, -11139, -59, -59, 1281
562, -11140, -59, -59, 1281
567, -11139, -59, -59, 1281
566, -11138, -58, -58, 1281
566, -11138, -58, -58, 1281
564, -11138, -59, -59, 1281
561, -11139, -58, -58, 1281
561, -11139, -58, -58, 1281
564, -11139, -59, -59, 1281
564, -11138, -59, -59, 1281
564, -11138, -59, -59, 1281
565, -11139, -59, -59, 1273
567, -11139, -57, -57, 1273
560, -11138, -59, -59, 1273
560, -11138, -59, -59, 1273
562, -11138, -58, -58, 1273
561, -11139, -59, -59, 1273
561, -11139, -59, -59, 1273
565, -11139, -58, -58, 1273
565, -11139, -58, -58, 1273
564, -11139, -58, -58, 1273
568, -11137, -58, -58, 1273
567, -11138, -58, -58, 1273
566, -11138, -58, -58, 1273
566, -11138, -58, -58, 1273
562, -11138, -57, -57, 1273
562, -11138, -57, -57, 1273
563, -11139, -58, -58, 1273
563, -11139, -58, -58, 1273
566, -11138, -58, -58, 1273
567, -11138, -58, -58, 1273
560, -11136, -57, -57, 1273
560, -11136, -57, -57, 1273
565, -11103, -57, -57, 1273
767, -11099, 86, 86, 1273
781, -11097, 156, 156, 1273
785, -11098, 161, 161, 1273
788, -11098, 166, 166, 1275
790, -11099, 167, 167, 1275
790, -11100, 168, 168, 1275
791, -11099, 168, 168, 1275
792, -11100, 169, 169, 1275
792, -11100, 169, 169, 1275
790, -11100, 168, 168, 1275
792, -11100, 168, 168, 1275
792, -11099, 169, 169, 1275
791, -11100, 169, 169, 1275
791, -11100, 169, 169, 1275
791, -11100, 169, 169, 1275
791, -11101, 169, 169, 1275
791, -11100, 169, 169, 1275
789, -11100, 168, 168, 1275
790, -11100, 168, 168, 1275
791, -11100, 168, 168, 1275
791, -11101, 168, 168, 1275
791, -11100, 168, 168, 1275
791, -11100, 168, 168, 1275
790, -11100, 168, 168, 1275
790, -11100, 168, 168, 1275
791, -11101, 168, 168, 1275
790, -11101, 168, 168, 1275
789, -11101, 167, 167, 1275
790, -11101, 168, 168, 1275
790, -11101, 168, 168, 1269
791, -11102, 168, 168, 1269
791, -11102, 168, 168, 1269
790, -11101, 167, 167, 1269
790, -11101, 168, 168, 1269
790, -11101, 168, 168, 1269
789, -11101, 167, 167, 1269
790, -11101, 167, 167, 1269
789, -11101, 167, 167, 1269
789, -11102, 167, 167, 1269
789, -11102, 167, 167, 1269
789, -11101, 167, 167, 1269
789, -11101, 167, 167, 1269
791, -11101, 168, 168, 1269
791, -11101, 168, 168, 1269
790, -11101, 168, 168, 1269
790, -11101, 167, 167, 1269
790, -11101, 167, 167, 1269
789, -11101, 167, 167, 1269
789, -11100, 167, 167, 1269
790, -11101, 168, 168, 1269
790, -11101, 168, 168, 1269
790, -11102, 167, 167, 1269
790, -11101, 167, 167, 1269
789, -11101, 167, 167, 1275
789, -11101, 167, 167, 1275
789, -11101, 167, 167, 1275
789, -11101, 167, 167, 1275
789, -11102, 167, 167, 1275
790, -11101, 167, 167, 1275
789, -11102, 167, 167, 1275
788, -11101, 166, 166, 1275
788, -11101, 166, 166, 1275
789, -11101, 166, 166, 1275
789, -11102, 167, 167, 1275
789, -11102, 167, 167, 1275
790, -11102, 167, 167, 1275
790, -11102, 167, 167, 1275
789, -11101, 167, 167, 1275
789, -11101, 167, 167, 1275
789, -11101, 167, 167, 1275
789, -11101, 166, 166, 1275
789, -11101, 166, 166, 1275
788, -11101, 166, 166, 1275
788, -11101, 166, 166, 1275
788, -11102, 166, 166, 1275
788, -11102, 166, 166, 1275
789, -11101, 167, 167, 1275
789, -11101, 167, 167, 1275
788, -11102, 166, 166, 1273
788, -11102, 166, 166, 1273
788, -11102, 166, 166, 1273
789, -11102, 166, 166, 1273
789, -11102, 166, 166, 1273
788, -11102, 167, 167, 1273
789, -11102, 167, 167, 1273
789, -11102, 167, 167, 1273
788, -11102, 166, 166, 1273
789, -11101, 166, 166, 1273
789, -11101, 166, 166, 1273
788, -11101, 166, 166, 1273
788, -11101, 166, 166, 1273
788, -11102, 166, 166, 1273
788, -11102, 166, 166, 1273
788, -11102, 166, 166, 1273
789, -11102, 166, 166, 1273
789, -11102, 167, 167, 1273
789, -11102, 167, 167, 1273
788, -11102, 166, 166, 1273
789, -11103, 167, 167, 1273
789, -11102, 167, 167, 1273
788, -11102, 166, 166, 1273
788, -11102, 166, 166, 1273
788, -11103, 166, 166, 1273
789, -11102, 166, 166, 1273
789, -11102, 166, 166, 1273
789, -11102, 167, 167, 1273
789, -11102, 166, 166, 1273
789, -11102, 166, 166, 1273
789, -11101, 166, 166, 1273
788, -11102, 167, 167, 1273
789, -11102, 166, 166, 1273
789, -11102, 167, 167, 1273
789, -11102, 167, 167, 1273
788, -11101, 166, 166, 1273
788, -11101, 166, 166, 1273
789, -11103, 166, 166, 1273
789, -11101, 166, 166, 1273
789, -11103, 166, 166, 1273
788, -11103, 166, 166, 1273
787, -11102, 165, 165, 1273
789, -11102, 166, 166, 1273
789, -11102, 166, 166, 1273
789, -11102, 166, 166, 1273
789, -11103, 166, 166, 1273
788, -11103, 166, 166, 1273
578, -11141, 6, 6, 1273
578, -11141, 6, 6, 1273
569, -11142, -53, -53, 1273
569, -11142, -53, -53, 1273
562, -11142, -57, -57, 1273
563, -11143, -59, -59, 1273
564, -11141, -60, -60, 1271
565, -11141, -60, -60, 1271
565, -11141, -60, -60, 1271
563, -11141, -60, -60, 1271
564, -11140, -60, -60, 1271
559, -11141, -60, -60, 1271
559, -11141, -60, -60, 1271
564, -11140, -61, -61, 1271
566, -11140, -60, -60, 1271
565, -11140, -61, -61, 1271
559, -11139, -60, -60, 1271
559, -11139, -60, -60, 1271
561, -11140, -60, -60, 1271
560, -11141, -60, -60, 1271
564, -11139, -59, -59, 1271
563, -11140, -61, -61, 1271
565, -11140, -59, -59, 1271
565, -11138, -59, -59, 1271
564, -11138, -60, -60, 1271
564, -11138, -60, -60, 1271
560, -11138, -60, -60, 1271
560, -11140, -59, -59, 1271
562, -11139, -60, -60, 1279
562, -11139, -60, -60, 1279
565, -11139, -59, -59, 1279
565, -11139, -59, -59, 1279
564, -11138, -60, -60, 1279
566, -11138, -59, -59, 1279
562, -11139, -59, -59, 1279
563, -11139, -60, -60, 1279
562, -11138, -59, -59, 1279
564, -11138, -58, -58, 1279
569, -11138, -58, -58, 1279
569, -11138, -58, -58, 1279
567, -11138, -59, -59, 1279
562, -11138, -59, -59, 1279
562, -11139, -59, -59, 1279
562, -11139, -59, -59, 1279
561, -11138, -59, -59, 1279
565, -11138, -59, -59, 1279
565, -11138, -59, -59, 1279
565, -11137, -59, -59, 1279
564, -11138, -59, -59, 1279
561, -11137, -59, -59, 1271
561, -11137, -59, -59, 1271
561, -11138, -59, -59, 1271
561, -11138, -59, -59, 1271
566, -11138, -59, -59, 1271
566, -11138, -58, -58, 1271
565, -11137, -59, -59, 1271
564, -11138, -59, -59, 1271
562, -11138, -58, -58, 1271
561, -11138, -59, -59, 1271
561, -11138, -58, -58, 1271
561, -11138, -58, -58, 1271
564, -11138, -59, -59, 1271
564, -11138, -59, -59, 1271
567, -11137, -58, -58, 1271
567, -11136, -58, -58, 1271
563, -11138, -58, -58, 1271
563, -11138, -58, -58, 1271
562, -11139, -58, -58, 1271
562, -11138, -58, -58, 1271
563, -11139, -58, -58, 1271
568, -11137, -58, -58, 1271
568, -11137, -58, -58, 1271
569, -11137, -56, -56, 1273
563, -11139, -58, -58, 1273
563, -11139, -58, -58, 1273
562, -11138, -58, -58, 1273
564, -11138, -58, -58, 1273
564, -11138, -58, -58, 1273
564, -11138, -58, -58, 1273
563, -11138, -58, -58, 1273
562, -11137, -58, -58, 1273
565, -11137, -58, -58, 1273
565, -11137, -58, -58, 1273
562, -11138, -58, -58, 1273
562, -11138, -58, -58, 1273
565, -11137, -57, -57, 1273
567, -11137, -58, -58, 1273
567, -11137, -58, -58, 1273
567, -11137, -57, -57, 1273
563, -11138, -57, -57, 1273
563, -11138, -57, -57, 1273
563, -11137, -58, -58, 1273
563, -11138, -58, -58, 1273
566, -11138, -58, -58, 1273
567, -11138, -57, -57, 1273
564, -11137, -57, -57, 1273
564, -11137, -57, -57, 1273
562, -11139, -57, -57, 1273
565, -11138, -57, -57, 1273
565, -11138, -57, -57, 1273
562, -11136, -54, -54, 1273
773, -11098, 140, 140, 1273
773, -11098, 140, 140, 1273
787, -11097, 163, 163, 1273
787, -11097, 163, 163, 1273
789, -11097, 166, 166, 1273
789, -11097, 167, 167, 1273
790, -11097, 167, 167, 1273
792, -11097, 169, 169, 1273
792, -11097, 169, 169, 1273
793, -11099, 170, 170, 1273
792, -11098, 170, 170, 1273
792, -11098, 170, 170, 1273
792, -11098, 170, 170, 1273
793, -11098, 170, 170, 1273
793, -11098, 170, 170, 1273
793, -11099, 170, 170, 1273
792, -11099, 170, 170, 1273
792, -11099, 170, 170, 1273
792, -11099, 170, 170, 1273
792, -11099, 170, 170, 1273
792, -11099, 170, 170, 1265
791, -11099, 170, 170, 1265
792, -11099, 170, 170, 1265
792, -11100, 170, 170, 1265
792, -11100, 170, 170, 1265
792, -11101, 169, 169, 1265
791, -11100, 170, 170, 1265
792, -11100, 169, 169, 1265
791, -11100, 169, 169, 1265
791, -11100, 169, 169, 1265
791, -11099, 169, 169, 1265
791, -11099, 169, 169, 1265
791, -11101, 168, 168, 1265
791, -11100, 168, 168, 1265
791, -11100, 168, 168, 1265
792, -11100, 168, 168, 1265
791, -11101, 169, 169, 1265
791, -11100, 169, 169, 1265
791, -11100, 169, 169, 1265
791, -11100, 169, 169, 1265
791, -11100, 169, 169, 1265
791, -11100, 169, 169, 1265
790, -11101, 168, 168, 1265
791, -11100, 168, 168, 1265
791, -11100, 168, 168, 1265
791, -11101, 168, 168, 1265
792, -11101, 168, 168, 1265
790, -11100, 168, 168, 1265
791, -11099, 169, 169, 1265
791, -11100, 168, 168, 1265
791, -11101, 168, 168, 1265
791, -11101, 168, 168, 1265
791, -11100, 168, 168, 1265
790, -11100, 168, 168, 1265
790, -11100, 168, 168, 1265
791, -11101, 168, 168, 1265
790, -11101, 168, 168, 1265
790, -11101, 168, 168, 1265
790, -11101, 168, 168, 1265
790, -11101, 168, 168, 1265
790, -11101, 168, 168, 1265
790, -11100, 168, 168, 1265
790, -11100, 168, 168, 1265
791, -11099, 168, 168, 1265
790, -11100, 168, 168, 1265
790, -11100, 168, 168, 1265
790, -11101, 168, 168, 1265
791, -11101, 168, 168, 1265
791, -11101, 168, 168, 1265
791, -11100, 168, 168, 1267
791, -11101, 168, 168, 1267
790, -11101, 168, 168, 1267
790, -11100, 168, 168, 1267
791, -11101, 168, 168, 1267
790, -11100, 168, 168, 1267
790, -11101, 168, 168, 1267
790, -11100, 168, 168, 1267
790, -11101, 168, 168, 1267
790, -11101, 168, 168, 1267
791, -11100, 168, 168, 1267
790, -11101, 168, 168, 1267
791, -11101, 168, 168, 1267
790, -11100, 168, 168, 1267
790, -11101, 168, 168, 1267
790, -11101, 168, 168, 1267
790, -11101, 168, 168, 1267
790, -11101, 167, 167, 1267
790, -11100, 167, 167, 1267
790, -11100, 167, 167, 1267
789, -11100, 167, 167, 1267
789, -11100, 167, 167, 1267
790, -11101, 167, 167, 1267
790, -11101, 167, 167, 1267
790, -11101, 167, 167, 1269
790, -11101, 167, 167, 1269
790, -11100, 167, 167, 1269
790, -11100, 167, 167, 1269
790, -11101, 167, 167, 1269
790, -11101, 167, 167, 1269
789, -11101, 167, 167, 1269
789, -11101, 167, 167, 1269
789, -11101, 167, 167, 1269
789, -11101, 167, 167, 1269
789, -11101, 167, 167, 1269
789, -11100, 167, 167, 1269
790, -11100, 167, 167, 1269
789, -11100, 167, 167, 1269
789, -11101, 167, 167, 1269
789, -11101, 167, 167, 1269
789, -11101, 167, 167, 1269
790, -11101, 167, 167, 1269
790, -11101, 167, 167, 1269
790, -11102, 167, 167, 1269
789, -11100, 167, 167, 1269
789, -11102, 167, 167, 1269
789, -11102, 167, 167, 1269
788, -11101, 166, 166, 1269
790, -11101, 167, 167, 1269
790, -11101, 167, 167, 1265
790, -11101, 167, 167, 1265
790, -11101, 167, 167, 1265
790, -11101, 167, 167, 1265
789, -11101, 166, 166, 1265
789, -11100, 167, 167, 1265
567, -11141, -53, -53, 1265
567, -11141, -53, -53, 1265
571, -11143, -50, -50, 1265
565, -11140, -56, -56, 1265
565, -11140, -56, -56, 1265
565, -11141, -56, -56, 1265
565, -11140, -59, -59, 1265
565, -11140, -59, -59, 1265
565, -11140, -60, -60, 1265
561, -11139, -60, -60, 1265
561, -11139, -60, -60, 1265
562, -11140, -60, -60, 1265
560, -11139, -60, -60, 1265
560, -11140, -60, -60, 1265
566, -11138, -60, -60, 1265
566, -11138, -60, -60, 1265
565, -11138, -60, -60, 1265
565, -11139, -59, -59, 1265
564, -11139, -60, -60, 1265
564, -11138, -59, -59, 1265
561, -11138, -59, -59, 1265
561, -11139, -60, -60, 1261
561, -11139, -59, -59, 1261
562, -11139, -59, -59, 1261
563, -11139, -59, -59, 1261
563, -11139, -59, -59, 1261
566, -11138, -59, -59, 1261
566, -11138, -59, -59, 1261
566, -11139, -59, -59, 1261
564, -11138, -59, -59, 1261
564, -11138, -59, -59, 1261
562, -11138, -58, -58, 1261
562, -11138, -58, -58, 1261
561, -11139, -59, -59, 1261
564, -11139, -59, -59, 1261
564, -11139, -59, -59, 1261
561, -11139, -58, -58, 1261
561, -11139, -58, -58, 1261
563, -11138, -58, -58, 1261
564, -11139, -58, -58, 1261
567, -11138, -58, -58, 1261
566, -11139, -58, -58, 1261
567, -11138, -58, -58, 1261
566, -11137, -58, -58, 1261
564, -11137, -58, -58, 1261
563, -11138, -58, -58, 1271
562, -11139, -58, -58, 1271
562, -11139, -58, -58, 1271
562, -11139, -57, -57, 1271
565, -11138, -58, -58, 1271
568, -11137, -57, -57, 1271
565, -11137, -58, -58, 1271
566, -11137, -57, -57, 1271
565, -11136, -58, -58, 1271
562, -11138, -57, -57, 1271
563, -11138, -58, -58, 1271
563, -11138, -58, -58, 1271
567, -11137, -58, -58, 1271
567, -11137, -57, -57, 1271
567, -11137, -58, -58, 1271
567, -11137, -58, -58, 1271
567, -11137, -57, -57, 1271
567, -11137, -56, -56, 1271
566, -11137, -58, -58, 1271
567, -11135, -57, -57, 1271
562, -11138, -57, -57, 1271
562, -11138, -57, -57, 1271
562, -11138, -58, -58, 1265
562, -11138, -58, -58, 1265
564, -11138, -57, -57, 1265
564, -11138, -57, -57, 1265
568, -11137, -57, -57, 1265
567, -11136, -57, -57, 1265
567, -11136, -57, -57, 1265
567, -11136, -57, -57, 1265
566, -11137, -57, -57, 1265
563, -11137, -57, -57, 1265
566, -11137, -57, -57, 1265
566, -11137, -57, -57, 1265
567, -11136, -57, -57, 1265
568, -11137, -57, -57, 1265
568, -11137, -57, -57, 1265
562, -11137, -57, -57, 1265
569, -11135, -57, -57, 1265
562, -11138, -56, -56, 1265
562, -11138, -56, -56, 1265
563, -11137, -57, -57, 1265
568, -11136, -57, -57, 1265
568, -11136, -57, -57, 1265
568, -11136, -57, -57, 1265
567, -11136, -56, -56, 1265
566, -11137, -57, -57, 1265
565, -11138, -56, -56, 1265
564, -11136, -56, -56, 1261
565, -11136, -56, -56, 1261
565, -11136, -56, -56, 1261
565, -11137, -56, -56, 1261
566, -11137, -56, -56, 1261
566, -11137, -56, -56, 1261
565, -11137, -57, -57, 1261
565, -11137, -57, -57, 1261
566, -11137, -56, -56, 1261
568, -11136, -57, -57, 1261
568, -11136, -56, -56, 1261
568, -11136, -56, -56, 1261
565, -11136, -57, -57, 1261
565, -11136, -57, -57, 1261
563, -11136, -56, -56, 1261
564, -11137, -57, -57, 1261
565, -11136, -56, -56, 1261
750, -11098, 10, 10, 1261
775, -11097, 142, 142, 1261
775, -11097, 142, 142, 1261
783, -11097, 158, 158, 1261
789, -11097, 166, 166, 1261
789, -11097, 166, 166, 1261
791, -11097, 168, 168, 1261
791, -11098, 170, 170, 1261
791, -11098, 170, 170, 1261
793, -11098, 171, 171, 1263
793, -11098, 171, 171, 1263
792, -11098, 170, 170, 1263
793, -11098, 170, 170, 1263
792, -11098, 170, 170, 1263
792, -11098, 170, 170, 1263
792, -11098, 170, 170, 1263
793, -11099, 171, 171, 1263
793, -11099, 171, 171, 1263
793, -11099, 170, 170, 1263
793, -11099, 170, 170, 1263
792, -11099, 170, 170, 1263
792, -11098, 169, 169, 1263
792, -11098, 170, 170, 1263
792, -11098, 170, 170, 1263
792, -11098, 170, 170, 1263
792, -11098, 170, 170, 1263
792, -11099, 170, 170, 1263
791, -11099, 169, 169, 1263
791, -11099, 169, 169, 1263
792, -11099, 169, 169, 1263
792, -11099, 170, 170, 1263
792, -11099, 170, 170, 1263
791, -11100, 169, 169, 1263
791, -11100, 169, 169, 1263
792, -11099, 169, 169, 1265
792, -11099, 169, 169, 1265
792, -11100, 169, 169, 1265
792, -11100, 169, 169, 1265
792, -11100, 169, 169, 1265
791, -11098, 169, 169, 1265
791, -11098, 169, 169, 1265
791, -11099, 169, 169, 1265
792, -11099, 169, 169, 1265
792, -11099, 169, 169, 1265
791, -11099, 169, 169, 1265
791, -11098, 169, 169, 1265
790, -11100, 168, 168, 1265
790, -11100, 168, 168, 1265
791, -11100, 168, 168, 1265
791, -11100, 168, 168, 1265
791, -11099, 168, 168, 1265
791, -11100, 169, 169, 1265
791, -11100, 169, 169, 1265
791, -11100, 169, 169, 1265
791, -11099, 169, 169, 1265
791, -11099, 168, 168, 1265
790, -11099, 168, 168, 1265
791, -11100, 168, 168, 1265
791, -11100, 168, 168, 1265
790, -11099, 168, 168, 1265
790, -11099, 168, 168, 1265
790, -11100, 168, 168, 1265
789, -11099, 168, 168, 1257
791, -11100, 168, 168, 1257
791, -11100, 168, 168, 1257
791, -11099, 168, 168, 1257
790, -11100, 168, 168, 1257
790, -11100, 167, 167, 1257
790, -11099, 168, 168, 1257
791, -11099, 168, 168, 1257
791, -11099, 168, 168, 1257
792, -11100, 169, 169, 1257
790, -11099, 168, 168, 1257
790, -11099, 168, 168, 1257
791, -11100, 168, 168, 1257
791, -11100, 168, 168, 1257
791, -11100, 168, 168, 1257
789, -11100, 168, 168, 1257
790, -11100, 167, 167, 1257
790, -11100, 167, 167, 1257
790, -11099, 168, 168, 1257
790, -11099, 168, 168, 1257
790, -11099, 168, 168, 1257
790, -11100, 168, 168, 1257
789, -11100, 168, 168, 1257
790, -11100, 168, 168, 1257
790, -11099, 168, 168, 1257
790, -11099, 168, 168, 1257
791, -11099, 168, 168, 1257
789, -11100, 168, 168, 1263
790, -11100, 168, 168, 1263
791, -11099, 168, 168, 1263
791, -11099, 168, 168, 1263
791, -11100, 169, 169, 1263
790, -11099, 168, 168, 1263
790, -11099, 168, 168, 1263
790, -11099, 168, 168, 1263
791, -11099, 168, 168, 1263
790, -11099, 167, 167, 1263
790, -11099, 167, 167, 1263
790, -11100, 168, 168, 1263
790, -11100, 168, 168, 1263
790, -11100, 168, 168, 1263
791, -11100, 168, 168, 1263
790, -11100, 168, 168, 1263
791, -11100, 168, 168, 1263
789, -11100, 167, 167, 1263
789, -11100, 167, 167, 1263
790, -11100, 168, 168, 1263
791, -11100, 167, 167, 1263
789, -11100, 167, 167, 1263
789, -11100, 167, 167, 1263
791, -11099, 168, 168, 1263
790, -11101, 168, 168, 1263
790, -11101, 168, 168, 1263
789, -11100, 168, 168, 1267
790, -11101, 168, 168, 1267
790, -11101, 168, 168, 1267
790, -11101, 168, 168, 1267
790, -11101, 168, 168, 1267
790, -11101, 168, 168, 1267
790, -11100, 167, 167, 1267
790, -11100, 168, 168, 1267
789, -11100, 167, 167, 1267
789, -11100, 167, 167, 1267
789, -11100, 168, 168, 1267
789, -11100, 167, 167, 1267
790, -11099, 167, 167, 1267
618, -11131, 125, 125, 1267
569, -11140, -53, -53, 1267
566, -11140, -54, -54, 1267
568, -11140, -56, -56, 1267
565, -11139, -59, -59, 1267
565, -11139, -59, -59, 1267
566, -11138, -59, -59, 1267
565, -11138, -59, -59, 1267
564, -11137, -59, -59, 1267
561, -11138, -60, -60, 1267
561, -11138, -59, -59, 1267
561, -11138, -59, -59, 1267
562, -11137, -59, -59, 1267
566, -11137, -59, -59, 1267
566, -11137, -59, -59, 1267
566, -11137, -59, -59, 1267
564, -11137, -60, -60, 1267
564, -11137, -60, -60, 1267
563, -11136, -59, -59, 1267
563, -11136, -59, -59, 1267
566, -11136, -59, -59, 1267
560, -11137, -60, -60, 1267
560, -11137, -60, -60, 1267
564, -11137, -59, -59, 1267
564, -11137, -59, -59, 1267
564, -11138, -58, -58, 1267
566, -11136, -58, -58, 1267
565, -11137, -60, -60, 1267
562, -11136, -59, -59, 1267
562, -11138, -59, -59, 1267
562, -11138, -59, -59, 1267
562, -11138, -58, -58, 1267
566, -11137, -58, -58, 1267
566, -11137, -58, -58, 1267
567, -11137, -58, -58, 1267
564, -11138, -58, -58, 1267
567, -11136, -58, -58, 1263
568, -11136, -58, -58, 1263
563, -11137, -58, -58, 1263
562, -11137, -58, -58, 1263
563, -11137, -58, -58, 1263
563, -11137, -58, -58, 1263
564, -11138, -58, -58, 1263
564, -11138, -58, -58, 1263
562, -11137, -58, -58, 1263
568, -11137, -58, -58, 1263
567, -11137, -58, -58, 1263
569, -11136, -57, -57, 1263
569, -11136, -57, -57, 1263
563, -11135, -58, -58, 1263
563, -11136, -58, -58, 1263
563, -11136, -58, -58, 1263
564, -11136, -56, -56, 1263
565, -11136, -57, -57, 1263
563, -11136, -57, -57, 1263
563, -11137, -57, -57, 1263
568, -11137, -56, -56, 1263
568, -11137, -56, -56, 1263
567, -11136, -55, -55, 1269
567, -11136, -55, -55, 1269
570, -11134, -56, -56, 1269
569, -11135, -57, -57, 1269
565, -11136, -56, -56, 1269
567, -11136, -57, -57, 1269
564, -11135, -57, -57, 1269
565, -11137, -56, -56, 1269
565, -11137, -56, -56, 1269
563, -11136, -56, -56, 1269
565, -11136, -56, -56, 1269
565, -11136, -56, -56, 1269
565, -11136, -56, -56, 1269
569, -11136, -56, -56, 1269
569, -11136, -56, -56, 1269
566, -11135, -56, -56, 1269
570, -11136, -56, -56, 1269
569, -11136, -56, -56, 1269
570, -11137, -57, -57, 1269
568, -11136, -57, -57, 1269
568, -11136, -57, -57, 1269
569, -11136, -56, -56, 1269
564, -11136, -56, -56, 1269
564, -11136, -56, -56, 1269
563, -11137, -57, -57, 1263
563, -11137, -57, -57, 1263
565, -11137, -56, -56, 1263
567, -11137, -56, -56, 1263
567, -11137, -56, -56, 1263
570, -11135, -56, -56, 1263
568, -11135, -56, -56, 1263
565, -11137, -56, -56, 1263
564, -11136, -56, -56, 1263
566, -11136, -55, -55, 1263
567, -11136, -55, -55, 1263
567, -11136, -55, -55, 1263
567, -11136, -55, -55, 1263
570, -11135, -55, -55, 1263
570, -11135, -55, -55, 1263
568, -11134, -56, -56, 1263
566, -11135, -56, -56, 1263
564, -11135, -55, -55, 1263
564, -11135, -55, -55, 1263
564, -11135, -55, -55, 1263
568, -11136, -56, -56, 1263
569, -11135, -55, -55, 1263
569, -11135, -55, -55, 1263
569, -11135, -55, -55, 1263
569, -11135, -55, -55, 1263
577, -11098, -52, -52, 1263
577, -11098, -52, -52, 1263
790, -11095, 167, 167, 1263
790, -11095, 167, 167, 1263
793, -11095, 169, 169, 1263
793, -11096, 171, 171, 1263
793, -11096, 171, 171, 1263
793, -11096, 170, 170, 1263
793, -11096, 170, 170, 1263
793, -11097, 171, 171, 1263
793, -11097, 171, 171, 1263
793, -11096, 171, 171, 1263
793, -11096, 171, 171, 1263
794, -11097, 171, 171, 1263
793, -11097, 171, 171, 1263
793, -11097, 170, 170, 1263
794, -11097, 171, 171, 1263
792, -11098, 170, 170, 1263
792, -11096, 171, 171, 1263
792, -11096, 171, 171, 1263
793, -11097, 171, 171, 1263
793, -11097, 171, 171, 1263
793, -11097, 171, 171, 1263
794, -11098, 171, 171, 1263
794, -11098, 171, 171, 1263
793, -11098, 170, 170, 1263
792, -11099, 170, 170, 1263
793, -11098, 170, 170, 1263
792, -11099, 170, 170, 1263
793, -11098, 170, 170, 1263
792, -11097, 170, 170, 1263
792, -11097, 170, 170, 1263
792, -11099, 170, 170, 1263
793, -11098, 170, 170, 1263
792, -11099, 170, 170, 1263
792, -11098, 169, 169, 1263
792, -11098, 170, 170, 1263
792, -11098, 170, 170, 1263
792, -11098, 170, 170, 1263
792, -11099, 169, 169, 1263
792, -11098, 169, 169, 1263
791, -11099, 169, 169, 1263
791, -11099, 169, 169, 1263
790, -11099, 169, 169, 1263
792, -11098, 169, 169, 1263
791, -11098, 169, 169, 1263
791, -11098, 169, 169, 1263
791, -11098, 169, 169, 1263
791, -11099, 169, 169, 1263
791, -11098, 169, 169, 1263
791, -11099, 169, 169, 1265
791, -11099, 169, 169, 1265
792, -11100, 169, 169, 1265
792, -11100, 169, 169, 1265
791, -11099, 169, 169, 1265
791, -11098, 169, 169, 1265
791, -11098, 169, 169, 1265
791, -11099, 169, 169, 1265
791, -11098, 169, 169, 1265
791, -11098, 169, 169, 1265
791, -11099, 169, 169, 1265
791, -11098, 169, 169, 1265
791, -11098, 169, 169, 1265
791, -11099, 169, 169, 1265
791, -11100, 169, 169, 1265
791, -11100, 169, 169, 1265
791, -11099, 169, 169, 1265
792, -11099, 169, 169, 1265
792, -11099, 169, 169, 1265
791, -11099, 169, 169, 1265
792, -11099, 169, 169, 1265
792, -11099, 169, 169, 1265
792, -11099, 169, 169, 1265
791, -11099, 168, 168, 1265
791, -11099, 169, 169, 1265
792, -11099, 169, 169, 1269
790, -11099, 168, 168, 1269
790, -11099, 168, 168, 1269
791, -11100, 169, 169, 1269
791, -11099, 169, 169, 1269
792, -11099, 169, 169, 1269
792, -11099, 169, 169, 1269
791, -11099, 169, 169, 1269
791, -11100, 169, 169, 1269
791, -11099, 168, 168, 1269
791, -11099, 169, 169, 1269
790, -11099, 168, 168, 1269
790, -11099, 168, 168, 1269
790, -11100, 168, 168, 1269
790, -11099, 168, 168, 1269
791, -11100, 168, 168, 1269
791, -11100, 168, 168, 1269
791, -11099, 168, 168, 1269
790, -11100, 168, 168, 1269
791, -11099, 168, 168, 1269
791, -11099, 168, 168, 1269
790, -11099, 168, 168, 1269
790, -11099, 168, 168, 1269
792, -11099, 169, 169, 1269
791, -11100, 169, 169, 1269
790, -11099, 168, 168, 1269
791, -11100, 169, 169, 1269
791, -11100, 169, 169, 1269
790, -11099, 168, 168, 1263
791, -11100, 169, 169, 1263
790, -11098, 168, 168, 1263
790, -11099, 168, 168, 1263
790, -11099, 168, 168, 1263
791, -11099, 169, 169, 1263
791, -11099, 169, 169, 1263
791, -11099, 168, 168, 1263
790, -11100, 168, 168, 1263
791, -11100, 168, 168, 1263
791, -11100, 168, 168, 1263
791, -11098, 168, 168, 1263
790, -11100, 168, 168, 1263
791, -11100, 168, 168, 1263
791, -11100, 168, 168, 1263
791, -11099, 168, 168, 1263
790, -11099, 168, 168, 1263
790, -11099, 168, 168, 1263
791, -11099, 168, 168, 1263
791, -11099, 168, 168, 1263
791, -11099, 168, 168, 1263
791, -11100, 168, 168, 1263
571, -11139, -49, -49, 1263
575, -11139, -51, -51, 1263
575, -11139, -51, -51, 1263
573, -11138, -52, -52, 1263
567, -11137, -56, -56, 1263
568, -11138, -56, -56, 1263
567, -11137, -57, -57, 1263
568, -11137, -58, -58, 1263
561, -11138, -58, -58, 1263
562, -11138, -59, -59, 1263
562, -11138, -59, -59, 1263
560, -11139, -59, -59, 1263
565, -11138, -58, -58, 1263
565, -11138, -58, -58, 1263
567, -11137, -59, -59, 1263
568, -11137, -58, -58, 1263
568, -11137, -58, -58, 1263
561, -11137, -58, -58, 1263
561, -11138, -59, -59, 1263
561, -11138, -59, -59, 1263
562, -11137, -58, -58, 1263
565, -11136, -59, -59, 1263
565, -11136, -59, -59, 1263
566, -11136, -58, -58, 1263
566, -11137, -58, -58, 1263
566, -11135, -58, -58, 1263
561, -11138, -58, -58, 1263
563, -11137, -58, -58, 1265
563, -11137, -58, -58, 1265
567, -11137, -57, -57, 1265
567, -11136, -58, -58, 1265
567, -11136, -57, -57, 1265
567, -11136, -57, -57, 1265
563, -11137, -58, -58, 1265
563, -11137, -58, -58, 1265
561, -11136, -58, -58, 1265
561, -11136, -58, -58, 1265
562, -11137, -58, -58, 1265
563, -11136, -58, -58, 1265
563, -11136, -58, -58, 1265
563, -11136, -57, -57, 1265
564, -11136, -57, -57, 1265
564, -11137, -56, -56, 1265
563, -11134, -57, -57, 1265
563, -11136, -56, -56, 1265
563, -11135, -57, -57, 1265
567, -11136, -56, -56, 1265
568, -11135, -56, -56, 1265
565, -11136, -57, -57, 1267
569, -11135, -56, -56, 1267
569, -11135, -56, -56, 1267
570, -11135, -56, -56, 1267
565, -11136, -56, -56, 1267
565, -11136, -56, -56, 1267
565, -11135, -56, -56, 1267
564, -11136, -55, -55, 1267
564, -11136, -55, -55, 1267
564, -11135, -56, -56, 1267
568, -11135, -56, -56, 1267
568, -11135, -56, -56, 1267
566, -11135, -56, -56, 1267
566, -11135, -56, -56, 1267
567, -11136, -55, -55, 1267
564, -11136, -56, -56, 1267
564, -11136, -56, -56, 1267
567, -11136, -56, -56, 1267
567, -11135, -56, -56, 1267
567, -11134, -56, -56, 1267
567, -11135, -55, -55, 1267
567, -11134, -56, -56, 1267
567, -11134, -56, -56, 1267
571, -11134, -55, -55, 1267
571, -11134, -55, -55, 1267
569, -11135, -55, -55, 1267
569, -11134, -55, -55, 1267
567, -11135, -55, -55, 1269
567, -11135, -55, -55, 1269
565, -11133, -56, -56, 1269
570, -11135, -56, -56, 1269
570, -11135, -56, -56, 1269
565, -11135, -55, -55, 1269
566, -11136, -55, -55, 1269
566, -11135, -55, -55, 1269
566, -11135, -55, -55, 1269
567, -11135, -55, -55, 1269
570, -11135, -55, -55, 1269
568, -11134, -56, -56, 1269
568, -11134, -56, -56, 1269
566, -11134, -55, -55, 1269
565, -11135, -55, -55, 1269
565, -11135, -55, -55, 1269
569, -11135, -55, -55, 1269
566, -11134, -55, -55, 1269
569, -11134, -56, -56, 1269
569, -11134, -56, -56, 1269
568, -11134, -55, -55, 1269
569, -11134, -55, -55, 1269
569, -11134, -55, -55, 1269
569, -11134, -55, -55, 1269
566, -11135, -54, -54, 1261
566, -11135, -54, -54, 1261
565, -11135, -55, -55, 1261
570, -11134, -54, -54, 1261
570, -11134, -54, -54, 1261
569, -11135, -55, -55, 1261
569, -11134, -55, -55, 1261
569, -11134, -55, -55, 1261
570, -11134, -55, -55, 1261
568, -11133, -55, -55, 1261
568, -11133, -55, -55, 1261
566, -11133, -56, -56, 1261
567, -11133, -55, -55, 1261
783, -11094, 155, 155, 1261
783, -11094, 155, 155, 1261
787, -11094, 162, 162, 1261
791, -11094, 168, 168, 1261
792, -11094, 170, 170, 1261
792, -11094, 170, 170, 1261
794, -11094, 171, 171, 1261
794, -11096, 171, 171, 1261
794, -11096, 171, 171, 1261
794, -11095, 171, 171, 1261
794, -11094, 172, 172, 1261
794, -11094, 172, 172, 1261
794, -11095, 172, 172, 1261
795, -11095, 172, 172, 1263
794, -11096, 172, 172, 1263
795, -11096, 172, 172, 1263
795, -11096, 172, 172, 1263
794, -11095, 172, 172, 1263
795, -11096, 172, 172, 1263
795, -11096, 172, 172, 1263
793, -11096, 171, 171, 1263
794, -11096, 171, 171, 1263
794, -11096, 171, 171, 1263
793, -11096, 171, 171, 1263
793, -11096, 171, 171, 1263
793, -11096, 171, 171, 1263
793, -11097, 171, 171, 1263
793, -11097, 171, 171, 1263
793, -11097, 171, 171, 1263
793, -11097, 171, 171, 1263
793, -11097, 171, 171, 1263
793, -11098, 171, 171, 1263
793, -11096, 170, 170, 1263
793, -11097, 171, 171, 1263
793, -11097, 171, 171, 1263
793, -11097, 171, 171, 1263
792, -11097, 170, 170, 1263
793, -11098, 170, 170, 1263
793, -11098, 170, 170, 1263
793, -11097, 171, 171, 1271
792, -11097, 170, 170, 1271
794, -11097, 171, 171, 1271
794, -11097, 171, 171, 1271
794, -11097, 171, 171, 1271
793, -11097, 171, 171, 1271
792, -11097, 170, 170, 1271
793, -11098, 170, 170, 1271
791, -11096, 170, 170, 1271
791, -11096, 170, 170, 1271
792, -11097, 170, 170, 1271
792, -11098, 170, 170, 1271
792, -11098, 170, 170, 1271
792, -11097, 169, 169, 1271
792, -11097, 170, 170, 1271
792, -11097, 170, 170, 1271
792, -11097, 170, 170, 1271
791, -11098, 169, 169, 1271
792, -11097, 170, 170, 1271
792, -11098, 169, 169, 1271
791, -11098, 169, 169, 1271
791, -11098, 169, 169, 1271
792, -11097, 169, 169, 1271
792, -11098, 169, 169, 1271
792, -11098, 169, 169, 1271
792, -11098, 169, 169, 1271
793, -11098, 170, 170, 1269
791, -11098, 169, 169, 1269
791, -11098, 169, 169, 1269
792, -11098, 170, 170, 1269
792, -11098, 169, 169, 1269
791, -11097, 169, 169, 1269
792, -11098, 169, 169, 1269
792, -11098, 169, 169, 1269
792, -11098, 169, 169, 1269
792, -11097, 169, 169, 1269
792, -11097, 169, 169, 1269
793, -11097, 170, 170, 1269
792, -11098, 170, 170, 1269
792, -11098, 170, 170, 1269
792, -11098, 169, 169, 1269
792, -11097, 169, 169, 1269
791, -11098, 169, 169, 1269
791, -11098, 169, 169, 1269
791, -11098, 169, 169, 1269
791, -11097, 169, 169, 1269
792, -11097, 169, 169, 1269
792, -11097, 169, 169, 1269
791, -11098, 169, 169, 1269
791, -11098, 169, 169, 1265
791, -11098, 169, 169, 1265
791, -11098, 169, 169, 1265
791, -11098, 169, 169, 1265
791, -11098, 169, 169, 1265
791, -11098, 169, 169, 1265
792, -11098, 169, 169, 1265
792, -11098, 169, 169, 1265
791, -11098, 168, 168, 1265
791, -11098, 168, 168, 1265
791, -11097, 169, 169, 1265
791, -11098, 169, 169, 1265
790, -11098, 168, 168, 1265
791, -11097, 168, 168, 1265
791, -11098, 169, 169, 1265
791, -11098, 169, 169, 1265
791, -11098, 169, 169, 1265
791, -11099, 169, 169, 1265
792, -11098, 169, 169, 1265
792, -11098, 169, 169, 1265
792, -11098, 169, 169, 1265
792, -11098, 170, 170, 1265
792, -11098, 170, 170, 1265
791, -11098, 169, 169, 1265
791, -11098, 169, 169, 1265
791, -11098, 169, 169, 1265
791, -11098, 169, 169, 1265
792, -11098, 169, 169, 1267
791, -11098, 169, 169, 1267
792, -11098, 169, 169, 1267
792, -11098, 169, 169, 1267
792, -11099, 170, 170, 1267
792, -11099, 169, 169, 1267
791, -11098, 169, 169, 1267
791, -11099, 169, 169, 1267
791, -11099, 169, 169, 1267
791, -11098, 169, 169, 1267
791, -11099, 168, 168, 1267
791, -11099, 168, 168, 1267
791, -11097, 168, 168, 1267
791, -11097, 168, 168, 1267
791, -11099, 169, 169, 1267
791, -11099, 169, 169, 1267
791, -11098, 169, 169, 1267
791, -11098, 169, 169, 1267
791, -11098, 169, 169, 1267
791, -11099, 169, 169, 1267
791, -11098, 169, 169, 1267
791, -11098, 169, 169, 1267
791, -11099, 169, 169, 1267
791, -11099, 169, 169, 1267
791, -11099, 169, 169, 1267
791, -11099, 169, 169, 1267
792, -11099, 170, 170, 1267
791, -11099, 169, 169, 1267
791, -11099, 169, 169, 1267
791, -11099, 169, 169, 1267
791, -11099, 169, 169, 1267
791, -11099, 169, 169, 1267
791, -11099, 169, 169, 1267
791, -11099, 169, 169, 1267
791, -11098, 169, 169, 1267
791, -11098, 169, 169, 1267
792, -11099, 169, 169, 1267
792, -11099, 169, 169, 1267
791, -11098, 169, 169, 1267
792, -11098, 169, 169, 1267
792, -11098, 169, 169, 1267
792, -11098, 170, 170, 1267
791, -11097, 168, 168, 1267
791, -11099, 169, 169, 1267
792, -11098, 169, 169, 1267
792, -11098, 169, 169, 1267
792, -11099, 169, 169, 1267
792, -11098, 169, 169, 1267
792, -11098, 169, 169, 1267
791, -11098, 169, 169, 1265
792, -11098, 169, 169, 1265
792, -11098, 169, 169, 1265
791, -11098, 169, 169, 1265
791, -11098, 169, 169, 1265
791, -11098, 169, 169, 1265
791, -11098, 169, 169, 1265
792, -11098, 169, 169, 1265
791, -11097, 169, 169, 1265
792, -11098, 169, 169, 1265
791, -11098, 168, 168, 1265
791, -11098, 168, 168, 1265
791, -11099, 169, 169, 1265
791, -11098, 169, 169, 1265
791, -11098, 169, 169, 1265
792, -11098, 169, 169, 1265
791, -11098, 169, 169, 1265
792, -11097, 169, 169, 1265
792, -11097, 169, 169, 1265
792, -11097, 169, 169, 1265
792, -11097, 170, 170, 1265
792, -11097, 170, 170, 1265
791, -11097, 169, 169, 1265
791, -11097, 169, 169, 1265
791, -11098, 169, 169, 1265
792, -11099, 169, 169, 1261
791, -11098, 169, 169, 1261
792, -11098, 169, 169, 1261
792, -11098, 169, 169, 1261
791, -11098, 169, 169, 1261
791, -11097, 169, 169, 1261
791, -11097, 169, 169, 1261
791, -11097, 169, 169, 1261
791, -11098, 169, 169, 1261
791, -11098, 169, 169, 1261
791, -11097, 169, 169, 1261
791, -11096, 168, 168, 1261
791, -11096, 168, 168, 1261
791, -11096, 169, 169, 1261
792, -11098, 169, 169, 1261
792, -11098, 169, 169, 1261
791, -11098, 168, 168, 1261
791, -11098, 168, 168, 1261
791, -11097, 169, 169, 1261
791, -11097, 169, 169, 1261
791, -11097, 169, 169, 1261
