956, -10943, 334, 334, -1725
956, -10943, 333, 333, -1703
957, -10943, 334, 334, -1703
957, -10945, 334, 334, -1703
957, -10944, 334, 334, -1703
957, -10944, 334, 334, -1703
957, -10944, 335, 335, -1703
957, -10944, 335, 335, -1703
957, -10945, 335, 335, -1703
957, -10945, 335, 335, -1703
956, -10944, 334, 334, -1703
956, -10944, 334, 334, -1703
956, -10943, 334, 334, -1703
956, -10944, 334, 334, -1703
957, -10944, 334, 334, -1703
957, -10944, 334, 334, -1703
956, -10943, 334, 334, -1703
956, -10943, 334, 334, -1703
956, -10943, 334, 334, -1703
957, -10943, 334, 334, -1703
957, -10943, 334, 334, -1703
957, -10943, 334, 334, -1703
956, -10943, 334, 334, -1703
955, -10944, 334, 334, -1703
957, -10942, 334, 334, -1703
957, -10944, 334, 334, -1703
957, -10944, 334, 334, -1703
956, -10943, 334, 334, -1703
958, -10943, 335, 335, -1703
957, -10944, 334, 334, -1685
957, -10944, 334, 334, -1685
957, -10944, 335, 335, -1685
957, -10943, 335, 335, -1685
957, -10944, 335, 335, -1685
957, -10944, 335, 335, -1685
956, -10944, 334, 334, -1685
956, -10944, 334, 334, -1685
957, -10943, 334, 334, -1685
956, -10943, 334, 334, -1685
956, -10944, 334, 334, -1685
957, -10944, 335, 335, -1685
957, -10943, 334, 334, -1685
957, -10943, 334, 334, -1685
955, -10943, 334, 334, -1685
957, -10944, 334, 334, -1685
956, -10944, 334, 334, -1685
956, -10944, 334, 334, -1685
956, -10943, 333, 333, -1685
958, -10943, 335, 335, -1685
957, -10943, 334, 334, -1685
958, -10943, 335, 335, -1685
957, -10944, 334, 334, -1685
957, -10944, 334, 334, -1685
957, -10943, 334, 334, -1685
955, -10944, 334, 334, -1685
955, -10943, 333, 333, -1685
955, -10944, 332, 332, -1691
955, -10944, 332, 332, -1691
955, -10944, 332, 332, -1691
955, -10943, 333, 333, -1691
955, -10945, 333, 333, -1691
956, -10944, 333, 333, -1691
955, -10943, 332, 332, -1691
955, -10944, 333, 333, -1691
954, -10944, 332, 332, -1691
954, -10944, 332, 332, -1691
954, -10945, 332, 332, -1691
954, -10945, 332, 332, -1691
954, -10946, 331, 331, -1691
954, -10946, 331, 331, -1691
955, -10944, 331, 331, -1691
955, -10944, 332, 332, -1691
954, -10944, 332, 332, -1691
954, -10944, 332, 332, -1691
955, -10944, 332, 332, -1691
955, -10944, 332, 332, -1691
956, -10945, 333, 333, -1691
956, -10945, 333, 333, -1691
954, -10945, 332, 332, -1691
954, -10944, 332, 332, -1691
955, -10945, 332, 332, -1691
954, -10944, 333, 333, -1691
954, -10944, 333, 333, -1691
955, -10945, 332, 332, -1680
956, -10944, 334, 334, -1680
956, -10944, 334, 334, -1680
956, -10944, 333, 333, -1680
956, -10944, 333, 333, -1680
955, -10945, 333, 333, -1680
955, -10945, 333, 333, -1680
955, -10945, 334, 334, -1680
955, -10945, 334, 334, -1680
955, -10944, 333, 333, -1680
955, -10944, 333, 333, -1680
956, -10945, 333, 333, -1680
956, -10945, 333, 333, -1680
955, -10944, 333, 333, -1680
955, -10944, 333, 333, -1680
955, -10945, 333, 333, -1680
954, -10945, 332, 332, -1680
955, -10944, 333, 333, -1680
955, -10944, 333, 333, -1680
955, -10945, 333, 333, -1680
956, -10944, 333, 333, -1674
956, -10944, 333, 333, -1674
956, -10944, 333, 333, -1674
956, -10945, 333, 333, -1674
956, -10944, 333, 333, -1674
956, -10944, 333, 333, -1674
956, -10944, 333, 333, -1674
956, -10944, 333, 333, -1674
956, -10945, 333, 333, -1674
956, -10944, 333, 333, -1674
955, -10944, 332, 332, -1674
955, -10944, 332, 332, -1674
956, -10945, 333, 333, -1674
956, -10945, 333, 333, -1674
954, -10944, 332, 332, -1674
955, -10944, 333, 333, -1674
955, -10944, 333, 333, -1674
954, -10944, 333, 333, -1674
956, -10945, 334, 334, -1674
956, -10945, 334, 334, -1674
956, -10944, 333, 333, -1674
954, -10945, 332, 332, -1674
954, -10945, 332, 332, -1674
956, -10945, 333, 333, -1674
955, -10944, 333, 333, -1674
955, -10944, 333, 333, -1674
955, -10945, 333, 333, -1674
954, -10944, 332, 332, -1664
956, -10945, 332, 332, -1664
956, -10944, 333, 333, -1664
956, -10944, 333, 333, -1664
955, -10944, 333, 333, -1664
955, -10944, 333, 333, -1664
955, -10944, 333, 333, -1664
955, -10945, 333, 333, -1664
955, -10944, 333, 333, -1664
955, -10944, 333, 333, -1664
954, -10945, 332, 332, -1664
955, -10944, 333, 333, -1664
955, -10944, 333, 333, -1664
955, -10944, 333, 333, -1664
955, -10944, 333, 333, -1664
955, -10944, 333, 333, -1664
955, -10944, 333, 333, -1664
956, -10943, 333, 333, -1664
956, -10943, 333, 333, -1664
955, -10945, 333, 333, -1664
956, -10945, 333, 333, -1664
956, -10945, 333, 333, -1664
954, -10945, 333, 333, -1664
955, -10945, 333, 333, -1664
956, -10945, 333, 333, -1664
956, -10945, 333, 333, -1664
954, -10945, 332, 332, -1664
956, -10944, 333, 333, -1664
954, -10946, 333, 333, -1664
955, -10944, 333, 333, -1668
955, -10945, 333, 333, -1668
955, -10945, 333, 333, -1668
954, -10945, 333, 333, -1668
956, -10945, 333, 333, -1668
956, -10945, 333, 333, -1668
956, -10945, 333, 333, -1668
955, -10945, 333, 333, -1668
956, -10945, 333, 333, -1668
954, -10945, 333, 333, -1668
954, -10945, 333, 333, -1668
956, -10945, 333, 333, -1668
955, -10945, 333, 333, -1668
955, -10945, 333, 333, -1668
955, -10945, 333, 333, -1668
954, -10944, 333, 333, -1668
956, -10945, 333, 333, -1668
957, -10945, 334, 334, -1668
957, -10945, 334, 334, -1668
956, -10944, 334, 334, -1668
956, -10945, 333, 333, -1668
956, -10945, 334, 334, -1668
956, -10945, 334, 334, -1668
955, -10945, 333, 333, -1668
955, -10944, 333, 333, -1668
955, -10944, 333, 333, -1668
955, -10945, 333, 333, -1668
954, -10944, 333, 333, -1662
955, -10944, 333, 333, -1662
955, -10944, 333, 333, -1662
954, -10945, 333, 333, -1662
955, -10945, 332, 332, -1662
955, -10945, 332, 332, -1662
955, -10945, 333, 333, -1662
954, -10945, 333, 333, -1662
954, -10945, 333, 333, -1662
955, -10946, 332, 332, -1662
955, -10945, 333, 333, -1662
954, -10945, 332, 332, -1662
954, -10945, 332, 332, -1662
953, -10946, 332, 332, -1662
954, -10944, 332, 332, -1662
954, -10946, 332, 332, -1662
955, -10945, 332, 332, -1662
955, -10945, 332, 332, -1662
955, -10945, 332, 332, -1662
954, -10945, 333, 333, -1662
956, -10945, 333, 333, -1662
954, -10945, 332, 332, -1662
954, -10945, 332, 332, -1662
954, -10945, 332, 332, -1662
954, -10945, 332, 332, -1662
954, -10945, 333, 333, -1662
909, -10968, 296, 296, -1662
905, -10970, 283, 283, -1662
905, -10970, 283, 283, -1662
903, -10970, 281, 281, -1662
899, -10971, 277, 277, -1662
899, -10971, 277, 277, -1662
900, -10970, 276, 276, -1662
895, -10970, 273, 273, -1662
895, -10970, 273, 273, -1662
895, -10970, 273, 273, -1662
896, -10971, 273, 273, -1662
894, -10972, 272, 272, -1662
892, -10971, 271, 271, -1662
892, -10971, 271, 271, -1662
892, -10970, 270, 270, -1662
892, -10970, 270, 270, -1662
890, -10971, 268, 268, -1662
891, -10972, 269, 269, -1662
890, -10972, 268, 268, -1662
890, -10972, 268, 268, -1662
890, -10972, 268, 268, -1662
888, -10971, 267, 267, -1662
888, -10971, 267, 267, -1662
889, -10971, 266, 266, -1662
889, -10971, 266, 266, -1662
888, -10971, 266, 266, -1646
889, -10971, 266, 266, -1646
887, -10971, 266, 266, -1646
887, -10971, 266, 266, -1646
887, -10970, 265, 265, -1646
887, -10972, 264, 264, -1646
887, -10972, 264, 264, -1646
886, -10971, 264, 264, -1646
886, -10972, 264, 264, -1646
887, -10971, 264, 264, -1646
887, -10971, 264, 264, -1646
885, -10970, 263, 263, -1646
886, -10972, 264, 264, -1646
884, -10971, 263, 263, -1646
885, -10972, 263, 263, -1646
885, -10971, 263, 263, -1646
885, -10971, 263, 263, -1646
885, -10971, 262, 262, -1646
885, -10971, 262, 262, -1646
884, -10971, 262, 262, -1646
885, -10971, 261, 261, -1646
885, -10971, 261, 261, -1646
885, -10971, 262, 262, -1646
884, -10971, 261, 261, -1646
884, -10971, 261, 261, -1646
883, -10971, 261, 261, -1646
882, -10971, 260, 260, -1646
882, -10971, 260, 260, -1646
884, -10972, 261, 261, -1648
882, -10971, 260, 260, -1648
882, -10971, 260, 260, -1648
882, -10970, 260, 260, -1648
882, -10970, 260, 260, -1648
882, -10972, 259, 259, -1648
881, -10971, 259, 259, -1648
881, -10971, 259, 259, -1648
881, -10972, 259, 259, -1648
881, -10972, 259, 259, -1648
881, -10971, 259, 259, -1648
880, -10971, 258, 258, -1648
881, -10973, 258, 258, -1648
881, -10973, 258, 258, -1648
880, -10971, 258, 258, -1648
880, -10971, 257, 257, -1648
880, -10971, 257, 257, -1648
881, -10971, 257, 257, -1648
880, -10972, 258, 258, -1648
880, -10972, 258, 258, -1648
880, -10972, 257, 257, -1648
880, -10972, 257, 257, -1648
879, -10971, 256, 256, -1648
879, -10971, 257, 257, -1648
879, -10972, 257, 257, -1638
879, -10971, 256, 256, -1638
879, -10971, 256, 256, -1638
880, -10971, 257, 257, -1638
879, -10971, 257, 257, -1638
879, -10971, 257, 257, -1638
880, -10971, 257, 257, -1638
878, -10971, 256, 256, -1638
878, -10970, 256, 256, -1638
878, -10971, 256, 256, -1638
878, -10971, 256, 256, -1638
879, -10971, 257, 257, -1638
878, -10972, 256, 256, -1638
878, -10972, 256, 256, -1638
878, -10972, 256, 256, -1638
878, -10971, 255, 255, -1638
878, -10971, 256, 256, -1638
878, -10971, 256, 256, -1638
878, -10971, 256, 256, -1638
877, -10971, 255, 255, -1638
877, -10971, 255, 255, -1638
878, -10971, 256, 256, -1638
877, -10971, 255, 255, -1638
877, -10971, 255, 255, -1638
877, -10971, 255, 255, -1638
877, -10971, 254, 254, -1632
879, -10971, 255, 255, -1632
877, -10970, 255, 255, -1632
878, -10971, 255, 255, -1632
878, -10971, 255, 255, -1632
876, -10971, 255, 254, -1632
877, -10971, 254, 254, -1632
877, -10971, 254, 254, -1632
876, -10971, 254, 254, -1632
876, -10971, 254, 254, -1632
878, -10971, 255, 255, -1632
878, -10971, 255, 255, -1632
880, -10970, 256, 256, -1632
881, -10969, 257, 257, -1632
917, -10950, 293, 293, -1632
917, -10950, 293, 293, -1632
923, -10949, 300, 300, -1632
923, -10949, 300, 300, -1632
924, -10948, 301, 301, -1632
927, -10948, 304, 304, -1632
927, -10948, 304, 304, -1632
927, -10948, 305, 305, -1632
927, -10947, 305, 305, -1632
927, -10947, 305, 305, -1632
929, -10946, 307, 307, -1632
930, -10948, 307, 307, -1632
930, -10948, 307, 307, -1632
930, -10947, 308, 308, -1626
930, -10946, 308, 308, -1626
933, -10947, 309, 309, -1626
933, -10947, 310, 310, -1626
934, -10947, 311, 311, -1626
934, -10947, 311, 311, -1626
933, -10946, 311, 311, -1626
934, -10948, 311, 311, -1626
934, -10947, 311, 311, -1626
934, -10947, 312, 312, -1626
935, -10947, 312, 312, -1626
935, -10946, 313, 313, -1626
936, -10947, 313, 313, -1626
934, -10947, 312, 312, -1626
936, -10947, 313, 313, -1626
935, -10948, 313, 313, -1626
935, -10947, 313, 313, -1626
937, -10946, 314, 314, -1626
936, -10947, 314, 314, -1626
936, -10947, 315, 315, -1626
937, -10947, 314, 314, -1626
937, -10947, 314, 314, -1626
937, -10947, 314, 314, -1626
937, -10946, 314, 314, -1626
937, -10947, 315, 315, -1626
937, -10946, 315, 315, -1626
937, -10946, 316, 316, -1626
937, -10946, 316, 316, -1626
938, -10947, 316, 316, -1626
938, -10947, 316, 316, -1626
938, -10947, 315, 315, -1626
938, -10946, 316, 316, -1626
940, -10946, 316, 316, -1626
940, -10946, 316, 316, -1626
938, -10947, 316, 316, -1626
939, -10946, 316, 316, -1626
938, -10947, 317, 317, -1626
938, -10947, 317, 317, -1626
939, -10947, 316, 316, -1626
941, -10946, 317, 317, -1626
941, -10946, 317, 317, -1626
940, -10947, 317, 317, -1626
940, -10947, 317, 317, -1626
939, -10947, 316, 316, -1626
938, -10947, 316, 316, -1626
939, -10946, 317, 317, -1626
939, -10947, 317, 317, -1626
941, -10946, 317, 317, -1626
940, -10946, 318, 318, -1626
940, -10946, 318, 318, -1626
940, -10947, 318, 318, -1626
941, -10948, 318, 318, -1626
941, -10948, 318, 318, -1624
941, -10946, 318, 318, -1624
940, -10946, 318, 318, -1624
940, -10946, 318, 318, -1624
940, -10947, 318, 318, -1624
940, -10946, 318, 318, -1624
940, -10946, 318, 318, -1624
941, -10948, 319, 319, -1624
941, -10948, 319, 319, -1624
942, -10946, 318, 318, -1624
941, -10947, 318, 318, -1624
940, -10947, 319, 319, -1624
940, -10946, 318, 318, -1624
941, -10947, 319, 319, -1624
941, -10947, 319, 319, -1624
941, -10947, 318, 318, -1624
941, -10946, 319, 319, -1624
941, -10948, 319, 319, -1624
941, -10947, 319, 319, -1624
941, -10947, 319, 319, -1624
941, -10947, 319, 319, -1624
940, -10948, 318, 318, -1624
942, -10947, 319, 319, -1624
941, -10946, 319, 319, -1624
941, -10946, 319, 319, -1624
942, -10947, 319, 319, -1624
942, -10947, 319, 319, -1620
942, -10948, 320, 320, -1620
942, -10948, 320, 320, -1620
942, -10947, 319, 319, -1620
942, -10946, 320, 320, -1620
942, -10946, 320, 320, -1620
942, -10946, 320, 320, -1620
941, -10947, 319, 319, -1620
942, -10947, 319, 319, -1620
942, -10947, 320, 320, -1620
942, -10947, 320, 320, -1620
941, -10948, 319, 319, -1620
944, -10947, 320, 320, -1620
944, -10947, 320, 320, -1620
943, -10947, 320, 320, -1620
943, -10947, 320, 320, -1620
943, -10947, 320, 320, -1620
941, -10947, 320, 320, -1620
941, -10947, 320, 320, -1620
944, -10947, 321, 321, -1620
944, -10947, 321, 321, -1620
942, -10948, 320, 320, -1620
943, -10948, 321, 321, -1620
943, -10948, 321, 321, -1620
942, -10947, 321, 321, -1620
941, -10946, 320, 320, -1616
943, -10948, 320, 320, -1616
942, -10948, 320, 320, -1616
942, -10948, 320, 320, -1616
943, -10947, 321, 321, -1616
942, -10947, 321, 321, -1616
943, -10947, 320, 320, -1616
943, -10947, 320, 320, -1616
943, -10948, 321, 321, -1616
942, -10947, 320, 320, -1616
942, -10947, 320, 320, -1616
899, -10968, 279, 279, -1616
899, -10968, 279, 279, -1616
896, -10970, 274, 274, -1616
896, -10970, 274, 274, -1616
894, -10971, 272, 272, -1616
893, -10969, 271, 271, -1616
891, -10969, 269, 269, -1616
890, -10971, 268, 268, -1616
890, -10971, 268, 268, -1616
888, -10971, 266, 266, -1616
889, -10970, 267, 267, -1616
889, -10970, 267, 267, -1616
887, -10971, 265, 265, -1616
887, -10971, 264, 264, -1616
885, -10971, 263, 263, -1616
885, -10971, 263, 263, -1616
886, -10971, 263, 263, -1616
885, -10971, 263, 263, -1616
884, -10971, 262, 262, -1616
884, -10970, 262, 262, -1616
884, -10971, 261, 261, -1616
884, -10971, 261, 261, -1616
883, -10971, 261, 261, -1616
882, -10971, 260, 260, -1616
882, -10972, 259, 259, -1616
881, -10971, 259, 259, -1616
881, -10971, 259, 259, -1616
881, -10972, 259, 259, -1616
880, -10972, 258, 258, -1616
880, -10972, 258, 258, -1616
880, -10971, 257, 257, -1616
880, -10971, 257, 257, -1616
880, -10972, 257, 257, -1616
879, -10971, 257, 257, -1616
879, -10972, 257, 257, -1616
878, -10971, 257, 257, -1616
878, -10971, 257, 257, -1616
878, -10972, 256, 256, -1616
878, -10972, 256, 256, -1616
878, -10972, 256, 256, -1612
879, -10971, 257, 257, -1612
879, -10971, 257, 257, -1612
879, -10971, 256, 256, -1612
878, -10972, 256, 256, -1612
878, -10972, 256, 256, -1612
879, -10973, 256, 256, -1612
879, -10971, 255, 255, -1612
877, -10971, 255, 255, -1612
877, -10971, 254, 254, -1612
877, -10971, 255, 255, -1612
877, -10971, 255, 255, -1612
878, -10972, 254, 254, -1612
877, -10971, 255, 255, -1612
877, -10973, 255, 255, -1612
877, -10973, 255, 255, -1612
876, -10972, 254, 254, -1612
877, -10971, 254, 254, -1612
877, -10971, 254, 254, -1612
877, -10971, 254, 254, -1612
876, -10973, 254, 254, -1612
876, -10973, 254, 254, -1612
875, -10972, 253, 253, -1612
876, -10972, 254, 254, -1612
877, -10972, 253, 253, -1612
877, -10972, 253, 253, -1612
876, -10972, 254, 254, -1610
877, -10971, 254, 254, -1610
876, -10972, 254, 254, -1610
876, -10972, 253, 253, -1610
875, -10971, 253, 253, -1610
876, -10972, 253, 253, -1610
875, -10971, 253, 253, -1610
875, -10972, 253, 253, -1610
874, -10970, 252, 252, -1610
874, -10970, 252, 252, -1610
873, -10972, 252, 252, -1610
875, -10971, 252, 252, -1610
874, -10972, 252, 252, -1610
875, -10972, 252, 252, -1610
876, -10971, 253, 253, -1610
876, -10971, 253, 253, -1610
875, -10972, 253, 253, -1610
874, -10972, 252, 252, -1610
874, -10972, 252, 252, -1610
874, -10972, 252, 252, -1610
876, -10972, 252, 252, -1610
876, -10972, 253, 253, -1610
876, -10972, 252, 252, -1610
876, -10972, 252, 252, -1610
874, -10972, 251, 251, -1610
874, -10972, 251, 251, -1610
873, -10972, 251, 251, -1610
874, -10971, 252, 252, -1614
874, -10971, 252, 252, -1614
873, -10972, 252, 252, -1614
874, -10972, 252, 252, -1614
874, -10972, 252, 252, -1614
874, -10971, 251, 251, -1614
874, -10970, 252, 252, -1614
872, -10972, 251, 251, -1614
873, -10971, 251, 251, -1614
873, -10972, 250, 250, -1614
872, -10972, 250, 250, -1614
872, -10970, 249, 249, -1614
872, -10971, 250, 250, -1614
874, -10970, 250, 250, -1614
872, -10970, 250, 250, -1614
872, -10970, 250, 250, -1614
871, -10971, 250, 250, -1614
871, -10971, 250, 250, -1614
873, -10971, 250, 250, -1614
873, -10971, 250, 250, -1614
916, -10950, 292, 292, -1614
916, -10950, 292, 292, -1614
919, -10948, 296, 296, -1614
919, -10948, 296, 296, -1614
921, -10949, 298, 298, -1608
921, -10948, 299, 299, -1608
923, -10948, 300, 300, -1608
923, -10948, 300, 300, -1608
925, -10947, 302, 302, -1608
925, -10947, 302, 302, -1608
926, -10948, 303, 303, -1608
926, -10948, 303, 303, -1608
926, -10947, 304, 304, -1608
928, -10947, 304, 304, -1608
928, -10947, 304, 304, -1608
929, -10947, 306, 306, -1608
929, -10947, 306, 306, -1608
929, -10948, 307, 307, -1608
929, -10948, 307, 307, -1608
930, -10948, 307, 307, -1608
931, -10949, 308, 308, -1608
931, -10948, 308, 308, -1608
931, -10948, 308, 308, -1608
931, -10948, 308, 308, -1608
931, -10948, 309, 309, -1608
930, -10947, 308, 308, -1608
932, -10947, 309, 309, -1608
931, -10947, 309, 309, -1604
931, -10947, 309, 309, -1604
932, -10948, 310, 310, -1604
932, -10948, 310, 310, -1604
933, -10948, 310, 310, -1604
933, -10948, 311, 311, -1604
933, -10949, 311, 311, -1604
933, -10948, 311, 311, -1604
933, -10948, 311, 311, -1604
933, -10948, 311, 311, -1604
935, -10948, 312, 312, -1604
935, -10948, 312, 312, -1604
935, -10947, 312, 312, -1604
935, -10947, 312, 312, -1604
934, -10948, 312, 312, -1604
935, -10947, 312, 312, -1604
935, -10948, 313, 313, -1604
935, -10948, 312, 312, -1604
935, -10948, 312, 312, -1604
935, -10948, 313, 313, -1604
934, -10948, 313, 313, -1604
935, -10947, 313, 313, -1604
935, -10947, 313, 313, -1604
935, -10947, 313, 313, -1604
936, -10948, 314, 314, -1599
936, -10948, 314, 314, -1599
936, -10949, 313, 313, -1599
937, -10949, 314, 314, -1599
937, -10949, 314, 314, -1599
936, -10949, 314, 314, -1599
936, -10949, 314, 314, -1599
936, -10949, 314, 314, -1599
936, -10947, 315, 315, -1599
936, -10947, 315, 315, -1599
937, -10948, 315, 315, -1599
937, -10948, 315, 315, -1599
938, -10948, 315, 315, -1599
937, -10948, 315, 315, -1599
937, -10948, 315, 315, -1599
938, -10947, 315, 315, -1599
937, -10948, 315, 315, -1599
936, -10948, 315, 315, -1599
939, -10948, 315, 315, -1599
939, -10948, 315, 315, -1599
937, -10948, 314, 314, -1599
937, -10948, 315, 315, -1599
938, -10949, 315, 315, -1599
937, -10948, 316, 316, -1599
937, -10948, 316, 316, -1599
938, -10948, 315, 315, -1599
938, -10947, 316, 316, -1595
937, -10948, 316, 316, -1595
937, -10948, 316, 316, -1595
938, -10948, 315, 315, -1595
938, -10948, 316, 316, -1595
938, -10949, 316, 316, -1595
938, -10949, 316, 316, -1595
940, -10948, 316, 316, -1595
940, -10948, 316, 316, -1595
938, -10948, 315, 315, -1595
938, -10948, 316, 316, -1595
939, -10948, 317, 317, -1595
939, -10948, 317, 317, -1595
938, -10948, 316, 316, -1595
938, -10948, 316, 316, -1595
937, -10949, 316, 316, -1595
939, -10948, 316, 316, -1595
939, -10948, 316, 316, -1595
939, -10948, 316, 316, -1595
938, -10948, 316, 316, -1595
939, -10948, 316, 316, -1595
938, -10949, 316, 316, -1595
938, -10949, 316, 316, -1595
938, -10947, 316, 316, -1595
938, -10947, 316, 316, -1595
938, -10947, 316, 316, -1602
940, -10948, 316, 316, -1602
940, -10948, 316, 316, -1602
939, -10948, 316, 316, -1602
939, -10948, 317, 317, -1602
939, -10947, 317, 317, -1602
939, -10947, 317, 317, -1602
941, -10948, 317, 317, -1602
940, -10948, 318, 318, -1602
938, -10948, 316, 316, -1602
940, -10948, 317, 317, -1602
939, -10948, 317, 317, -1602
940, -10948, 317, 317, -1602
940, -10948, 317, 317, -1602
939, -10947, 316, 316, -1602
939, -10948, 317, 317, -1602
939, -10949, 317, 317, -1602
939, -10948, 317, 317, -1602
897, -10969, 274, 274, -1602
894, -10970, 273, 273, -1602
894, -10970, 273, 273, -1602
891, -10970, 269, 269, -1602
891, -10970, 269, 269, -1602
888, -10971, 267, 267, -1602
888, -10971, 267, 267, -1602
887, -10971, 265, 265, -1599
887, -10971, 265, 265, -1599
887, -10972, 264, 264, -1599
885, -10971, 263, 263, -1599
885, -10971, 263, 263, -1599
885, -10972, 262, 262, -1599
885, -10972, 262, 262, -1599
884, -10972, 262, 262, -1599
884, -10972, 262, 262, -1599
882, -10971, 260, 260, -1599
882, -10971, 260, 260, -1599
881, -10971, 259, 259, -1599
881, -10971, 259, 259, -1599
881, -10972, 259, 259, -1599
880, -10972, 258, 258, -1599
880, -10972, 258, 258, -1599
879, -10972, 257, 257, -1599
879, -10971, 257, 257, -1599
879, -10971, 257, 257, -1599
878, -10972, 256, 256, -1599
878, -10972, 256, 256, -1599
879, -10972, 256, 256, -1599
880, -10973, 257, 257, -1599
879, -10972, 257, 257, -1599
878, -10973, 256, 256, -1599
878, -10973, 256, 256, -1599
878, -10972, 255, 255, -1597
877, -10972, 254, 254, -1597
876, -10971, 254, 254, -1597
877, -10972, 254, 254, -1597
876, -10973, 254, 254, -1597
876, -10973, 254, 254, -1597
876, -10972, 253, 253, -1597
876, -10972, 253, 253, -1597
877, -10972, 254, 254, -1597
875, -10972, 253, 253, -1597
876, -10972, 253, 253, -1597
875, -10973, 253, 253, -1597
875, -10972, 253, 253, -1597
875, -10972, 253, 253, -1597
875, -10973, 253, 253, -1597
876, -10972, 253, 253, -1597
876, -10972, 253, 253, -1597
873, -10971, 252, 252, -1597
873, -10971, 252, 252, -1597
874, -10973, 251, 251, -1597
874, -10973, 252, 252, -1597
876, -10972, 252, 252, -1597
874, -10972, 252, 252, -1597
874, -10972, 251, 251, -1597
873, -10972, 251, 251, -1593
873, -10972, 251, 251, -1593
874, -10971, 252, 252, -1593
874, -10972, 252, 252, -1593
874, -10972, 252, 252, -1593
872, -10972, 251, 251, -1593
873, -10972, 250, 250, -1593
874, -10972, 251, 251, -1593
874, -10972, 251, 251, -1593
874, -10972, 251, 251, -1593
872, -10972, 250, 250, -1593
871, -10973, 250, 250, -1593
871, -10973, 250, 250, -1593
872, -10972, 250, 250, -1593
871, -10972, 250, 250, -1593
872, -10973, 250, 250, -1593
872, -10973, 250, 250, -1593
872, -10973, 250, 250, -1593
872, -10972, 250, 250, -1593
873, -10973, 250, 250, -1593
873, -10972, 251, 251, -1593
874, -10972, 251, 251, -1593
874, -10972, 251, 251, -1593
872, -10972, 250, 250, -1593
872, -10971, 250, 250, -1604
873, -10973, 250, 250, -1604
873, -10973, 250, 250, -1604
871, -10971, 249, 249, -1604
871, -10971, 249, 249, -1604
871, -10972, 249, 249, -1604
872, -10973, 249, 249, -1604
872, -10973, 249, 249, -1604
870, -10972, 249, 249, -1604
871, -10972, 248, 248, -1604
872, -10973, 249, 249, -1604
872, -10973, 249, 249, -1604
870, -10972, 248, 248, -1604
870, -10973, 248, 248, -1604
870, -10973, 248, 248, -1604
871, -10972, 248, 248, -1604
871, -10972, 248, 248, -1604
871, -10972, 249, 249, -1604
871, -10972, 249, 249, -1604
869, -10973, 248, 248, -1604
869, -10973, 248, 248, -1604
869, -10972, 248, 248, -1604
869, -10972, 248, 248, -1604
870, -10971, 247, 247, -1593
870, -10971, 248, 248, -1593
870, -10971, 248, 248, -1593
869, -10972, 247, 247, -1593
870, -10972, 249, 249, -1593
904, -10953, 270, 270, -1593
904, -10953, 270, 270, -1593
913, -10951, 290, 290, -1593
913, -10951, 290, 290, -1593
915, -10951, 292, 292, -1593
917, -10950, 294, 294, -1593
918, -10949, 295, 295, -1593
919, -10949, 297, 297, -1593
919, -10949, 297, 297, -1593
922, -10949, 300, 300, -1593
922, -10949, 300, 300, -1593
923, -10948, 300, 300, -1593
924, -10948, 301, 301, -1593
924, -10948, 301, 301, -1593
925, -10949, 302, 302, -1593
925, -10948, 303, 303, -1593
924, -10948, 302, 302, -1593
926, -10949, 303, 303, -1593
926, -10949, 303, 303, -1593
926, -10950, 304, 304, -1593
926, -10950, 304, 304, -1593
928, -10948, 305, 305, -1593
926, -10949, 305, 305, -1593
927, -10948, 304, 304, -1587
928, -10949, 305, 305, -1587
928, -10949, 305, 305, -1587
928, -10948, 305, 305, -1587
930, -10949, 307, 307, -1587
930, -10949, 307, 307, -1587
929, -10949, 307, 307, -1587
929, -10948, 306, 306, -1587
930, -10948, 307, 307, -1587
930, -10949, 308, 308, -1587
931, -10949, 308, 308, -1587
930, -10949, 308, 308, -1587
930, -10948, 307, 307, -1587
931, -10949, 308, 308, -1587
931, -10949, 308, 308, -1587
930, -10949, 308, 308, -1587
931, -10949, 308, 308, -1587
931, -10949, 309, 309, -1587
932, -10949, 309, 309, -1587
932, -10949, 309, 309, -1587
931, -10949, 309, 309, -1587
932, -10948, 309, 309, -1587
932, -10948, 309, 309, -1587
932, -10949, 309, 309, -1587
933, -10949, 310, 310, -1587
933, -10949, 310, 310, -1587
933, -10948, 310, 310, -1587
933, -10948, 310, 310, -1587
933, -10949, 310, 310, -1589
932, -10949, 310, 310, -1589
933, -10949, 310, 310, -1589
932, -10948, 311, 311, -1589
932, -10948, 311, 311, -1589
933, -10949, 311, 311, -1589
933, -10949, 311, 311, -1589
933, -10949, 311, 311, -1589
933, -10949, 311, 311, -1589
933, -10949, 311, 311, -1589
934, -10949, 311, 311, -1589
934, -10948, 311, 311, -1589
934, -10948, 311, 311, -1589
934, -10949, 311, 311, -1589
934, -10949, 311, 311, -1589
934, -10949, 311, 311, -1589
935, -10949, 312, 312, -1589
934, -10949, 312, 312, -1589
934, -10949, 312, 312, -1589
934, -10949, 313, 313, -1589
935, -10949, 313, 313, -1589
935, -10949, 313, 313, -1589
935, -10949, 312, 312, -1589
935, -10948, 313, 313, -1589
935, -10949, 312, 312, -1589
935, -10949, 313, 313, -1587
935, -10949, 313, 313, -1587
935, -10948, 313, 313, -1587
935, -10948, 313, 313, -1587
935, -10948, 313, 313, -1587
935, -10948, 313, 313, -1587
936, -10949, 314, 314, -1587
936, -10949, 314, 314, -1587
936, -10949, 314, 314, -1587
936, -10949, 314, 314, -1587
935, -10950, 314, 314, -1587
937, -10949, 314, 314, -1587
937, -10949, 314, 314, -1587
935, -10950, 313, 313, -1587
935, -10950, 313, 313, -1587
936, -10950, 314, 314, -1587
936, -10951, 314, 314, -1587
936, -10951, 314, 314, -1587
936, -10949, 314, 314, -1587
936, -10950, 314, 314, -1587
936, -10950, 314, 314, -1587
936, -10949, 314, 314, -1587
936, -10949, 314, 314, -1587
936, -10949, 314, 314, -1587
936, -10950, 314, 314, -1587
936, -10950, 314, 314, -1587
936, -10949, 314, 314, -1585
937, -10950, 315, 315, -1585
937, -10950, 315, 315, -1585
936, -10949, 314, 314, -1585
937, -10948, 315, 315, -1585
936, -10948, 314, 314, -1585
936, -10948, 314, 314, -1585
937, -10949, 314, 314, -1585
937, -10949, 314, 314, -1585
937, -10949, 314, 314, -1585
937, -10949, 315, 315, -1585
938, -10948, 315, 315, -1585
938, -10948, 315, 315, -1585
938, -10949, 315, 315, -1585
938, -10949, 315, 315, -1585
937, -10948, 315, 315, -1585
937, -10949, 315, 315, -1585
937, -10949, 315, 315, -1585
938, -10949, 316, 316, -1585
938, -10950, 316, 316, -1585
936, -10949, 315, 315, -1585
937, -10949, 315, 315, -1585
937, -10949, 315, 315, -1585
937, -10949, 315, 315, -1585
938, -10950, 315, 315, -1585
938, -10950, 315, 315, -1585
938, -10950, 315, 315, -1585
939, -10950, 315, 315, -1583
939, -10950, 315, 315, -1583
938, -10950, 316, 316, -1583
887, -10972, 266, 266, -1583
888, -10972, 265, 265, -1583
888, -10972, 265, 265, -1583
886, -10972, 263, 263, -1583
886, -10972, 263, 263, -1583
884, -10972, 261, 261, -1583
884, -10972, 261, 261, -1583
882, -10973, 260, 260, -1583
881, -10973, 259, 259, -1583
881, -10973, 259, 259, -1583
882, -10973, 259, 259, -1583
881, -10973, 259, 259, -1583
880, -10974, 258, 258, -1583
880, -10974, 258, 258, -1583
879, -10973, 257, 257, -1583
879, -10973, 257, 257, -1583
879, -10973, 257, 257, -1583
878, -10973, 256, 256, -1583
878, -10973, 255, 255, -1583
878, -10973, 255, 255, -1583
878, -10973, 255, 255, -1577
878, -10973, 256, 256, -1577
878, -10973, 256, 256, -1577
876, -10973, 255, 255, -1577
876, -10972, 254, 254, -1577
876, -10973, 254, 254, -1577
875, -10973, 253, 253, -1577
874, -10972, 252, 252, -1577
874, -10973, 252, 252, -1577
874, -10973, 252, 252, -1577
874, -10972, 251, 251, -1577
875, -10973, 252, 252, -1577
875, -10973, 252, 252, -1577
875, -10973, 252, 252, -1577
874, -10973, 251, 251, -1577
874, -10972, 252, 252, -1577
873, -10972, 252, 252, -1577
873, -10972, 252, 252, -1577
873, -10971, 251, 251, -1577
874, -10974, 251, 251, -1577
874, -10974, 251, 251, -1577
874, -10973, 251, 251, -1577
872, -10972, 250, 250, -1579
874, -10972, 250, 250, -1579
874, -10972, 250, 250, -1579
873, -10973, 251, 251, -1579
873, -10973, 251, 251, -1579
874, -10973, 252, 252, -1579
872, -10974, 251, 251, -1579
872, -10974, 251, 251, -1579
873, -10973, 251, 251, -1579
873, -10973, 251, 251, -1579
873, -10973, 250, 250, -1579
873, -10973, 250, 250, -1579
873, -10972, 250, 250, -1579
873, -10973, 250, 250, -1579
871, -10973, 249, 249, -1579
871, -10973, 249, 249, -1579
871, -10973, 249, 249, -1579
872, -10972, 249, 249, -1579
872, -10972, 249, 249, -1579
872, -10972, 249, 249, -1579
872, -10973, 250, 250, -1579
872, -10973, 250, 250, -1579
871, -10973, 249, 249, -1579
871, -10973, 249, 249, -1579
871, -10974, 249, 249, -1579
870, -10973, 248, 248, -1579
873, -10973, 249, 249, -1579
872, -10974, 249, 249, -1579
872, -10974, 249, 249, -1579
870, -10973, 248, 248, -1573
870, -10972, 248, 248, -1573
870, -10972, 248, 248, -1573
871, -10972, 249, 249, -1573
870, -10972, 248, 248, -1573
870, -10972, 248, 248, -1573
870, -10972, 248, 248, -1573
871, -10973, 248, 248, -1573
871, -10973, 248, 248, -1573
871, -10973, 248, 248, -1573
870, -10973, 248, 248, -1573
870, -10973, 248, 248, -1573
869, -10973, 247, 247, -1573
870, -10973, 248, 248, -1573
870, -10973, 248, 248, -1573
868, -10973, 247, 247, -1573
870, -10973, 247, 247, -1573
868, -10973, 247, 247, -1573
870, -10973, 247, 247, -1573
870, -10973, 247, 247, -1573
868, -10973, 247, 247, -1573
869, -10972, 247, 247, -1573
869, -10974, 247, 247, -1573
869, -10973, 247, 247, -1573
870, -10973, 248, 248, -1573
869, -10972, 247, 247, -1573
869, -10971, 246, 246, -1569
869, -10971, 246, 246, -1569
870, -10972, 246, 246, -1569
868, -10973, 247, 247, -1569
868, -10973, 247, 247, -1569
868, -10973, 247, 247, -1569
869, -10972, 246, 246, -1569
869, -10973, 246, 246, -1569
869, -10974, 247, 247, -1569
868, -10974, 246, 246, -1569
868, -10973, 245, 245, -1569
867, -10974, 245, 245, -1569
869, -10973, 246, 246, -1569
869, -10974, 247, 247, -1569
870, -10972, 247, 247, -1569
870, -10972, 247, 247, -1569
892, -10956, 253, 253, -1569
907, -10952, 282, 282, -1569
916, -10950, 292, 292, -1569
916, -10950, 292, 292, -1569
917, -10949, 294, 294, -1569
917, -10949, 294, 294, -1569
919, -10950, 296, 296, -1569
919, -10950, 297, 297, -1569
923, -10950, 299, 299, -1569
921, -10949, 299, 299, -1569
921, -10949, 299, 299, -1569
923, -10950, 301, 301, -1575
924, -10949, 301, 301, -1575
924, -10949, 302, 302, -1575
924, -10949, 302, 302, -1575
926, -10949, 303, 303, -1575
926, -10949, 303, 303, -1575
925, -10949, 303, 303, -1575
926, -10948, 303, 303, -1575
927, -10948, 304, 304, -1575
927, -10948, 304, 304, -1575
927, -10948, 304, 304, -1575
926, -10949, 304, 304, -1575
928, -10948, 306, 306, -1575
928, -10950, 306, 306, -1575
928, -10950, 306, 306, -1575
929, -10949, 306, 306, -1575
928, -10949, 306, 306, -1575
930, -10949, 306, 306, -1575
929, -10949, 306, 306, -1575
929, -10949, 307, 307, -1575
930, -10949, 308, 308, -1575
930, -10949, 308, 308, -1575
929, -10950, 307, 307, -1575
930, -10950, 307, 307, -1575
929, -10949, 307, 307, -1575
930, -10949, 308, 308, -1575
930, -10949, 308, 308, -1575
930, -10949, 308, 308, -1575
931, -10949, 309, 309, -1575
931, -10949, 309, 309, -1575
931, -10949, 309, 309, -1575
931, -10948, 308, 308, -1575
931, -10948, 308, 308, -1575
931, -10950, 309, 309, -1575
931, -10949, 309, 309, -1575
931, -10949, 309, 309, -1575
933, -10950, 310, 310, -1575
932, -10950, 309, 309, -1575
932, -10950, 309, 309, -1575
933, -10950, 310, 310, -1575
933, -10949, 310, 310, -1575
933, -10949, 310, 310, -1575
932, -10948, 310, 310, -1575
932, -10949, 310, 310, -1575
933, -10949, 311, 311, -1575
933, -10949, 310, 310, -1575
933, -10950, 311, 311, -1575
933, -10950, 311, 311, -1575
933, -10950, 311, 311, -1575
933, -10950, 311, 311, -1575
934, -10949, 311, 311, -1575
934, -10949, 311, 311, -1573
934, -10949, 311, 311, -1573
933, -10948, 311, 311, -1573
933, -10948, 311, 311, -1573
933, -10948, 311, 311, -1573
934, -10950, 311, 311, -1573
934, -10949, 311, 311, -1573
934, -10949, 311, 311, -1573
933, -10949, 311, 311, -1573
933, -10949, 311, 311, -1573
932, -10949, 310, 310, -1573
933, -10949, 311, 311, -1573
934, -10949, 311, 311, -1573
934, -10949, 311, 311, -1573
933, -10949, 311, 311, -1573
934, -10949, 312, 312, -1573
933, -10949, 311, 311, -1573
935, -10949, 312, 312, -1573
934, -10949, 312, 312, -1573
935, -10949, 312, 312, -1573
935, -10949, 312, 312, -1573
935, -10949, 312, 312, -1573
934, -10950, 312, 312, -1573
934, -10950, 312, 312, -1573
935, -10949, 313, 313, -1573
935, -10949, 313, 313, -1573
935, -10950, 313, 313, -1577
936, -10950, 313, 313, -1577
936, -10950, 313, 313, -1577
935, -10950, 313, 313, -1577
935, -10950, 313, 313, -1577
935, -10949, 313, 313, -1577
935, -10949, 313, 313, -1577
935, -10950, 313, 313, -1577
937, -10949, 313, 313, -1577
937, -10949, 313, 313, -1577
937, -10949, 313, 313, -1577
934, -10950, 312, 312, -1577
934, -10950, 312, 312, -1577
936, -10950, 313, 313, -1577
935, -10950, 313, 313, -1577
936, -10950, 314, 314, -1577
936, -10949, 314, 314, -1577
936, -10949, 314, 314, -1577
935, -10950, 313, 313, -1577
935, -10949, 313, 313, -1577
935, -10949, 313, 313, -1577
938, -10950, 314, 314, -1577
937, -10950, 314, 314, -1577
937, -10950, 314, 314, -1577
936, -10950, 313, 313, -1577
936, -10948, 314, 314, -1571
936, -10948, 314, 314, -1571
936, -10948, 314, 314, -1571
936, -10949, 314, 314, -1571
937, -10949, 314, 314, -1571
936, -10950, 314, 314, -1571
936, -10951, 314, 314, -1571
936, -10951, 314, 314, -1571
936, -10949, 314, 314, -1571
937, -10950, 314, 314, -1571
937, -10950, 314, 314, -1571
937, -10951, 315, 315, -1571
937, -10951, 314, 314, -1571
892, -10970, 271, 271, -1571
892, -10970, 271, 271, -1571
890, -10972, 268, 268, -1571
890, -10972, 268, 268, -1571
888, -10972, 266, 266, -1571
886, -10973, 264, 264, -1571
885, -10973, 263, 263, -1571
885, -10973, 263, 263, -1571
884, -10973, 262, 262, -1571
883, -10973, 261, 261, -1571
882, -10973, 260, 260, -1571
881, -10973, 259, 259, -1571
881, -10973, 259, 259, -1571
880, -10973, 258, 258, -1571
878, -10973, 257, 257, -1571
879, -10973, 257, 257, -1579
879, -10973, 257, 257, -1579
879, -10973, 257, 257, -1579
878, -10974, 255, 255, -1579
878, -10974, 255, 255, -1579
877, -10973, 255, 255, -1579
877, -10973, 255, 255, -1579
877, -10972, 255, 255, -1579
875, -10973, 253, 253, -1579
875, -10973, 253, 253, -1579
877, -10973, 254, 254, -1579
877, -10972, 254, 254, -1579
877, -10972, 254, 254, -1579
874, -10973, 252, 252, -1579
875, -10973, 252, 252, -1579
875, -10973, 252, 252, -1579
875, -10974, 252, 252, -1579
874, -10973, 252, 252, -1579
875, -10973, 252, 252, -1579
875, -10973, 252, 252, -1579
874, -10973, 252, 252, -1579
874, -10974, 251, 251, -1579
873, -10973, 251, 251, -1579
873, -10973, 251, 251, -1579
873, -10974, 251, 251, -1579
873, -10974, 251, 251, -1579
872, -10973, 250, 250, -1563
871, -10972, 249, 249, -1563
873, -10973, 250, 250, -1563
872, -10973, 249, 249, -1563
871, -10973, 249, 249, -1563
871, -10973, 249, 249, -1563
872, -10974, 250, 250, -1563
872, -10974, 250, 250, -1563
871, -10974, 249, 249, -1563
871, -10974, 249, 249, -1563
871, -10973, 248, 248, -1563
871, -10972, 249, 249, -1563
871, -10973, 249, 249, -1563
871, -10973, 249, 249, -1563
871, -10974, 249, 249, -1563
871, -10972, 249, 249, -1563
870, -10973, 249, 249, -1563
870, -10973, 248, 248, -1563
869, -10972, 248, 248, -1563
870, -10975, 248, 248, -1563
869, -10973, 247, 247, -1563
869, -10973, 247, 247, -1563
871, -10974, 248, 248, -1563
871, -10974, 248, 248, -1563
871, -10974, 248, 248, -1563
869, -10974, 248, 248, -1563
869, -10974, 248, 248, -1563
870, -10973, 249, 249, -1563
870, -10973, 249, 249, -1563
870, -10974, 248, 248, -1563
869, -10974, 247, 247, -1563
869, -10974, 247, 247, -1563
869, -10972, 247, 247, -1563
869, -10974, 247, 247, -1563
869, -10974, 247, 247, -1563
868, -10973, 247, 247, -1563
869, -10974, 247, 247, -1563
869, -10973, 247, 247, -1563
869, -10973, 247, 247, -1563
869, -10973, 247, 247, -1563
869, -10973, 246, 246, -1563
869, -10973, 246, 246, -1563
870, -10972, 247, 247, -1563
870, -10972, 247, 247, -1563
869, -10973, 247, 247, -1563
868, -10974, 246, 246, -1563
868, -10974, 246, 246, -1563
868, -10974, 246, 246, -1563
869, -10972, 246, 246, -1563
868, -10974, 246, 246, -1563
868, -10974, 246, 246, -1563
867, -10973, 245, 245, -1563
867, -10973, 246, 246, -1565
867, -10973, 245, 245, -1565
867, -10973, 245, 245, -1565
867, -10973, 245, 245, -1565
867, -10973, 245, 245, -1565
868, -10974, 245, 245, -1565
868, -10973, 245, 245, -1565
867, -10974, 245, 245, -1565
867, -10973, 245, 245, -1565
867, -10974, 245, 245, -1565
867, -10974, 245, 245, -1565
868, -10974, 245, 245, -1565
867, -10973, 245, 245, -1565
867, -10974, 245, 245, -1565
867, -10972, 244, 244, -1565
867, -10972, 244, 244, -1565
866, -10973, 244, 244, -1565
866, -10973, 244, 244, -1565
867, -10974, 244, 244, -1565
866, -10973, 244, 244, -1565
866, -10973, 244, 244, -1565
867, -10973, 244, 244, -1565
867, -10973, 244, 244, -1565
869, -10973, 244, 244, -1565
869, -10973, 246, 246, -1565
869, -10973, 246, 246, -1565
909, -10952, 285, 285, -1565
909, -10952, 285, 285, -1565
913, -10951, 290, 290, -1561
913, -10951, 290, 290, -1561
914, -10951, 291, 291, -1561
916, -10950, 293, 293, -1561
917, -10950, 294, 294, -1561
918, -10951, 295, 295, -1561
920, -10950, 297, 297, -1561
920, -10950, 298, 298, -1561
920, -10950, 298, 298, -1561
922, -10950, 299, 299, -1561
922, -10950, 299, 299, -1561
921, -10950, 299, 299, -1561
923, -10949, 300, 300, -1561
923, -10950, 301, 301, -1561
924, -10948, 301, 301, -1561
924, -10948, 301, 301, -1561
925, -10949, 302, 302, -1561
924, -10950, 302, 302, -1561
926, -10950, 303, 303, -1561
926, -10950, 303, 303, -1561
926, -10949, 303, 303, -1561
927, -10950, 304, 304, -1561
925, -10950, 304, 304, -1561
926, -10949, 304, 304, -1561
926, -10949, 304, 304, -1561
927, -10949, 304, 304, -1563
927, -10950, 305, 305, -1563
927, -10950, 305, 305, -1563
927, -10950, 305, 305, -1563
927, -10949, 305, 305, -1563
927, -10950, 306, 306, -1563
928, -10950, 306, 306, -1563
928, -10950, 306, 306, -1563
929, -10949, 306, 306, -1563
928, -10949, 306, 306, -1563
928, -10949, 306, 306, -1563
930, -10949, 307, 307, -1563
928, -10950, 306, 306, -1563
928, -10950, 306, 306, -1563
929, -10949, 307, 307, -1563
929, -10949, 307, 307, -1563
930, -10950, 307, 307, -1563
931, -10950, 308, 308, -1563
930, -10950, 308, 308, -1563
930, -10950, 308, 308, -1563
932, -10950, 308, 308, -1563
930, -10949, 308, 308, -1563
932, -10949, 308, 308, -1563
931, -10950, 309, 309, -1559
931, -10950, 308, 308, -1559
931, -10950, 309, 309, -1559
931, -10950, 309, 309, -1559
931, -10949, 309, 309, -1559
932, -10950, 309, 309, -1559
931, -10950, 309, 309, -1559
931, -10950, 309, 309, -1559
932, -10950, 310, 310, -1559
932, -10950, 310, 310, -1559
931, -10951, 309, 309, -1559
933, -10950, 309, 309, -1559
932, -10950, 309, 309, -1559
932, -10950, 309, 309, -1559
932, -10949, 309, 310, -1559
933, -10951, 310, 310, -1559
932, -10950, 310, 310, -1559
931, -10950, 310, 310, -1559
931, -10950, 310, 310, -1559
933, -10950, 310, 310, -1559
933, -10950, 310, 310, -1559
933, -10950, 310, 310, -1559
933, -10950, 310, 310, -1559
933, -10950, 311, 311, -1559
933, -10950, 311, 311, -1559
932, -10950, 310, 310, -1563
933, -10950, 310, 310, -1563
933, -10951, 311, 311, -1563
933, -10951, 311, 311, -1563
933, -10950, 310, 310, -1563
933, -10950, 311, 311, -1563
933, -10950, 311, 311, -1563
933, -10950, 311, 311, -1563
933, -10950, 311, 311, -1563
933, -10950, 310, 310, -1563
933, -10950, 310, 310, -1563
934, -10949, 311, 311, -1563
934, -10949, 311, 311, -1563
934, -10949, 311, 311, -1563
935, -10950, 312, 312, -1563
935, -10950, 312, 312, -1563
934, -10950, 312, 312, -1563
933, -10949, 311, 311, -1563
933, -10949, 311, 311, -1563
934, -10950, 312, 312, -1563
934, -10950, 312, 312, -1563
934, -10950, 311, 311, -1563
934, -10950, 312, 312, -1563
934, -10950, 312, 312, -1563
934, -10949, 311, 311, -1563
933, -10950, 311, 311, -1563
935, -10949, 312, 312, -1559
935, -10949, 312, 312, -1559
934, -10950, 312, 312, -1559
934, -10950, 311, 311, -1559
934, -10950, 311, 311, -1559
935, -10950, 311, 311, -1559
935, -10950, 312, 312, -1559
935, -10950, 313, 313, -1559
934, -10951, 312, 312, -1559
935, -10950, 312, 312, -1559
935, -10950, 312, 312, -1559
933, -10951, 312, 312, -1559
934, -10952, 313, 313, -1559
934, -10952, 313, 313, -1559
934, -10951, 312, 312, -1559
935, -10951, 313, 313, -1559
936, -10950, 313, 313, -1559
935, -10950, 313, 313, -1559
936, -10951, 313, 313, -1559
935, -10950, 313, 313, -1559
935, -10950, 313, 313, -1559
935, -10951, 312, 312, -1559
934, -10951, 312, 312, -1559
935, -10951, 313, 313, -1559
935, -10951, 313, 313, -1559
935, -10951, 312, 312, -1559
935, -10951, 313, 313, -1553
840, -10994, 218, 218, -1553
840, -10994, 218, 218, -1553
830, -10995, 210, 210, -1553
830, -10995, 210, 210, -1553
830, -10997, 208, 208, -1553
826, -10996, 204, 204, -1553
826, -10996, 204, 204, -1553
825, -10996, 201, 201, -1553
822, -10997, 200, 200, -1553
819, -10997, 197, 197, -1553
819, -10997, 197, 197, -1553
817, -10997, 194, 194, -1553
816, -10998, 193, 193, -1553
816, -10998, 193, 193, -1553
813, -10996, 192, 192, -1553
813, -10996, 192, 192, -1553
813, -10998, 191, 191, -1553
813, -10998, 191, 191, -1553
811, -10997, 189, 189, -1553
811, -10997, 189, 189, -1553
811, -10997, 188, 188, -1553
811, -10997, 188, 188, -1553
808, -10997, 186, 186, -1553
808, -10997, 186, 186, -1553
806, -10998, 185, 185, -1553
806, -10998, 185, 185, -1553
806, -10997, 185, 185, -1551
806, -10997, 185, 185, -1551
806, -10998, 183, 183, -1551
806, -10998, 183, 183, -1551
806, -10998, 183, 183, -1551
805, -10998, 183, 183, -1551
803, -10998, 182, 182, -1551
803, -10998, 182, 182, -1551
803, -10998, 182, 182, -1551
804, -10998, 181, 181, -1551
804, -10998, 181, 181, -1551
805, -10997, 180, 180, -1551
805, -10997, 180, 180, -1551
802, -10997, 179, 179, -1551
802, -10997, 179, 179, -1551
802, -10997, 180, 180, -1551
801, -10997, 179, 179, -1551
801, -10996, 178, 178, -1551
802, -10998, 178, 178, -1551
802, -10998, 178, 178, -1551
801, -10997, 178, 178, -1551
801, -10997, 178, 178, -1551
799, -10998, 177, 177, -1551
799, -10998, 177, 177, -1551
799, -10997, 177, 177, -1551
799, -10997, 177, 177, -1551
799, -10997, 176, 176, -1551
800, -10996, 177, 177, -1561
801, -10997, 177, 177, -1561
801, -10997, 177, 177, -1561
799, -10997, 177, 177, -1561
799, -10997, 177, 177, -1561
796, -10998, 175, 175, -1561
798, -10997, 175, 175, -1561
797, -10997, 174, 174, -1561
797, -10997, 174, 174, -1561
798, -10996, 175, 175, -1561
797, -10997, 174, 174, -1561
794, -10997, 173, 173, -1561
795, -10996, 174, 174, -1561
795, -10997, 173, 173, -1561
793, -10997, 173, 173, -1561
793, -10997, 173, 173, -1561
793, -10997, 172, 172, -1561
793, -10997, 172, 172, -1561
795, -10997, 172, 172, -1561
795, -10997, 172, 172, -1561
796, -10997, 172, 172, -1561
794, -10996, 172, 172, -1561
793, -10997, 172, 172, -1561
793, -10997, 172, 172, -1561
792, -10996, 171, 171, -1551
792, -10996, 171, 171, -1551
793, -10998, 171, 171, -1551
793, -10998, 171, 171, -1551
796, -10997, 172, 172, -1551
796, -10997, 172, 172, -1551
794, -10996, 171, 171, -1551
794, -10996, 171, 171, -1551
792, -10996, 170, 170, -1551
792, -10996, 170, 170, -1551
792, -10996, 170, 170, -1551
792, -10996, 170, 170, -1551
793, -10997, 170, 170, -1551
792, -10997, 170, 170, -1551
792, -10997, 170, 170, -1551
792, -10996, 169, 169, -1551
792, -10996, 169, 169, -1551
792, -10996, 169, 169, -1551
791, -10997, 168, 168, -1551
791, -10997, 168, 168, -1551
790, -10997, 168, 168, -1551
790, -10997, 168, 168, -1551
790, -10997, 168, 168, -1551
791, -10996, 168, 168, -1551
790, -10996, 167, 167, -1551
790, -10996, 167, 167, -1551
791, -10996, 167, 167, -1551
791, -10995, 168, 168, -1551
790, -10995, 167, 167, -1553
790, -10997, 167, 167, -1553
790, -10995, 167, 167, -1553
789, -10996, 167, 167, -1553
789, -10996, 167, 167, -1553
789, -10996, 168, 168, -1553
789, -10997, 167, 167, -1553
789, -10997, 167, 167, -1553
789, -10996, 167, 167, -1553
789, -10996, 167, 167, -1553
788, -10996, 166, 166, -1553
788, -10996, 166, 166, -1553
793, -10996, 167, 167, -1553
861, -10961, 218, 218, -1553
861, -10961, 218, 218, -1553
874, -10958, 250, 250, -1553
874, -10958, 250, 250, -1553
879, -10956, 257, 257, -1553
879, -10956, 257, 257, -1553
884, -10955, 261, 261, -1553
884, -10955, 261, 261, -1553
888, -10956, 264, 264, -1553
888, -10956, 264, 264, -1553
889, -10954, 266, 266, -1553
889, -10954, 266, 266, -1553
892, -10955, 269, 269, -1553
894, -10955, 270, 270, -1551
894, -10955, 270, 270, -1551
894, -10954, 272, 272, -1551
894, -10954, 272, 272, -1551
897, -10953, 274, 274, -1551
897, -10953, 274, 274, -1551
897, -10954, 275, 275, -1551
897, -10954, 275, 275, -1551
898, -10954, 276, 276, -1551
898, -10954, 276, 276, -1551
899, -10954, 277, 277, -1551
899, -10954, 277, 277, -1551
901, -10954, 278, 278, -1551
901, -10954, 278, 278, -1551
901, -10954, 278, 278, -1551
902, -10953, 279, 279, -1551
902, -10953, 279, 279, -1551
902, -10953, 280, 280, -1551
902, -10953, 280, 280, -1551
902, -10954, 280, 280, -1551
902, -10954, 280, 280, -1551
903, -10953, 280, 280, -1551
903, -10953, 280, 280, -1551
903, -10955, 281, 281, -1551
904, -10956, 281, 281, -1551
904, -10956, 281, 281, -1551
905, -10954, 282, 282, -1551
904, -10954, 282, 282, -1547
904, -10954, 282, 282, -1547
904, -10954, 282, 282, -1547
905, -10954, 282, 282, -1547
905, -10954, 282, 282, -1547
906, -10953, 283, 283, -1547
907, -10954, 284, 284, -1547
907, -10954, 284, 284, -1547
906, -10954, 284, 284, -1547
906, -10954, 284, 284, -1547
906, -10954, 284, 284, -1547
908, -10954, 285, 285, -1547
907, -10953, 285, 285, -1547
907, -10953, 285, 285, -1547
907, -10954, 285, 285, -1547
907, -10954, 285, 285, -1547
908, -10954, 286, 286, -1547
908, -10954, 286, 286, -1547
908, -10953, 285, 285, -1547
908, -10953, 285, 285, -1547
907, -10954, 286, 286, -1547
907, -10954, 286, 286, -1547
910, -10954, 286, 286, -1547
909, -10953, 286, 286, -1547
909, -10953, 286, 286, -1547
909, -10954, 287, 287, -1547
909, -10954, 287, 287, -1547
909, -10954, 287, 287, -1545
909, -10954, 287, 287, -1545
909, -10955, 287, 287, -1545
909, -10955, 287, 287, -1545
911, -10955, 287, 287, -1545
911, -10955, 287, 287, -1545
910, -10954, 287, 287, -1545
910, -10954, 287, 287, -1545
910, -10954, 287, 287, -1545
911, -10954, 288, 288, -1545
911, -10954, 288, 288, -1545
911, -10954, 289, 289, -1545
911, -10954, 289, 289, -1545
910, -10954, 288, 288, -1545
910, -10954, 288, 288, -1545
911, -10955, 288, 288, -1545
911, -10955, 288, 288, -1545
912, -10953, 289, 289, -1545
912, -10953, 289, 289, -1545
911, -10954, 289, 289, -1545
912, -10954, 289, 289, -1545
913, -10955, 290, 290, -1545
913, -10955, 290, 290, -1545
910, -10954, 289, 289, -1547
913, -10954, 291, 291, -1547
913, -10954, 291, 291, -1547
913, -10954, 290, 290, -1547
913, -10954, 290, 290, -1547
913, -10953, 290, 290, -1547
913, -10953, 290, 290, -1547
912, -10955, 290, 290, -1547
912, -10955, 290, 290, -1547
914, -10955, 291, 291, -1547
913, -10954, 291, 291, -1547
913, -10954, 291, 291, -1547
913, -10954, 291, 291, -1547
912, -10954, 291, 291, -1547
914, -10954, 292, 292, -1547
914, -10954, 291, 291, -1547
914, -10954, 291, 291, -1547
914, -10955, 292, 292, -1547
914, -10955, 292, 292, -1547
914, -10955, 291, 291, -1547
914, -10955, 291, 291, -1547
914, -10955, 291, 291, -1547
914, -10955, 291, 291, -1547
914, -10955, 292, 292, -1547
914, -10954, 291, 291, -1551
914, -10954, 291, 291, -1551
914, -10954, 292, 292, -1551
914, -10954, 292, 292, -1551
914, -10954, 291, 291, -1551
914, -10954, 291, 291, -1551
914, -10955, 292, 292, -1551
914, -10955, 292, 292, -1551
914, -10954, 292, 292, -1551
915, -10955, 293, 293, -1551
831, -10993, 211, 211, -1551
831, -10993, 211, 211, -1551
829, -10993, 208, 208, -1551
825, -10994, 204, 204, -1551
823, -10994, 201, 201, -1551
820, -10995, 198, 198, -1551
818, -10996, 197, 197, -1551
815, -10996, 193, 193, -1551
815, -10996, 193, 193, -1551
811, -10996, 191, 191, -1551
811, -10996, 191, 191, -1551
811, -10997, 188, 188, -1551
811, -10997, 188, 188, -1551
808, -10996, 187, 187, -1551
808, -10996, 187, 187, -1551
808, -10995, 185, 185, -1551
808, -10995, 185, 185, -1551
805, -10996, 184, 184, -1549
805, -10996, 184, 184, -1549
805, -10996, 182, 182, -1549
805, -10996, 182, 182, -1549
803, -10996, 181, 181, -1549
800, -10997, 179, 179, -1549
799, -10996, 179, 179, -1549
799, -10997, 178, 178, -1549
800, -10995, 178, 178, -1549
800, -10995, 178, 178, -1549
799, -10996, 176, 176, -1549
799, -10996, 176, 176, -1549
799, -10996, 176, 176, -1549
796, -10997, 175, 175, -1549
796, -10997, 175, 175, -1549
798, -10995, 175, 175, -1549
796, -10996, 175, 175, -1549
797, -10996, 173, 173, -1549
797, -10996, 173, 173, -1549
795, -10997, 173, 173, -1549
795, -10997, 173, 173, -1549
797, -10995, 173, 173, -1549
794, -10995, 171, 171, -1549
794, -10995, 171, 171, -1549
795, -10995, 172, 172, -1549
795, -10996, 172, 172, -1549
793, -10995, 171, 171, -1549
792, -10996, 171, 171, -1549
792, -10996, 171, 171, -1549
792, -10996, 170, 170, -1549
792, -10996, 170, 170, -1549
793, -10996, 170, 170, -1549
792, -10997, 170, 170, -1549
792, -10995, 169, 169, -1549
791, -10996, 169, 169, -1549
791, -10996, 169, 169, -1549
790, -10996, 169, 169, -1549
790, -10996, 169, 169, -1549
792, -10996, 169, 169, -1549
792, -10996, 169, 169, -1549
790, -10996, 168, 168, -1549
790, -10996, 168, 168, -1549
790, -10996, 168, 168, -1549
790, -10996, 168, 168, -1549
791, -10995, 167, 167, -1545
791, -10995, 167, 167, -1545
790, -10995, 167, 167, -1545
790, -10995, 167, 167, -1545
789, -10995, 167, 167, -1545
790, -10996, 168, 168, -1545
790, -10996, 168, 168, -1545
789, -10997, 166, 166, -1545
791, -10996, 167, 167, -1545
788, -10995, 166, 166, -1545
788, -10996, 166, 166, -1545
789, -10995, 166, 166, -1545
789, -10995, 166, 166, -1545
787, -10995, 166, 166, -1545
788, -10994, 165, 165, -1545
788, -10995, 165, 165, -1545
788, -10995, 165, 165, -1545
788, -10995, 165, 165, -1545
786, -10994, 165, 165, -1545
786, -10995, 165, 165, -1545
787, -10995, 165, 165, -1545
787, -10995, 165, 165, -1545
786, -10996, 164, 164, -1545
786, -10996, 164, 164, -1545
788, -10995, 165, 165, -1545
788, -10995, 165, 165, -1545
786, -10995, 164, 164, -1545
786, -10995, 164, 164, -1545
787, -10995, 164, 164, -1545
786, -10995, 164, 164, -1545
786, -10995, 164, 164, -1545
786, -10994, 164, 164, -1545
786, -10994, 164, 164, -1545
788, -10994, 164, 164, -1545
788, -10994, 164, 164, -1545
784, -10995, 162, 162, -1545
784, -10995, 162, 162, -1545
783, -10994, 162, 162, -1545
783, -10994, 162, 162, -1545
784, -10996, 162, 162, -1545
784, -10996, 162, 162, -1545
785, -10994, 162, 162, -1545
785, -10994, 162, 162, -1545
788, -10994, 163, 163, -1545
788, -10994, 163, 163, -1545
857, -10961, 214, 214, -1545
857, -10961, 214, 214, -1545
870, -10956, 246, 246, -1545
874, -10955, 250, 250, -1547
880, -10954, 255, 255, -1547
880, -10955, 258, 258, -1547
880, -10955, 258, 258, -1547
883, -10954, 259, 259, -1547
887, -10954, 263, 263, -1547
888, -10954, 264, 264, -1547
889, -10953, 267, 267, -1547
889, -10953, 267, 267, -1547
888, -10953, 267, 267, -1547
890, -10953, 268, 268, -1547
892, -10954, 269, 269, -1547
892, -10954, 269, 269, -1547
894, -10953, 271, 271, -1547
894, -10953, 271, 271, -1547
894, -10953, 272, 272, -1547
894, -10953, 272, 272, -1547
895, -10953, 272, 272, -1547
895, -10953, 272, 272, -1547
895, -10953, 272, 272, -1547
896, -10953, 274, 274, -1547
896, -10953, 274, 274, -1547
897, -10954, 275, 275, -1547
897, -10954, 275, 275, -1547
898, -10953, 276, 276, -1547
898, -10953, 276, 276, -1547
898, -10953, 276, 276, -1543
898, -10953, 276, 276, -1543
900, -10954, 277, 277, -1543
899, -10954, 277, 277, -1543
899, -10954, 277, 277, -1543
900, -10953, 278, 278, -1543
900, -10953, 278, 278, -1543
901, -10953, 278, 278, -1543
901, -10953, 278, 278, -1543
901, -10954, 278, 278, -1543
901, -10954, 278, 278, -1543
901, -10954, 279, 279, -1543
901, -10954, 279, 279, -1543
902, -10953, 279, 279, -1543
902, -10953, 279, 279, -1543
902, -10954, 280, 280, -1543
905, -10954, 281, 281, -1543
905, -10954, 281, 281, -1543
904, -10954, 281, 281, -1543
904, -10954, 281, 281, -1543
904, -10953, 281, 281, -1543
904, -10953, 282, 282, -1543
906, -10955, 283, 283, -1547
906, -10955, 283, 283, -1547
904, -10954, 282, 282, -1547
904, -10954, 282, 282, -1547
905, -10954, 282, 282, -1547
905, -10954, 282, 282, -1547
905, -10954, 283, 283, -1547
905, -10954, 283, 283, -1547
905, -10954, 283, 283, -1547
905, -10954, 283, 283, -1547
905, -10954, 283, 283, -1547
905, -10954, 283, 283, -1547
907, -10954, 284, 284, -1547
907, -10954, 284, 284, -1547
905, -10954, 283, 283, -1547
906, -10953, 284, 284, -1547
906, -10953, 284, 284, -1547
906, -10955, 284, 284, -1547
907, -10954, 284, 284, -1547
907, -10954, 284, 284, -1547
908, -10954, 285, 285, -1547
908, -10954, 285, 285, -1547
907, -10953, 285, 285, -1547
907, -10953, 285, 285, -1547
908, -10954, 285, 285, -1547
908, -10954, 285, 285, -1547
908, -10954, 285, 285, -1547
908, -10954, 285, 285, -1547
908, -10954, 285, 285, -1539
908, -10954, 285, 285, -1539
908, -10954, 286, 286, -1539
908, -10953, 286, 286, -1539
908, -10953, 286, 286, -1539
908, -10954, 286, 286, -1539
910, -10954, 287, 287, -1539
910, -10954, 287, 287, -1539
910, -10954, 287, 287, -1539
908, -10954, 286, 286, -1539
908, -10954, 286, 286, -1539
910, -10953, 287, 287, -1539
910, -10953, 287, 287, -1539
910, -10954, 287, 287, -1539
910, -10954, 287, 287, -1539
910, -10953, 287, 287, -1539
910, -10954, 288, 288, -1539
910, -10954, 288, 288, -1539
911, -10954, 287, 287, -1539
911, -10954, 287, 287, -1539
910, -10954, 288, 288, -1539
910, -10954, 288, 288, -1539
911, -10954, 288, 288, -1539
910, -10954, 288, 288, -1539
911, -10954, 288, 288, -1539
911, -10954, 288, 288, -1539
911, -10954, 288, 288, -1539
911, -10954, 288, 288, -1539
911, -10954, 288, 288, -1539
911, -10954, 289, 289, -1539
911, -10954, 289, 289, -1539
910, -10954, 288, 288, -1539
911, -10954, 288, 288, -1539
911, -10954, 289, 289, -1539
911, -10954, 289, 289, -1539
911, -10954, 289, 289, -1539
912, -10954, 289, 289, -1539
912, -10954, 289, 289, -1539
912, -10954, 289, 289, -1539
912, -10955, 290, 290, -1539
912, -10955, 290, 290, -1539
911, -10954, 289, 289, -1539
911, -10954, 289, 289, -1539
828, -10991, 207, 207, -1539
828, -10991, 207, 207, -1539
825, -10992, 204, 204, -1539
821, -10993, 199, 199, -1539
819, -10994, 198, 198, -1539
813, -10995, 192, 192, -1537
813, -10995, 192, 192, -1537
813, -10995, 190, 190, -1537
813, -10995, 190, 190, -1537
809, -10995, 187, 187, -1537
809, -10995, 187, 187, -1537
807, -10995, 185, 185, -1537
807, -10995, 185, 185, -1537
806, -10994, 184, 184, -1537
806, -10994, 184, 184, -1537
804, -10996, 182, 182, -1537
804, -10996, 182, 182, -1537
804, -10996, 180, 180, -1537
804, -10996, 180, 180, -1537
804, -10995, 180, 180, -1537
804, -10995, 180, 180, -1537
800, -10997, 178, 178, -1537
800, -10997, 178, 178, -1537
800, -10996, 178, 178, -1537
800, -10996, 178, 178, -1537
800, -10996, 177, 177, -1537
800, -10996, 177, 177, -1537
798, -10995, 175, 175, -1537
799, -10995, 176, 176, -1537
795, -10996, 175, 175, -1537
797, -10996, 174, 174, -1537
797, -10996, 174, 174, -1537
795, -10997, 173, 173, -1541
795, -10997, 173, 173, -1541
794, -10996, 172, 172, -1541
794, -10996, 172, 172, -1541
793, -10996, 172, 172, -1541
793, -10996, 172, 172, -1541
794, -10996, 172, 172, -1541
794, -10996, 172, 172, -1541
794, -10995, 171, 171, -1541
794, -10995, 171, 171, -1541
793, -10996, 171, 171, -1541
793, -10996, 171, 171, -1541
792, -10996, 170, 170, -1541
792, -10996, 169, 169, -1541
792, -10996, 169, 169, -1541
791, -10996, 169, 169, -1541
791, -10996, 169, 169, -1541
790, -10997, 168, 168, -1541
790, -10997, 168, 168, -1541
790, -10996, 168, 168, -1541
790, -10996, 168, 168, -1541
790, -10996, 169, 169, -1541
790, -10995, 168, 168, -1541
790, -10995, 168, 168, -1541
790, -10995, 167, 167, -1541
790, -10995, 167, 167, -1541
790, -10996, 167, 167, -1541
789, -10995, 167, 167, -1537
789, -10995, 167, 167, -1537
788, -10995, 166, 166, -1537
788, -10995, 166, 166, -1537
789, -10995, 166, 166, -1537
789, -10995, 166, 166, -1537
788, -10995, 166, 166, -1537
788, -10995, 166, 166, -1537
788, -10995, 165, 165, -1537
788, -10995, 165, 165, -1537
788, -10993, 165, 165, -1537
788, -10996, 164, 164, -1537
787, -10995, 164, 164, -1537
787, -10995, 164, 164, -1537
785, -10995, 164, 164, -1537
786, -10995, 164, 164, -1537
787, -10995, 165, 165, -1537
787, -10995, 165, 165, -1537
786, -10995, 164, 164, -1537
786, -10995, 164, 164, -1537
785, -10994, 162, 162, -1537
785, -10994, 162, 162, -1537
783, -10995, 163, 163, -1537
783, -10995, 163, 163, -1537
786, -10995, 164, 164, -1537
786, -10995, 164, 164, -1537
785, -10995, 163, 163, -1537
787, -10995, 163, 163, -1537
785, -10995, 163, 163, -1535
785, -10994, 163, 163, -1535
785, -10994, 163, 163, -1535
784, -10994, 162, 162, -1535
784, -10994, 162, 162, -1535
784, -10995, 162, 162, -1535
784, -10995, 162, 162, -1535
787, -10995, 163, 163, -1535
787, -10995, 163, 163, -1535
785, -10995, 162, 162, -1535
785, -10995, 162, 162, -1535
783, -10994, 161, 161, -1535
783, -10994, 161, 161, -1535
784, -10996, 162, 162, -1535
785, -10995, 162, 162, -1535
785, -10995, 162, 162, -1535
785, -10994, 161, 161, -1535
785, -10994, 161, 161, -1535
781, -10994, 160, 160, -1535
781, -10994, 160, 160, -1535
782, -10995, 161, 161, -1535
782, -10995, 161, 161, -1535
784, -10995, 160, 160, -1535
784, -10995, 160, 160, -1535
782, -10995, 160, 160, -1535
785, -10994, 161, 161, -1529
785, -10994, 161, 161, -1529
782, -10995, 161, 161, -1529
782, -10996, 161, 161, -1529
782, -10996, 161, 161, -1529
785, -10993, 162, 162, -1529
785, -10993, 162, 162, -1529
854, -10961, 207, 207, -1529
854, -10961, 207, 207, -1529
869, -10957, 244, 244, -1529
874, -10955, 251, 251, -1529
879, -10954, 256, 256, -1529
879, -10954, 256, 256, -1529
881, -10955, 258, 258, -1529
884, -10954, 261, 261, -1529
884, -10954, 261, 261, -1529
885, -10953, 263, 263, -1529
885, -10953, 263, 263, -1529
887, -10954, 265, 265, -1529
887, -10954, 265, 265, -1529
888, -10952, 265, 265, -1529
889, -10954, 266, 266, -1529
889, -10954, 266, 266, -1529
891, -10953, 268, 268, -1529
891, -10953, 268, 268, -1529
892, -10953, 269, 269, -1529
892, -10953, 269, 269, -1529
892, -10954, 270, 270, -1533
895, -10953, 271, 271, -1533
896, -10954, 273, 273, -1533
896, -10954, 273, 273, -1533
897, -10954, 274, 274, -1533
897, -10954, 274, 274, -1533
898, -10954, 274, 274, -1533
898, -10954, 275, 275, -1533
898, -10954, 275, 275, -1533
897, -10954, 275, 275, -1533
898, -10953, 276, 276, -1533
898, -10953, 276, 276, -1533
899, -10953, 276, 276, -1533
898, -10954, 276, 276, -1533
898, -10954, 276, 276, -1533
899, -10954, 277, 277, -1533
899, -10954, 277, 277, -1533
900, -10953, 277, 277, -1533
900, -10954, 277, 277, -1533
900, -10954, 278, 278, -1533
901, -10953, 278, 278, -1533
901, -10953, 278, 278, -1533
900, -10953, 278, 278, -1527
901, -10955, 278, 278, -1527
901, -10955, 278, 278, -1527
901, -10954, 279, 279, -1527
902, -10954, 279, 279, -1527
901, -10953, 278, 278, -1527
901, -10953, 278, 278, -1527
902, -10953, 279, 279, -1527
903, -10954, 280, 280, -1527
903, -10954, 280, 280, -1527
902, -10954, 280, 280, -1527
902, -10954, 280, 280, -1527
903, -10955, 280, 280, -1527
903, -10955, 280, 280, -1527
903, -10954, 280, 280, -1527
903, -10954, 280, 280, -1527
904, -10954, 282, 282, -1527
904, -10954, 282, 282, -1527
904, -10954, 282, 282, -1527
904, -10954, 282, 282, -1527
905, -10953, 282, 282, -1527
904, -10954, 282, 282, -1527
904, -10954, 282, 282, -1527
905, -10953, 282, 282, -1527
905, -10953, 282, 282, -1527
905, -10954, 282, 282, -1527
905, -10953, 282, 282, -1527
905, -10953, 282, 282, -1527
906, -10954, 283, 283, -1527
906, -10954, 282, 282, -1539
905, -10954, 282, 282, -1539
905, -10954, 282, 282, -1539
906, -10954, 283, 283, -1539
905, -10954, 283, 283, -1539
906, -10953, 283, 283, -1539
906, -10953, 283, 283, -1539
906, -10955, 284, 284, -1539
906, -10955, 284, 284, -1539
907, -10953, 284, 284, -1539
907, -10953, 284, 284, -1539
907, -10955, 284, 284, -1539
907, -10955, 284, 284, -1539
908, -10954, 285, 285, -1539
908, -10954, 285, 285, -1539
906, -10954, 284, 284, -1539
906, -10954, 284, 284, -1539
907, -10955, 285, 285, -1539
907, -10955, 285, 285, -1539
907, -10954, 285, 285, -1539
908, -10954, 285, 285, -1539
908, -10954, 285, 285, -1539
909, -10954, 286, 286, -1539
909, -10954, 286, 286, -1539
908, -10955, 285, 285, -1539
908, -10955, 285, 285, -1539
908, -10953, 286, 286, -1537
908, -10953, 286, 286, -1537
908, -10954, 286, 286, -1537
908, -10954, 286, 286, -1537
909, -10954, 286, 286, -1537
908, -10954, 286, 286, -1537
908, -10954, 286, 286, -1537
907, -10954, 286, 286, -1537
907, -10954, 286, 286, -1537
908, -10954, 286, 286, -1537
908, -10955, 286, 286, -1537
909, -10954, 287, 287, -1537
909, -10954, 287, 287, -1537
908, -10953, 286, 286, -1537
910, -10954, 286, 286, -1537
910, -10954, 286, 286, -1537
908, -10955, 286, 286, -1537
910, -10954, 287, 287, -1537
910, -10954, 287, 287, -1537
910, -10954, 287, 287, -1537
910, -10954, 287, 287, -1537
909, -10955, 287, 287, -1537
909, -10955, 287, 287, -1537
910, -10954, 287, 287, -1535
910, -10954, 287, 287, -1535
909, -10953, 287, 287, -1535
909, -10953, 287, 287, -1535
839, -10990, 245, 245, -1535
839, -10990, 245, 245, -1535
822, -10993, 201, 201, -1535
822, -10993, 201, 201, -1535
817, -10993, 198, 198, -1535
815, -10993, 194, 194, -1535
813, -10994, 192, 192, -1535
813, -10994, 192, 192, -1535
811, -10994, 188, 188, -1535
811, -10994, 188, 188, -1535
810, -10994, 188, 188, -1535
808, -10995, 186, 186, -1535
808, -10995, 186, 186, -1535
805, -10995, 183, 183, -1535
804, -10996, 183, 183, -1535
804, -10995, 182, 182, -1535
804, -10995, 182, 182, -1535
799, -10995, 179, 179, -1535
799, -10996, 178, 178, -1535
799, -10996, 178, 178, -1535
799, -10996, 176, 176, -1535
799, -10996, 176, 176, -1535
798, -10997, 176, 176, -1525
798, -10997, 176, 176, -1525
798, -10994, 174, 174, -1525
798, -10995, 175, 175, -1525
798, -10995, 175, 175, -1525
796, -10996, 174, 174, -1525
796, -10996, 174, 174, -1525
793, -10996, 172, 172, -1525
793, -10996, 172, 172, -1525
793, -10996, 172, 172, -1525
793, -10996, 172, 172, -1525
795, -10996, 172, 172, -1525
795, -10996, 172, 172, -1525
794, -10995, 171, 171, -1525
794, -10995, 171, 171, -1525
794, -10995, 171, 171, -1525
794, -10995, 171, 171, -1525
792, -10996, 170, 170, -1525
792, -10997, 170, 170, -1525
791, -10995, 170, 170, -1525
791, -10995, 169, 169, -1525
791, -10995, 169, 169, -1525
789, -10995, 168, 168, -1525
789, -10995, 168, 168, -1525
789, -10995, 168, 168, -1525
789, -10995, 168, 168, -1525
791, -10994, 167, 167, -1525
791, -10994, 167, 167, -1525
789, -10995, 167, 167, -1525
789, -10995, 167, 167, -1525
788, -10995, 166, 166, -1525
788, -10995, 166, 166, -1525
787, -10995, 166, 166, -1525
787, -10995, 166, 166, -1525
788, -10996, 166, 166, -1525
787, -10996, 165, 165, -1525
788, -10994, 165, 165, -1525
788, -10994, 165, 165, -1525
788, -10995, 165, 165, -1525
788, -10995, 165, 165, -1525
786, -10994, 164, 164, -1525
786, -10994, 164, 164, -1525
786, -10996, 164, 164, -1525
786, -10996, 164, 164, -1525
786, -10996, 164, 164, -1525
786, -10996, 164, 164, -1525
787, -10995, 165, 165, -1525
787, -10995, 165, 165, -1525
786, -10994, 163, 163, -1525
786, -10994, 163, 163, -1525
785, -10995, 163, 163, -1525
785, -10995, 163, 163, -1525
786, -10994, 163, 163, -1525
786, -10994, 163, 163, -1525
785, -10995, 163, 163, -1525
785, -10995, 163, 163, -1525
784, -10994, 162, 162, -1520
784, -10994, 162, 162, -1520
784, -10994, 163, 163, -1520
786, -10994, 162, 162, -1520
786, -10994, 162, 162, -1520
784, -10994, 162, 162, -1520
784, -10994, 162, 162, -1520
782, -10996, 161, 161, -1520
783, -10995, 161, 161, -1520
783, -10995, 161, 161, -1520
782, -10994, 160, 160, -1520
783, -10996, 161, 161, -1520
784, -10994, 161, 161, -1520
784, -10994, 161, 161, -1520
783, -10994, 161, 161, -1520
783, -10994, 161, 161, -1520
783, -10995, 160, 160, -1520
782, -10996, 160, 160, -1520
783, -10995, 161, 161, -1520
783, -10994, 160, 160, -1520
783, -10994, 160, 160, -1520
783, -10993, 159, 159, -1520
783, -10993, 159, 159, -1520
782, -10993, 160, 160, -1533
782, -10993, 160, 160, -1533
782, -10994, 159, 159, -1533
782, -10994, 159, 159, -1533
782, -10995, 159, 159, -1533
782, -10995, 159, 159, -1533
782, -10994, 158, 158, -1533
781, -10994, 158, 158, -1533
781, -10994, 158, 158, -1533
782, -10995, 158, 158, -1533
782, -10995, 158, 158, -1533
781, -10994, 158, 158, -1533
781, -10994, 158, 158, -1533
781, -10994, 159, 159, -1533
781, -10994, 159, 159, -1533
784, -10992, 159, 159, -1533
784, -10992, 159, 159, -1533
851, -10960, 204, 204, -1533
851, -10960, 204, 204, -1533
866, -10957, 242, 242, -1533
866, -10957, 242, 242, -1533
873, -10955, 250, 250, -1533
873, -10955, 250, 250, -1533
877, -10954, 253, 253, -1533
877, -10954, 253, 253, -1533
879, -10954, 257, 257, -1533
879, -10954, 257, 257, -1533
882, -10955, 259, 259, -1533
882, -10955, 259, 259, -1533
885, -10955, 261, 261, -1531
885, -10955, 261, 261, -1531
885, -10955, 262, 262, -1531
885, -10954, 263, 263, -1531
886, -10953, 263, 263, -1531
887, -10953, 265, 265, -1531
887, -10953, 265, 265, -1531
889, -10953, 266, 266, -1531
889, -10953, 266, 266, -1531
890, -10953, 268, 268, -1531
890, -10953, 268, 268, -1531
890, -10953, 268, 268, -1531
890, -10953, 268, 268, -1531
893, -10952, 270, 270, -1531
893, -10952, 270, 270, -1531
891, -10954, 270, 270, -1531
891, -10954, 270, 270, -1531
894, -10952, 271, 271, -1531
895, -10954, 271, 271, -1531
895, -10953, 273, 273, -1531
895, -10953, 273, 273, -1531
895, -10953, 273, 273, -1531
896, -10954, 273, 273, -1531
897, -10954, 274, 274, -1531
896, -10953, 274, 274, -1537
897, -10953, 275, 275, -1537
898, -10952, 275, 275, -1537
898, -10954, 275, 275, -1537
898, -10953, 276, 276, -1537
898, -10954, 276, 276, -1537
898, -10954, 276, 276, -1537
899, -10954, 276, 276, -1537
899, -10954, 276, 276, -1537
900, -10953, 277, 277, -1537
900, -10953, 277, 277, -1537
899, -10953, 277, 277, -1537
899, -10953, 277, 277, -1537
899, -10953, 277, 277, -1537
899, -10953, 277, 277, -1537
901, -10953, 279, 279, -1537
902, -10953, 279, 279, -1537
902, -10953, 279, 279, -1537
902, -10952, 280, 280, -1537
902, -10954, 280, 280, -1537
902, -10954, 280, 280, -1535
902, -10954, 280, 280, -1535
903, -10953, 281, 281, -1535
903, -10953, 281, 281, -1535
903, -10954, 280, 280, -1535
903, -10954, 281, 281, -1535
903, -10954, 281, 281, -1535
904, -10953, 281, 281, -1535
903, -10953, 281, 281, -1535
903, -10954, 281, 281, -1535
903, -10954, 281, 281, -1535
904, -10954, 282, 282, -1535
904, -10954, 282, 282, -1535
905, -10953, 283, 283, -1535
905, -10953, 283, 283, -1535
905, -10953, 283, 283, -1535
905, -10954, 283, 283, -1535
905, -10954, 283, 283, -1535
906, -10954, 283, 283, -1535
906, -10954, 283, 283, -1535
904, -10954, 282, 282, -1535
904, -10954, 282, 282, -1535
905, -10954, 283, 283, -1535
905, -10954, 283, 283, -1535
907, -10954, 284, 284, -1535
907, -10954, 284, 284, -1535
905, -10954, 283, 283, -1535
905, -10954, 283, 283, -1535
905, -10953, 283, 283, -1535
905, -10954, 283, 283, -1535
906, -10954, 284, 284, -1535
906, -10954, 284, 284, -1535
907, -10953, 284, 284, -1535
907, -10953, 284, 284, -1535
908, -10954, 285, 285, -1535
908, -10954, 285, 285, -1535
906, -10954, 283, 283, -1535
906, -10954, 283, 283, -1535
907, -10953, 285, 285, -1535
907, -10953, 285, 285, -1535
907, -10954, 284, 284, -1535
907, -10954, 284, 284, -1535
906, -10953, 285, 285, -1535
906, -10953, 285, 285, -1535
908, -10954, 285, 285, -1535
907, -10954, 285, 285, -1535
907, -10954, 285, 285, -1535
908, -10954, 285, 285, -1535
908, -10954, 285, 285, -1535
907, -10954, 285, 285, -1535
908, -10953, 285, 285, -1535
908, -10953, 285, 285, -1535
908, -10954, 286, 286, -1535
908, -10954, 286, 286, -1535
908, -10954, 286, 286, -1535
907, -10953, 285, 285, -1533
907, -10953, 285, 285, -1533
908, -10954, 286, 286, -1533
908, -10954, 286, 286, -1533
908, -10954, 285, 285, -1533
908, -10954, 285, 285, -1533
909, -10954, 286, 286, -1533
908, -10953, 286, 286, -1533
909, -10954, 286, 286, -1533
909, -10954, 286, 286, -1533
909, -10954, 286, 286, -1533
909, -10954, 286, 286, -1533
909, -10954, 287, 287, -1533
842, -10987, 259, 259, -1533
842, -10987, 259, 259, -1533
830, -10989, 213, 213, -1533
821, -10992, 201, 201, -1533
814, -10994, 195, 195, -1533
814, -10994, 195, 195, -1533
813, -10994, 190, 190, -1533
813, -10994, 190, 190, -1533
811, -10993, 189, 189, -1533
807, -10995, 185, 185, -1533
805, -10996, 183, 183, -1533
805, -10996, 183, 183, -1533
803, -10995, 181, 181, -1535
803, -10995, 181, 181, -1535
802, -10995, 180, 180, -1535
802, -10995, 180, 180, -1535
802, -10995, 179, 179, -1535
799, -10995, 178, 178, -1535
799, -10995, 178, 178, -1535
798, -10995, 176, 176, -1535
798, -10995, 176, 176, -1535
797, -10994, 175, 175, -1535
797, -10994, 174, 174, -1535
797, -10995, 174, 174, -1535
797, -10995, 174, 174, -1535
794, -10995, 172, 172, -1535
794, -10995, 172, 172, -1535
794, -10995, 172, 172, -1535
793, -10994, 171, 171, -1535
793, -10994, 171, 171, -1535
793, -10994, 171, 171, -1535
793, -10994, 171, 171, -1535
791, -10995, 170, 170, -1535
792, -10995, 170, 170, -1535
791, -10996, 169, 169, -1535
790, -10995, 168, 168, -1535
790, -10995, 169, 169, -1535
790, -10995, 169, 169, -1535
790, -10995, 168, 168, -1535
790, -10995, 167, 167, -1537
790, -10995, 167, 167, -1537
790, -10995, 167, 167, -1537
790, -10996, 167, 167, -1537
788, -10995, 167, 167, -1537
789, -10997, 167, 167, -1537
789, -10995, 166, 166, -1537
789, -10995, 166, 166, -1537
789, -10994, 166, 166, -1537
789, -10996, 167, 167, -1537
789, -10996, 167, 167, -1537
788, -10995, 165, 165, -1537
788, -10995, 165, 165, -1537
788, -10995, 165, 165, -1537
787, -10995, 165, 165, -1537
787, -10995, 165, 165, -1537
786, -10994, 165, 165, -1537
786, -10994, 165, 165, -1537
787, -10995, 164, 164, -1537
786, -10996, 164, 164, -1537
786, -10995, 164, 164, -1537
786, -10995, 164, 164, -1537
786, -10994, 163, 163, -1537
786, -10994, 163, 163, -1537
786, -10994, 163, 163, -1537
786, -10994, 163, 163, -1537
784, -10995, 163, 163, -1527
785, -10995, 163, 163, -1527
785, -10995, 163, 163, -1527
786, -10995, 163, 163, -1527
786, -10995, 163, 163, -1527
784, -10995, 163, 163, -1527
784, -10995, 163, 163, -1527
783, -10995, 161, 161, -1527
786, -10995, 162, 162, -1527
784, -10994, 162, 162, -1527
785, -10995, 162, 162, -1527
785, -10995, 162, 162, -1527
783, -10995, 161, 161, -1527
782, -10995, 161, 161, -1527
782, -10995, 161, 161, -1527
782, -10996, 161, 161, -1527
782, -10996, 161, 161, -1527
783, -10995, 161, 161, -1527
783, -10995, 160, 160, -1527
784, -10995, 161, 161, -1527
784, -10995, 161, 161, -1527
781, -10995, 160, 160, -1527
781, -10995, 160, 160, -1527
781, -10995, 159, 159, -1527
781, -10995, 159, 159, -1527
781, -10995, 160, 160, -1527
781, -10995, 160, 160, -1527
782, -10994, 159, 159, -1529
782, -10994, 159, 159, -1529
781, -10994, 160, 160, -1529
782, -10995, 160, 160, -1529
781, -10995, 160, 160, -1529
781, -10995, 160, 160, -1529
782, -10995, 159, 159, -1529
782, -10994, 159, 159, -1529
781, -10995, 158, 158, -1529
783, -10995, 159, 159, -1529
781, -10995, 158, 158, -1529
781, -10994, 158, 158, -1529
781, -10993, 158, 158, -1529
781, -10994, 159, 159, -1529
781, -10994, 159, 159, -1529
780, -10995, 157, 157, -1529
780, -10994, 157, 157, -1529
780, -10994, 157, 157, -1529
780, -10994, 157, 157, -1529
779, -10995, 157, 157, -1529
779, -10995, 157, 157, -1529
779, -10995, 157, 157, -1529
780, -10994, 157, 157, -1529
780, -10994, 157, 157, -1529
786, -10992, 160, 160, -1529
786, -10992, 160, 160, -1529
851, -10961, 205, 205, -1529
851, -10961, 205, 205, -1529
866, -10956, 241, 241, -1527
866, -10956, 241, 241, -1527
872, -10955, 248, 248, -1527
872, -10955, 248, 248, -1527
874, -10955, 251, 251, -1527
877, -10954, 255, 255, -1527
877, -10954, 255, 255, -1527
881, -10954, 258, 258, -1527
881, -10954, 258, 258, -1527
881, -10954, 259, 259, -1527
881, -10954, 259, 259, -1527
885, -10953, 262, 262, -1527
885, -10953, 262, 262, -1527
886, -10953, 264, 264, -1527
888, -10953, 264, 264, -1527
888, -10953, 264, 264, -1527
888, -10953, 266, 266, -1527
888, -10953, 266, 266, -1527
889, -10953, 267, 267, -1527
889, -10953, 267, 267, -1527
890, -10952, 268, 268, -1527
890, -10952, 268, 268, -1527
892, -10954, 269, 269, -1527
892, -10954, 269, 269, -1527
891, -10952, 269, 269, -1527
893, -10953, 271, 271, -1531
893, -10953, 271, 271, -1531
893, -10953, 271, 271, -1531
894, -10954, 272, 272, -1531
894, -10954, 272, 272, -1531
894, -10953, 272, 272, -1531
895, -10954, 273, 273, -1531
895, -10954, 273, 273, -1531
896, -10953, 273, 273, -1531
896, -10953, 273, 273, -1531
896, -10953, 273, 273, -1531
896, -10953, 273, 273, -1531
897, -10953, 274, 274, -1531
897, -10953, 274, 274, -1531
896, -10953, 274, 274, -1531
896, -10954, 274, 274, -1531
897, -10954, 274, 274, -1531
897, -10954, 275, 275, -1531
897, -10954, 275, 275, -1531
898, -10953, 276, 276, -1531
898, -10953, 276, 276, -1531
899, -10954, 276, 276, -1531
899, -10954, 276, 276, -1531
899, -10953, 276, 276, -1531
900, -10954, 277, 277, -1531
900, -10954, 277, 277, -1531
900, -10953, 277, 277, -1529
900, -10953, 277, 277, -1529
900, -10953, 277, 277, -1529
900, -10953, 277, 277, -1529
900, -10953, 277, 277, -1529
901, -10953, 278, 278, -1529
901, -10953, 278, 278, -1529
901, -10954, 278, 278, -1529
901, -10954, 278, 278, -1529
902, -10954, 279, 279, -1529
902, -10954, 279, 279, -1529
902, -10953, 279, 279, -1529
902, -10953, 279, 279, -1529
901, -10954, 279, 279, -1529
901, -10954, 279, 279, -1529
903, -10954, 280, 280, -1529
903, -10954, 280, 280, -1529
903, -10954, 280, 280, -1529
903, -10954, 280, 280, -1529
903, -10954, 280, 280, -1529
903, -10954, 280, 280, -1529
903, -10954, 280, 280, -1529
904, -10954, 281, 281, -1529
902, -10953, 280, 280, -1529
902, -10953, 280, 280, -1529
903, -10953, 281, 281, -1529
903, -10953, 281, 281, -1529
903, -10955, 281, 281, -1529
903, -10954, 281, 281, -1527
903, -10954, 281, 281, -1527
903, -10953, 281, 281, -1527
904, -10954, 282, 282, -1527
904, -10953, 282, 282, -1527
904, -10953, 282, 282, -1527
903, -10954, 281, 281, -1527
903, -10954, 281, 281, -1527
904, -10954, 282, 282, -1527
904, -10954, 282, 282, -1527
904, -10953, 282, 282, -1527
904, -10953, 282, 282, -1527
904, -10954, 282, 282, -1527
904, -10954, 282, 282, -1527
905, -10953, 282, 282, -1527
905, -10953, 282, 282, -1527
906, -10953, 283, 283, -1527
906, -10953, 283, 283, -1527
905, -10954, 283, 283, -1527
905, -10954, 283, 283, -1527
905, -10953, 282, 282, -1527
905, -10953, 282, 282, -1527
905, -10955, 283, 283, -1527
905, -10955, 283, 283, -1527
905, -10954, 283, 283, -1527
906, -10954, 284, 284, -1527
905, -10954, 283, 283, -1531
905, -10954, 283, 283, -1531
906, -10954, 283, 283, -1531
906, -10954, 284, 284, -1531
906, -10955, 284, 284, -1531
906, -10954, 284, 284, -1531
905, -10954, 284, 284, -1531
906, -10954, 284, 284, -1531
907, -10954, 284, 284, -1531
906, -10954, 284, 284, -1531
906, -10953, 284, 284, -1531
906, -10953, 284, 284, -1531
907, -10954, 284, 284, -1531
907, -10954, 284, 284, -1531
907, -10954, 284, 284, -1531
908, -10954, 285, 285, -1531
908, -10954, 285, 285, -1531
907, -10953, 285, 285, -1531
908, -10954, 285, 285, -1531
908, -10954, 285, 285, -1531
908, -10954, 285, 285, -1531
908, -10955, 285, 285, -1531
908, -10955, 285, 285, -1531
908, -10954, 285, 285, -1531
908, -10954, 285, 285, -1531
908, -10954, 285, 285, -1531
908, -10955, 286, 286, -1531
907, -10954, 285, 285, -1525
908, -10954, 286, 286, -1525
909, -10954, 286, 286, -1525
908, -10953, 286, 286, -1525
909, -10954, 286, 286, -1525
907, -10955, 286, 286, -1525
908, -10955, 286, 286, -1525
908, -10953, 286, 286, -1525
909, -10954, 286, 286, -1525
909, -10954, 287, 287, -1525
909, -10955, 287, 287, -1525
909, -10954, 287, 287, -1525
909, -10954, 287, 287, -1525
910, -10954, 287, 287, -1525
909, -10954, 287, 287, -1525
908, -10953, 286, 286, -1525
908, -10953, 286, 286, -1525
909, -10954, 287, 287, -1525
910, -10955, 287, 287, -1525
910, -10955, 287, 287, -1525
909, -10955, 287, 287, -1508
909, -10955, 287, 287, -1508
910, -10954, 288, 288, -1508
910, -10954, 288, 288, -1508
909, -10955, 287, 287, -1508
909, -10955, 287, 287, -1508
910, -10953, 287, 287, -1508
910, -10953, 287, 287, -1508
911, -10955, 288, 288, -1508
909, -10953, 287, 287, -1508
909, -10953, 287, 287, -1508
911, -10954, 288, 288, -1508
910, -10954, 288, 288, -1508
910, -10954, 288, 288, -1508
912, -10953, 289, 289, -1508
912, -10953, 289, 289, -1508
911, -10954, 289, 289, -1508
911, -10955, 289, 289, -1508
911, -10954, 289, 289, -1508
911, -10954, 289, 289, -1508
912, -10955, 289, 289, -1508
912, -10955, 289, 289, -1508
911, -10954, 289, 289, -1508
911, -10954, 289, 289, -1508
911, -10954, 289, 289, -1510
911, -10954, 289, 289, -1510
912, -10954, 289, 289, -1510
912, -10954, 289, 289, -1510
912, -10954, 289, 289, -1510
912, -10954, 289, 289, -1510
912, -10954, 290, 290, -1510
912, -10954, 290, 290, -1510
911, -10955, 289, 289, -1510
911, -10955, 289, 289, -1510
912, -10953, 289, 289, -1510
911, -10953, 289, 289, -1510
910, -10954, 289, 289, -1510
913, -10952, 289, 289, -1510
913, -10953, 290, 290, -1510
913, -10954, 290, 290, -1510
913, -10954, 290, 290, -1510
912, -10954, 289, 289, -1510
912, -10953, 290, 290, -1510
912, -10953, 290, 290, -1510
912, -10953, 290, 290, -1510
912, -10954, 290, 290, -1510
912, -10954, 290, 290, -1510
912, -10953, 290, 290, -1510
912, -10954, 290, 290, -1510
913, -10953, 290, 290, -1510
913, -10953, 290, 290, -1506
913, -10953, 290, 290, -1506
913, -10953, 291, 291, -1506
914, -10954, 291, 291, -1506
913, -10954, 291, 291, -1506
913, -10954, 291, 291, -1506
914, -10954, 291, 291, -1506
914, -10954, 291, 291, -1506
913, -10953, 291, 291, -1506
913, -10953, 291, 291, -1506
913, -10954, 291, 291, -1506
913, -10954, 291, 291, -1506
913, -10954, 290, 290, -1506
914, -10953, 291, 291, -1506
913, -10953, 291, 291, -1506
913, -10953, 291, 291, -1506
913, -10954, 290, 290, -1506
914, -10954, 291, 291, -1476
914, -10954, 291, 291, -1476
913, -10955, 291, 291, -1476
915, -10953, 292, 292, -1476
915, -10953, 292, 292, -1476
914, -10954, 291, 291, -1476
914, -10954, 291, 291, -1476
913, -10954, 291, 291, -1476
914, -10954, 292, 292, -1476
914, -10954, 291, 291, -1476
915, -10954, 292, 292, -1476
914, -10955, 291, 291, -1476
914, -10954, 292, 292, -1476
913, -10953, 291, 291, -1476
914, -10955, 291, 291, -1476
914, -10955, 291, 291, -1476
914, -10955, 291, 291, -1476
914, -10955, 292, 292, -1476
914, -10954, 292, 292, -1476
914, -10955, 292, 292, -1476
914, -10955, 292, 292, -1476
914, -10954, 291, 291, -1476
914, -10954, 291, 291, -1476
914, -10954, 292, 292, -1476
914, -10954, 292, 292, -1476
912, -10954, 291, 291, -1476
915, -10954, 292, 292, -1476
914, -10954, 292, 292, -1476
914, -10954, 292, 292, -1476
915, -10955, 292, 292, -1476
915, -10955, 293, 293, -1474
913, -10956, 292, 292, -1474
916, -10955, 293, 293, -1474
915, -10955, 293, 293, -1474
914, -10955, 292, 292, -1474
915, -10955, 292, 292, -1474
915, -10955, 292, 292, -1474
914, -10955, 292, 292, -1474
914, -10954, 292, 292, -1474
