1937, -9820, 1315, 1315, 2091
1938, -9821, 1315, 1315, 2091
1937, -9820, 1315, 1315, 2091
1937, -9820, 1315, 1315, 2091
1938, -9821, 1315, 1315, 2091
1938, -9821, 1315, 1315, 2091
1938, -9821, 1315, 1315, 2091
1939, -9821, 1316, 1316, 2091
1939, -9821, 1316, 1316, 2091
1939, -9820, 1316, 1316, 2091
1938, -9821, 1315, 1315, 2091
1938, -9821, 1316, 1316, 2091
1938, -9821, 1316, 1316, 2091
1938, -9821, 1316, 1316, 2115
1938, -9821, 1316, 1316, 2115
1938, -9820, 1316, 1316, 2115
1938, -9821, 1316, 1316, 2115
1938, -9821, 1316, 1316, 2115
1938, -9820, 1317, 1317, 2115
1939, -9821, 1316, 1316, 2115
1938, -9821, 1316, 1316, 2115
1940, -9821, 1316, 1316, 2115
1938, -9820, 1316, 1316, 2115
1939, -9821, 1316, 1316, 2115
1939, -9820, 1317, 1317, 2115
1940, -9820, 1317, 1317, 2115
1938, -9821, 1317, 1317, 2115
1939, -9821, 1317, 1317, 2115
1939, -9821, 1316, 1316, 2115
1939, -9821, 1317, 1317, 2115
1940, -9820, 1317, 1317, 2115
1939, -9820, 1317, 1317, 2115
1939, -9821, 1317, 1317, 2115
1939, -9821, 1317, 1317, 2115
1939, -9821, 1317, 1317, 2115
1941, -9820, 1317, 1317, 2115
1941, -9820, 1317, 1317, 2115
1939, -9821, 1317, 1317, 2115
1939, -9820, 1317, 1317, 2115
1940, -9820, 1317, 1317, 2115
1939, -9820, 1317, 1317, 2115
1939, -9820, 1316, 1316, 2115
1939, -9820, 1317, 1317, 2115
1939, -9820, 1316, 1316, 2115
1939, -9821, 1317, 1317, 2115
1940, -9820, 1317, 1317, 2115
1939, -9819, 1317, 1317, 2115
1939, -9819, 1317, 1317, 2115
1939, -9820, 1317, 1317, 2115
1939, -9820, 1317, 1317, 2115
1939, -9820, 1317, 1317, 2115
1939, -9819, 1317, 1317, 2115
1939, -9820, 1317, 1317, 2115
1939, -9819, 1316, 1316, 2115
1939, -9819, 1317, 1317, 2115
1939, -9819, 1317, 1317, 2115
1939, -9820, 1317, 1317, 2115
1940, -9819, 1317, 1317, 2115
1940, -9819, 1317, 1317, 2115
1940, -9820, 1318, 1318, 2115
1940, -9820, 1317, 1317, 2115
1940, -9820, 1317, 1317, 2115
1939, -9819, 1317, 1317, 2115
1940, -9819, 1317, 1317, 2115
1940, -9819, 1317, 1317, 2115
1941, -9818, 1318, 1318, 2105
1941, -9818, 1318, 1318, 2105
1940, -9820, 1318, 1318, 2105
1941, -9818, 1318, 1318, 2105
1940, -9819, 1318, 1318, 2105
1940, -9819, 1318, 1318, 2105
1941, -9818, 1318, 1318, 2105
1940, -9819, 1318, 1318, 2105
1941, -9819, 1318, 1318, 2105
1940, -9819, 1318, 1318, 2105
1940, -9819, 1318, 1318, 2105
1940, -9819, 1318, 1318, 2105
1941, -9818, 1318, 1318, 2105
1941, -9818, 1318, 1318, 2105
1940, -9819, 1318, 1318, 2105
1940, -9819, 1318, 1318, 2105
1940, -9819, 1318, 1318, 2105
1941, -9819, 1318, 1318, 2105
1941, -9819, 1318, 1318, 2105
1940, -9819, 1318, 1318, 2105
1940, -9819, 1318, 1318, 2105
1940, -9818, 1318, 1318, 2105
1940, -9818, 1318, 1318, 2105
1940, -9819, 1318, 1318, 2105
1941, -9818, 1319, 1319, 2105
1941, -9820, 1318, 1318, 2105
1941, -9818, 1319, 1319, 2109
1941, -9818, 1319, 1319, 2109
1942, -9819, 1319, 1319, 2109
1940, -9818, 1319, 1319, 2109
1941, -9818, 1319, 1319, 2109
1941, -9819, 1318, 1318, 2109
1940, -9818, 1318, 1318, 2109
1942, -9818, 1319, 1319, 2109
1942, -9818, 1319, 1319, 2109
1941, -9819, 1319, 1319, 2109
1941, -9819, 1318, 1318, 2109
1941, -9819, 1318, 1318, 2109
1942, -9818, 1319, 1319, 2109
1940, -9819, 1318, 1318, 2109
1942, -9819, 1318, 1318, 2109
1790, -9843, 1165, 1165, 2109
1790, -9843, 1165, 1165, 2109
1805, -9843, 1182, 1182, 2109
1807, -9842, 1182, 1182, 2109
1807, -9842, 1182, 1182, 2109
1805, -9840, 1183, 1183, 2109
1809, -9840, 1183, 1183, 2109
1809, -9840, 1183, 1183, 2109
1809, -9839, 1183, 1183, 2109
1806, -9839, 1183, 1183, 2109
1804, -9839, 1183, 1183, 2109
1804, -9841, 1184, 1184, 2105
1805, -9841, 1184, 1184, 2105
1808, -9840, 1185, 1185, 2105
1809, -9840, 1185, 1185, 2105
1808, -9840, 1185, 1185, 2105
1808, -9840, 1185, 1185, 2105
1807, -9838, 1184, 1184, 2105
1810, -9839, 1185, 1185, 2105
1807, -9839, 1185, 1185, 2105
1807, -9839, 1185, 1185, 2105
1805, -9839, 1185, 1185, 2105
1805, -9839, 1185, 1185, 2105
1806, -9838, 1185, 1185, 2105
1806, -9837, 1186, 1186, 2105
1806, -9837, 1186, 1186, 2105
1809, -9838, 1186, 1186, 2105
1809, -9838, 1186, 1186, 2105
1809, -9838, 1186, 1186, 2105
1809, -9838, 1186, 1186, 2105
1809, -9837, 1188, 1188, 2105
1808, -9837, 1187, 1187, 2105
1808, -9838, 1186, 1186, 2105
1808, -9839, 1187, 1187, 2101
1808, -9839, 1187, 1187, 2101
1809, -9837, 1188, 1188, 2101
1810, -9837, 1187, 1187, 2101
1812, -9837, 1188, 1188, 2101
1813, -9837, 1188, 1188, 2101
1813, -9837, 1188, 1188, 2101
1809, -9838, 1188, 1188, 2101
1809, -9838, 1188, 1188, 2101
1807, -9837, 1187, 1187, 2101
1808, -9837, 1187, 1187, 2101
1808, -9837, 1187, 1187, 2101
1808, -9837, 1188, 1188, 2101
1809, -9837, 1188, 1188, 2101
1809, -9837, 1188, 1188, 2101
1809, -9837, 1188, 1188, 2101
1810, -9837, 1188, 1188, 2101
1808, -9838, 1188, 1188, 2101
1812, -9838, 1188, 1188, 2101
1814, -9835, 1189, 1189, 2101
1814, -9835, 1189, 1189, 2101
1812, -9835, 1188, 1188, 2101
1814, -9836, 1189, 1189, 2101
1809, -9836, 1189, 1189, 2101
1809, -9837, 1188, 1188, 2101
1809, -9837, 1188, 1188, 2101
1811, -9837, 1189, 1189, 2101
1810, -9835, 1188, 1188, 2095
1810, -9835, 1188, 1188, 2095
1809, -9837, 1188, 1188, 2095
1809, -9837, 1188, 1188, 2095
1810, -9836, 1189, 1189, 2095
1809, -9837, 1189, 1189, 2095
1809, -9836, 1188, 1188, 2095
1813, -9835, 1188, 1188, 2095
1811, -9835, 1188, 1188, 2095
1811, -9835, 1188, 1188, 2095
1812, -9835, 1188, 1188, 2095
1807, -9835, 1188, 1188, 2095
1807, -9835, 1188, 1188, 2095
1810, -9836, 1190, 1190, 2095
1810, -9836, 1190, 1190, 2095
1812, -9836, 1189, 1189, 2095
1812, -9836, 1189, 1189, 2095
1812, -9836, 1189, 1189, 2095
1814, -9836, 1189, 1189, 2095
1811, -9836, 1189, 1189, 2095
1811, -9836, 1189, 1189, 2095
1809, -9835, 1189, 1189, 2095
1811, -9836, 1189, 1189, 2095
1810, -9836, 1189, 1189, 2095
1810, -9836, 1189, 1189, 2095
1811, -9836, 1190, 1190, 2095
1810, -9835, 1190, 1190, 2095
1812, -9836, 1189, 1189, 2093
1814, -9834, 1189, 1189, 2093
1814, -9834, 1189, 1189, 2093
1811, -9835, 1190, 1190, 2093
1811, -9835, 1190, 1190, 2093
1810, -9835, 1189, 1189, 2093
1810, -9835, 1189, 1189, 2093
1810, -9835, 1189, 1189, 2093
1811, -9835, 1190, 1190, 2093
1812, -9835, 1190, 1190, 2093
1815, -9836, 1189, 1189, 2093
1813, -9835, 1190, 1190, 2093
1811, -9834, 1189, 1189, 2093
1811, -9834, 1189, 1189, 2093
1812, -9835, 1189, 1189, 2093
1810, -9835, 1190, 1190, 2093
1811, -9836, 1189, 1189, 2093
1810, -9834, 1189, 1189, 2093
1810, -9834, 1189, 1189, 2093
1814, -9834, 1190, 1190, 2093
1813, -9834, 1190, 1190, 2093
1814, -9833, 1189, 1189, 2093
1814, -9833, 1189, 1189, 2093
1816, -9834, 1191, 1191, 2093
1813, -9833, 1190, 1190, 2093
1811, -9834, 1192, 1192, 2093
1948, -9809, 1326, 1326, 2087
1950, -9810, 1327, 1327, 2087
1949, -9812, 1327, 1327, 2087
1949, -9811, 1327, 1327, 2087
1949, -9812, 1327, 1327, 2087
1948, -9811, 1326, 1326, 2087
1948, -9812, 1326, 1326, 2087
1948, -9812, 1326, 1326, 2087
1948, -9811, 1326, 1326, 2087
1947, -9812, 1325, 1325, 2087
1948, -9812, 1325, 1325, 2087
1948, -9812, 1325, 1325, 2087
1948, -9811, 1325, 1325, 2087
1948, -9812, 1325, 1325, 2087
1948, -9812, 1325, 1325, 2087
1948, -9812, 1326, 1326, 2087
1948, -9812, 1326, 1326, 2087
1948, -9813, 1325, 1325, 2087
1948, -9812, 1325, 1325, 2087
1948, -9813, 1325, 1325, 2087
1947, -9813, 1324, 1324, 2087
1947, -9813, 1325, 1325, 2087
1947, -9812, 1325, 1325, 2087
1947, -9812, 1325, 1325, 2087
1947, -9813, 1325, 1325, 2087
1947, -9812, 1325, 1325, 2087
1947, -9813, 1325, 1325, 2087
1947, -9812, 1325, 1325, 2087
1947, -9813, 1325, 1325, 2087
1947, -9813, 1325, 1325, 2087
1946, -9813, 1324, 1324, 2087
1946, -9813, 1324, 1324, 2087
1947, -9813, 1325, 1325, 2087
1947, -9813, 1325, 1325, 2087
1947, -9812, 1325, 1325, 2087
1947, -9813, 1325, 1325, 2087
1947, -9813, 1325, 1325, 2087
1948, -9812, 1325, 1325, 2087
1948, -9812, 1325, 1325, 2087
1947, -9812, 1325, 1325, 2087
1948, -9812, 1325, 1325, 2087
1947, -9812, 1325, 1325, 2087
1947, -9812, 1325, 1325, 2087
1948, -9812, 1325, 1325, 2087
1948, -9812, 1326, 1326, 2087
1948, -9812, 1326, 1326, 2087
1948, -9812, 1325, 1325, 2087
1948, -9812, 1326, 1326, 2087
1948, -9812, 1325, 1325, 2087
1948, -9812, 1325, 1325, 2087
1948, -9812, 1325, 1325, 2087
1947, -9811, 1325, 1325, 2087
1947, -9811, 1325, 1325, 2087
1949, -9811, 1326, 1326, 2087
1948, -9812, 1326, 1326, 2087
1948, -9812, 1326, 1326, 2087
1947, -9812, 1325, 1325, 2087
1947, -9812, 1325, 1325, 2087
1948, -9812, 1326, 1326, 2087
1948, -9812, 1326, 1326, 2087
1948, -9810, 1326, 1326, 2087
1948, -9810, 1326, 1326, 2087
1948, -9811, 1326, 1326, 2087
1949, -9811, 1326, 1326, 2087
1948, -9811, 1326, 1326, 2087
1947, -9811, 1325, 1325, 2087
1948, -9811, 1326, 1326, 2087
1948, -9811, 1326, 1326, 2087
1948, -9811, 1326, 1326, 2087
1947, -9811, 1326, 1326, 2087
1948, -9811, 1325, 1325, 2087
1947, -9812, 1325, 1325, 2087
1947, -9812, 1325, 1325, 2087
1948, -9812, 1325, 1325, 2087
1948, -9811, 1325, 1325, 2093
1948, -9811, 1325, 1325, 2093
1948, -9810, 1326, 1326, 2093
1947, -9811, 1326, 1326, 2093
1949, -9811, 1325, 1325, 2093
1949, -9811, 1325, 1325, 2093
1948, -9811, 1325, 1325, 2093
1947, -9811, 1325, 1325, 2093
1948, -9810, 1325, 1325, 2093
1948, -9811, 1325, 1325, 2093
1948, -9812, 1325, 1325, 2093
1948, -9810, 1326, 1326, 2093
1949, -9811, 1326, 1326, 2093
1949, -9810, 1326, 1326, 2093
1948, -9811, 1326, 1326, 2093
1949, -9811, 1326, 1326, 2093
1948, -9811, 1326, 1326, 2093
1949, -9811, 1326, 1326, 2093
1949, -9811, 1326, 1326, 2093
1949, -9811, 1326, 1326, 2093
1949, -9810, 1326, 1326, 2093
1949, -9810, 1326, 1326, 2093
1949, -9811, 1326, 1326, 2093
1947, -9810, 1326, 1326, 2093
1947, -9810, 1326, 1326, 2093
1949, -9810, 1326, 1326, 2091
1949, -9810, 1326, 1326, 2091
1949, -9810, 1326, 1326, 2091
1949, -9811, 1326, 1326, 2091
1949, -9810, 1326, 1326, 2091
1949, -9809, 1326, 1326, 2091
1948, -9810, 1326, 1326, 2091
1948, -9810, 1326, 1326, 2091
1949, -9810, 1327, 1327, 2091
1949, -9809, 1326, 1326, 2091
1949, -9809, 1326, 1326, 2091
1948, -9809, 1326, 1326, 2091
1950, -9810, 1327, 1327, 2091
1948, -9810, 1326, 1326, 2091
1948, -9810, 1326, 1326, 2091
1949, -9810, 1326, 1326, 2091
1949, -9811, 1326, 1326, 2091
1949, -9811, 1326, 1326, 2091
1949, -9810, 1327, 1327, 2091
1949, -9810, 1327, 1327, 2091
1949, -9810, 1327, 1327, 2091
1949, -9810, 1327, 1327, 2091
1950, -9809, 1327, 1327, 2091
1949, -9810, 1327, 1327, 2091
1818, -9835, 1215, 1215, 2091
1818, -9835, 1215, 1215, 2091
1812, -9832, 1190, 1190, 2081
1808, -9832, 1189, 1189, 2081
1810, -9832, 1191, 1191, 2081
1810, -9832, 1191, 1191, 2081
1811, -9832, 1190, 1190, 2081
1811, -9832, 1190, 1190, 2081
1814, -9831, 1192, 1192, 2081
1813, -9830, 1191, 1191, 2081
1814, -9831, 1192, 1192, 2081
1814, -9831, 1193, 1193, 2081
1813, -9832, 1192, 1192, 2081
1814, -9831, 1193, 1193, 2081
1814, -9831, 1193, 1193, 2081
1813, -9831, 1192, 1192, 2081
1817, -9831, 1193, 1193, 2081
1816, -9831, 1194, 1194, 2081
1814, -9831, 1193, 1193, 2081
1813, -9830, 1193, 1193, 2081
1819, -9830, 1194, 1194, 2081
1815, -9830, 1194, 1194, 2081
1817, -9831, 1194, 1194, 2081
1817, -9831, 1194, 1194, 2081
1816, -9830, 1194, 1194, 2081
1819, -9829, 1194, 1194, 2081
1819, -9829, 1194, 1194, 2081
1819, -9830, 1195, 1195, 2081
1819, -9829, 1195, 1195, 2081
1819, -9829, 1195, 1195, 2081
1819, -9828, 1195, 1195, 2081
1819, -9828, 1195, 1195, 2081
1819, -9828, 1195, 1195, 2081
1815, -9828, 1195, 1195, 2081
1816, -9829, 1194, 1194, 2081
1817, -9830, 1195, 1195, 2081
1815, -9830, 1194, 1194, 2081
1818, -9830, 1195, 1195, 2081
1817, -9829, 1195, 1195, 2081
1818, -9828, 1195, 1195, 2081
1818, -9828, 1195, 1195, 2081
1821, -9828, 1196, 1196, 2081
1818, -9829, 1196, 1196, 2081
1817, -9830, 1195, 1195, 2081
1817, -9829, 1196, 1196, 2081
1816, -9829, 1195, 1195, 2081
1816, -9829, 1196, 1196, 2081
1818, -9829, 1195, 1195, 2081
1818, -9829, 1195, 1195, 2081
1817, -9829, 1197, 1197, 2081
1818, -9828, 1196, 1196, 2081
1818, -9828, 1196, 1196, 2081
1816, -9829, 1196, 1196, 2081
1816, -9829, 1196, 1196, 2081
1818, -9828, 1197, 1197, 2081
1817, -9828, 1196, 1196, 2081
1817, -9828, 1196, 1196, 2081
1818, -9828, 1197, 1197, 2081
1817, -9828, 1196, 1196, 2081
1817, -9828, 1196, 1196, 2081
1818, -9829, 1197, 1197, 2081
1818, -9828, 1197, 1197, 2081
1822, -9827, 1196, 1196, 2081
1821, -9828, 1196, 1196, 2081
1819, -9827, 1196, 1196, 2081
1818, -9828, 1197, 1197, 2081
1816, -9829, 1195, 1195, 2081
1820, -9827, 1196, 1196, 2081
1820, -9827, 1196, 1196, 2081
1821, -9826, 1197, 1197, 2083
1818, -9827, 1196, 1196, 2083
1817, -9827, 1196, 1196, 2083
1822, -9828, 1196, 1196, 2083
1820, -9827, 1197, 1197, 2083
1818, -9827, 1196, 1196, 2083
1819, -9828, 1197, 1197, 2083
1820, -9827, 1198, 1198, 2083
1818, -9828, 1197, 1197, 2083
1818, -9827, 1197, 1197, 2083
1819, -9828, 1198, 1198, 2083
1818, -9828, 1197, 1197, 2083
1821, -9827, 1197, 1197, 2083
1820, -9827, 1198, 1198, 2083
1818, -9828, 1197, 1197, 2083
1822, -9826, 1198, 1198, 2083
1822, -9826, 1197, 1197, 2083
1822, -9826, 1197, 1197, 2083
1822, -9827, 1197, 1197, 2083
1822, -9826, 1197, 1197, 2083
1822, -9826, 1197, 1197, 2083
1820, -9827, 1197, 1197, 2083
1819, -9826, 1198, 1198, 2083
1819, -9827, 1198, 1198, 2083
1819, -9827, 1198, 1198, 2083
1820, -9825, 1198, 1198, 2083
1820, -9825, 1198, 1198, 2083
1822, -9826, 1198, 1198, 2077
1823, -9827, 1198, 1198, 2077
1822, -9826, 1198, 1198, 2077
1822, -9825, 1199, 1199, 2077
1823, -9825, 1198, 1198, 2077
1823, -9827, 1198, 1198, 2077
1822, -9825, 1198, 1198, 2077
1822, -9826, 1197, 1197, 2077
1825, -9825, 1201, 1201, 2077
1825, -9825, 1201, 1201, 2077
1955, -9801, 1325, 1325, 2077
1955, -9801, 1325, 1325, 2077
1957, -9803, 1335, 1335, 2077
1957, -9803, 1335, 1335, 2077
1957, -9803, 1334, 1334, 2077
1957, -9803, 1334, 1334, 2077
1957, -9803, 1335, 1335, 2077
1957, -9803, 1335, 1335, 2077
1957, -9803, 1335, 1335, 2077
1956, -9804, 1334, 1334, 2077
1957, -9804, 1334, 1334, 2077
1955, -9803, 1333, 1333, 2077
1955, -9803, 1333, 1333, 2077
1956, -9804, 1334, 1334, 2077
1956, -9804, 1334, 1334, 2083
1956, -9804, 1334, 1334, 2083
1956, -9804, 1333, 1333, 2083
1956, -9804, 1333, 1333, 2083
1955, -9805, 1333, 1333, 2083
1955, -9805, 1333, 1333, 2083
1956, -9805, 1334, 1334, 2083
1955, -9805, 1333, 1333, 2083
1955, -9805, 1333, 1333, 2083
1956, -9805, 1333, 1333, 2083
1956, -9805, 1333, 1333, 2083
1956, -9806, 1333, 1333, 2083
1956, -9806, 1333, 1333, 2083
1957, -9805, 1334, 1334, 2083
1955, -9805, 1333, 1333, 2083
1956, -9805, 1333, 1333, 2083
1955, -9805, 1333, 1333, 2083
1955, -9805, 1333, 1333, 2083
1955, -9805, 1333, 1333, 2083
1955, -9805, 1333, 1333, 2083
1955, -9805, 1333, 1333, 2083
1956, -9805, 1333, 1333, 2083
1956, -9804, 1333, 1333, 2083
1955, -9805, 1332, 1332, 2083
1955, -9804, 1332, 1332, 2083
1956, -9804, 1333, 1333, 2081
1956, -9804, 1333, 1333, 2081
1955, -9805, 1333, 1333, 2081
1954, -9804, 1332, 1332, 2081
1955, -9803, 1333, 1333, 2081
1955, -9803, 1333, 1333, 2081
1954, -9804, 1332, 1332, 2081
1955, -9804, 1332, 1332, 2081
1955, -9804, 1333, 1333, 2081
1955, -9805, 1333, 1333, 2081
1956, -9804, 1333, 1333, 2081
1955, -9804, 1333, 1333, 2081
1955, -9803, 1332, 1332, 2081
1955, -9804, 1333, 1333, 2081
1955, -9804, 1333, 1333, 2081
1955, -9804, 1333, 1333, 2081
1954, -9804, 1333, 1333, 2081
1955, -9804, 1333, 1333, 2081
1956, -9804, 1333, 1333, 2081
1956, -9804, 1333, 1333, 2081
1956, -9804, 1333, 1333, 2081
1956, -9803, 1333, 1333, 2081
1955, -9804, 1333, 1333, 2081
1956, -9804, 1333, 1333, 2079
1955, -9804, 1333, 1333, 2079
1955, -9804, 1333, 1333, 2079
1955, -9804, 1333, 1333, 2079
1955, -9804, 1333, 1333, 2079
1955, -9804, 1333, 1333, 2079
1956, -9804, 1333, 1333, 2079
1956, -9804, 1333, 1333, 2079
1955, -9803, 1333, 1333, 2079
1955, -9803, 1333, 1333, 2079
1956, -9803, 1333, 1333, 2079
1956, -9803, 1333, 1333, 2079
1955, -9804, 1333, 1333, 2079
1955, -9804, 1333, 1333, 2079
1955, -9804, 1333, 1333, 2079
1956, -9804, 1333, 1333, 2079
1956, -9804, 1333, 1333, 2079
1956, -9804, 1333, 1333, 2079
1956, -9803, 1333, 1333, 2079
1957, -9803, 1334, 1334, 2079
1957, -9803, 1334, 1334, 2079
1957, -9803, 1334, 1334, 2079
1956, -9804, 1334, 1334, 2079
1956, -9803, 1334, 1334, 2079
1956, -9803, 1334, 1334, 2081
1957, -9803, 1334, 1334, 2081
1956, -9803, 1334, 1334, 2081
1957, -9803, 1334, 1334, 2081
1957, -9803, 1334, 1334, 2081
1957, -9803, 1334, 1334, 2081
1956, -9804, 1334, 1334, 2081
1956, -9803, 1333, 1333, 2081
1957, -9802, 1334, 1334, 2081
1956, -9803, 1334, 1334, 2081
1956, -9803, 1334, 1334, 2081
1956, -9803, 1334, 1334, 2081
1956, -9803, 1334, 1334, 2081
1957, -9804, 1335, 1335, 2081
1956, -9804, 1334, 1334, 2081
1957, -9802, 1334, 1334, 2081
1957, -9802, 1334, 1334, 2081
1957, -9802, 1334, 1334, 2081
1957, -9802, 1334, 1334, 2081
1957, -9802, 1335, 1335, 2081
1956, -9802, 1334, 1334, 2081
1956, -9803, 1334, 1334, 2081
1956, -9803, 1334, 1334, 2081
1956, -9803, 1334, 1334, 2081
1956, -9802, 1334, 1334, 2081
1957, -9803, 1334, 1334, 2077
1957, -9803, 1334, 1334, 2077
1957, -9803, 1335, 1335, 2077
1957, -9803, 1335, 1335, 2077
1958, -9802, 1335, 1335, 2077
1957, -9802, 1335, 1335, 2077
1958, -9802, 1335, 1335, 2077
1958, -9802, 1335, 1335, 2077
1958, -9802, 1335, 1335, 2077
1865, -9830, 1298, 1298, 2077
1818, -9824, 1197, 1197, 2077
1824, -9824, 1198, 1198, 2077
1824, -9824, 1198, 1198, 2077
1821, -9824, 1199, 1199, 2077
1818, -9825, 1198, 1198, 2077
1819, -9824, 1199, 1199, 2077
1819, -9824, 1199, 1199, 2077
1820, -9824, 1199, 1199, 2077
1822, -9825, 1199, 1199, 2077
1823, -9824, 1200, 1200, 2077
1824, -9822, 1199, 1199, 2077
1824, -9822, 1199, 1199, 2077
1824, -9823, 1201, 1201, 2077
1821, -9823, 1200, 1200, 2077
1821, -9823, 1201, 1201, 2077
1821, -9823, 1201, 1201, 2077
1823, -9823, 1201, 1201, 2081
1823, -9823, 1201, 1201, 2081
1822, -9823, 1201, 1201, 2081
1822, -9824, 1201, 1201, 2081
1822, -9824, 1201, 1201, 2081
1824, -9823, 1201, 1201, 2081
1825, -9823, 1202, 1202, 2081
1824, -9822, 1201, 1201, 2081
1826, -9822, 1202, 1202, 2081
1826, -9822, 1202, 1202, 2081
1825, -9822, 1202, 1202, 2081
1823, -9822, 1202, 1202, 2081
1827, -9821, 1203, 1203, 2081
1823, -9821, 1202, 1202, 2081
1823, -9821, 1202, 1202, 2081
1826, -9821, 1202, 1202, 2081
1824, -9821, 1202, 1202, 2081
1822, -9821, 1201, 1201, 2081
1823, -9822, 1202, 1202, 2081
1823, -9822, 1202, 1202, 2081
1822, -9822, 1202, 1202, 2081
1822, -9821, 1203, 1203, 2081
1822, -9821, 1203, 1203, 2081
1827, -9821, 1202, 1202, 2081
1826, -9821, 1203, 1203, 2081
1828, -9822, 1203, 1203, 2085
1824, -9821, 1202, 1202, 2085
1824, -9821, 1202, 1202, 2085
1824, -9822, 1203, 1203, 2085
1823, -9821, 1203, 1203, 2085
1825, -9821, 1202, 1202, 2085
1828, -9821, 1204, 1204, 2085
1828, -9821, 1203, 1203, 2085
1828, -9821, 1203, 1203, 2085
1826, -9821, 1203, 1203, 2085
1826, -9821, 1203, 1203, 2085
1829, -9819, 1203, 1203, 2085
1829, -9819, 1203, 1203, 2085
1825, -9820, 1203, 1203, 2085
1825, -9820, 1203, 1203, 2085
1825, -9820, 1203, 1203, 2085
1825, -9821, 1204, 1204, 2085
1825, -9821, 1204, 1204, 2085
1826, -9821, 1204, 1204, 2085
1826, -9821, 1204, 1204, 2085
1826, -9821, 1204, 1204, 2085
1826, -9821, 1204, 1204, 2085
1827, -9822, 1203, 1203, 2101
1827, -9822, 1203, 1203, 2101
1828, -9819, 1204, 1204, 2101
1826, -9820, 1204, 1204, 2101
1826, -9820, 1204, 1204, 2101
1825, -9819, 1204, 1204, 2101
1825, -9820, 1204, 1204, 2101
1825, -9820, 1204, 1204, 2101
1824, -9822, 1205, 1205, 2101
1828, -9820, 1204, 1204, 2101
1828, -9820, 1204, 1204, 2101
1828, -9820, 1204, 1204, 2101
1829, -9820, 1204, 1204, 2101
1829, -9820, 1205, 1205, 2101
1828, -9820, 1204, 1204, 2101
1828, -9820, 1204, 1204, 2101
1829, -9819, 1204, 1204, 2101
1829, -9819, 1204, 1204, 2101
1830, -9820, 1205, 1205, 2101
1826, -9819, 1205, 1205, 2101
1828, -9819, 1205, 1205, 2101
1825, -9820, 1205, 1205, 2101
1826, -9820, 1205, 1205, 2101
1826, -9820, 1205, 1205, 2101
1829, -9820, 1206, 1206, 2101
1826, -9820, 1205, 1205, 2101
1826, -9820, 1205, 1205, 2101
1828, -9820, 1206, 1206, 2097
1827, -9821, 1206, 1206, 2097
1827, -9821, 1206, 1206, 2097
1828, -9819, 1204, 1204, 2097
1830, -9820, 1205, 1205, 2097
1826, -9819, 1205, 1205, 2097
1826, -9819, 1205, 1205, 2097
1826, -9819, 1205, 1205, 2097
1828, -9820, 1206, 1206, 2097
1828, -9819, 1205, 1205, 2097
1828, -9819, 1205, 1205, 2097
1831, -9819, 1207, 1207, 2097
1828, -9819, 1206, 1206, 2097
1828, -9819, 1206, 1206, 2097
1829, -9820, 1206, 1206, 2097
1827, -9819, 1206, 1206, 2097
1827, -9819, 1206, 1206, 2097
1826, -9819, 1206, 1206, 2097
1828, -9819, 1207, 1207, 2097
1826, -9819, 1206, 1206, 2097
1828, -9819, 1206, 1206, 2097
1832, -9819, 1206, 1206, 2097
1966, -9795, 1342, 1342, 2097
1966, -9795, 1342, 1342, 2097
1966, -9794, 1343, 1343, 2097
1965, -9795, 1343, 1343, 2101
1965, -9795, 1343, 1343, 2101
1965, -9796, 1343, 1343, 2101
1964, -9796, 1342, 1342, 2101
1964, -9796, 1342, 1342, 2101
1965, -9796, 1342, 1342, 2101
1964, -9795, 1342, 1342, 2101
1964, -9796, 1342, 1342, 2101
1964, -9794, 1342, 1342, 2101
1964, -9796, 1342, 1342, 2101
1964, -9796, 1342, 1342, 2101
1963, -9797, 1341, 1341, 2101
1963, -9797, 1341, 1341, 2101
1963, -9796, 1341, 1341, 2101
1964, -9796, 1341, 1341, 2101
1963, -9796, 1341, 1341, 2101
1963, -9796, 1341, 1341, 2101
1964, -9798, 1341, 1341, 2101
1963, -9796, 1341, 1341, 2101
1964, -9797, 1341, 1341, 2101
1964, -9797, 1341, 1341, 2101
1963, -9798, 1340, 1340, 2101
1963, -9797, 1340, 1340, 2101
1963, -9797, 1341, 1341, 2101
1963, -9798, 1341, 1341, 2101
1963, -9797, 1341, 1341, 2101
1963, -9797, 1341, 1341, 2097
1963, -9797, 1340, 1340, 2097
1963, -9797, 1340, 1340, 2097
1964, -9797, 1341, 1341, 2097
1962, -9796, 1341, 1341, 2097
1964, -9796, 1341, 1341, 2097
1964, -9796, 1341, 1341, 2097
1963, -9797, 1341, 1341, 2097
1963, -9796, 1341, 1341, 2097
1963, -9797, 1341, 1341, 2097
1963, -9797, 1341, 1341, 2097
1963, -9796, 1341, 1341, 2097
1963, -9797, 1341, 1341, 2097
1964, -9796, 1341, 1341, 2097
1963, -9796, 1341, 1341, 2097
1963, -9796, 1341, 1341, 2097
1964, -9797, 1341, 1341, 2097
1963, -9796, 1341, 1341, 2097
1963, -9796, 1341, 1341, 2097
1962, -9797, 1340, 1340, 2097
1962, -9797, 1340, 1340, 2097
1963, -9796, 1341, 1341, 2097
1963, -9797, 1341, 1341, 2097
1963, -9797, 1341, 1341, 2097
1964, -9797, 1341, 1341, 2089
1964, -9797, 1341, 1341, 2089
1963, -9797, 1341, 1341, 2089
1963, -9797, 1341, 1341, 2089
1964, -9796, 1341, 1341, 2089
1964, -9796, 1341, 1341, 2089
1963, -9795, 1341, 1341, 2089
1963, -9796, 1341, 1341, 2089
1963, -9796, 1341, 1341, 2089
1963, -9796, 1341, 1341, 2089
1964, -9797, 1341, 1341, 2089
1964, -9796, 1341, 1341, 2089
1964, -9796, 1341, 1341, 2089
1963, -9796, 1341, 1341, 2089
1963, -9796, 1341, 1341, 2089
1964, -9796, 1342, 1342, 2089
1963, -9797, 1341, 1341, 2089
1964, -9796, 1341, 1341, 2089
1964, -9796, 1341, 1341, 2089
1964, -9796, 1341, 1341, 2089
1963, -9796, 1341, 1341, 2089
1964, -9796, 1342, 1342, 2089
1963, -9795, 1341, 1341, 2089
1963, -9795, 1341, 1341, 2089
1963, -9795, 1341, 1341, 2089
1964, -9795, 1342, 1342, 2093
1963, -9795, 1341, 1341, 2093
1964, -9795, 1342, 1342, 2093
1964, -9795, 1342, 1342, 2093
1964, -9795, 1341, 1341, 2093
1964, -9795, 1342, 1342, 2093
1964, -9795, 1342, 1342, 2093
1964, -9794, 1341, 1341, 2093
1964, -9795, 1342, 1342, 2093
1965, -9796, 1342, 1342, 2093
1964, -9794, 1342, 1342, 2093
1964, -9795, 1342, 1342, 2093
1965, -9795, 1342, 1342, 2093
1964, -9795, 1341, 1341, 2093
1964, -9795, 1342, 1342, 2093
1964, -9795, 1342, 1342, 2093
1964, -9795, 1342, 1342, 2093
1964, -9795, 1342, 1342, 2093
1966, -9795, 1343, 1343, 2093
1964, -9794, 1342, 1342, 2093
1966, -9795, 1343, 1343, 2093
1965, -9794, 1343, 1343, 2093
1965, -9795, 1342, 1342, 2085
1965, -9795, 1342, 1342, 2085
1965, -9795, 1342, 1342, 2085
1965, -9794, 1343, 1343, 2085
1964, -9795, 1342, 1342, 2085
1965, -9794, 1342, 1342, 2085
1965, -9794, 1343, 1343, 2085
1965, -9794, 1342, 1342, 2085
1965, -9794, 1342, 1342, 2085
1965, -9795, 1343, 1343, 2085
1965, -9795, 1343, 1343, 2085
1965, -9794, 1343, 1343, 2085
1965, -9794, 1343, 1343, 2085
1965, -9795, 1343, 1343, 2085
1965, -9794, 1343, 1343, 2085
1965, -9794, 1343, 1343, 2085
1965, -9794, 1343, 1343, 2085
1965, -9794, 1343, 1343, 2085
1965, -9795, 1343, 1343, 2085
1965, -9793, 1343, 1343, 2085
1966, -9794, 1343, 1343, 2085
1965, -9793, 1343, 1343, 2085
1789, -9814, 1182, 1182, 2085
1829, -9817, 1203, 1203, 2085
1829, -9817, 1203, 1203, 2085
1828, -9817, 1205, 1205, 2085
1830, -9816, 1206, 1206, 2085
1829, -9816, 1206, 1206, 2085
1829, -9816, 1206, 1206, 2085
1828, -9816, 1207, 1207, 2085
1828, -9816, 1207, 1207, 2085
1827, -9816, 1208, 1208, 2085
1832, -9815, 1208, 1208, 2085
1832, -9815, 1208, 1208, 2085
1828, -9815, 1208, 1208, 2085
1830, -9816, 1209, 1209, 2085
1830, -9815, 1208, 1208, 2085
1833, -9815, 1209, 1209, 2085
1833, -9814, 1209, 1209, 2085
1834, -9815, 1209, 1209, 2085
1833, -9815, 1209, 1209, 2085
1832, -9813, 1208, 1208, 2085
1834, -9815, 1209, 1209, 2085
1831, -9814, 1210, 1210, 2085
1831, -9814, 1209, 1209, 2085
1832, -9814, 1209, 1209, 2085
1834, -9813, 1211, 1211, 2085
1833, -9814, 1210, 1210, 2087
1833, -9814, 1210, 1210, 2087
1831, -9813, 1210, 1210, 2087
1830, -9815, 1209, 1209, 2087
1831, -9814, 1210, 1210, 2087
1830, -9814, 1210, 1210, 2087
1830, -9814, 1210, 1210, 2087
1835, -9814, 1211, 1211, 2087
1834, -9813, 1210, 1210, 2087
1834, -9814, 1211, 1211, 2087
1833, -9813, 1210, 1210, 2087
1833, -9814, 1211, 1211, 2087
1832, -9813, 1211, 1211, 2087
1836, -9813, 1212, 1212, 2087
1836, -9813, 1212, 1212, 2087
1833, -9813, 1211, 1211, 2087
1834, -9814, 1210, 1210, 2087
1833, -9814, 1212, 1212, 2087
1832, -9814, 1211, 1211, 2087
1832, -9814, 1211, 1211, 2087
1831, -9813, 1210, 1210, 2087
1831, -9813, 1211, 1211, 2087
1832, -9813, 1212, 1212, 2087
1835, -9812, 1211, 1211, 2087
1836, -9813, 1212, 1212, 2085
1836, -9812, 1212, 1212, 2085
1836, -9812, 1212, 1212, 2085
1832, -9813, 1211, 1211, 2085
1833, -9813, 1212, 1212, 2085
1834, -9813, 1212, 1212, 2085
1836, -9812, 1211, 1211, 2085
1836, -9812, 1212, 1212, 2085
1834, -9812, 1211, 1211, 2085
1834, -9812, 1211, 1211, 2085
1835, -9813, 1211, 1211, 2085
1832, -9813, 1211, 1211, 2085
1832, -9813, 1211, 1211, 2085
1834, -9813, 1213, 1213, 2085
1834, -9813, 1213, 1213, 2085
1833, -9813, 1213, 1213, 2085
1832, -9813, 1212, 1212, 2085
1837, -9812, 1212, 1212, 2085
1836, -9812, 1212, 1212, 2085
1835, -9812, 1212, 1212, 2085
1836, -9813, 1213, 1213, 2085
1832, -9812, 1212, 1212, 2085
1834, -9812, 1213, 1213, 2085
1834, -9812, 1213, 1213, 2085
1835, -9813, 1212, 1212, 2085
1835, -9813, 1212, 1212, 2085
1837, -9812, 1213, 1213, 2085
1836, -9813, 1213, 1213, 2087
1836, -9813, 1213, 1213, 2087
1835, -9811, 1212, 1212, 2087
1833, -9813, 1212, 1212, 2087
1834, -9812, 1213, 1213, 2087
1835, -9811, 1213, 1213, 2087
1833, -9812, 1212, 1212, 2087
1835, -9811, 1212, 1212, 2087
1836, -9810, 1212, 1212, 2087
1836, -9810, 1212, 1212, 2087
1838, -9810, 1213, 1213, 2087
1836, -9810, 1212, 1212, 2087
1837, -9810, 1214, 1214, 2087
1837, -9810, 1214, 1214, 2087
1834, -9810, 1213, 1213, 2087
1835, -9812, 1213, 1213, 2087
1835, -9812, 1213, 1213, 2087
1833, -9811, 1212, 1212, 2087
1833, -9811, 1212, 1212, 2087
1836, -9811, 1214, 1214, 2087
1835, -9810, 1213, 1213, 2087
1835, -9811, 1213, 1213, 2087
1838, -9811, 1213, 1213, 2087
1838, -9811, 1213, 1213, 2087
1836, -9810, 1213, 1213, 2087
1837, -9810, 1213, 1213, 2087
1836, -9810, 1214, 1214, 2087
1834, -9810, 1212, 1212, 2087
1834, -9812, 1213, 1213, 2087
1836, -9811, 1213, 1213, 2087
1836, -9811, 1213, 1213, 2087
1843, -9812, 1212, 1212, 2087
1973, -9785, 1348, 1348, 2087
1973, -9787, 1350, 1350, 2087
1973, -9787, 1350, 1350, 2087
1973, -9787, 1350, 1350, 2087
1972, -9787, 1350, 1350, 2087
1972, -9787, 1350, 1350, 2087
1973, -9787, 1350, 1350, 2087
1972, -9788, 1350, 1350, 2087
1971, -9788, 1349, 1349, 2087
1971, -9788, 1349, 1349, 2087
1973, -9789, 1349, 1349, 2087
1972, -9787, 1350, 1350, 2087
1970, -9788, 1349, 1349, 2087
1971, -9788, 1349, 1349, 2087
1972, -9788, 1349, 1349, 2087
1970, -9788, 1348, 1348, 2087
1970, -9788, 1348, 1348, 2087
1972, -9788, 1349, 1349, 2087
1971, -9789, 1348, 1348, 2087
1971, -9789, 1348, 1348, 2087
1971, -9788, 1349, 1349, 2087
1971, -9789, 1349, 1349, 2087
1971, -9789, 1348, 1348, 2087
1971, -9789, 1348, 1348, 2087
1970, -9789, 1349, 1349, 2087
1971, -9789, 1348, 1348, 2087
1971, -9789, 1348, 1348, 2087
1971, -9788, 1348, 1348, 2087
1971, -9788, 1349, 1349, 2087
1971, -9788, 1349, 1349, 2087
1970, -9789, 1349, 1349, 2087
1972, -9787, 1348, 1348, 2087
1971, -9789, 1349, 1349, 2087
1970, -9788, 1348, 1348, 2087
1971, -9789, 1348, 1348, 2087
1970, -9789, 1348, 1348, 2087
1970, -9789, 1348, 1348, 2087
1970, -9789, 1348, 1348, 2087
1970, -9788, 1348, 1348, 2087
1970, -9788, 1348, 1348, 2087
1970, -9788, 1348, 1348, 2087
1971, -9788, 1349, 1349, 2087
1971, -9789, 1349, 1349, 2087
1970, -9789, 1348, 1348, 2089
1970, -9789, 1348, 1348, 2089
1970, -9789, 1348, 1348, 2089
1970, -9789, 1348, 1348, 2089
1972, -9789, 1348, 1348, 2089
1971, -9788, 1348, 1348, 2089
1971, -9788, 1348, 1348, 2089
1970, -9788, 1348, 1348, 2089
1970, -9788, 1348, 1348, 2089
1972, -9788, 1349, 1349, 2089
1971, -9788, 1349, 1349, 2089
1971, -9788, 1349, 1349, 2089
1971, -9789, 1348, 1348, 2089
1971, -9789, 1348, 1348, 2089
1971, -9788, 1348, 1348, 2089
1971, -9787, 1349, 1349, 2089
1972, -9788, 1349, 1349, 2089
1970, -9787, 1348, 1348, 2089
1971, -9788, 1348, 1348, 2089
1971, -9788, 1348, 1348, 2089
1972, -9788, 1349, 1349, 2089
1972, -9789, 1349, 1349, 2089
1971, -9788, 1349, 1349, 2089
1971, -9788, 1349, 1349, 2089
1971, -9788, 1349, 1349, 2089
1971, -9788, 1349, 1349, 2087
1971, -9788, 1349, 1349, 2087
1971, -9788, 1349, 1349, 2087
1971, -9788, 1349, 1349, 2087
1971, -9788, 1349, 1349, 2087
1970, -9788, 1348, 1348, 2087
1970, -9788, 1348, 1348, 2087
1972, -9788, 1349, 1349, 2087
1971, -9788, 1349, 1349, 2087
1971, -9787, 1349, 1349, 2087
1971, -9788, 1349, 1349, 2087
1971, -9788, 1349, 1349, 2087
1971, -9788, 1349, 1349, 2087
1972, -9788, 1350, 1350, 2087
1972, -9788, 1350, 1350, 2087
1972, -9787, 1350, 1350, 2087
1971, -9787, 1349, 1349, 2087
1972, -9788, 1349, 1349, 2087
1972, -9787, 1350, 1350, 2087
1971, -9786, 1349, 1349, 2087
1971, -9787, 1349, 1349, 2087
1972, -9787, 1349, 1349, 2087
1971, -9787, 1349, 1349, 2087
1972, -9787, 1349, 1349, 2087
1972, -9788, 1349, 1349, 2087
1971, -9788, 1349, 1349, 2087
1971, -9788, 1349, 1349, 2087
1971, -9787, 1349, 1349, 2077
1971, -9786, 1349, 1349, 2077
1972, -9788, 1350, 1350, 2077
1971, -9787, 1349, 1349, 2077
1972, -9787, 1350, 1350, 2077
1972, -9787, 1349, 1349, 2077
1972, -9788, 1350, 1350, 2077
1972, -9788, 1350, 1350, 2077
1972, -9788, 1350, 1350, 2077
1973, -9788, 1350, 1350, 2077
1972, -9787, 1350, 1350, 2077
1972, -9787, 1350, 1350, 2077
1972, -9787, 1350, 1350, 2077
1973, -9786, 1350, 1350, 2077
1973, -9786, 1350, 1350, 2077
1972, -9786, 1350, 1350, 2077
1973, -9787, 1350, 1350, 2077
1973, -9787, 1350, 1350, 2077
1972, -9785, 1350, 1350, 2077
1972, -9785, 1350, 1350, 2077
1973, -9786, 1351, 1351, 2077
1972, -9785, 1350, 1350, 2077
1972, -9785, 1350, 1350, 2077
1972, -9786, 1350, 1350, 2077
1974, -9786, 1350, 1350, 2077
1973, -9786, 1350, 1350, 2079
1973, -9786, 1350, 1350, 2079
1972, -9786, 1350, 1350, 2079
1972, -9785, 1350, 1350, 2079
1698, -9799, 1281, 1281, 2079
1834, -9811, 1207, 1207, 2079
1834, -9811, 1207, 1207, 2079
1836, -9809, 1214, 1214, 2079
1836, -9809, 1214, 1214, 2079
1837, -9807, 1214, 1214, 2079
1838, -9808, 1215, 1215, 2079
1839, -9808, 1215, 1215, 2079
1839, -9808, 1215, 1215, 2079
1838, -9806, 1214, 1214, 2079
1838, -9808, 1215, 1215, 2079
1837, -9806, 1214, 1214, 2079
1835, -9807, 1215, 1215, 2079
1835, -9807, 1215, 1215, 2079
1839, -9807, 1216, 1216, 2079
1839, -9807, 1216, 1216, 2079
1839, -9807, 1216, 1216, 2079
1837, -9807, 1216, 1216, 2079
1839, -9807, 1217, 1217, 2079
1840, -9807, 1217, 1217, 2079
1841, -9807, 1216, 1216, 2081
1841, -9807, 1216, 1216, 2081
1842, -9807, 1217, 1217, 2081
1840, -9805, 1217, 1217, 2081
1839, -9806, 1217, 1217, 2081
1839, -9806, 1217, 1217, 2081
1837, -9806, 1217, 1217, 2081
1838, -9806, 1217, 1217, 2081
1839, -9807, 1218, 1218, 2081
1837, -9807, 1217, 1217, 2081
1843, -9805, 1218, 1218, 2081
1842, -9806, 1218, 1218, 2081
1839, -9806, 1218, 1218, 2081
1840, -9806, 1219, 1219, 2081
1840, -9806, 1219, 1219, 2081
1841, -9807, 1219, 1219, 2081
1839, -9805, 1218, 1218, 2081
1841, -9806, 1219, 1219, 2081
1842, -9805, 1219, 1219, 2081
1842, -9805, 1219, 1219, 2081
1844, -9805, 1220, 1220, 2081
1844, -9805, 1218, 1218, 2081
1844, -9805, 1218, 1218, 2081
1842, -9805, 1220, 1220, 2081
1839, -9806, 1219, 1219, 2083
1839, -9806, 1219, 1219, 2083
1838, -9806, 1218, 1218, 2083
1841, -9806, 1218, 1218, 2083
1842, -9806, 1219, 1219, 2083
1843, -9805, 1219, 1219, 2083
1844, -9805, 1219, 1219, 2083
1844, -9806, 1219, 1219, 2083
1840, -9805, 1219, 1219, 2083
1841, -9806, 1220, 1220, 2083
1839, -9804, 1219, 1219, 2083
1839, -9804, 1219, 1219, 2083
1842, -9804, 1219, 1219, 2083
1841, -9805, 1219, 1219, 2083
1841, -9805, 1219, 1219, 2083
1841, -9805, 1219, 1219, 2083
1844, -9805, 1219, 1219, 2083
1844, -9804, 1219, 1219, 2083
1843, -9804, 1220, 1220, 2083
1840, -9804, 1219, 1219, 2083
1840, -9805, 1218, 1218, 2083
1840, -9805, 1218, 1218, 2083
1841, -9805, 1220, 1220, 2083
1841, -9805, 1219, 1219, 2083
1842, -9805, 1220, 1220, 2083
1840, -9805, 1219, 1219, 2083
1841, -9805, 1219, 1219, 2087
1841, -9805, 1219, 1219, 2087
1841, -9804, 1221, 1221, 2087
1841, -9804, 1221, 1221, 2087
1843, -9804, 1220, 1220, 2087
1841, -9804, 1221, 1221, 2087
1840, -9804, 1220, 1220, 2087
1842, -9804, 1220, 1220, 2087
1842, -9804, 1220, 1220, 2087
1843, -9804, 1220, 1220, 2087
1843, -9804, 1221, 1221, 2087
1846, -9803, 1221, 1221, 2087
1845, -9804, 1220, 1220, 2087
1844, -9803, 1221, 1221, 2087
1841, -9804, 1221, 1221, 2087
1841, -9804, 1221, 1221, 2087
1842, -9803, 1220, 1220, 2087
1844, -9804, 1222, 1222, 2087
1845, -9803, 1221, 1221, 2087
1845, -9803, 1221, 1221, 2087
1844, -9803, 1222, 1222, 2087
1842, -9803, 1221, 1221, 2087
1842, -9803, 1221, 1221, 2087
1841, -9802, 1221, 1221, 2087
1842, -9803, 1221, 1221, 2087
1842, -9803, 1221, 1221, 2087
1842, -9804, 1221, 1221, 2087
1843, -9803, 1221, 1221, 2087
1843, -9803, 1221, 1221, 2087
1843, -9803, 1221, 1221, 2087
1843, -9803, 1221, 1221, 2087
1846, -9802, 1221, 1221, 2087
1843, -9804, 1222, 1222, 2087
1843, -9802, 1221, 1221, 2087
1843, -9802, 1221, 1221, 2087
1843, -9804, 1222, 1222, 2087
1843, -9804, 1221, 1221, 2087
1843, -9804, 1221, 1221, 2087
1846, -9803, 1225, 1225, 2087
1846, -9803, 1225, 1225, 2087
1977, -9778, 1318, 1318, 2087
1981, -9779, 1358, 1358, 2087
1981, -9779, 1358, 1358, 2087
1981, -9779, 1358, 1358, 2087
1980, -9779, 1358, 1358, 2087
1981, -9780, 1358, 1358, 2087
1981, -9780, 1358, 1358, 2083
1980, -9779, 1358, 1358, 2083
1980, -9780, 1358, 1358, 2083
1980, -9780, 1358, 1358, 2083
1979, -9780, 1357, 1357, 2083
1980, -9780, 1357, 1357, 2083
1980, -9780, 1357, 1357, 2083
1979, -9780, 1357, 1357, 2083
1979, -9780, 1357, 1357, 2083
1979, -9780, 1357, 1357, 2083
1979, -9781, 1356, 1356, 2083
1979, -9781, 1356, 1356, 2083
1978, -9780, 1356, 1356, 2083
1979, -9780, 1356, 1356, 2083
1979, -9780, 1356, 1356, 2083
1979, -9780, 1356, 1356, 2083
1978, -9780, 1356, 1356, 2083
1979, -9781, 1356, 1356, 2083
1979, -9780, 1356, 1356, 2083
1979, -9780, 1356, 1356, 2083
1979, -9780, 1356, 1356, 2083
1979, -9780, 1356, 1356, 2083
1978, -9781, 1356, 1356, 2083
1979, -9781, 1356, 1356, 2083
1979, -9781, 1356, 1356, 2083
1978, -9781, 1356, 1356, 2083
1977, -9782, 1356, 1356, 2081
1978, -9781, 1355, 1355, 2081
1978, -9781, 1355, 1355, 2081
1978, -9780, 1355, 1355, 2081
1979, -9780, 1356, 1356, 2081
1979, -9780, 1356, 1356, 2081
1978, -9781, 1356, 1356, 2081
1978, -9780, 1356, 1356, 2081
1978, -9780, 1356, 1356, 2081
1978, -9780, 1356, 1356, 2081
1978, -9781, 1356, 1356, 2081
1978, -9780, 1356, 1356, 2081
1978, -9781, 1356, 1356, 2081
1978, -9780, 1356, 1356, 2081
1979, -9781, 1356, 1356, 2081
1978, -9781, 1356, 1356, 2081
1978, -9780, 1356, 1356, 2081
1978, -9780, 1356, 1356, 2081
1978, -9780, 1356, 1356, 2081
1978, -9780, 1356, 1356, 2081
1978, -9780, 1356, 1356, 2081
1978, -9780, 1356, 1356, 2081
1979, -9780, 1356, 1356, 2081
1978, -9780, 1356, 1356, 2081
1979, -9780, 1357, 1357, 2081
1978, -9781, 1356, 1356, 2081
1978, -9780, 1356, 1356, 2081
1978, -9780, 1356, 1356, 2081
1979, -9780, 1356, 1356, 2081
1978, -9780, 1356, 1356, 2081
1979, -9780, 1356, 1356, 2081
1978, -9780, 1356, 1356, 2081
1978, -9780, 1356, 1356, 2081
1979, -9779, 1356, 1356, 2081
1979, -9780, 1356, 1356, 2081
1978, -9779, 1356, 1356, 2081
1978, -9779, 1356, 1356, 2081
1978, -9779, 1356, 1356, 2081
1979, -9780, 1356, 1356, 2081
1979, -9780, 1357, 1357, 2081
1979, -9780, 1356, 1356, 2081
1980, -9780, 1357, 1357, 2081
1979, -9779, 1356, 1356, 2081
1979, -9779, 1356, 1356, 2081
1979, -9780, 1356, 1356, 2081
1978, -9780, 1356, 1356, 2081
1980, -9780, 1357, 1357, 2081
1978, -9779, 1356, 1356, 2081
1979, -9779, 1356, 1356, 2081
1979, -9779, 1356, 1356, 2081
1979, -9780, 1357, 1357, 2093
1979, -9779, 1356, 1356, 2093
1979, -9778, 1356, 1356, 2093
1979, -9778, 1356, 1356, 2093
1979, -9779, 1357, 1357, 2093
1979, -9779, 1357, 1357, 2093
1978, -9779, 1356, 1356, 2093
1978, -9779, 1356, 1356, 2093
1978, -9779, 1356, 1356, 2093
1979, -9779, 1356, 1356, 2093
1979, -9779, 1356, 1356, 2093
1979, -9779, 1357, 1357, 2093
1979, -9779, 1357, 1357, 2093
1979, -9779, 1357, 1357, 2093
1980, -9778, 1357, 1357, 2093
1980, -9778, 1357, 1357, 2093
1980, -9779, 1356, 1356, 2093
1979, -9779, 1357, 1357, 2093
1979, -9779, 1357, 1357, 2093
1979, -9778, 1357, 1357, 2093
1980, -9779, 1357, 1357, 2093
1980, -9778, 1357, 1357, 2093
1980, -9778, 1357, 1357, 2093
1980, -9779, 1357, 1357, 2093
1979, -9779, 1357, 1357, 2093
1980, -9779, 1357, 1357, 2093
1980, -9779, 1357, 1357, 2093
1979, -9779, 1357, 1357, 2093
1978, -9779, 1357, 1357, 2093
1981, -9779, 1358, 1358, 2093
1979, -9779, 1357, 1357, 2093
1979, -9779, 1357, 1357, 2093
1980, -9778, 1358, 1358, 2093
1980, -9778, 1357, 1357, 2093
1980, -9778, 1357, 1357, 2093
1979, -9779, 1357, 1357, 2093
1980, -9779, 1357, 1357, 2093
1979, -9778, 1357, 1357, 2093
1979, -9778, 1357, 1357, 2093
1980, -9778, 1357, 1357, 2093
1980, -9778, 1357, 1357, 2093
1980, -9778, 1357, 1357, 2093
1980, -9778, 1357, 1357, 2093
1979, -9779, 1357, 1357, 2093
1980, -9778, 1357, 1357, 2093
1980, -9778, 1357, 1357, 2093
1980, -9779, 1358, 1358, 2093
1732, -9822, 1222, 1222, 2093
1738, -9818, 1116, 1116, 2089
1738, -9818, 1116, 1116, 2089
1736, -9818, 1116, 1116, 2089
1741, -9816, 1116, 1116, 2089
1741, -9816, 1116, 1116, 2089
1738, -9817, 1117, 1117, 2089
1740, -9817, 1119, 1119, 2089
1740, -9817, 1119, 1119, 2089
1740, -9817, 1118, 1118, 2089
1747, -9815, 1120, 1120, 2089
1747, -9815, 1120, 1120, 2089
1742, -9816, 1120, 1120, 2089
1743, -9816, 1121, 1121, 2089
1743, -9816, 1121, 1121, 2089
1740, -9815, 1121, 1121, 2089
1740, -9815, 1121, 1121, 2089
1743, -9815, 1120, 1120, 2089
1745, -9814, 1121, 1121, 2089
1746, -9814, 1121, 1121, 2089
1746, -9814, 1121, 1121, 2089
1746, -9814, 1122, 1122, 2089
1746, -9814, 1122, 1122, 2089
1747, -9813, 1123, 1123, 2089
1747, -9813, 1123, 1123, 2089
1745, -9814, 1124, 1124, 2091
1745, -9814, 1124, 1124, 2091
1745, -9814, 1124, 1124, 2091
1743, -9815, 1123, 1123, 2091
1743, -9815, 1123, 1123, 2091
1748, -9814, 1123, 1123, 2091
1748, -9815, 1124, 1124, 2091
1749, -9813, 1124, 1124, 2091
1750, -9814, 1124, 1124, 2091
1750, -9814, 1124, 1124, 2091
1747, -9813, 1124, 1124, 2091
1743, -9814, 1124, 1124, 2091
1743, -9814, 1124, 1124, 2091
1743, -9814, 1124, 1124, 2091
1743, -9814, 1124, 1124, 2091
1744, -9813, 1125, 1125, 2091
1744, -9813, 1124, 1124, 2091
1749, -9813, 1125, 1125, 2091
1749, -9813, 1125, 1125, 2091
1749, -9813, 1125, 1125, 2091
1751, -9812, 1126, 1126, 2091
1751, -9813, 1126, 1126, 2091
1751, -9812, 1125, 1125, 2091
1751, -9812, 1125, 1125, 2091
1749, -9812, 1124, 1124, 2091
1744, -9813, 1125, 1125, 2091
1749, -9812, 1125, 1125, 2091
1746, -9812, 1126, 1126, 2089
1746, -9812, 1126, 1126, 2089
1745, -9812, 1125, 1125, 2089
1753, -9812, 1127, 1127, 2089
1749, -9812, 1126, 1126, 2089
1749, -9811, 1126, 1126, 2089
1751, -9812, 1127, 1127, 2089
1750, -9811, 1127, 1127, 2089
1746, -9812, 1126, 1126, 2089
1750, -9812, 1127, 1127, 2089
1751, -9812, 1127, 1127, 2089
1751, -9812, 1127, 1127, 2089
1749, -9811, 1126, 1126, 2089
1753, -9811, 1127, 1127, 2089
1753, -9811, 1127, 1127, 2089
1752, -9811, 1127, 1127, 2089
1746, -9811, 1127, 1127, 2089
1746, -9812, 1126, 1126, 2089
1746, -9812, 1126, 1126, 2089
1748, -9811, 1127, 1127, 2089
1751, -9811, 1128, 1128, 2089
1753, -9810, 1127, 1127, 2091
1753, -9810, 1127, 1127, 2091
1753, -9811, 1127, 1127, 2091
1753, -9809, 1128, 1128, 2091
1753, -9809, 1128, 1128, 2091
1751, -9810, 1128, 1128, 2091
1753, -9810, 1128, 1128, 2091
1747, -9811, 1128, 1128, 2091
1746, -9811, 1127, 1127, 2091
1749, -9811, 1127, 1127, 2091
1749, -9811, 1128, 1128, 2091
1751, -9811, 1129, 1129, 2091
1751, -9811, 1129, 1129, 2091
1753, -9809, 1128, 1128, 2091
1755, -9809, 1128, 1128, 2091
1755, -9809, 1128, 1128, 2091
1750, -9811, 1128, 1128, 2091
1754, -9809, 1128, 1128, 2091
1754, -9810, 1129, 1129, 2091
1753, -9809, 1129, 1129, 2091
1753, -9809, 1129, 1129, 2091
1754, -9809, 1128, 1128, 2091
1753, -9809, 1128, 1128, 2091
1749, -9810, 1128, 1128, 2091
1749, -9810, 1128, 1128, 2091
1750, -9809, 1129, 1129, 2089
1750, -9810, 1129, 1129, 2089
1749, -9810, 1129, 1129, 2089
1751, -9810, 1130, 1130, 2089
1750, -9810, 1128, 1128, 2089
1750, -9810, 1128, 1128, 2089
1756, -9809, 1129, 1129, 2089
1756, -9809, 1129, 1129, 2089
1975, -9766, 1220, 1220, 2089
1975, -9766, 1220, 1220, 2089
1990, -9767, 1365, 1365, 2089
1993, -9769, 1370, 1370, 2089
1993, -9769, 1370, 1370, 2089
1992, -9769, 1370, 1370, 2089
1992, -9770, 1370, 1370, 2089
1991, -9770, 1369, 1369, 2089
1991, -9770, 1369, 1369, 2089
1990, -9771, 1368, 1368, 2089
1989, -9771, 1367, 1367, 2089
1989, -9771, 1367, 1367, 2089
1990, -9771, 1367, 1367, 2089
1989, -9771, 1366, 1366, 2089
1989, -9771, 1366, 1366, 2089
1989, -9771, 1366, 1366, 2089
1987, -9771, 1366, 1366, 2089
1988, -9770, 1365, 1365, 2089
1988, -9771, 1366, 1366, 2089
1987, -9771, 1365, 1365, 2089
1987, -9771, 1365, 1365, 2089
1988, -9772, 1365, 1365, 2089
1987, -9772, 1365, 1365, 2089
1988, -9773, 1365, 1365, 2089
1987, -9772, 1365, 1365, 2089
1987, -9772, 1365, 1365, 2089
1987, -9771, 1365, 1365, 2089
1987, -9771, 1365, 1365, 2089
1986, -9771, 1364, 1364, 2089
1986, -9772, 1364, 1364, 2089
1987, -9772, 1364, 1364, 2089
1986, -9771, 1364, 1364, 2089
1986, -9773, 1364, 1364, 2089
1986, -9772, 1364, 1364, 2089
1986, -9772, 1364, 1364, 2089
1987, -9772, 1364, 1364, 2089
1986, -9771, 1364, 1364, 2089
1986, -9772, 1363, 1363, 2089
1986, -9771, 1364, 1364, 2089
1985, -9772, 1363, 1363, 2089
1986, -9771, 1363, 1363, 2089
1986, -9772, 1364, 1364, 2085
1986, -9772, 1363, 1363, 2085
1985, -9771, 1363, 1363, 2085
1985, -9771, 1363, 1363, 2085
1985, -9772, 1363, 1363, 2085
1985, -9772, 1363, 1363, 2085
1986, -9772, 1363, 1363, 2085
1986, -9772, 1363, 1363, 2085
1987, -9772, 1363, 1363, 2085
1986, -9771, 1364, 1364, 2085
1987, -9771, 1364, 1364, 2085
1985, -9771, 1363, 1363, 2085
1985, -9771, 1363, 1363, 2085
1985, -9771, 1363, 1363, 2085
1987, -9771, 1364, 1364, 2085
1986, -9772, 1364, 1364, 2085
1986, -9772, 1364, 1364, 2085
1986, -9771, 1363, 1363, 2085
1986, -9770, 1364, 1364, 2085
1986, -9770, 1364, 1364, 2085
1987, -9772, 1364, 1364, 2085
1986, -9772, 1364, 1364, 2085
1986, -9771, 1364, 1364, 2085
1986, -9771, 1364, 1364, 2085
1986, -9771, 1364, 1364, 2085
1986, -9770, 1363, 1363, 2081
1985, -9771, 1363, 1363, 2081
1985, -9772, 1363, 1363, 2081
1986, -9772, 1364, 1364, 2081
1985, -9771, 1363, 1363, 2081
1986, -9771, 1363, 1363, 2081
1986, -9771, 1364, 1364, 2081
1985, -9772, 1364, 1364, 2081
1986, -9771, 1364, 1364, 2081
1986, -9772, 1364, 1364, 2081
1987, -9772, 1364, 1364, 2081
1986, -9772, 1364, 1364, 2081
1985, -9771, 1363, 1363, 2081
1986, -9772, 1363, 1363, 2081
1986, -9772, 1364, 1364, 2081
1986, -9772, 1364, 1364, 2081
1986, -9771, 1364, 1364, 2081
1985, -9771, 1363, 1363, 2081
1987, -9771, 1364, 1364, 2081
1986, -9771, 1363, 1363, 2081
1986, -9771, 1363, 1363, 2081
1986, -9771, 1364, 1364, 2081
1986, -9771, 1364, 1364, 2081
1986, -9771, 1364, 1364, 2081
1986, -9771, 1364, 1364, 2089
1986, -9771, 1364, 1364, 2089
1986, -9771, 1364, 1364, 2089
1986, -9771, 1364, 1364, 2089
1986, -9771, 1364, 1364, 2089
1987, -9770, 1364, 1364, 2089
1986, -9771, 1364, 1364, 2089
1986, -9770, 1364, 1364, 2089
1986, -9771, 1364, 1364, 2089
1986, -9770, 1364, 1364, 2089
1986, -9770, 1364, 1364, 2089
1986, -9771, 1364, 1364, 2089
1987, -9770, 1364, 1364, 2089
1987, -9770, 1365, 1365, 2089
1987, -9771, 1364, 1364, 2089
1986, -9770, 1364, 1364, 2089
1986, -9771, 1364, 1364, 2089
1987, -9771, 1364, 1364, 2089
1987, -9771, 1364, 1364, 2089
1987, -9771, 1364, 1364, 2089
1987, -9771, 1364, 1364, 2089
1987, -9771, 1364, 1364, 2089
1987, -9770, 1364, 1364, 2089
1986, -9771, 1364, 1364, 2089
1986, -9770, 1364, 1364, 2089
1986, -9770, 1364, 1364, 2089
1987, -9770, 1364, 1364, 2083
1986, -9771, 1364, 1364, 2083
1986, -9771, 1364, 1364, 2083
1987, -9770, 1364, 1364, 2083
1987, -9770, 1364, 1364, 2083
1987, -9770, 1364, 1364, 2083
1987, -9771, 1364, 1364, 2083
1986, -9771, 1364, 1364, 2083
1987, -9770, 1364, 1364, 2083
1746, -9814, 1256, 1256, 2083
1748, -9811, 1120, 1120, 2083
1748, -9811, 1120, 1120, 2083
1748, -9809, 1123, 1123, 2083
1747, -9809, 1123, 1123, 2083
1748, -9809, 1124, 1124, 2083
1748, -9809, 1125, 1125, 2083
1745, -9808, 1125, 1125, 2083
1745, -9808, 1125, 1125, 2083
1749, -9808, 1126, 1126, 2083
1753, -9806, 1128, 1128, 2083
1753, -9806, 1128, 1128, 2083
1747, -9808, 1128, 1128, 2083
1747, -9808, 1128, 1128, 2083
1748, -9808, 1128, 1128, 2083
1749, -9807, 1129, 1129, 2083
1752, -9806, 1128, 1128, 2087
1756, -9806, 1130, 1130, 2087
1751, -9806, 1130, 1130, 2087
1751, -9806, 1130, 1130, 2087
1751, -9805, 1130, 1130, 2087
1751, -9805, 1130, 1130, 2087
1750, -9806, 1130, 1130, 2087
1752, -9806, 1131, 1131, 2087
1750, -9806, 1130, 1130, 2087
1755, -9806, 1130, 1130, 2087
1755, -9806, 1130, 1130, 2087
1756, -9805, 1132, 1132, 2087
1754, -9806, 1131, 1131, 2087
1754, -9806, 1131, 1131, 2087
1751, -9805, 1131, 1131, 2087
1751, -9805, 1131, 1131, 2087
1750, -9806, 1131, 1131, 2087
1750, -9806, 1131, 1131, 2087
1756, -9805, 1132, 1132, 2087
1755, -9806, 1132, 1132, 2087
1754, -9805, 1132, 1132, 2087
1756, -9804, 1132, 1132, 2087
1752, -9806, 1133, 1133, 2087
1752, -9806, 1133, 1133, 2087
1751, -9805, 1132, 1132, 2085
1752, -9804, 1132, 1132, 2085
1756, -9805, 1133, 1133, 2085
1756, -9805, 1133, 1133, 2085
1759, -9804, 1134, 1134, 2085
1759, -9804, 1134, 1134, 2085
1759, -9804, 1134, 1134, 2085
1759, -9804, 1134, 1134, 2085
1757, -9803, 1134, 1134, 2085
1752, -9804, 1133, 1133, 2085
1752, -9804, 1133, 1133, 2085
1753, -9804, 1133, 1133, 2085
1756, -9804, 1133, 1133, 2085
1756, -9804, 1133, 1133, 2085
1756, -9804, 1133, 1133, 2085
1758, -9802, 1133, 1133, 2085
1755, -9803, 1134, 1134, 2085
1754, -9803, 1134, 1134, 2085
1754, -9803, 1134, 1134, 2085
1754, -9803, 1133, 1133, 2085
1755, -9804, 1134, 1134, 2085
1755, -9804, 1134, 1134, 2085
1760, -9804, 1134, 1134, 2085
1756, -9803, 1135, 1135, 2085
1756, -9803, 1135, 1135, 2085
1758, -9803, 1135, 1135, 2083
1753, -9803, 1134, 1134, 2083
1753, -9803, 1134, 1134, 2083
1754, -9804, 1134, 1134, 2083
1755, -9804, 1135, 1135, 2083
1755, -9802, 1134, 1134, 2083
1755, -9802, 1134, 1134, 2083
1757, -9803, 1135, 1135, 2083
1758, -9802, 1134, 1134, 2083
1758, -9803, 1135, 1135, 2083
1758, -9803, 1135, 1135, 2083
1760, -9802, 1134, 1134, 2083
1756, -9803, 1135, 1135, 2083
1756, -9803, 1135, 1135, 2083
1757, -9803, 1135, 1135, 2083
1755, -9803, 1135, 1135, 2083
1755, -9803, 1135, 1135, 2083
1755, -9802, 1135, 1135, 2083
1755, -9803, 1135, 1135, 2083
1760, -9803, 1136, 1136, 2083
1762, -9802, 1136, 1136, 2083
1762, -9804, 1136, 1136, 2083
1759, -9802, 1135, 1135, 2083
1759, -9802, 1135, 1135, 2083
1762, -9802, 1136, 1136, 2083
1762, -9802, 1136, 1136, 2083
1762, -9802, 1136, 1136, 2083
1759, -9802, 1135, 1135, 2083
1759, -9802, 1135, 1135, 2083
1760, -9802, 1135, 1135, 2083
1761, -9801, 1136, 1136, 2083
1761, -9801, 1136, 1136, 2083
1755, -9802, 1136, 1136, 2083
1755, -9802, 1136, 1136, 2083
1755, -9801, 1136, 1136, 2083
1760, -9802, 1136, 1136, 2083
1762, -9801, 1137, 1137, 2083
1762, -9801, 1137, 1137, 2083
1763, -9800, 1136, 1136, 2083
1763, -9800, 1136, 1136, 2083
1762, -9801, 1136, 1136, 2083
1758, -9801, 1136, 1136, 2083
1773, -9800, 1143, 1143, 2083
1988, -9758, 1245, 1245, 2083
1998, -9759, 1372, 1372, 2083
1999, -9759, 1376, 1376, 2083
1998, -9761, 1376, 1376, 2085
1998, -9761, 1376, 1376, 2085
1998, -9761, 1376, 1376, 2085
1998, -9762, 1375, 1375, 2085
1998, -9762, 1375, 1375, 2085
1998, -9762, 1375, 1375, 2085
1996, -9763, 1374, 1374, 2085
1996, -9763, 1374, 1374, 2085
1996, -9762, 1374, 1374, 2085
1996, -9762, 1374, 1374, 2085
1995, -9763, 1373, 1373, 2085
1995, -9763, 1373, 1373, 2085
1996, -9763, 1373, 1373, 2085
1995, -9763, 1373, 1373, 2085
1994, -9763, 1372, 1372, 2085
1995, -9763, 1373, 1373, 2085
1995, -9763, 1372, 1372, 2085
1995, -9763, 1372, 1372, 2085
1995, -9763, 1373, 1373, 2085
1994, -9763, 1372, 1372, 2085
1995, -9762, 1372, 1372, 2085
1995, -9762, 1372, 1372, 2085
1995, -9764, 1372, 1372, 2085
1995, -9764, 1372, 1372, 2085
1995, -9763, 1372, 1372, 2085
1994, -9764, 1372, 1372, 2085
1994, -9764, 1371, 1371, 2077
1994, -9764, 1371, 1371, 2077
1994, -9764, 1371, 1371, 2077
1994, -9763, 1372, 1372, 2077
1994, -9763, 1372, 1372, 2077
1993, -9764, 1371, 1371, 2077
1994, -9763, 1371, 1371, 2077
1994, -9763, 1371, 1371, 2077
1994, -9763, 1371, 1371, 2077
1993, -9764, 1371, 1371, 2077
1993, -9764, 1371, 1371, 2077
1994, -9763, 1371, 1371, 2077
1994, -9763, 1372, 1372, 2077
1993, -9764, 1371, 1371, 2077
1993, -9763, 1371, 1371, 2077
1993, -9763, 1371, 1371, 2077
1993, -9764, 1371, 1371, 2077
1994, -9764, 1371, 1371, 2077
1993, -9763, 1371, 1371, 2077
1993, -9764, 1371, 1371, 2077
1993, -9764, 1371, 1371, 2077
1994, -9764, 1371, 1371, 2077
1994, -9763, 1371, 1371, 2077
1993, -9764, 1371, 1371, 2077
1993, -9763, 1371, 1371, 2083
1993, -9765, 1371, 1371, 2083
1993, -9764, 1371, 1371, 2083
1994, -9764, 1371, 1371, 2083
1994, -9764, 1371, 1371, 2083
1993, -9764, 1371, 1371, 2083
1993, -9764, 1371, 1371, 2083
1994, -9763, 1371, 1371, 2083
1993, -9763, 1371, 1371, 2083
1993, -9763, 1371, 1371, 2083
1993, -9763, 1371, 1371, 2083
1994, -9765, 1371, 1371, 2083
1993, -9764, 1371, 1371, 2083
1993, -9764, 1371, 1371, 2083
1994, -9764, 1371, 1371, 2083
1994, -9764, 1371, 1371, 2083
1994, -9764, 1371, 1371, 2083
1993, -9763, 1371, 1371, 2083
1993, -9763, 1371, 1371, 2083
1994, -9763, 1371, 1371, 2083
1994, -9763, 1372, 1372, 2083
1994, -9763, 1371, 1371, 2083
1993, -9763, 1371, 1371, 2083
1993, -9764, 1371, 1371, 2083
1993, -9764, 1371, 1371, 2083
1994, -9764, 1372, 1372, 2083
1993, -9763, 1371, 1371, 2085
1993, -9763, 1372, 1372, 2085
1994, -9764, 1371, 1371, 2085
1994, -9764, 1371, 1371, 2085
1994, -9763, 1371, 1371, 2085
1992, -9763, 1371, 1371, 2085
1994, -9764, 1371, 1371, 2085
1994, -9763, 1371, 1371, 2085
1994, -9763, 1371, 1371, 2085
1994, -9763, 1372, 1372, 2085
1994, -9763, 1372, 1372, 2085
1994, -9763, 1372, 1372, 2085
1994, -9764, 1371, 1371, 2085
1994, -9764, 1371, 1371, 2085
1995, -9763, 1372, 1372, 2085
1994, -9763, 1371, 1371, 2085
1994, -9762, 1372, 1372, 2085
1994, -9762, 1372, 1372, 2085
1993, -9763, 1371, 1371, 2085
1993, -9763, 1371, 1371, 2085
1994, -9764, 1371, 1371, 2085
1994, -9764, 1371, 1371, 2085
1993, -9763, 1371, 1371, 2085
1993, -9763, 1371, 1371, 2085
1994, -9763, 1371, 1371, 2085
1995, -9763, 1371, 1371, 2081
1994, -9763, 1372, 1372, 2081
1994, -9762, 1372, 1372, 2081
1995, -9764, 1372, 1372, 2081
1994, -9762, 1372, 1372, 2081
1994, -9762, 1372, 1372, 2081
1994, -9763, 1371, 1371, 2081
1994, -9763, 1372, 1372, 2081
1995, -9761, 1372, 1372, 2081
1995, -9761, 1372, 1372, 2081
1995, -9762, 1373, 1373, 2081
1994, -9762, 1372, 1372, 2081
1994, -9762, 1372, 1372, 2081
1994, -9763, 1372, 1372, 2081
1995, -9762, 1372, 1372, 2081
1996, -9762, 1373, 1373, 2081
1996, -9762, 1373, 1373, 2081
1995, -9763, 1372, 1372, 2081
1749, -9808, 1219, 1219, 2081
1749, -9808, 1219, 1219, 2081
1757, -9805, 1130, 1130, 2081
1758, -9802, 1131, 1131, 2081
1754, -9800, 1131, 1131, 2081
1754, -9801, 1132, 1132, 2081
1754, -9801, 1132, 1132, 2081
1758, -9801, 1134, 1134, 2081
1756, -9800, 1133, 1133, 2081
1756, -9801, 1134, 1134, 2081
1757, -9799, 1134, 1134, 2081
1757, -9799, 1134, 1134, 2081
1757, -9799, 1134, 1134, 2081
1755, -9800, 1135, 1135, 2081
1756, -9801, 1136, 1136, 2081
1761, -9800, 1137, 1137, 2081
1761, -9800, 1137, 1137, 2081
1758, -9799, 1137, 1137, 2081
1758, -9799, 1137, 1137, 2081
1758, -9798, 1138, 1138, 2081
1758, -9798, 1138, 1138, 2081
1757, -9798, 1138, 1138, 2081
1760, -9799, 1138, 1138, 2081
1760, -9799, 1138, 1138, 2081
1763, -9798, 1138, 1138, 2081
1763, -9798, 1139, 1139, 2081
1766, -9798, 1139, 1139, 2081
1761, -9798, 1140, 1140, 2081
1761, -9798, 1140, 1140, 2081
1762, -9797, 1139, 1139, 2081
1759, -9798, 1139, 1139, 2079
1759, -9798, 1139, 1139, 2079
1765, -9797, 1139, 1139, 2079
1765, -9797, 1139, 1139, 2079
1764, -9797, 1140, 1140, 2079
1761, -9796, 1140, 1140, 2079
1761, -9796, 1140, 1140, 2079
1761, -9796, 1139, 1139, 2079
1760, -9798, 1140, 1140, 2079
1759, -9797, 1139, 1139, 2079
1761, -9799, 1141, 1141, 2079
1760, -9797, 1140, 1140, 2079
1761, -9797, 1140, 1140, 2079
1761, -9797, 1140, 1140, 2079
1765, -9797, 1141, 1141, 2079
1761, -9797, 1141, 1141, 2079
1761, -9797, 1141, 1141, 2079
1767, -9796, 1142, 1142, 2079
1769, -9796, 1141, 1141, 2079
1769, -9796, 1141, 1141, 2079
1768, -9796, 1142, 1142, 2079
1767, -9795, 1142, 1142, 2079
1767, -9796, 1141, 1141, 2079
1768, -9796, 1142, 1142, 2079
1767, -9795, 1142, 1142, 2081
1767, -9795, 1142, 1142, 2081
1765, -9796, 1141, 1141, 2081
1760, -9795, 1141, 1141, 2081
1761, -9797, 1142, 1142, 2081
1763, -9796, 1142, 1142, 2081
1764, -9796, 1142, 1142, 2081
1767, -9795, 1142, 1142, 2081
1763, -9795, 1142, 1142, 2081
1763, -9795, 1142, 1142, 2081
1763, -9796, 1142, 1142, 2081
1763, -9796, 1143, 1143, 2081
1763, -9796, 1143, 1143, 2081
1761, -9796, 1142, 1142, 2081
1766, -9795, 1143, 1143, 2081
1766, -9795, 1143, 1143, 2081
1769, -9794, 1143, 1143, 2081
1763, -9795, 1143, 1143, 2081
1763, -9795, 1143, 1143, 2081
1762, -9795, 1142, 1142, 2081
1762, -9795, 1142, 1142, 2081
1762, -9795, 1142, 1142, 2081
1763, -9796, 1142, 1142, 2081
1767, -9795, 1141, 1141, 2081
1768, -9795, 1143, 1143, 2081
1766, -9795, 1142, 1142, 2081
1766, -9794, 1143, 1143, 2081
1766, -9794, 1143, 1143, 2081
1768, -9795, 1143, 1143, 2083
1766, -9794, 1143, 1143, 2083
1763, -9795, 1143, 1143, 2083
1763, -9795, 1143, 1143, 2083
1763, -9795, 1144, 1144, 2083
1767, -9795, 1143, 1143, 2083
1769, -9794, 1143, 1143, 2083
1770, -9794, 1143, 1143, 2083
1765, -9795, 1143, 1143, 2083
1765, -9793, 1143, 1143, 2083
1762, -9795, 1143, 1143, 2083
1764, -9796, 1144, 1144, 2083
1764, -9795, 1144, 1144, 2083
1764, -9795, 1144, 1144, 2083
1768, -9794, 1144, 1144, 2083
1768, -9793, 1144, 1144, 2083
1768, -9793, 1144, 1144, 2083
1769, -9794, 1144, 1144, 2083
1770, -9793, 1144, 1144, 2083
1764, -9794, 1145, 1145, 2083
1764, -9795, 1144, 1144, 2083
1764, -9794, 1144, 1144, 2083
1765, -9794, 1143, 1143, 2083
1763, -9794, 1143, 1143, 2085
1762, -9796, 1143, 1143, 2085
1766, -9794, 1145, 1145, 2085
1768, -9793, 1144, 1144, 2085
1771, -9791, 1146, 1146, 2085
1771, -9791, 1146, 1146, 2085
1764, -9793, 1149, 1149, 2085
2006, -9752, 1382, 1382, 2085
2006, -9752, 1382, 1382, 2085
2007, -9753, 1385, 1385, 2085
2007, -9753, 1385, 1385, 2085
2007, -9754, 1384, 1384, 2085
2006, -9755, 1384, 1384, 2085
2006, -9754, 1384, 1384, 2085
2006, -9755, 1383, 1383, 2085
2006, -9755, 1383, 1383, 2085
2005, -9755, 1383, 1383, 2085
2005, -9755, 1383, 1383, 2085
2005, -9755, 1382, 1382, 2085
2005, -9756, 1383, 1383, 2085
2004, -9755, 1382, 1382, 2085
2004, -9756, 1381, 1381, 2085
2003, -9756, 1381, 1381, 2085
2004, -9755, 1381, 1381, 2085
2004, -9755, 1381, 1381, 2085
2002, -9756, 1380, 1380, 2077
2003, -9756, 1380, 1380, 2077
2003, -9756, 1380, 1380, 2077
2003, -9756, 1381, 1381, 2077
2003, -9756, 1380, 1380, 2077
2001, -9756, 1380, 1380, 2077
2003, -9757, 1380, 1380, 2077
2003, -9755, 1380, 1380, 2077
2003, -9755, 1380, 1380, 2077
2001, -9756, 1379, 1379, 2077
2002, -9756, 1379, 1379, 2077
2002, -9756, 1380, 1380, 2077
2002, -9756, 1380, 1380, 2077
2001, -9755, 1379, 1379, 2077
2001, -9755, 1379, 1379, 2077
2002, -9755, 1379, 1379, 2077
2002, -9756, 1379, 1379, 2077
2001, -9756, 1378, 1378, 2077
2001, -9756, 1378, 1378, 2077
2001, -9756, 1379, 1379, 2077
2001, -9756, 1379, 1379, 2077
2001, -9756, 1379, 1379, 2077
2001, -9755, 1379, 1379, 2077
2002, -9756, 1379, 1379, 2077
2001, -9756, 1379, 1379, 2077
2002, -9756, 1379, 1379, 2087
2002, -9756, 1379, 1379, 2087
2002, -9755, 1379, 1379, 2087
2001, -9757, 1379, 1379, 2087
2001, -9757, 1379, 1379, 2087
2001, -9756, 1379, 1379, 2087
2001, -9756, 1379, 1379, 2087
2001, -9755, 1379, 1379, 2087
2001, -9756, 1379, 1379, 2087
2001, -9756, 1379, 1379, 2087
2001, -9756, 1379, 1379, 2087
2001, -9755, 1379, 1379, 2087
2003, -9756, 1379, 1379, 2087
2001, -9755, 1379, 1379, 2087
2001, -9756, 1379, 1379, 2087
2001, -9756, 1379, 1379, 2087
2001, -9755, 1379, 1379, 2087
2001, -9756, 1378, 1378, 2087
2001, -9756, 1378, 1378, 2087
2001, -9755, 1379, 1379, 2087
2001, -9755, 1379, 1379, 2087
2001, -9756, 1378, 1378, 2087
2001, -9756, 1378, 1378, 2087
2001, -9756, 1378, 1378, 2087
2001, -9755, 1378, 1378, 2083
2001, -9756, 1378, 1378, 2083
2001, -9756, 1379, 1379, 2083
2001, -9756, 1379, 1379, 2083
2000, -9756, 1378, 1378, 2083
2000, -9756, 1378, 1378, 2083
2001, -9756, 1379, 1379, 2083
2001, -9755, 1379, 1379, 2083
2001, -9755, 1379, 1379, 2083
2001, -9755, 1379, 1379, 2083
2000, -9755, 1379, 1379, 2083
2001, -9756, 1379, 1379, 2083
2002, -9756, 1379, 1379, 2083
2001, -9756, 1379, 1379, 2083
2000, -9755, 1378, 1378, 2083
2002, -9755, 1379, 1379, 2083
2001, -9755, 1379, 1379, 2083
2001, -9755, 1379, 1379, 2083
2001, -9755, 1379, 1379, 2083
2001, -9755, 1379, 1379, 2083
2001, -9755, 1379, 1379, 2083
2001, -9755, 1379, 1379, 2083
2000, -9755, 1378, 1378, 2083
2000, -9755, 1378, 1378, 2083
2001, -9756, 1379, 1379, 2083
2002, -9755, 1379, 1379, 2083
2001, -9755, 1379, 1379, 2083
2002, -9755, 1379, 1379, 2079
2001, -9755, 1378, 1378, 2079
2001, -9756, 1378, 1378, 2079
2001, -9756, 1378, 1378, 2079
2000, -9755, 1378, 1378, 2079
2001, -9755, 1379, 1379, 2079
2002, -9755, 1379, 1379, 2079
2001, -9755, 1379, 1379, 2079
2001, -9755, 1379, 1379, 2079
2001, -9755, 1379, 1379, 2079
2002, -9755, 1379, 1379, 2079
2001, -9754, 1379, 1379, 2079
2001, -9754, 1379, 1379, 2079
2001, -9755, 1379, 1379, 2079
2001, -9755, 1379, 1379, 2079
2001, -9755, 1379, 1379, 2079
2001, -9755, 1379, 1379, 2079
2001, -9756, 1379, 1379, 2079
2001, -9756, 1379, 1379, 2079
2001, -9754, 1379, 1379, 2079
2002, -9754, 1379, 1379, 2079
2002, -9755, 1379, 1379, 2079
2002, -9755, 1379, 1379, 2079
2002, -9755, 1379, 1379, 2079
2001, -9754, 1379, 1379, 2081
2001, -9754, 1379, 1379, 2081
2001, -9755, 1379, 1379, 2081
2002, -9754, 1380, 1380, 2081
2002, -9755, 1379, 1379, 2081
2002, -9755, 1379, 1379, 2081
2002, -9755, 1379, 1379, 2081
1771, -9800, 1224, 1224, 2081
1760, -9797, 1137, 1137, 2081
1755, -9795, 1137, 1137, 2081
1755, -9796, 1137, 1137, 2081
1761, -9794, 1139, 1139, 2081
1761, -9794, 1139, 1139, 2081
1766, -9793, 1140, 1140, 2081
1762, -9792, 1140, 1140, 2081
1764, -9792, 1142, 1142, 2081
1763, -9792, 1142, 1142, 2081
1763, -9792, 1143, 1143, 2081
1763, -9792, 1143, 1143, 2081
1761, -9791, 1143, 1143, 2081
1768, -9791, 1143, 1143, 2081
1767, -9791, 1144, 1144, 2081
1767, -9791, 1143, 1143, 2081
1770, -9792, 1144, 1144, 2081
1769, -9791, 1144, 1144, 2081
1763, -9791, 1144, 1144, 2081
1771, -9790, 1144, 1144, 2079
1771, -9790, 1144, 1144, 2079
1771, -9791, 1144, 1144, 2079
1764, -9791, 1145, 1145, 2079
1765, -9791, 1146, 1146, 2079
1765, -9791, 1146, 1146, 2079
1764, -9791, 1145, 1145, 2079
1765, -9791, 1145, 1145, 2079
1765, -9791, 1145, 1145, 2079
1769, -9791, 1146, 1146, 2079
1772, -9789, 1146, 1146, 2079
1772, -9789, 1146, 1146, 2079
1772, -9790, 1146, 1146, 2079
1772, -9790, 1146, 1146, 2079
1768, -9790, 1146, 1146, 2079
1766, -9790, 1147, 1147, 2079
1766, -9790, 1147, 1147, 2079
1767, -9790, 1147, 1147, 2079
1766, -9791, 1147, 1147, 2079
1769, -9790, 1146, 1146, 2079
1772, -9789, 1147, 1147, 2079
1772, -9789, 1148, 1148, 2079
1771, -9789, 1147, 1147, 2079
1767, -9790, 1148, 1148, 2079
1767, -9790, 1148, 1148, 2079
1767, -9791, 1148, 1148, 2083
1773, -9789, 1147, 1147, 2083
1773, -9789, 1147, 1147, 2083
1774, -9789, 1148, 1148, 2083
1774, -9788, 1148, 1148, 2083
1770, -9789, 1149, 1149, 2083
1767, -9789, 1148, 1148, 2083
1767, -9789, 1148, 1148, 2083
1769, -9789, 1149, 1149, 2083
1769, -9790, 1148, 1148, 2083
1767, -9790, 1149, 1149, 2083
1773, -9789, 1150, 1150, 2083
1773, -9789, 1150, 1150, 2083
1773, -9789, 1150, 1150, 2083
1773, -9789, 1149, 1149, 2083
1773, -9789, 1149, 1149, 2083
1774, -9788, 1149, 1149, 2083
1773, -9788, 1149, 1149, 2083
1774, -9788, 1149, 1149, 2085
1775, -9789, 1150, 1150, 2085
1775, -9789, 1150, 1150, 2085
1775, -9789, 1150, 1150, 2085
1774, -9788, 1150, 1150, 2085
1774, -9788, 1149, 1149, 2085
1776, -9788, 1150, 1150, 2085
1774, -9787, 1150, 1150, 2085
1775, -9787, 1150, 1150, 2085
1769, -9788, 1149, 1149, 2085
1769, -9788, 1149, 1149, 2085
1769, -9787, 1150, 1150, 2085
1769, -9787, 1150, 1150, 2085
1768, -9788, 1151, 1151, 2085
1770, -9788, 1150, 1150, 2085
1776, -9787, 1150, 1150, 2085
1776, -9787, 1150, 1150, 2085
1776, -9787, 1151, 1151, 2085
1777, -9786, 1151, 1151, 2085
1772, -9787, 1151, 1151, 2085
1777, -9786, 1151, 1151, 2085
1776, -9787, 1150, 1150, 2085
1776, -9787, 1152, 1152, 2085
1771, -9788, 1150, 1150, 2085
1773, -9788, 1151, 1151, 2085
1775, -9788, 1152, 1152, 2085
1778, -9786, 1151, 1151, 2085
1778, -9786, 1151, 1151, 2085
1772, -9786, 1152, 1152, 2085
1772, -9786, 1151, 1151, 2085
1771, -9787, 1152, 1152, 2085
1771, -9787, 1152, 1152, 2085
1770, -9787, 1151, 1151, 2085
1772, -9787, 1151, 1151, 2085
1774, -9787, 1152, 1152, 2085
1778, -9786, 1152, 1152, 2085
1778, -9786, 1152, 1152, 2085
1778, -9783, 1156, 1156, 2085
2012, -9745, 1384, 1384, 2085
2012, -9745, 1384, 1384, 2085
2012, -9745, 1390, 1390, 2085
2015, -9745, 1392, 1392, 2085
2015, -9745, 1392, 1392, 2085
2014, -9747, 1391, 1391, 2085
2012, -9745, 1391, 1391, 2085
2013, -9747, 1391, 1391, 2085
2011, -9748, 1389, 1389, 2079
2011, -9748, 1389, 1389, 2079
2011, -9748, 1389, 1389, 2079
2012, -9747, 1389, 1389, 2079
2011, -9748, 1389, 1389, 2079
2011, -9748, 1388, 1388, 2079
2011, -9748, 1388, 1388, 2079
2010, -9748, 1388, 1388, 2079
2010, -9748, 1388, 1388, 2079
2010, -9749, 1387, 1387, 2079
2010, -9749, 1388, 1388, 2079
2010, -9749, 1388, 1388, 2079
2009, -9748, 1387, 1387, 2079
2009, -9749, 1387, 1387, 2079
2010, -9749, 1387, 1387, 2079
2009, -9749, 1387, 1387, 2079
2010, -9748, 1387, 1387, 2079
2008, -9749, 1386, 1386, 2079
2009, -9749, 1387, 1387, 2079
2009, -9749, 1387, 1387, 2079
2009, -9749, 1387, 1387, 2079
2008, -9749, 1386, 1386, 2079
2009, -9749, 1387, 1387, 2079
2008, -9748, 1386, 1386, 2079
2008, -9749, 1386, 1386, 2079
2008, -9750, 1386, 1386, 2079
2007, -9749, 1386, 1386, 2083
2008, -9749, 1386, 1386, 2083
2008, -9749, 1386, 1386, 2083
2008, -9749, 1386, 1386, 2083
2008, -9749, 1386, 1386, 2083
2008, -9749, 1386, 1386, 2083
2008, -9749, 1386, 1386, 2083
2007, -9749, 1385, 1385, 2083
2007, -9749, 1385, 1385, 2083
2008, -9748, 1386, 1386, 2083
2008, -9749, 1386, 1386, 2083
2009, -9748, 1386, 1386, 2083
2008, -9749, 1386, 1386, 2083
2007, -9749, 1385, 1385, 2083
2007, -9749, 1385, 1385, 2083
2009, -9749, 1386, 1386, 2083
2008, -9750, 1386, 1386, 2083
2008, -9750, 1386, 1386, 2083
2008, -9748, 1386, 1386, 2083
2008, -9749, 1385, 1385, 2083
2008, -9749, 1385, 1385, 2083
2008, -9748, 1386, 1386, 2083
2009, -9749, 1386, 1386, 2083
2007, -9749, 1386, 1386, 2083
2007, -9749, 1386, 1386, 2083
2008, -9749, 1386, 1386, 2081
2008, -9748, 1385, 1385, 2081
2006, -9748, 1385, 1385, 2081
2008, -9749, 1386, 1386, 2081
2008, -9749, 1386, 1386, 2081
2008, -9749, 1385, 1385, 2081
2008, -9750, 1385, 1385, 2081
2008, -9748, 1386, 1386, 2081
2008, -9749, 1386, 1386, 2081
2008, -9749, 1386, 1386, 2081
2008, -9748, 1385, 1385, 2081
2008, -9748, 1385, 1385, 2081
2008, -9749, 1385, 1385, 2081
2008, -9749, 1385, 1385, 2081
2008, -9748, 1385, 1385, 2081
2008, -9749, 1386, 1386, 2081
2008, -9748, 1386, 1386, 2081
2008, -9748, 1385, 1385, 2081
2008, -9748, 1385, 1385, 2081
2008, -9748, 1386, 1386, 2081
2008, -9747, 1386, 1386, 2081
2008, -9747, 1386, 1386, 2081
2008, -9748, 1385, 1385, 2081
2008, -9748, 1386, 1386, 2081
2008, -9748, 1386, 1386, 2081
2008, -9748, 1385, 1385, 2081
2008, -9748, 1385, 1385, 2081
2008, -9748, 1385, 1385, 2081
2008, -9748, 1386, 1386, 2081
2008, -9748, 1386, 1386, 2081
2007, -9748, 1385, 1385, 2081
2008, -9748, 1385, 1385, 2081
2008, -9748, 1385, 1385, 2081
2009, -9749, 1386, 1386, 2081
2008, -9748, 1386, 1386, 2081
2008, -9748, 1386, 1386, 2081
2009, -9747, 1386, 1386, 2081
2008, -9748, 1386, 1386, 2081
2008, -9749, 1386, 1386, 2081
2008, -9747, 1386, 1386, 2081
2009, -9747, 1386, 1386, 2081
2009, -9748, 1386, 1386, 2081
2009, -9748, 1386, 1386, 2081
2009, -9748, 1386, 1386, 2081
2008, -9748, 1386, 1386, 2081
2008, -9748, 1386, 1386, 2081
2008, -9747, 1386, 1386, 2081
2008, -9747, 1386, 1386, 2081
2008, -9747, 1386, 1386, 2081
2008, -9747, 1386, 1386, 2081
2008, -9747, 1386, 1386, 2081
2008, -9748, 1386, 1386, 2081
2008, -9747, 1386, 1386, 2081
2009, -9748, 1386, 1386, 2081
2009, -9747, 1386, 1386, 2081
2010, -9748, 1387, 1387, 2081
2008, -9747, 1386, 1386, 2081
2009, -9746, 1387, 1387, 2081
2009, -9746, 1387, 1387, 2081
2009, -9747, 1386, 1386, 2081
2008, -9747, 1386, 1386, 2081
2008, -9747, 1386, 1386, 2081
2009, -9747, 1387, 1387, 2081
2008, -9747, 1386, 1386, 2081
2008, -9747, 1386, 1386, 2081
1770, -9788, 1145, 1145, 2081
1770, -9788, 1145, 1145, 2081
1769, -9787, 1146, 1146, 2081
1768, -9786, 1146, 1146, 2081
1769, -9787, 1146, 1146, 2081
1766, -9786, 1147, 1147, 2081
1769, -9786, 1149, 1149, 2081
1771, -9786, 1148, 1148, 2081
1775, -9784, 1149, 1149, 2083
1775, -9784, 1149, 1149, 2083
1770, -9785, 1150, 1150, 2083
1769, -9785, 1150, 1150, 2083
1769, -9786, 1150, 1150, 2083
1771, -9785, 1151, 1151, 2083
1774, -9784, 1151, 1151, 2083
1776, -9784, 1151, 1151, 2083
1775, -9783, 1152, 1152, 2083
1775, -9783, 1152, 1152, 2083
1773, -9784, 1152, 1152, 2083
1773, -9784, 1152, 1152, 2083
1771, -9784, 1152, 1152, 2083
1772, -9784, 1153, 1153, 2083
1774, -9783, 1153, 1153, 2083
1780, -9783, 1154, 1154, 2083
1780, -9783, 1154, 1154, 2083
1777, -9782, 1153, 1153, 2083
1780, -9783, 1154, 1154, 2083
1780, -9783, 1154, 1154, 2083
1775, -9782, 1154, 1154, 2083
1775, -9782, 1154, 1154, 2083
1774, -9782, 1153, 1153, 2083
1776, -9783, 1154, 1154, 2083
1776, -9783, 1154, 1154, 2083
1777, -9783, 1155, 1155, 2083
1773, -9782, 1154, 1154, 2083
1774, -9782, 1154, 1154, 2083
1773, -9782, 1155, 1155, 2083
1775, -9782, 1155, 1155, 2083
1775, -9783, 1154, 1154, 2083
1774, -9783, 1154, 1154, 2083
1780, -9781, 1154, 1154, 2083
1780, -9781, 1155, 1155, 2083
1780, -9781, 1155, 1155, 2083
1774, -9782, 1154, 1154, 2083
1774, -9782, 1154, 1154, 2083
1774, -9782, 1155, 1155, 2083
1778, -9781, 1154, 1154, 2083
1773, -9781, 1155, 1155, 2083
1773, -9781, 1155, 1155, 2083
1777, -9781, 1155, 1155, 2083
1779, -9782, 1155, 1155, 2083
1781, -9780, 1155, 1155, 2083
1781, -9780, 1154, 1154, 2083
1776, -9781, 1155, 1155, 2083
1777, -9781, 1156, 1156, 2083
1777, -9781, 1155, 1155, 2083
1775, -9782, 1155, 1155, 2083
1779, -9780, 1156, 1156, 2081
1780, -9780, 1157, 1157, 2081
1781, -9780, 1156, 1156, 2081
1777, -9781, 1156, 1156, 2081
1777, -9781, 1156, 1156, 2081
1777, -9781, 1156, 1156, 2081
1777, -9781, 1156, 1156, 2081
1776, -9781, 1156, 1156, 2081
1776, -9781, 1156, 1156, 2081
1781, -9782, 1156, 1156, 2081
1781, -9782, 1156, 1156, 2081
1781, -9780, 1156, 1156, 2081
1783, -9780, 1157, 1157, 2081
1780, -9780, 1157, 1157, 2081
1780, -9780, 1157, 1157, 2081
1778, -9781, 1157, 1157, 2081
1778, -9781, 1157, 1157, 2081
1777, -9780, 1157, 1157, 2081
1780, -9780, 1157, 1157, 2081
1779, -9781, 1157, 1157, 2081
1782, -9779, 1157, 1157, 2081
1782, -9780, 1157, 1157, 2081
1782, -9780, 1157, 1157, 2081
1781, -9780, 1157, 1157, 2081
1780, -9779, 1157, 1157, 2081
1782, -9780, 1157, 1157, 2081
1782, -9780, 1157, 1157, 2081
1783, -9780, 1158, 1158, 2081
1783, -9780, 1158, 1158, 2081
1783, -9780, 1157, 1157, 2081
1783, -9780, 1157, 1157, 2081
1779, -9779, 1158, 1158, 2081
1778, -9781, 1158, 1158, 2081
1778, -9781, 1158, 1158, 2081
1778, -9781, 1158, 1158, 2081
1780, -9780, 1158, 1158, 2081
1780, -9780, 1158, 1158, 2081
1779, -9780, 1158, 1158, 2081
1779, -9780, 1158, 1158, 2081
1779, -9781, 1158, 1158, 2081
1782, -9779, 1157, 1157, 2081
1782, -9779, 1157, 1157, 2081
1784, -9780, 1158, 1158, 2081
1778, -9779, 1157, 1157, 2081
1781, -9780, 1158, 1158, 2081
1778, -9780, 1158, 1158, 2081
1778, -9780, 1159, 1159, 2081
1780, -9779, 1158, 1158, 2081
1777, -9779, 1158, 1158, 2077
1777, -9779, 1158, 1158, 2077
1788, -9776, 1164, 1164, 2077
1788, -9776, 1164, 1164, 2077
2018, -9737, 1390, 1390, 2077
2022, -9739, 1398, 1398, 2077
2022, -9739, 1398, 1398, 2077
2021, -9739, 1399, 1399, 2077
2021, -9739, 1398, 1398, 2077
2021, -9739, 1398, 1398, 2077
2020, -9739, 1398, 1398, 2077
2020, -9740, 1397, 1397, 2077
2018, -9739, 1397, 1397, 2077
2018, -9739, 1397, 1397, 2077
2019, -9740, 1396, 1396, 2077
2019, -9740, 1397, 1397, 2077
2017, -9740, 1395, 1395, 2077
2017, -9740, 1395, 1395, 2077
2017, -9741, 1395, 1395, 2077
2017, -9741, 1395, 1395, 2077
2018, -9741, 1395, 1395, 2077
2017, -9741, 1395, 1395, 2077
2016, -9742, 1394, 1394, 2077
2017, -9741, 1395, 1395, 2077
2016, -9741, 1393, 1393, 2077
2015, -9741, 1393, 1393, 2075
2016, -9742, 1394, 1394, 2075
2016, -9741, 1393, 1393, 2075
2016, -9741, 1393, 1393, 2075
2016, -9742, 1393, 1393, 2075
2015, -9741, 1393, 1393, 2075
2015, -9741, 1393, 1393, 2075
2015, -9742, 1393, 1393, 2075
2015, -9742, 1393, 1393, 2075
2015, -9742, 1393, 1393, 2075
2014, -9741, 1393, 1393, 2075
2015, -9742, 1393, 1393, 2075
2015, -9742, 1393, 1393, 2075
2015, -9742, 1393, 1393, 2075
2015, -9741, 1393, 1393, 2075
2015, -9741, 1393, 1393, 2075
2015, -9741, 1393, 1393, 2075
2015, -9741, 1392, 1392, 2075
2015, -9741, 1392, 1392, 2075
2015, -9741, 1393, 1393, 2075
2016, -9742, 1393, 1393, 2075
2016, -9742, 1393, 1393, 2075
2015, -9742, 1393, 1393, 2075
2015, -9741, 1393, 1393, 2077
2015, -9741, 1393, 1393, 2077
2015, -9741, 1392, 1392, 2077
2015, -9741, 1393, 1393, 2077
2015, -9741, 1392, 1392, 2077
2015, -9741, 1392, 1392, 2077
2016, -9741, 1393, 1393, 2077
2016, -9741, 1393, 1393, 2077
2016, -9741, 1393, 1393, 2077
2016, -9742, 1393, 1393, 2077
2016, -9742, 1393, 1393, 2077
2014, -9741, 1392, 1392, 2077
2015, -9742, 1392, 1392, 2077
2015, -9740, 1393, 1393, 2077
2015, -9740, 1392, 1392, 2077
2015, -9740, 1392, 1392, 2077
2015, -9741, 1393, 1393, 2077
2015, -9741, 1393, 1393, 2077
2015, -9741, 1392, 1392, 2077
2015, -9741, 1392, 1392, 2077
2016, -9741, 1393, 1393, 2077
2016, -9741, 1393, 1393, 2077
2014, -9740, 1392, 1392, 2077
2014, -9740, 1393, 1393, 2077
2014, -9740, 1393, 1393, 2077
2016, -9741, 1393, 1393, 2077
2015, -9741, 1393, 1393, 2083
2015, -9740, 1392, 1392, 2083
2016, -9740, 1393, 1393, 2083
2016, -9740, 1393, 1393, 2083
2014, -9741, 1392, 1392, 2083
2015, -9741, 1393, 1393, 2083
2015, -9740, 1393, 1393, 2083
2015, -9740, 1393, 1393, 2083
2014, -9741, 1393, 1393, 2083
2016, -9741, 1393, 1393, 2083
2015, -9741, 1393, 1393, 2083
2016, -9741, 1393, 1393, 2083
2015, -9741, 1393, 1393, 2083
2015, -9741, 1393, 1393, 2083
2016, -9741, 1393, 1393, 2083
2015, -9741, 1393, 1393, 2083
2016, -9741, 1393, 1393, 2083
2015, -9742, 1393, 1393, 2083
2015, -9742, 1393, 1393, 2083
2015, -9741, 1393, 1393, 2083
2016, -9741, 1393, 1393, 2083
2015, -9742, 1393, 1393, 2083
2015, -9741, 1393, 1393, 2083
2015, -9741, 1393, 1393, 2083
2016, -9741, 1393, 1393, 2083
2016, -9740, 1393, 1393, 2083
2016, -9740, 1393, 1393, 2083
2015, -9740, 1393, 1393, 2083
2014, -9740, 1392, 1392, 2083
2014, -9740, 1392, 1392, 2083
2015, -9740, 1393, 1393, 2083
2015, -9740, 1393, 1393, 2083
2016, -9740, 1393, 1393, 2083
2015, -9741, 1393, 1393, 2083
2015, -9741, 1393, 1393, 2083
2015, -9741, 1393, 1393, 2083
2016, -9740, 1393, 1393, 2083
2016, -9740, 1393, 1393, 2083
2015, -9741, 1393, 1393, 2083
2015, -9741, 1393, 1393, 2083
2014, -9740, 1393, 1393, 2083
2015, -9740, 1393, 1393, 2083
2015, -9740, 1393, 1393, 2083
2016, -9740, 1393, 1393, 2083
2016, -9740, 1393, 1393, 2083
2014, -9739, 1393, 1393, 2083
2015, -9740, 1392, 1392, 2083
2016, -9741, 1394, 1394, 2083
2016, -9739, 1393, 1393, 2081
2016, -9739, 1393, 1393, 2081
2016, -9739, 1393, 1393, 2081
2016, -9739, 1393, 1393, 2081
2015, -9740, 1393, 1393, 2081
2016, -9739, 1393, 1393, 2081
2015, -9739, 1393, 1393, 2081
2015, -9739, 1393, 1393, 2081
2017, -9740, 1394, 1394, 2081
2017, -9740, 1394, 1394, 2081
2016, -9740, 1393, 1393, 2081
2015, -9739, 1393, 1393, 2081
2017, -9739, 1394, 1394, 2081
2015, -9740, 1394, 1394, 2081
2016, -9739, 1394, 1394, 2081
2017, -9739, 1394, 1394, 2081
2016, -9739, 1394, 1394, 2081
2016, -9739, 1394, 1394, 2081
2016, -9739, 1394, 1394, 2081
2016, -9739, 1393, 1393, 2081
2016, -9739, 1393, 1393, 2081
2017, -9739, 1394, 1394, 2081
2017, -9739, 1394, 1394, 2081
2017, -9739, 1394, 1394, 2081
2016, -9739, 1394, 1394, 2081
2016, -9739, 1394, 1394, 2081
2016, -9739, 1394, 1394, 2081
2015, -9739, 1393, 1393, 2081
2017, -9739, 1394, 1394, 2081
2016, -9739, 1394, 1394, 2081
2017, -9739, 1394, 1394, 2081
2017, -9739, 1394, 1394, 2081
2017, -9739, 1395, 1395, 2081
2017, -9739, 1394, 1394, 2081
2016, -9738, 1394, 1394, 2081
2016, -9738, 1394, 1394, 2081
2016, -9738, 1394, 1394, 2081
2016, -9738, 1394, 1394, 2081
2017, -9739, 1394, 1394, 2081
2015, -9738, 1393, 1393, 2081
2016, -9738, 1394, 1394, 2081
2018, -9738, 1394, 1394, 2081
2018, -9738, 1394, 1394, 2081
2015, -9738, 1394, 1394, 2081
2017, -9739, 1394, 1394, 2081
2017, -9738, 1394, 1394, 2081
2016, -9738, 1394, 1394, 2081
2016, -9739, 1394, 1394, 2081
2016, -9739, 1394, 1394, 2081
2016, -9738, 1395, 1395, 2081
2016, -9738, 1395, 1395, 2081
2018, -9739, 1394, 1394, 2085
2018, -9739, 1394, 1394, 2085
2017, -9739, 1394, 1394, 2085
2017, -9739, 1394, 1394, 2085
2017, -9739, 1395, 1395, 2085
2017, -9737, 1395, 1395, 2085
2017, -9737, 1395, 1395, 2085
2017, -9738, 1395, 1395, 2085
2018, -9738, 1395, 1395, 2085
2017, -9739, 1395, 1395, 2085
2017, -9738, 1394, 1394, 2085
2016, -9739, 1394, 1394, 2085
2018, -9738, 1395, 1395, 2085
2018, -9738, 1395, 1395, 2085
2017, -9738, 1395, 1395, 2085
2017, -9738, 1395, 1395, 2085
2017, -9738, 1395, 1395, 2085
2018, -9739, 1395, 1395, 2085
2017, -9739, 1395, 1395, 2085
2017, -9739, 1395, 1395, 2085
2018, -9738, 1395, 1395, 2085
2017, -9738, 1395, 1395, 2085
2017, -9738, 1395, 1395, 2085
2017, -9737, 1395, 1395, 2085
2016, -9739, 1394, 1394, 2087
2018, -9737, 1395, 1395, 2087
2017, -9738, 1395, 1395, 2087
2017, -9738, 1395, 1395, 2087
2017, -9738, 1395, 1395, 2087
2018, -9738, 1396, 1396, 2087
2018, -9738, 1396, 1396, 2087
2018, -9738, 1395, 1395, 2087
2018, -9737, 1395, 1395, 2087
2018, -9737, 1396, 1396, 2087
2018, -9737, 1396, 1396, 2087
2019, -9737, 1396, 1396, 2087
2018, -9738, 1396, 1396, 2087
2017, -9738, 1395, 1395, 2087
2018, -9737, 1396, 1396, 2087
2018, -9739, 1395, 1395, 2087
2019, -9737, 1395, 1395, 2087
2019, -9737, 1395, 1395, 2087
2017, -9738, 1395, 1395, 2087
2017, -9738, 1395, 1395, 2087
2017, -9738, 1395, 1395, 2087
2017, -9738, 1395, 1395, 2087
2019, -9738, 1396, 1396, 2087
2019, -9738, 1396, 1396, 2087
2018, -9737, 1396, 1396, 2087
2019, -9737, 1396, 1396, 2087
2019, -9737, 1396, 1396, 2087
2018, -9737, 1396, 1396, 2089
2018, -9738, 1395, 1395, 2089
2017, -9737, 1396, 1396, 2089
2017, -9737, 1395, 1395, 2089
2017, -9736, 1395, 1395, 2089
2018, -9737, 1395, 1395, 2089
2019, -9737, 1396, 1396, 2089
2019, -9737, 1396, 1396, 2089
2017, -9737, 1396, 1396, 2089
2018, -9737, 1395, 1395, 2089
2019, -9736, 1396, 1396, 2089
2018, -9737, 1396, 1396, 2089
2019, -9738, 1396, 1396, 2089
2018, -9736, 1397, 1397, 2089
2019, -9737, 1396, 1396, 2089
2018, -9737, 1396, 1396, 2089
2020, -9738, 1397, 1397, 2089
2020, -9738, 1396, 1396, 2089
2019, -9739, 1396, 1396, 2089
2019, -9739, 1396, 1396, 2089
2018, -9739, 1396, 1396, 2089
2019, -9739, 1396, 1396, 2089
2019, -9739, 1396, 1396, 2089
2019, -9739, 1396, 1396, 2089
2018, -9738, 1395, 1395, 2089
2018, -9738, 1396, 1396, 2097
2019, -9738, 1397, 1397, 2097
2019, -9739, 1397, 1397, 2097
2019, -9738, 1397, 1397, 2097
2019, -9738, 1396, 1396, 2097
2019, -9738, 1397, 1397, 2097
2019, -9739, 1397, 1397, 2097
2019, -9739, 1397, 1397, 2097
2019, -9739, 1397, 1397, 2097
2019, -9738, 1397, 1397, 2097
2019, -9738, 1397, 1397, 2097
2020, -9739, 1397, 1397, 2097
2020, -9737, 1397, 1397, 2097
2020, -9737, 1397, 1397, 2097
2019, -9738, 1397, 1397, 2097
2019, -9738, 1397, 1397, 2097
2018, -9738, 1396, 1396, 2097
2018, -9738, 1397, 1397, 2097
2018, -9738, 1397, 1397, 2097
2019, -9738, 1398, 1398, 2097
2020, -9737, 1398, 1398, 2097
2018, -9738, 1397, 1397, 2101
2018, -9738, 1397, 1397, 2101
2021, -9738, 1397, 1397, 2101
2021, -9738, 1397, 1397, 2101
2020, -9737, 1398, 1398, 2101
2020, -9737, 1398, 1398, 2101
2021, -9738, 1398, 1398, 2101
2020, -9737, 1398, 1398, 2101
2019, -9738, 1397, 1397, 2101
2020, -9739, 1397, 1397, 2101
2020, -9738, 1398, 1398, 2101
2021, -9738, 1398, 1398, 2101
2020, -9737, 1398, 1398, 2101
2020, -9737, 1398, 1398, 2101
2021, -9737, 1398, 1398, 2101
2020, -9738, 1398, 1398, 2101
2020, -9737, 1398, 1398, 2101
2021, -9737, 1399, 1399, 2101
2021, -9737, 1399, 1399, 2101
2021, -9737, 1399, 1399, 2101
2021, -9737, 1398, 1398, 2101
2021, -9736, 1398, 1398, 2101
2021, -9737, 1398, 1398, 2101
2021, -9736, 1398, 1398, 2101
2021, -9737, 1399, 1399, 2101
2020, -9736, 1397, 1397, 2107
2020, -9736, 1397, 1397, 2107
2021, -9736, 1398, 1398, 2107
2021, -9736, 1399, 1399, 2107
2021, -9737, 1399, 1399, 2107
2022, -9737, 1399, 1399, 2107
2021, -9736, 1398, 1398, 2107
2021, -9736, 1398, 1398, 2107
2022, -9736, 1399, 1399, 2107
2021, -9736, 1399, 1399, 2107
2022, -9736, 1399, 1399, 2107
2022, -9736, 1399, 1399, 2107
2022, -9737, 1399, 1399, 2107
2022, -9737, 1399, 1399, 2107
2021, -9737, 1399, 1399, 2107
2021, -9737, 1399, 1399, 2107
2022, -9736, 1399, 1399, 2107
2022, -9736, 1399, 1399, 2107
2021, -9735, 1398, 1398, 2107
2022, -9736, 1399, 1399, 2107
2021, -9736, 1399, 1399, 2107
2022, -9736, 1399, 1399, 2107
2021, -9736, 1399, 1399, 2107
2022, -9736, 1400, 1400, 2107
2021, -9737, 1399, 1399, 2095
2021, -9736, 1399, 1399, 2095
2022, -9736, 1399, 1399, 2095
2022, -9736, 1399, 1399, 2095
2022, -9735, 1400, 1400, 2095
2022, -9734, 1400, 1400, 2095
2022, -9734, 1400, 1400, 2095
2022, -9735, 1400, 1400, 2095
2021, -9735, 1399, 1399, 2095
2022, -9735, 1400, 1400, 2095
2022, -9735, 1400, 1400, 2095
2022, -9735, 1400, 1400, 2095
2021, -9735, 1399, 1399, 2095
2023, -9735, 1400, 1400, 2095
2022, -9735, 1400, 1400, 2095
2022, -9735, 1400, 1400, 2095
2022, -9735, 1400, 1400, 2095
2022, -9735, 1400, 1400, 2095
2023, -9736, 1400, 1400, 2095
2023, -9736, 1400, 1400, 2095
2022, -9735, 1400, 1400, 2095
2022, -9735, 1400, 1400, 2095
2021, -9735, 1399, 1399, 2095
2023, -9735, 1400, 1400, 2095
2023, -9735, 1400, 1400, 2095
2021, -9736, 1399, 1399, 2089
2022, -9735, 1399, 1399, 2089
2023, -9735, 1400, 1400, 2089
2022, -9735, 1400, 1400, 2089
2022, -9736, 1400, 1400, 2089
2023, -9736, 1401, 1401, 2089
2022, -9735, 1400, 1400, 2089
2022, -9735, 1400, 1400, 2089
2022, -9735, 1400, 1400, 2089
2023, -9735, 1401, 1401, 2089
2023, -9735, 1401, 1401, 2089
2023, -9734, 1401, 1401, 2089
2023, -9734, 1401, 1401, 2089
2022, -9734, 1400, 1400, 2089
2023, -9734, 1401, 1401, 2089
2023, -9734, 1401, 1401, 2089
2022, -9733, 1400, 1400, 2089
2022, -9733, 1400, 1400, 2089
2023, -9735, 1401, 1401, 2089
2023, -9735, 1401, 1401, 2089
2023, -9734, 1401, 1401, 2089
2024, -9734, 1401, 1401, 2089
2024, -9734, 1401, 1401, 2089
2022, -9733, 1400, 1400, 2089
2022, -9735, 1399, 1399, 2075
2020, -9735, 1399, 1399, 2075
2022, -9734, 1400, 1400, 2075
2022, -9734, 1399, 1399, 2075
2023, -9734, 1400, 1400, 2075
2022, -9733, 1400, 1400, 2075
2022, -9734, 1400, 1400, 2075
2022, -9733, 1400, 1400, 2075
2022, -9733, 1400, 1400, 2075
2021, -9734, 1399, 1399, 2075
2021, -9733, 1399, 1399, 2075
2023, -9733, 1400, 1400, 2075
2023, -9733, 1400, 1400, 2075
2021, -9734, 1399, 1399, 2075
2023, -9734, 1400, 1400, 2075
2023, -9732, 1400, 1400, 2075
2024, -9731, 1399, 1399, 2075
2022, -9731, 1399, 1399, 2075
2023, -9732, 1400, 1400, 2075
2023, -9730, 1400, 1400, 2075
2023, -9732, 1400, 1400, 2075
2022, -9731, 1400, 1400, 2075
2022, -9731, 1400, 1400, 2075
2025, -9731, 1402, 1402, 2077
2025, -9731, 1402, 1402, 2077
2026, -9731, 1403, 1403, 2077
2024, -9730, 1402, 1402, 2077
2024, -9730, 1402, 1402, 2077
2025, -9730, 1402, 1402, 2077
2025, -9730, 1402, 1402, 2077
2025, -9731, 1403, 1403, 2077
2025, -9731, 1403, 1403, 2077
2024, -9731, 1403, 1403, 2077
2025, -9731, 1402, 1402, 2077
2026, -9732, 1403, 1403, 2077
2026, -9732, 1403, 1403, 2077
2025, -9731, 1402, 1402, 2077
2025, -9730, 1403, 1403, 2077
2024, -9730, 1403, 1403, 2077
2025, -9730, 1403, 1403, 2077
2025, -9731, 1403, 1403, 2077
