4000, -9400, 123, 123, -848
3999, -9399, 123, 123, -848
4000, -9400, 123, 123, -848
4000, -9399, 124, 124, -848
4000, -9400, 124, 124, -819
4000, -9399, 124, 124, -819
4000, -9400, 123, 123, -819
3999, -9400, 123, 123, -819
3999, -9400, 123, 123, -819
3999, -9400, 123, 123, -819
3999, -9400, 123, 123, -819
4000, -9399, 123, 123, -819
3999, -9399, 124, 124, -819
3998, -9400, 122, 122, -819
3998, -9400, 122, 122, -819
4000, -9400, 122, 122, -819
3999, -9399, 122, 122, -819
3999, -9399, 122, 122, -819
3999, -9399, 122, 122, -819
3999, -9400, 124, 124, -819
4000, -9399, 124, 124, -819
4000, -9399, 124, 124, -819
3999, -9399, 123, 123, -819
4001, -9400, 124, 124, -819
4001, -9400, 124, 124, -819
4001, -9399, 124, 124, -819
4001, -9400, 125, 125, -819
4001, -9400, 125, 125, -819
4001, -9399, 124, 124, -819
3999, -9400, 124, 124, -819
4001, -9400, 124, 124, -819
4001, -9400, 124, 124, -819
4002, -9400, 125, 125, -809
4000, -9400, 124, 124, -809
4001, -9400, 124, 124, -809
4002, -9400, 124, 124, -809
3997, -9402, 122, 122, -809
3997, -9402, 122, 122, -809
3998, -9402, 121, 121, -809
3997, -9401, 121, 121, -809
3997, -9401, 121, 121, -809
3997, -9401, 121, 121, -809
3997, -9401, 121, 121, -809
3997, -9400, 120, 120, -809
3997, -9400, 120, 120, -809
3997, -9400, 121, 121, -809
3998, -9401, 121, 121, -809
3998, -9401, 121, 121, -809
3997, -9400, 120, 120, -809
3997, -9400, 120, 120, -809
3997, -9401, 121, 121, -809
3998, -9401, 121, 121, -809
3998, -9401, 121, 121, -809
3998, -9400, 121, 121, -809
3998, -9400, 121, 121, -809
3997, -9401, 121, 121, -809
3997, -9400, 121, 121, -809
3997, -9400, 121, 121, -809
3997, -9400, 121, 121, -809
3997, -9400, 121, 121, -809
3998, -9400, 121, 121, -797
3998, -9401, 121, 121, -797
3998, -9401, 121, 121, -797
3996, -9401, 121, 121, -797
3998, -9400, 121, 121, -797
3998, -9400, 121, 121, -797
3997, -9401, 121, 121, -797
3997, -9400, 121, 121, -797
3997, -9400, 121, 121, -797
3998, -9401, 121, 121, -797
3998, -9401, 122, 122, -797
3998, -9400, 122, 122, -797
3997, -9401, 121, 121, -797
3997, -9401, 121, 121, -797
3997, -9400, 121, 121, -797
3997, -9400, 121, 121, -797
3997, -9400, 121, 121, -797
3996, -9401, 121, 121, -797
3996, -9401, 121, 121, -797
3996, -9400, 120, 120, -797
3996, -9400, 120, 120, -797
3997, -9401, 120, 120, -797
3998, -9401, 121, 121, -797
3997, -9401, 121, 121, -797
3997, -9401, 121, 121, -797
3997, -9400, 120, 120, -797
3997, -9401, 121, 121, -797
3999, -9401, 122, 122, -787
3996, -9400, 120, 120, -787
3996, -9400, 120, 120, -787
3997, -9400, 120, 120, -787
3997, -9401, 120, 120, -787
3997, -9401, 121, 121, -787
3997, -9401, 120, 120, -787
3997, -9401, 120, 120, -787
3996, -9401, 120, 120, -787
3996, -9400, 120, 120, -787
3997, -9401, 121, 121, -787
3997, -9401, 120, 120, -787
3997, -9402, 120, 120, -787
3997, -9402, 120, 120, -787
3996, -9402, 121, 121, -787
3997, -9401, 120, 120, -787
3997, -9401, 120, 120, -787
3996, -9400, 120, 120, -787
3996, -9401, 120, 120, -787
3997, -9402, 120, 120, -787
3997, -9402, 120, 120, -787
3996, -9402, 120, 120, -787
3998, -9400, 121, 121, -784
3998, -9400, 121, 121, -784
3997, -9401, 120, 120, -784
3997, -9401, 120, 120, -784
3997, -9400, 120, 120, -784
3997, -9400, 120, 120, -784
3996, -9402, 120, 120, -784
3996, -9402, 120, 120, -784
3995, -9402, 120, 120, -784
3995, -9402, 120, 120, -784
3997, -9401, 120, 120, -784
3998, -9400, 121, 121, -784
3996, -9401, 120, 120, -784
3997, -9402, 120, 120, -784
3997, -9401, 120, 120, -784
3997, -9401, 120, 120, -784
3996, -9401, 120, 120, -784
3997, -9402, 120, 120, -784
3997, -9401, 120, 120, -784
3997, -9401, 120, 120, -784
3997, -9401, 120, 120, -784
3996, -9400, 120, 120, -782
3996, -9400, 120, 120, -782
3997, -9401, 120, 120, -782
3996, -9402, 119, 119, -782
3996, -9402, 119, 119, -782
3997, -9401, 120, 120, -782
3997, -9401, 120, 120, -782
3996, -9400, 120, 120, -782
3996, -9401, 120, 120, -782
3996, -9401, 120, 120, -782
3996, -9401, 120, 120, -782
3996, -9402, 120, 120, -782
3996, -9402, 120, 120, -782
3997, -9402, 120, 120, -782
3996, -9402, 120, 120, -782
3996, -9402, 120, 120, -782
3996, -9402, 120, 120, -782
3998, -9400, 120, 120, -782
3997, -9401, 120, 120, -782
3997, -9401, 120, 120, -782
3997, -9401, 120, 120, -782
3923, -9423, 48, 48, -778
3923, -9423, 48, 48, -778
3920, -9422, 44, 44, -778
3916, -9420, 42, 42, -778
3916, -9420, 39, 39, -778
3914, -9420, 37, 37, -778
3912, -9421, 36, 36, -778
3909, -9422, 34, 34, -778
3909, -9422, 34, 34, -778
3910, -9422, 33, 33, -778
3908, -9421, 33, 33, -778
3908, -9421, 33, 33, -778
3908, -9420, 32, 32, -778
3908, -9421, 32, 32, -778
3905, -9420, 30, 30, -778
3905, -9420, 30, 30, -778
3905, -9421, 30, 30, -778
3907, -9421, 30, 30, -778
3906, -9419, 29, 29, -778
3906, -9419, 29, 29, -778
3904, -9420, 28, 28, -778
3904, -9420, 27, 27, -778
3904, -9420, 27, 27, -778
3905, -9420, 28, 28, -778
3904, -9421, 27, 27, -778
3903, -9420, 27, 27, -778
3903, -9420, 27, 27, -778
3903, -9420, 26, 26, -778
3903, -9420, 27, 27, -770
3902, -9420, 26, 26, -770
3902, -9420, 26, 26, -770
3902, -9419, 26, 26, -770
3900, -9421, 25, 25, -770
3900, -9421, 25, 25, -770
3902, -9419, 25, 25, -770
3901, -9420, 26, 26, -770
3902, -9421, 25, 25, -770
3900, -9420, 24, 24, -770
3901, -9421, 25, 25, -770
3901, -9421, 25, 25, -770
3900, -9421, 24, 24, -770
3900, -9421, 24, 24, -770
3900, -9421, 24, 24, -770
3899, -9420, 23, 23, -770
3900, -9420, 23, 23, -770
3900, -9420, 23, 23, -770
3900, -9420, 23, 23, -770
3901, -9420, 23, 23, -764
3898, -9419, 22, 22, -764
3898, -9421, 23, 23, -764
3898, -9421, 23, 23, -764
3897, -9420, 22, 22, -764
3898, -9420, 22, 22, -764
3898, -9420, 22, 22, -764
3898, -9420, 22, 22, -764
3898, -9420, 22, 22, -764
3898, -9419, 22, 22, -764
3897, -9421, 22, 22, -764
3897, -9420, 22, 22, -764
3897, -9420, 22, 22, -764
3897, -9420, 21, 21, -764
3898, -9419, 21, 21, -764
3896, -9420, 21, 21, -764
3896, -9420, 21, 21, -764
3898, -9420, 21, 21, -764
3898, -9420, 22, 22, -764
3897, -9419, 21, 21, -764
3896, -9420, 20, 20, -764
3896, -9420, 20, 20, -764
3896, -9420, 20, 20, -764
3896, -9421, 20, 20, -764
3896, -9421, 20, 20, -764
3897, -9420, 20, 20, -764
3897, -9420, 20, 20, -760
3896, -9421, 20, 20, -760
3896, -9420, 20, 20, -760
3896, -9420, 20, 20, -760
3898, -9420, 20, 20, -760
3896, -9420, 20, 20, -760
3896, -9420, 20, 20, -760
3898, -9420, 20, 20, -760
3895, -9420, 20, 20, -760
3895, -9420, 20, 20, -760
3896, -9420, 20, 20, -760
3895, -9419, 19, 19, -760
3895, -9419, 19, 19, -760
3895, -9419, 19, 19, -760
3896, -9420, 19, 19, -760
3896, -9420, 19, 19, -760
3895, -9420, 19, 19, -760
3895, -9420, 19, 19, -760
3895, -9420, 19, 19, -760
3898, -9421, 20, 20, -760
3898, -9421, 20, 20, -760
3895, -9421, 19, 19, -760
3895, -9420, 19, 19, -760
3895, -9420, 19, 19, -760
3895, -9420, 19, 19, -760
3894, -9421, 18, 18, -754
3894, -9421, 18, 18, -754
3895, -9421, 19, 19, -754
3895, -9421, 19, 19, -754
3894, -9421, 18, 18, -754
3895, -9420, 18, 18, -754
3895, -9420, 18, 18, -754
3894, -9420, 18, 18, -754
3894, -9420, 17, 17, -754
3897, -9420, 20, 20, -754
3970, -9400, 94, 94, -754
3970, -9400, 94, 94, -754
3973, -9401, 96, 96, -754
3975, -9401, 98, 98, -754
3976, -9401, 99, 99, -754
3976, -9401, 100, 100, -754
3979, -9400, 102, 102, -754
3978, -9401, 103, 103, -754
3981, -9401, 104, 104, -754
3981, -9401, 104, 104, -754
3981, -9402, 105, 105, -754
3983, -9401, 106, 106, -754
3981, -9401, 106, 106, -754
3981, -9401, 106, 106, -754
3983, -9402, 106, 106, -754
3984, -9401, 107, 107, -756
3983, -9401, 107, 107, -756
3986, -9401, 109, 109, -756
3985, -9401, 108, 108, -756
3985, -9401, 108, 108, -756
3985, -9401, 108, 108, -756
3984, -9402, 108, 108, -756
3985, -9401, 109, 109, -756
3986, -9402, 109, 109, -756
3987, -9402, 110, 110, -756
3987, -9402, 110, 110, -756
3986, -9401, 110, 110, -756
3986, -9401, 110, 110, -756
3988, -9402, 111, 111, -756
3987, -9402, 111, 111, -756
3987, -9402, 111, 111, -756
3988, -9401, 111, 111, -756
3988, -9403, 111, 111, -756
3988, -9403, 111, 111, -756
3989, -9402, 111, 111, -756
3986, -9403, 111, 111, -756
3987, -9402, 111, 111, -756
3987, -9402, 111, 111, -756
3988, -9402, 112, 112, -756
3988, -9402, 112, 112, -756
3987, -9402, 112, 112, -752
3987, -9402, 112, 112, -752
3987, -9402, 111, 111, -752
3990, -9403, 113, 113, -752
3990, -9403, 113, 113, -752
3988, -9402, 112, 112, -752
3988, -9402, 112, 112, -752
3989, -9401, 112, 112, -752
3989, -9402, 113, 113, -752
3989, -9402, 112, 112, -752
3989, -9403, 113, 113, -752
3989, -9403, 113, 113, -752
3989, -9402, 112, 112, -752
3990, -9403, 113, 113, -752
3988, -9402, 112, 112, -752
3989, -9402, 112, 112, -752
3989, -9402, 112, 112, -752
3990, -9403, 114, 114, -752
3990, -9403, 114, 114, -752
3991, -9403, 113, 113, -752
3990, -9403, 114, 114, -752
3990, -9403, 114, 114, -752
3990, -9403, 114, 114, -752
3991, -9402, 114, 114, -752
3991, -9402, 114, 114, -752
3991, -9403, 114, 114, -752
3990, -9403, 114, 114, -752
3991, -9402, 114, 114, -752
3991, -9402, 114, 114, -750
3988, -9403, 114, 114, -750
3988, -9403, 114, 114, -750
3989, -9402, 113, 113, -750
3990, -9402, 113, 113, -750
3989, -9402, 113, 113, -750
3989, -9402, 113, 113, -750
3990, -9403, 114, 114, -750
3990, -9403, 114, 114, -750
3990, -9403, 114, 114, -750
3991, -9402, 113, 113, -750
3990, -9402, 114, 114, -750
3990, -9402, 113, 113, -750
3991, -9403, 114, 114, -750
3991, -9403, 114, 114, -750
3990, -9402, 114, 114, -750
3991, -9402, 114, 114, -750
3990, -9402, 114, 114, -750
3990, -9403, 115, 115, -750
3990, -9403, 115, 115, -750
3991, -9402, 115, 115, -750
3991, -9402, 115, 115, -750
3991, -9403, 114, 114, -750
3991, -9403, 114, 114, -750
3991, -9403, 115, 115, -747
3991, -9403, 114, 114, -747
3991, -9403, 115, 115, -747
3991, -9403, 115, 115, -747
3990, -9403, 114, 114, -747
3992, -9403, 115, 115, -747
3991, -9402, 115, 115, -747
3991, -9403, 115, 115, -747
3991, -9403, 115, 115, -747
3991, -9403, 115, 115, -747
3992, -9403, 116, 116, -747
3992, -9403, 116, 116, -747
3992, -9402, 116, 116, -747
3991, -9402, 114, 114, -747
3991, -9402, 114, 114, -747
3992, -9402, 115, 115, -747
3992, -9404, 116, 116, -747
3991, -9402, 115, 115, -747
3991, -9402, 114, 114, -747
3991, -9403, 114, 114, -747
3991, -9403, 114, 114, -747
3991, -9403, 114, 114, -747
3990, -9404, 115, 115, -747
3991, -9403, 115, 115, -747
3991, -9403, 115, 115, -747
3992, -9403, 115, 115, -743
3992, -9403, 115, 115, -743
3991, -9403, 115, 115, -743
3992, -9403, 115, 115, -743
3992, -9403, 115, 115, -743
3992, -9401, 115, 115, -743
3916, -9423, 51, 51, -743
3910, -9422, 35, 35, -743
3907, -9422, 32, 32, -743
3907, -9422, 32, 32, -743
3906, -9423, 30, 30, -743
3905, -9422, 30, 30, -743
3904, -9423, 29, 29, -743
3904, -9422, 27, 27, -743
3904, -9422, 27, 27, -743
3902, -9421, 26, 26, -743
3903, -9422, 27, 27, -743
3900, -9421, 26, 26, -743
3900, -9423, 24, 24, -743
3900, -9423, 24, 24, -743
3898, -9422, 24, 24, -743
3898, -9422, 24, 24, -743
3899, -9422, 23, 23, -743
3899, -9422, 23, 23, -743
3899, -9422, 23, 23, -735
3899, -9421, 22, 22, -735
3899, -9421, 22, 22, -735
3899, -9421, 22, 22, -735
3898, -9422, 22, 22, -735
3897, -9420, 21, 21, -735
3897, -9420, 21, 21, -735
3896, -9422, 21, 21, -735
3897, -9422, 20, 20, -735
3898, -9422, 20, 20, -735
3897, -9421, 20, 20, -735
3897, -9421, 20, 20, -735
3897, -9421, 20, 20, -735
3897, -9421, 20, 20, -735
3896, -9421, 19, 19, -735
3896, -9421, 19, 19, -735
3896, -9421, 19, 19, -735
3896, -9422, 20, 20, -735
3896, -9422, 20, 20, -735
3896, -9422, 19, 19, -735
3895, -9421, 19, 19, -735
3895, -9421, 19, 19, -735
3897, -9421, 19, 19, -735
3897, -9421, 19, 19, -735
3896, -9421, 19, 19, -735
3896, -9421, 19, 19, -735
3895, -9422, 18, 18, -737
3895, -9422, 18, 18, -737
3894, -9421, 18, 18, -737
3893, -9421, 17, 17, -737
3893, -9421, 17, 17, -737
3894, -9422, 18, 18, -737
3894, -9422, 18, 18, -737
3894, -9421, 18, 18, -737
3894, -9421, 18, 18, -737
3894, -9422, 18, 18, -737
3894, -9421, 17, 17, -737
3893, -9422, 17, 17, -737
3893, -9422, 17, 17, -737
3894, -9421, 17, 17, -737
3893, -9422, 17, 17, -737
3893, -9421, 16, 16, -737
3894, -9420, 17, 17, -737
3893, -9420, 16, 16, -737
3893, -9422, 16, 16, -737
3893, -9421, 17, 17, -737
3893, -9421, 16, 16, -737
3893, -9421, 16, 16, -737
3892, -9421, 16, 16, -737
3892, -9421, 17, 17, -737
3894, -9421, 16, 16, -737
3894, -9421, 16, 16, -737
3894, -9421, 17, 17, -733
3894, -9421, 17, 17, -733
3892, -9420, 17, 17, -733
3892, -9420, 17, 17, -733
3891, -9421, 16, 16, -733
3892, -9421, 15, 15, -733
3893, -9420, 16, 16, -733
3893, -9420, 16, 16, -733
3891, -9421, 16, 16, -733
3891, -9421, 16, 16, -733
3891, -9421, 16, 16, -733
3893, -9422, 16, 16, -733
3893, -9422, 16, 16, -733
3893, -9421, 16, 16, -733
3892, -9420, 16, 16, -733
3890, -9421, 15, 15, -733
3892, -9420, 15, 15, -733
3892, -9420, 15, 15, -733
3893, -9421, 15, 15, -733
3892, -9420, 15, 15, -733
3892, -9420, 15, 15, -733
3892, -9421, 15, 15, -733
3892, -9419, 15, 15, -733
3891, -9421, 15, 15, -733
3891, -9420, 15, 15, -729
3891, -9420, 15, 15, -729
3892, -9420, 15, 15, -729
3891, -9421, 15, 15, -729
3892, -9420, 15, 15, -729
3891, -9420, 15, 15, -729
3891, -9421, 15, 15, -729
3891, -9421, 15, 15, -729
3890, -9421, 14, 14, -729
3890, -9421, 14, 14, -729
3890, -9420, 14, 14, -729
3890, -9420, 14, 14, -729
3891, -9421, 14, 14, -729
3891, -9420, 14, 14, -729
3891, -9420, 14, 14, -729
3960, -9400, 80, 80, -729
3960, -9400, 80, 80, -729
3966, -9401, 91, 91, -729
3966, -9401, 91, 91, -729
3969, -9401, 93, 93, -729
3973, -9402, 95, 95, -729
3972, -9401, 96, 96, -729
3974, -9402, 98, 98, -729
3975, -9401, 98, 98, -729
3975, -9401, 98, 98, -729
3977, -9403, 100, 100, -729
3977, -9403, 100, 100, -729
3977, -9402, 100, 100, -729
3977, -9403, 101, 101, -729
3978, -9402, 102, 102, -729
3979, -9403, 103, 103, -729
3980, -9402, 103, 103, -729
3980, -9402, 103, 103, -729
3981, -9403, 104, 104, -729
3981, -9403, 105, 105, -729
3981, -9403, 105, 105, -729
3981, -9403, 105, 105, -729
3983, -9403, 105, 105, -729
3982, -9403, 105, 105, -729
3982, -9403, 105, 105, -729
3982, -9403, 106, 106, -729
3983, -9403, 106, 106, -729
3983, -9403, 106, 106, -729
3982, -9403, 107, 107, -729
3983, -9403, 106, 106, -729
3983, -9403, 107, 107, -729
3983, -9403, 107, 107, -729
3984, -9403, 107, 107, -733
3983, -9402, 107, 107, -733
3984, -9402, 109, 109, -733
3986, -9403, 108, 108, -733
3986, -9403, 108, 108, -733
3984, -9404, 108, 108, -733
3984, -9404, 108, 108, -733
3984, -9403, 108, 108, -733
3985, -9403, 108, 108, -733
3985, -9403, 108, 108, -733
3985, -9403, 108, 108, -733
3986, -9402, 109, 109, -733
3984, -9404, 109, 109, -733
3984, -9404, 109, 109, -733
3985, -9402, 108, 108, -733
3985, -9402, 109, 109, -733
3986, -9403, 109, 109, -733
3985, -9403, 109, 109, -733
3985, -9402, 109, 109, -733
3985, -9402, 109, 109, -733
3985, -9402, 109, 109, -733
3987, -9404, 110, 110, -733
3987, -9404, 110, 110, -733
3986, -9404, 109, 109, -733
3986, -9404, 109, 109, -733
3985, -9403, 109, 109, -733
3988, -9403, 110, 110, -733
3986, -9404, 109, 109, -733
3987, -9403, 110, 110, -733
3987, -9404, 110, 110, -733
3987, -9404, 110, 110, -733
3987, -9404, 110, 110, -733
3988, -9403, 111, 111, -733
3988, -9403, 111, 111, -733
3989, -9404, 112, 112, -733
3986, -9404, 110, 110, -733
3987, -9402, 111, 111, -733
3987, -9402, 111, 111, -733
3987, -9404, 110, 110, -733
3986, -9403, 110, 110, -733
3986, -9403, 110, 110, -733
3987, -9403, 110, 110, -733
3987, -9403, 110, 110, -733
3987, -9404, 111, 111, -733
3987, -9404, 111, 111, -733
3988, -9403, 111, 111, -733
3988, -9403, 111, 111, -733
3988, -9403, 112, 112, -733
3989, -9403, 112, 112, -733
3988, -9403, 111, 111, -733
3988, -9403, 111, 111, -733
3987, -9403, 111, 111, -737
3987, -9403, 110, 110, -737
3987, -9403, 111, 111, -737
3989, -9403, 111, 111, -737
3989, -9404, 112, 112, -737
3989, -9404, 112, 112, -737
3988, -9404, 112, 112, -737
3987, -9403, 112, 112, -737
3987, -9403, 112, 112, -737
3988, -9404, 111, 111, -737
3989, -9404, 112, 112, -737
3988, -9403, 111, 111, -737
3988, -9404, 112, 112, -737
3988, -9404, 112, 112, -737
3988, -9403, 111, 111, -737
3988, -9402, 112, 112, -737
3988, -9403, 112, 112, -737
3988, -9403, 112, 112, -737
3988, -9403, 113, 113, -737
3989, -9403, 113, 113, -737
3989, -9403, 113, 113, -737
3987, -9403, 112, 112, -737
3989, -9404, 112, 112, -737
3989, -9403, 112, 112, -725
3989, -9403, 112, 112, -725
3988, -9404, 111, 111, -725
3988, -9404, 111, 111, -725
3988, -9403, 112, 112, -725
3988, -9403, 112, 112, -725
3988, -9404, 112, 112, -725
3988, -9404, 112, 112, -725
3989, -9404, 112, 112, -725
3989, -9404, 112, 112, -725
3988, -9403, 112, 112, -725
3989, -9404, 112, 112, -725
3989, -9404, 112, 112, -725
3988, -9404, 112, 112, -725
3906, -9418, 69, 69, -725
3906, -9418, 69, 69, -725
3915, -9424, 38, 38, -725
3915, -9424, 38, 38, -725
3912, -9424, 35, 35, -725
3908, -9423, 32, 32, -725
3905, -9424, 29, 29, -725
3904, -9422, 28, 28, -725
3904, -9422, 28, 28, -725
3902, -9423, 26, 26, -725
3901, -9423, 26, 26, -725
3901, -9423, 26, 26, -725
3900, -9423, 25, 25, -721
3899, -9423, 24, 24, -721
3899, -9423, 24, 24, -721
3900, -9423, 23, 23, -721
3899, -9423, 22, 22, -721
3901, -9423, 23, 23, -721
3899, -9423, 21, 21, -721
3897, -9423, 21, 21, -721
3897, -9423, 21, 21, -721
3897, -9423, 21, 21, -721
3898, -9424, 22, 22, -721
3898, -9423, 21, 21, -721
3896, -9422, 20, 20, -721
3896, -9422, 20, 20, -721
3895, -9422, 20, 20, -721
3895, -9422, 20, 20, -721
3896, -9421, 20, 20, -721
3896, -9422, 19, 19, -721
3895, -9422, 20, 20, -721
3895, -9422, 20, 20, -721
3896, -9421, 19, 19, -721
3896, -9421, 19, 19, -721
3895, -9422, 19, 19, -721
3894, -9423, 18, 18, -721
3896, -9422, 19, 19, -721
3895, -9422, 18, 18, -721
3895, -9422, 18, 18, -721
3895, -9422, 18, 18, -721
3895, -9422, 18, 18, -721
3897, -9421, 18, 18, -721
3894, -9421, 18, 18, -721
3894, -9421, 18, 18, -721
3894, -9422, 18, 18, -721
3894, -9422, 17, 17, -721
3894, -9422, 18, 18, -721
3894, -9421, 17, 17, -721
3894, -9421, 17, 17, -721
3894, -9422, 17, 17, -721
3894, -9421, 17, 17, -721
3894, -9421, 17, 17, -721
3893, -9421, 16, 16, -721
3892, -9421, 16, 16, -721
3892, -9421, 16, 16, -721
3892, -9422, 17, 17, -721
3892, -9422, 16, 16, -721
3892, -9422, 16, 16, -721
3892, -9421, 16, 16, -721
3893, -9420, 16, 16, -721
3891, -9421, 16, 16, -721
3891, -9422, 16, 16, -721
3891, -9422, 16, 16, -721
3893, -9422, 16, 16, -719
3893, -9423, 15, 15, -719
3892, -9422, 15, 15, -719
3892, -9422, 15, 15, -719
3891, -9422, 15, 15, -719
3892, -9421, 16, 16, -719
3891, -9423, 15, 15, -719
3891, -9423, 15, 15, -719
3892, -9422, 15, 15, -719
3892, -9422, 15, 15, -719
3892, -9422, 15, 15, -719
3892, -9423, 15, 15, -719
3892, -9423, 15, 15, -719
3893, -9421, 15, 15, -719
3891, -9423, 15, 15, -719
3891, -9423, 15, 15, -719
3891, -9423, 14, 14, -719
3891, -9421, 14, 14, -719
3893, -9423, 15, 15, -719
3893, -9423, 15, 15, -719
3891, -9423, 15, 15, -719
3891, -9422, 14, 14, -719
3892, -9422, 15, 15, -719
3892, -9422, 15, 15, -719
3890, -9422, 14, 14, -719
3891, -9423, 14, 14, -719
3890, -9422, 14, 14, -719
3890, -9422, 14, 14, -719
3890, -9422, 14, 14, -719
3891, -9421, 14, 14, -719
3891, -9421, 14, 14, -719
3889, -9421, 14, 14, -719
3891, -9422, 14, 14, -719
3891, -9422, 14, 14, -719
3890, -9422, 14, 14, -719
3891, -9422, 15, 15, -719
3890, -9422, 14, 14, -719
3890, -9422, 14, 14, -719
3891, -9423, 14, 14, -719
3890, -9422, 14, 14, -719
3890, -9422, 14, 14, -719
3891, -9422, 14, 14, -719
3890, -9422, 14, 14, -719
3889, -9422, 14, 14, -719
3889, -9422, 14, 14, -719
3889, -9423, 14, 14, -719
3888, -9423, 13, 13, -719
3889, -9422, 13, 13, -719
3890, -9421, 13, 13, -719
3953, -9402, 55, 55, -717
3953, -9402, 55, 55, -717
3964, -9403, 87, 87, -717
3964, -9403, 87, 87, -717
3970, -9402, 93, 93, -717
3970, -9402, 93, 93, -717
3973, -9402, 96, 96, -717
3974, -9403, 97, 97, -717
3974, -9403, 97, 97, -717
3975, -9403, 98, 98, -717
3975, -9403, 99, 99, -717
3977, -9403, 99, 99, -717
3977, -9403, 100, 100, -717
3979, -9404, 102, 102, -717
3979, -9404, 102, 102, -717
3979, -9403, 102, 102, -717
3980, -9404, 103, 103, -717
3980, -9404, 103, 103, -717
3980, -9404, 103, 103, -717
3981, -9403, 104, 104, -717
3981, -9404, 104, 104, -717
3982, -9404, 104, 104, -717
3982, -9404, 106, 106, -717
3982, -9404, 106, 106, -717
3981, -9403, 105, 105, -717
3983, -9403, 106, 106, -715
3983, -9404, 106, 106, -715
3983, -9404, 106, 106, -715
3982, -9403, 106, 106, -715
3982, -9403, 106, 106, -715
3983, -9404, 105, 105, -715
3983, -9404, 106, 106, -715
3983, -9404, 106, 106, -715
3982, -9404, 106, 106, -715
3982, -9405, 106, 106, -715
3983, -9403, 107, 107, -715
3981, -9403, 106, 106, -715
3984, -9404, 107, 107, -715
3983, -9403, 106, 106, -715
3984, -9403, 108, 108, -715
3984, -9403, 108, 108, -715
3985, -9403, 107, 107, -715
3985, -9403, 107, 107, -715
3983, -9404, 108, 108, -715
3985, -9404, 108, 108, -715
3985, -9404, 108, 108, -715
3984, -9404, 108, 108, -715
3985, -9404, 108, 108, -715
3985, -9404, 108, 108, -715
3984, -9403, 108, 108, -715
3984, -9404, 108, 108, -715
3984, -9403, 108, 108, -721
3984, -9403, 108, 108, -721
3986, -9404, 109, 109, -721
3985, -9403, 108, 108, -721
3985, -9403, 109, 109, -721
3985, -9405, 109, 109, -721
3985, -9403, 108, 108, -721
3985, -9404, 108, 108, -721
3985, -9404, 108, 108, -721
3987, -9404, 109, 109, -721
3986, -9405, 109, 109, -721
3986, -9404, 110, 110, -721
3986, -9404, 109, 109, -721
3986, -9404, 109, 109, -721
3985, -9404, 109, 109, -721
3986, -9404, 110, 110, -721
3986, -9404, 110, 110, -721
3986, -9405, 110, 110, -721
3985, -9405, 109, 109, -721
3985, -9404, 110, 110, -721
3985, -9404, 110, 110, -721
3986, -9404, 110, 110, -721
3986, -9404, 109, 109, -721
3987, -9404, 110, 110, -721
3987, -9404, 110, 110, -721
3987, -9403, 110, 110, -721
3986, -9404, 110, 110, -715
3986, -9405, 110, 110, -715
3986, -9405, 110, 110, -715
3988, -9404, 111, 111, -715
3988, -9404, 110, 110, -715
3986, -9404, 110, 110, -715
3987, -9403, 110, 110, -715
3987, -9403, 110, 110, -715
3987, -9404, 110, 110, -715
3987, -9404, 110, 110, -715
3986, -9404, 110, 110, -715
3986, -9404, 110, 110, -715
3986, -9404, 110, 110, -715
3987, -9405, 110, 110, -715
3987, -9404, 110, 110, -715
3987, -9405, 110, 110, -715
3988, -9404, 111, 111, -715
3988, -9405, 111, 111, -715
3988, -9405, 111, 111, -715
3988, -9404, 111, 111, -715
3989, -9404, 111, 111, -715
3987, -9404, 110, 110, -715
3987, -9404, 110, 110, -715
3987, -9403, 111, 111, -715
3987, -9404, 111, 111, -708
3987, -9404, 111, 111, -708
3987, -9404, 111, 111, -708
3987, -9404, 111, 111, -708
3986, -9405, 111, 111, -708
3987, -9404, 111, 111, -708
3988, -9404, 112, 112, -708
3988, -9404, 112, 112, -708
3987, -9405, 111, 111, -708
3989, -9406, 112, 112, -708
3989, -9404, 111, 111, -708
3989, -9404, 111, 111, -708
3989, -9405, 112, 112, -708
3988, -9405, 111, 111, -708
3988, -9405, 111, 111, -708
3988, -9404, 112, 112, -708
3988, -9405, 111, 111, -708
3989, -9404, 112, 112, -708
3989, -9404, 112, 112, -708
3988, -9404, 112, 112, -708
3988, -9404, 112, 112, -708
3989, -9411, 112, 112, -708
3912, -9425, 38, 38, -708
3912, -9425, 38, 38, -708
3909, -9424, 33, 33, -717
3907, -9423, 31, 31, -717
3907, -9423, 31, 31, -717
3908, -9424, 30, 30, -717
3903, -9423, 28, 28, -717
3903, -9423, 28, 28, -717
3901, -9424, 26, 26, -717
3900, -9424, 24, 24, -717
3901, -9423, 23, 23, -717
3901, -9423, 23, 23, -717
3899, -9423, 23, 23, -717
3899, -9423, 22, 22, -717
3899, -9423, 22, 22, -717
3900, -9424, 23, 23, -717
3898, -9424, 21, 21, -717
3898, -9424, 21, 21, -717
3897, -9424, 21, 21, -717
3898, -9423, 21, 21, -717
3898, -9423, 21, 21, -717
3896, -9424, 21, 21, -717
3896, -9423, 20, 20, -717
3896, -9423, 20, 20, -717
3895, -9423, 20, 20, -717
3895, -9423, 19, 19, -717
3896, -9422, 19, 19, -717
3896, -9422, 19, 19, -717
3895, -9423, 19, 19, -717
3895, -9423, 19, 19, -717
3895, -9423, 19, 19, -713
3895, -9423, 19, 19, -713
3894, -9423, 18, 18, -713
3896, -9422, 19, 19, -713
3896, -9422, 19, 19, -713
3895, -9422, 18, 18, -713
3894, -9423, 17, 17, -713
3894, -9423, 17, 17, -713
3893, -9424, 18, 18, -713
3893, -9424, 18, 18, -713
3893, -9423, 17, 17, -713
3895, -9423, 17, 17, -713
3895, -9423, 17, 17, -713
3894, -9422, 18, 18, -713
3892, -9423, 17, 17, -713
3892, -9423, 17, 17, -713
3893, -9423, 16, 16, -713
3893, -9423, 16, 16, -713
3893, -9423, 16, 16, -713
3893, -9423, 16, 16, -713
3893, -9422, 16, 16, -713
3893, -9421, 16, 16, -713
3893, -9422, 16, 16, -713
3893, -9422, 16, 16, -713
3892, -9423, 16, 16, -710
3890, -9424, 15, 15, -710
3892, -9423, 15, 15, -710
3892, -9423, 15, 15, -710
3892, -9422, 15, 15, -710
3891, -9423, 15, 15, -710
3892, -9422, 15, 15, -710
3891, -9423, 15, 15, -710
3891, -9423, 15, 15, -710
3890, -9422, 16, 16, -710
3892, -9422, 15, 15, -710
3890, -9422, 15, 15, -710
3890, -9422, 15, 15, -710
3891, -9423, 15, 15, -710
3892, -9423, 15, 15, -710
3892, -9423, 15, 15, -710
3891, -9423, 14, 14, -710
3892, -9423, 15, 15, -710
3892, -9423, 15, 15, -710
3890, -9421, 14, 14, -710
3890, -9421, 14, 14, -710
3890, -9422, 14, 14, -710
3891, -9423, 14, 14, -710
3891, -9423, 14, 14, -710
3889, -9422, 14, 14, -710
3891, -9422, 15, 15, -713
3891, -9422, 15, 15, -713
3891, -9423, 15, 15, -713
3891, -9422, 14, 14, -713
3891, -9422, 14, 14, -713
3890, -9422, 14, 14, -713
3890, -9423, 14, 14, -713
3890, -9423, 14, 14, -713
3890, -9424, 14, 14, -713
3892, -9422, 14, 14, -713
3892, -9422, 14, 14, -713
3890, -9423, 14, 14, -713
3890, -9423, 14, 14, -713
3890, -9423, 14, 14, -713
3889, -9422, 14, 14, -713
3890, -9423, 14, 14, -713
3891, -9423, 14, 14, -713
3891, -9423, 14, 14, -713
3891, -9422, 14, 14, -713
3889, -9423, 14, 14, -713
3889, -9423, 14, 14, -713
3890, -9422, 14, 14, -713
3890, -9423, 14, 14, -713
3890, -9423, 14, 14, -713
3890, -9422, 13, 13, -713
3890, -9423, 13, 13, -713
3890, -9423, 13, 13, -713
3890, -9422, 14, 14, -713
3890, -9422, 14, 14, -713
3888, -9422, 13, 13, -704
3888, -9422, 13, 13, -704
3888, -9422, 13, 13, -704
3889, -9423, 13, 13, -704
3889, -9423, 13, 13, -704
3890, -9422, 13, 13, -704
3891, -9423, 13, 13, -704
3889, -9421, 14, 14, -704
3956, -9402, 75, 75, -704
3956, -9402, 75, 75, -704
3962, -9403, 83, 83, -704
3969, -9403, 91, 91, -704
3971, -9404, 94, 94, -704
3971, -9404, 94, 94, -704
3974, -9403, 96, 96, -704
3974, -9403, 96, 96, -704
3974, -9405, 98, 98, -704
3974, -9404, 97, 97, -704
3976, -9403, 98, 98, -704
3976, -9403, 99, 99, -704
3977, -9402, 100, 100, -704
3978, -9403, 100, 100, -704
3976, -9403, 101, 101, -704
3976, -9403, 101, 101, -704
3978, -9404, 101, 101, -704
3978, -9404, 101, 101, -704
3981, -9403, 103, 103, -704
3981, -9403, 103, 103, -704
3979, -9404, 103, 103, -704
3981, -9404, 104, 104, -704
3981, -9404, 104, 104, -704
3980, -9404, 104, 104, -704
3983, -9404, 105, 105, -704
3982, -9405, 105, 105, -704
3982, -9405, 105, 105, -704
3982, -9405, 105, 105, -704
3983, -9404, 105, 105, -704
3983, -9405, 106, 106, -704
3983, -9404, 106, 106, -704
3983, -9404, 106, 106, -704
3983, -9405, 106, 106, -704
3983, -9404, 106, 106, -704
3983, -9404, 106, 106, -704
3983, -9404, 106, 106, -704
3984, -9404, 107, 107, -704
3985, -9405, 107, 107, -704
3985, -9405, 107, 107, -704
3983, -9404, 106, 106, -704
3983, -9404, 106, 106, -704
3983, -9404, 107, 107, -704
3983, -9404, 107, 107, -702
3983, -9404, 107, 107, -702
3985, -9405, 108, 108, -702
3985, -9405, 108, 108, -702
3985, -9404, 108, 108, -702
3984, -9404, 108, 108, -702
3984, -9404, 108, 108, -702
3985, -9404, 108, 108, -702
3986, -9404, 109, 109, -702
3985, -9404, 109, 109, -702
3985, -9403, 109, 109, -702
3985, -9403, 109, 109, -702
3986, -9404, 109, 109, -702
3986, -9404, 109, 109, -702
3985, -9404, 109, 109, -702
3985, -9404, 108, 108, -702
3986, -9405, 108, 108, -702
3985, -9405, 108, 108, -702
3986, -9404, 109, 109, -702
3986, -9404, 109, 109, -702
3987, -9405, 110, 110, -702
3987, -9405, 110, 110, -702
3987, -9404, 110, 110, -698
3987, -9404, 110, 110, -698
3986, -9405, 109, 109, -698
3986, -9405, 109, 109, -698
3986, -9404, 109, 109, -698
3986, -9404, 109, 109, -698
3986, -9405, 110, 110, -698
3987, -9405, 110, 110, -698
3987, -9405, 110, 110, -698
3987, -9405, 110, 110, -698
3986, -9405, 110, 110, -698
3986, -9405, 110, 110, -698
3986, -9405, 109, 109, -698
3987, -9404, 110, 110, -698
3988, -9405, 110, 110, -698
3987, -9405, 111, 111, -698
3987, -9405, 111, 111, -698
3986, -9404, 110, 110, -698
3986, -9404, 110, 110, -698
3986, -9404, 110, 110, -698
3985, -9405, 110, 110, -698
3986, -9404, 110, 110, -698
3986, -9404, 110, 110, -698
3987, -9404, 110, 110, -698
3987, -9405, 110, 110, -698
3987, -9404, 110, 110, -698
3988, -9405, 111, 111, -698
3988, -9405, 111, 111, -698
3986, -9405, 110, 110, -698
3986, -9405, 110, 110, -698
3987, -9404, 111, 111, -698
3987, -9404, 111, 111, -698
3987, -9406, 110, 110, -698
3987, -9406, 110, 110, -698
3988, -9405, 111, 111, -698
3986, -9405, 111, 111, -698
3988, -9406, 110, 110, -698
3987, -9405, 111, 111, -698
3986, -9405, 110, 110, -698
3988, -9405, 111, 111, -698
3988, -9405, 111, 111, -698
3988, -9404, 111, 111, -698
3988, -9405, 112, 112, -698
3988, -9405, 111, 111, -698
3988, -9405, 111, 111, -698
3989, -9405, 112, 112, -698
3988, -9405, 111, 111, -698
3988, -9405, 111, 111, -698
3988, -9404, 111, 111, -698
3988, -9404, 111, 111, -698
3987, -9406, 110, 110, -698
3987, -9406, 110, 110, -698
3988, -9405, 112, 112, -698
3986, -9406, 111, 111, -698
3988, -9404, 110, 110, -690
3988, -9404, 110, 110, -690
3988, -9405, 111, 111, -690
3988, -9405, 111, 111, -690
3988, -9405, 111, 111, -690
3943, -9433, 91, 91, -690
3911, -9424, 35, 35, -690
3911, -9424, 35, 35, -690
3908, -9424, 33, 33, -690
3907, -9425, 31, 31, -690
3903, -9426, 29, 29, -690
3903, -9424, 29, 29, -690
3904, -9424, 27, 27, -690
3904, -9424, 27, 27, -690
3901, -9424, 25, 25, -690
3901, -9424, 25, 25, -690
3900, -9423, 24, 24, -690
3899, -9424, 23, 23, -690
3899, -9424, 23, 23, -690
3899, -9424, 23, 23, -690
3899, -9424, 22, 22, -690
3898, -9423, 21, 21, -690
3897, -9423, 21, 21, -690
3896, -9424, 21, 21, -690
3897, -9423, 20, 20, -690
3896, -9423, 20, 20, -690
3895, -9423, 19, 19, -688
3895, -9423, 19, 19, -688
3895, -9424, 19, 19, -688
3896, -9423, 19, 19, -688
3896, -9423, 19, 19, -688
3894, -9424, 18, 18, -688
3894, -9424, 18, 18, -688
3895, -9424, 19, 19, -688
3894, -9424, 18, 18, -688
3893, -9424, 18, 18, -688
3893, -9423, 18, 18, -688
3894, -9424, 17, 17, -688
3894, -9424, 17, 17, -688
3893, -9424, 17, 17, -688
3894, -9424, 17, 17, -688
3894, -9424, 17, 17, -688
3893, -9424, 17, 17, -688
3893, -9424, 17, 17, -688
3892, -9423, 16, 16, -688
3892, -9423, 16, 16, -688
3892, -9423, 16, 16, -688
3892, -9424, 16, 16, -688
3892, -9422, 16, 16, -688
3893, -9423, 16, 16, -688
3893, -9423, 16, 16, -688
3893, -9423, 16, 16, -688
3892, -9422, 15, 15, -688
3892, -9423, 16, 16, -684
3892, -9423, 16, 16, -684
3892, -9423, 15, 15, -684
3892, -9424, 16, 16, -684
3893, -9422, 16, 16, -684
3893, -9422, 16, 16, -684
3890, -9425, 15, 15, -684
3890, -9423, 15, 15, -684
3890, -9423, 15, 15, -684
3892, -9422, 15, 15, -684
3891, -9423, 14, 14, -684
3891, -9423, 14, 14, -684
3892, -9422, 14, 14, -684
3892, -9422, 15, 15, -684
3893, -9422, 14, 14, -684
3891, -9423, 14, 14, -684
3891, -9423, 14, 14, -684
3891, -9423, 15, 15, -684
3890, -9423, 14, 14, -684
3890, -9423, 14, 14, -684
3890, -9423, 14, 14, -684
3890, -9423, 15, 15, -684
3891, -9423, 14, 14, -684
3890, -9423, 14, 14, -684
3893, -9423, 15, 15, -684
3891, -9423, 14, 14, -684
3890, -9423, 14, 14, -686
3891, -9422, 14, 14, -686
3890, -9423, 13, 13, -686
3890, -9423, 14, 14, -686
3890, -9423, 14, 14, -686
3889, -9423, 14, 14, -686
3889, -9423, 14, 14, -686
3889, -9423, 13, 13, -686
3889, -9423, 13, 13, -686
3891, -9423, 13, 13, -686
3889, -9423, 13, 13, -686
3890, -9423, 14, 14, -686
3889, -9424, 13, 13, -686
3889, -9424, 13, 13, -686
3891, -9423, 14, 14, -686
3891, -9423, 14, 14, -686
3891, -9423, 14, 14, -686
3890, -9423, 13, 13, -686
3890, -9423, 13, 13, -686
3890, -9423, 13, 13, -686
3890, -9423, 14, 14, -686
3890, -9423, 14, 14, -686
3888, -9422, 13, 13, -686
3890, -9422, 13, 13, -688
3890, -9422, 13, 13, -688
3889, -9423, 13, 13, -688
3889, -9423, 13, 13, -688
3889, -9423, 13, 13, -688
3889, -9423, 13, 13, -688
3890, -9423, 14, 14, -688
3890, -9423, 14, 14, -688
3890, -9423, 14, 14, -688
3889, -9424, 13, 13, -688
3889, -9423, 13, 13, -688
3889, -9423, 13, 13, -688
3888, -9423, 13, 13, -688
3890, -9422, 13, 13, -688
3890, -9422, 13, 13, -688
3889, -9423, 13, 13, -688
3890, -9424, 13, 13, -688
3885, -9421, 12, 12, -688
3890, -9423, 14, 14, -688
3953, -9404, 55, 55, -688
3962, -9402, 82, 82, -688
3965, -9402, 87, 87, -688
3967, -9403, 90, 90, -688
3971, -9404, 94, 94, -688
3971, -9404, 94, 94, -688
3971, -9405, 96, 96, -688
3973, -9404, 97, 97, -688
3973, -9404, 97, 97, -688
3976, -9405, 98, 98, -688
3976, -9405, 98, 98, -688
3975, -9404, 99, 99, -690
3975, -9404, 99, 99, -690
3978, -9405, 100, 100, -690
3978, -9405, 100, 100, -690
3977, -9405, 101, 101, -690
3978, -9406, 101, 101, -690
3979, -9405, 102, 102, -690
3979, -9405, 102, 102, -690
3979, -9405, 102, 102, -690
3980, -9405, 103, 103, -690
3980, -9405, 103, 103, -690
3981, -9404, 104, 104, -690
3979, -9406, 103, 103, -690
3980, -9405, 104, 104, -690
3982, -9404, 105, 105, -690
3982, -9405, 104, 104, -690
3981, -9405, 105, 105, -690
3982, -9406, 105, 105, -690
3982, -9405, 105, 105, -690
3982, -9405, 105, 105, -690
3982, -9405, 105, 105, -690
3983, -9405, 106, 106, -690
3983, -9405, 106, 106, -690
3982, -9404, 106, 106, -690
3982, -9404, 106, 106, -690
3983, -9405, 106, 106, -690
3982, -9405, 106, 106, -684
3984, -9405, 107, 107, -684
3984, -9405, 107, 107, -684
3984, -9405, 107, 107, -684
3983, -9406, 107, 107, -684
3983, -9405, 107, 107, -684
3985, -9405, 108, 108, -684
3983, -9404, 108, 108, -684
3983, -9404, 108, 108, -684
3983, -9404, 108, 108, -684
3984, -9404, 107, 107, -684
3983, -9404, 107, 107, -684
3985, -9405, 108, 108, -684
3985, -9405, 108, 108, -684
3983, -9405, 108, 108, -684
3986, -9404, 109, 109, -684
3984, -9406, 109, 109, -684
3984, -9406, 109, 109, -684
3985, -9406, 109, 109, -684
3985, -9406, 108, 108, -684
3985, -9405, 108, 108, -684
3986, -9405, 108, 108, -684
3985, -9405, 109, 109, -688
3985, -9405, 109, 109, -688
3986, -9405, 109, 109, -688
3986, -9406, 109, 109, -688
3986, -9405, 109, 109, -688
3986, -9405, 109, 109, -688
3986, -9406, 108, 108, -688
3986, -9406, 110, 110, -688
3986, -9405, 109, 109, -688
3984, -9406, 109, 109, -688
3984, -9405, 109, 109, -688
3986, -9405, 109, 109, -688
3986, -9406, 109, 109, -688
3986, -9406, 109, 109, -688
3986, -9405, 110, 110, -688
3986, -9405, 110, 110, -688
3986, -9405, 110, 110, -688
3985, -9404, 109, 109, -688
3985, -9404, 109, 109, -688
3984, -9405, 108, 108, -688
3986, -9405, 109, 109, -688
3988, -9405, 110, 110, -688
3988, -9405, 110, 110, -688
3987, -9406, 110, 110, -688
3985, -9405, 110, 110, -688
3986, -9405, 110, 110, -688
3987, -9405, 111, 111, -688
3987, -9405, 111, 111, -688
3986, -9405, 110, 110, -688
3986, -9405, 110, 110, -688
3987, -9405, 110, 110, -688
3987, -9405, 111, 111, -688
3987, -9405, 109, 109, -688
3986, -9405, 110, 110, -688
3988, -9405, 111, 111, -688
3985, -9405, 110, 110, -688
3987, -9405, 110, 110, -688
3987, -9405, 110, 110, -688
3987, -9405, 110, 110, -688
3986, -9405, 110, 110, -688
3988, -9405, 110, 110, -688
3988, -9405, 110, 110, -688
3987, -9405, 110, 110, -688
3987, -9406, 110, 110, -688
3987, -9405, 111, 111, -688
3987, -9406, 111, 111, -688
3986, -9406, 110, 110, -688
3986, -9405, 110, 110, -688
3988, -9405, 110, 110, -688
3988, -9405, 110, 110, -688
3987, -9405, 111, 111, -688
3988, -9405, 111, 111, -688
3987, -9406, 111, 111, -688
3987, -9406, 111, 111, -688
3986, -9405, 111, 111, -686
3988, -9406, 111, 111, -686
3988, -9406, 111, 111, -686
3987, -9406, 111, 111, -686
3988, -9405, 111, 111, -686
3987, -9405, 111, 111, -686
3988, -9405, 111, 111, -686
3988, -9405, 111, 111, -686
3988, -9405, 111, 111, -686
3986, -9405, 111, 111, -686
3986, -9405, 111, 111, -686
3989, -9406, 111, 111, -686
3987, -9405, 111, 111, -686
3988, -9405, 111, 111, -686
3987, -9406, 111, 111, -686
3986, -9406, 111, 111, -686
3989, -9406, 111, 111, -686
3989, -9406, 111, 111, -686
3988, -9406, 111, 111, -686
3889, -9434, 22, 22, -686
3889, -9434, 22, 22, -686
3874, -9433, 0, 0, -686
3874, -9433, 0, 0, -686
3871, -9433, -6, -6, -686
3871, -9433, -6, -6, -686
3868, -9433, -7, -7, -686
3864, -9433, -9, -9, -686
3866, -9433, -12, -12, -686
3863, -9433, -13, -13, -692
3863, -9433, -13, -13, -692
3863, -9432, -14, -14, -692
3860, -9432, -15, -15, -692
3860, -9432, -15, -15, -692
3860, -9432, -16, -16, -692
3857, -9432, -18, -18, -692
3857, -9432, -18, -18, -692
3857, -9431, -19, -19, -692
3857, -9431, -19, -19, -692
3857, -9431, -19, -19, -692
3857, -9431, -19, -19, -692
3855, -9431, -20, -20, -692
3855, -9431, -20, -20, -692
3855, -9431, -21, -21, -692
3854, -9432, -22, -22, -692
3854, -9431, -23, -23, -692
3855, -9432, -21, -21, -692
3855, -9432, -21, -21, -692
3854, -9431, -22, -22, -692
3855, -9431, -22, -22, -692
3853, -9432, -23, -23, -692
3852, -9431, -24, -24, -692
3852, -9431, -24, -24, -692
3850, -9432, -24, -24, -692
3850, -9432, -24, -24, -692
3851, -9432, -25, -25, -692
3851, -9432, -25, -25, -692
3850, -9431, -25, -25, -684
3850, -9431, -25, -25, -684
3853, -9431, -25, -25, -684
3853, -9431, -25, -25, -684
3851, -9431, -25, -25, -684
3849, -9432, -26, -26, -684
3851, -9431, -26, -26, -684
3851, -9431, -26, -26, -684
3849, -9431, -26, -26, -684
3852, -9431, -27, -27, -684
3851, -9432, -27, -27, -684
3851, -9432, -27, -27, -684
3848, -9431, -28, -28, -684
3848, -9431, -28, -28, -684
3850, -9431, -27, -27, -684
3848, -9431, -28, -28, -684
3848, -9431, -28, -28, -684
3848, -9431, -28, -28, -684
3849, -9431, -28, -28, -684
3849, -9431, -28, -28, -684
3848, -9431, -29, -29, -684
3848, -9431, -29, -29, -684
3848, -9431, -28, -28, -684
3847, -9432, -29, -29, -690
3851, -9430, -28, -28, -690
3848, -9431, -29, -29, -690
3848, -9431, -29, -29, -690
3846, -9432, -29, -29, -690
3846, -9432, -29, -29, -690
3847, -9431, -29, -29, -690
3847, -9431, -29, -29, -690
3847, -9431, -29, -29, -690
3847, -9431, -29, -29, -690
3847, -9431, -29, -29, -690
3846, -9432, -30, -30, -690
3845, -9430, -30, -30, -690
3846, -9431, -31, -31, -690
3844, -9431, -31, -31, -690
3845, -9431, -31, -31, -690
3845, -9431, -30, -30, -690
3847, -9431, -30, -30, -690
3847, -9431, -30, -30, -690
3846, -9431, -31, -31, -690
3846, -9431, -31, -31, -690
3844, -9432, -31, -31, -690
3844, -9432, -31, -31, -690
3846, -9431, -31, -31, -690
3846, -9431, -31, -31, -690
3848, -9432, -31, -31, -690
3848, -9432, -31, -31, -690
3845, -9432, -32, -32, -686
3845, -9432, -32, -32, -686
3845, -9432, -32, -32, -686
3845, -9432, -32, -32, -686
3845, -9432, -32, -32, -686
3844, -9432, -32, -32, -686
3844, -9432, -32, -32, -686
3844, -9432, -32, -32, -686
3844, -9432, -32, -32, -686
3846, -9430, -32, -32, -686
3846, -9430, -32, -32, -686
3844, -9432, -33, -33, -686
3844, -9432, -33, -33, -686
3843, -9432, -33, -33, -686
3843, -9432, -33, -33, -686
3845, -9431, -32, -32, -686
3845, -9431, -32, -32, -686
3845, -9430, -32, -32, -686
3845, -9430, -32, -32, -686
3843, -9431, -32, -32, -686
3843, -9431, -32, -32, -686
3842, -9431, -33, -33, -686
3842, -9431, -33, -33, -686
3843, -9432, -33, -33, -686
3843, -9432, -33, -33, -686
3844, -9431, -33, -33, -686
3843, -9431, -34, -34, -686
3843, -9431, -34, -34, -686
3844, -9430, -33, -33, -686
3844, -9431, -33, -33, -682
3843, -9431, -33, -33, -682
3843, -9431, -33, -33, -682
3848, -9430, -30, -30, -682
3848, -9430, -30, -30, -682
3947, -9401, 67, 67, -682
3947, -9401, 67, 67, -682
3955, -9403, 78, 78, -682
3959, -9404, 81, 81, -682
3959, -9403, 83, 83, -682
3961, -9403, 85, 85, -682
3965, -9404, 87, 87, -682
3966, -9404, 89, 89, -682
3966, -9404, 89, 89, -682
3966, -9405, 90, 90, -682
3967, -9406, 91, 91, -682
3967, -9405, 91, 91, -682
3967, -9405, 91, 91, -682
3969, -9405, 93, 93, -682
3969, -9405, 93, 93, -682
3970, -9406, 93, 93, -682
3970, -9406, 93, 93, -682
3970, -9406, 94, 94, -682
3970, -9406, 94, 94, -682
3971, -9405, 95, 95, -682
3972, -9406, 96, 96, -682
3972, -9406, 96, 96, -682
3973, -9405, 96, 96, -680
3974, -9406, 98, 98, -680
3974, -9405, 97, 97, -680
3974, -9405, 97, 97, -680
3974, -9405, 98, 98, -680
3974, -9405, 98, 98, -680
3975, -9406, 98, 98, -680
3975, -9406, 98, 98, -680
3975, -9406, 99, 99, -680
3975, -9406, 99, 99, -680
3976, -9405, 100, 100, -680
3976, -9406, 100, 100, -680
3976, -9405, 100, 100, -680
3978, -9406, 100, 100, -680
3976, -9406, 100, 100, -680
3977, -9406, 101, 101, -680
3977, -9406, 101, 101, -680
3975, -9406, 100, 100, -680
3975, -9406, 100, 100, -680
3977, -9405, 100, 100, -680
3977, -9407, 101, 101, -680
3978, -9407, 101, 101, -680
3979, -9406, 101, 101, -680
3979, -9406, 101, 101, -680
3979, -9406, 101, 101, -680
3978, -9406, 102, 102, -680
3978, -9406, 102, 102, -680
3979, -9406, 101, 101, -678
3979, -9406, 101, 101, -678
3977, -9407, 102, 102, -678
3979, -9407, 102, 102, -678
3979, -9407, 102, 102, -678
3978, -9407, 102, 102, -678
3978, -9407, 102, 102, -678
3978, -9407, 102, 102, -678
3978, -9407, 102, 102, -678
3979, -9408, 103, 103, -678
3979, -9408, 103, 103, -678
3979, -9407, 103, 103, -678
3979, -9407, 103, 103, -678
3979, -9407, 103, 103, -678
3979, -9406, 103, 103, -678
3979, -9406, 103, 103, -678
3979, -9406, 103, 103, -678
3979, -9406, 103, 103, -678
3979, -9407, 103, 103, -678
3979, -9407, 103, 103, -678
3979, -9406, 103, 103, -678
3979, -9406, 103, 103, -678
3981, -9406, 104, 104, -678
3981, -9406, 104, 104, -678
3980, -9407, 104, 104, -678
3981, -9406, 104, 104, -678
3980, -9406, 104, 104, -678
3980, -9406, 104, 104, -678
3981, -9406, 105, 105, -688
3981, -9406, 105, 105, -688
3982, -9407, 104, 104, -688
3982, -9407, 104, 104, -688
3981, -9406, 104, 104, -688
3980, -9407, 104, 104, -688
3982, -9407, 104, 104, -688
3979, -9406, 104, 104, -688
3982, -9407, 104, 104, -688
3982, -9407, 104, 104, -688
3982, -9406, 105, 105, -688
3982, -9406, 105, 105, -688
3982, -9406, 105, 105, -688
3982, -9406, 105, 105, -688
3982, -9406, 105, 105, -688
3983, -9405, 105, 105, -688
3983, -9405, 105, 105, -688
3982, -9406, 105, 105, -688
3982, -9406, 105, 105, -688
3983, -9406, 105, 105, -688
3983, -9406, 105, 105, -688
3983, -9407, 105, 105, -688
3982, -9406, 106, 106, -688
3983, -9406, 105, 105, -688
3983, -9407, 106, 106, -688
3983, -9407, 106, 106, -688
3982, -9407, 105, 105, -682
3982, -9407, 105, 105, -682
3983, -9407, 106, 106, -682
3983, -9407, 106, 106, -682
3983, -9407, 106, 106, -682
3983, -9407, 106, 106, -682
3981, -9406, 106, 106, -682
3983, -9407, 106, 106, -682
3983, -9407, 106, 106, -682
3982, -9406, 106, 106, -682
3982, -9406, 106, 106, -682
3983, -9406, 106, 106, -682
3983, -9406, 106, 106, -682
3982, -9407, 106, 106, -682
3982, -9407, 106, 106, -682
3983, -9405, 107, 107, -682
3983, -9405, 107, 107, -682
3983, -9407, 106, 106, -682
3983, -9407, 106, 106, -682
3983, -9407, 106, 106, -682
3983, -9406, 107, 107, -682
3982, -9406, 106, 106, -682
3982, -9406, 106, 106, -682
3983, -9407, 107, 107, -682
3983, -9407, 107, 107, -682
3982, -9408, 106, 106, -682
3982, -9408, 106, 106, -682
3878, -9436, 7, 7, -682
3878, -9436, 7, 7, -682
3871, -9434, -4, -4, -682
3871, -9434, -4, -4, -682
3866, -9434, -7, -7, -682
3866, -9433, -11, -11, -682
3866, -9433, -11, -11, -682
3861, -9433, -14, -14, -682
3861, -9433, -14, -14, -682
3861, -9433, -15, -15, -682
3859, -9433, -17, -17, -682
3859, -9433, -17, -17, -682
3856, -9433, -19, -19, -682
3856, -9433, -19, -19, -682
3856, -9433, -20, -20, -682
3856, -9432, -21, -21, -682
3856, -9432, -21, -21, -682
3856, -9433, -21, -21, -682
3856, -9433, -21, -21, -682
3852, -9433, -23, -23, -682
3852, -9433, -23, -23, -682
3851, -9433, -24, -24, -682
3851, -9433, -24, -24, -682
3852, -9433, -25, -25, -682
3852, -9433, -25, -25, -682
3852, -9432, -24, -24, -682
3853, -9432, -25, -25, -682
3853, -9432, -25, -25, -682
3850, -9433, -26, -26, -682
3850, -9433, -26, -26, -682
3849, -9432, -26, -26, -682
3849, -9432, -26, -26, -682
3851, -9432, -26, -26, -682
3851, -9432, -26, -26, -682
3852, -9433, -26, -26, -682
3852, -9433, -26, -26, -682
3850, -9433, -28, -28, -682
3849, -9432, -27, -27, -682
3849, -9432, -27, -27, -682
3849, -9432, -27, -27, -682
3848, -9432, -28, -28, -682
3848, -9432, -28, -28, -682
3849, -9433, -28, -28, -682
3849, -9431, -28, -28, -682
3849, -9431, -28, -28, -682
3848, -9432, -29, -29, -682
3848, -9432, -29, -29, -682
3845, -9431, -29, -29, -682
3845, -9431, -29, -29, -682
3847, -9434, -29, -29, -682
3846, -9432, -29, -29, -682
3846, -9432, -29, -29, -682
3846, -9433, -30, -30, -682
3846, -9433, -30, -30, -682
3849, -9431, -29, -29, -678
3847, -9431, -30, -30, -678
3847, -9431, -30, -30, -678
3845, -9432, -30, -30, -678
3845, -9432, -30, -30, -678
3846, -9432, -30, -30, -678
3846, -9432, -30, -30, -678
3845, -9432, -31, -31, -678
3845, -9432, -31, -31, -678
3846, -9432, -31, -31, -678
3846, -9432, -31, -31, -678
3845, -9432, -31, -31, -678
3845, -9432, -31, -31, -678
3842, -9432, -32, -32, -678
3842, -9432, -32, -32, -678
3844, -9433, -31, -31, -678
3844, -9433, -31, -31, -678
3845, -9431, -32, -32, -678
3843, -9432, -32, -32, -678
3844, -9432, -32, -32, -678
3844, -9432, -32, -32, -678
3846, -9433, -32, -32, -678
3846, -9433, -32, -32, -678
3845, -9432, -32, -32, -678
3845, -9432, -32, -32, -678
3843, -9433, -32, -32, -678
3843, -9433, -32, -32, -678
3843, -9432, -33, -33, -676
3843, -9432, -33, -33, -676
3843, -9432, -32, -32, -676
3843, -9432, -32, -32, -676
3843, -9433, -33, -33, -676
3843, -9432, -33, -33, -676
3844, -9431, -33, -33, -676
3842, -9432, -33, -33, -676
3842, -9432, -33, -33, -676
3841, -9432, -34, -34, -676
3842, -9431, -34, -34, -676
3842, -9431, -34, -34, -676
3844, -9431, -34, -34, -676
3844, -9431, -34, -34, -676
3844, -9432, -34, -34, -676
3842, -9431, -34, -34, -676
3841, -9431, -34, -34, -676
3841, -9431, -34, -34, -676
3842, -9433, -34, -34, -676
3842, -9433, -34, -34, -676
3842, -9432, -34, -34, -676
3842, -9432, -34, -34, -676
3842, -9432, -35, -35, -676
3842, -9432, -35, -35, -676
3841, -9432, -35, -35, -676
3841, -9432, -35, -35, -676
3841, -9433, -35, -35, -676
3841, -9432, -34, -34, -676
3842, -9433, -34, -34, -676
3842, -9432, -34, -34, -676
3842, -9433, -35, -35, -676
3842, -9432, -35, -35, -676
3842, -9431, -35, -35, -676
3842, -9431, -35, -35, -676
3841, -9431, -36, -36, -676
3844, -9432, -36, -36, -676
3852, -9407, -29, -29, -676
3937, -9404, 35, 35, -676
3951, -9404, 72, 72, -676
3951, -9404, 72, 72, -676
3957, -9404, 79, 79, -676
3959, -9405, 82, 82, -676
3959, -9405, 82, 82, -676
3963, -9405, 85, 85, -676
3963, -9405, 85, 85, -676
3964, -9405, 86, 86, -676
3964, -9405, 87, 87, -676
3966, -9405, 89, 89, -676
3966, -9405, 89, 89, -676
3968, -9405, 91, 91, -676
3968, -9405, 91, 91, -676
3969, -9406, 91, 91, -671
3969, -9406, 91, 91, -671
3968, -9406, 92, 92, -671
3970, -9406, 93, 93, -671
3970, -9406, 93, 93, -671
3970, -9406, 93, 93, -671
3971, -9406, 94, 94, -671
3970, -9407, 94, 94, -671
3972, -9406, 95, 95, -671
3972, -9406, 96, 96, -671
3973, -9407, 96, 96, -671
3973, -9407, 96, 96, -671
3973, -9407, 97, 97, -671
3973, -9405, 96, 96, -671
3974, -9406, 97, 97, -671
3974, -9408, 97, 97, -671
3974, -9408, 97, 97, -671
3976, -9407, 98, 98, -671
3974, -9406, 98, 98, -671
3974, -9406, 98, 98, -671
3974, -9406, 98, 98, -671
3974, -9407, 98, 98, -671
3974, -9407, 98, 98, -671
3974, -9406, 98, 98, -671
3974, -9406, 98, 98, -671
3976, -9407, 99, 99, -671
3976, -9406, 99, 99, -686
3976, -9407, 99, 99, -686
3976, -9407, 99, 99, -686
3976, -9407, 99, 99, -686
3976, -9407, 100, 100, -686
3976, -9407, 100, 100, -686
3976, -9407, 100, 100, -686
3976, -9407, 100, 100, -686
3978, -9408, 101, 101, -686
3977, -9407, 101, 101, -686
3977, -9407, 101, 101, -686
3977, -9408, 101, 101, -686
3977, -9408, 101, 101, -686
3977, -9408, 101, 101, -686
3977, -9408, 101, 101, -686
3978, -9407, 101, 101, -686
3977, -9407, 101, 101, -686
3978, -9407, 102, 102, -686
3978, -9407, 102, 102, -686
3978, -9407, 102, 102, -686
3978, -9407, 102, 102, -686
3978, -9406, 102, 102, -686
3978, -9406, 102, 102, -686
3979, -9408, 102, 102, -686
3979, -9408, 102, 102, -686
3979, -9407, 102, 102, -686
3978, -9407, 102, 102, -676
3978, -9407, 102, 102, -676
3979, -9407, 102, 102, -676
3980, -9407, 102, 102, -676
3979, -9407, 103, 103, -676
3979, -9407, 103, 103, -676
3978, -9408, 102, 102, -676
3978, -9406, 103, 103, -676
3979, -9407, 102, 102, -676
3978, -9407, 103, 103, -676
3980, -9407, 103, 103, -676
3980, -9407, 103, 103, -676
3979, -9408, 104, 104, -676
3979, -9407, 103, 103, -676
3979, -9407, 103, 103, -676
3980, -9408, 104, 104, -676
3980, -9408, 104, 104, -676
3980, -9406, 104, 104, -676
3980, -9406, 104, 104, -676
3980, -9407, 104, 104, -676
3980, -9407, 104, 104, -676
3981, -9407, 103, 103, -676
3979, -9408, 104, 104, -676
3979, -9408, 104, 104, -676
3979, -9407, 103, 103, -676
3979, -9407, 103, 103, -676
3980, -9407, 103, 103, -682
3980, -9407, 103, 103, -682
3981, -9406, 104, 104, -682
3981, -9407, 104, 104, -682
3981, -9407, 104, 104, -682
3980, -9408, 105, 105, -682
3981, -9407, 104, 104, -682
3981, -9407, 104, 104, -682
3981, -9407, 105, 105, -682
3981, -9407, 105, 105, -682
3981, -9408, 105, 105, -682
3981, -9408, 105, 105, -682
3981, -9408, 105, 105, -682
3981, -9408, 105, 105, -682
3983, -9407, 105, 105, -682
3983, -9407, 105, 105, -682
3982, -9408, 105, 105, -682
3982, -9408, 105, 105, -682
3980, -9408, 105, 105, -682
3981, -9407, 105, 105, -682
3981, -9407, 105, 105, -682
3981, -9407, 105, 105, -682
3981, -9408, 105, 105, -673
3981, -9408, 105, 105, -673
3983, -9407, 106, 106, -673
3983, -9408, 106, 106, -673
3982, -9408, 105, 105, -673
3983, -9407, 106, 106, -673
3983, -9407, 106, 106, -673
3982, -9407, 106, 106, -673
3982, -9407, 106, 106, -673
3982, -9407, 106, 106, -673
3886, -9434, 57, 57, -673
3876, -9436, 4, 4, -673
3869, -9436, -6, -6, -673
3869, -9436, -6, -6, -673
3867, -9436, -8, -8, -673
3864, -9435, -11, -11, -673
3862, -9433, -15, -15, -673
3858, -9434, -18, -18, -673
3858, -9434, -18, -18, -673
3855, -9435, -19, -19, -673
3855, -9435, -19, -19, -673
3857, -9435, -20, -20, -673
3854, -9434, -21, -21, -673
3854, -9434, -21, -21, -673
3856, -9434, -22, -22, -673
3856, -9434, -22, -22, -673
3854, -9433, -22, -22, -673
3853, -9432, -23, -23, -671
3851, -9433, -24, -24, -671
3851, -9433, -24, -24, -671
3851, -9432, -24, -24, -671
3850, -9433, -25, -25, -671
3850, -9433, -25, -25, -671
3850, -9432, -26, -26, -671
3850, -9433, -26, -26, -671
3850, -9434, -28, -28, -671
3850, -9434, -28, -28, -671
3848, -9433, -28, -28, -671
3848, -9433, -28, -28, -671
3849, -9433, -28, -28, -671
3849, -9433, -28, -28, -671
3849, -9431, -29, -29, -671
3849, -9433, -28, -28, -671
3847, -9433, -29, -29, -671
3847, -9433, -29, -29, -671
3847, -9431, -30, -30, -671
3847, -9431, -30, -30, -671
3846, -9432, -29, -29, -671
3847, -9432, -30, -30, -671
3847, -9432, -30, -30, -684
3847, -9432, -30, -30, -684
3845, -9432, -31, -31, -684
3845, -9432, -30, -30, -684
3845, -9433, -31, -31, -684
3845, -9433, -31, -31, -684
3845, -9432, -31, -31, -684
3845, -9432, -31, -31, -684
3845, -9432, -31, -31, -684
3845, -9432, -32, -32, -684
3845, -9432, -32, -32, -684
3843, -9432, -32, -32, -684
3842, -9433, -33, -33, -684
3844, -9433, -33, -33, -684
3845, -9433, -32, -32, -684
3845, -9433, -32, -32, -684
3844, -9432, -32, -32, -684
3844, -9432, -32, -32, -684
3844, -9433, -33, -33, -684
3844, -9433, -33, -33, -684
3844, -9432, -33, -33, -684
3844, -9432, -33, -33, -684
3844, -9432, -33, -33, -684
3844, -9432, -33, -33, -684
3845, -9433, -33, -33, -673
3845, -9433, -33, -33, -673
3844, -9433, -33, -33, -673
3844, -9433, -33, -33, -673
3842, -9433, -34, -34, -673
3842, -9432, -34, -34, -673
3842, -9432, -34, -34, -673
3842, -9432, -34, -34, -673
3842, -9432, -34, -34, -673
3842, -9433, -35, -35, -673
3844, -9433, -34, -34, -673
3844, -9433, -34, -34, -673
3842, -9432, -35, -35, -673
3843, -9432, -34, -34, -673
3843, -9432, -34, -34, -673
3843, -9432, -34, -34, -673
3843, -9432, -34, -34, -673
3842, -9434, -35, -35, -673
3842, -9434, -35, -35, -673
3842, -9433, -35, -35, -673
3842, -9433, -35, -35, -673
3842, -9433, -35, -35, -673
3841, -9432, -36, -36, -673
3841, -9433, -35, -35, -673
3841, -9433, -35, -35, -673
3842, -9432, -35, -35, -680
3841, -9433, -35, -35, -680
3841, -9433, -35, -35, -680
3839, -9432, -35, -35, -680
3840, -9432, -36, -36, -680
3841, -9432, -35, -35, -680
3841, -9432, -35, -35, -680
3841, -9433, -36, -36, -680
3841, -9433, -36, -36, -680
3841, -9432, -35, -35, -680
3841, -9432, -35, -35, -680
3840, -9433, -35, -35, -680
3839, -9433, -36, -36, -680
3840, -9433, -35, -35, -680
3841, -9433, -36, -36, -680
3841, -9433, -36, -36, -680
3841, -9433, -36, -36, -680
3840, -9433, -36, -36, -680
3840, -9433, -36, -36, -680
3840, -9432, -36, -36, -680
3842, -9430, -33, -33, -680
3845, -9431, -34, -34, -680
3937, -9405, 51, 51, -680
3951, -9405, 72, 72, -680
3951, -9405, 72, 72, -680
3954, -9405, 77, 77, -680
3955, -9405, 78, 78, -680
3960, -9405, 84, 84, -673
3960, -9405, 84, 84, -673
3962, -9407, 84, 84, -673
3962, -9406, 86, 86, -673
3966, -9406, 88, 88, -673
3966, -9406, 88, 88, -673
3966, -9406, 90, 90, -673
3966, -9406, 90, 90, -673
3968, -9407, 91, 91, -673
3968, -9407, 91, 91, -673
3967, -9407, 91, 91, -673
3968, -9407, 92, 92, -673
3970, -9407, 93, 93, -673
3970, -9407, 93, 93, -673
3970, -9407, 93, 93, -673
3970, -9407, 93, 93, -673
3969, -9407, 94, 94, -673
3969, -9407, 94, 94, -673
3971, -9407, 95, 95, -673
3971, -9407, 95, 95, -673
3970, -9408, 95, 95, -673
3970, -9408, 95, 95, -673
3972, -9407, 95, 95, -673
3973, -9407, 96, 96, -673
3972, -9408, 95, 95, -673
3974, -9408, 97, 97, -673
3972, -9408, 96, 96, -673
3974, -9408, 98, 98, -667
3974, -9408, 98, 98, -667
3974, -9408, 97, 97, -667
3974, -9408, 97, 97, -667
3976, -9408, 98, 98, -667
3976, -9408, 98, 98, -667
3976, -9408, 99, 99, -667
3974, -9408, 98, 98, -667
3974, -9408, 98, 98, -667
3975, -9407, 99, 99, -667
3975, -9407, 99, 99, -667
3976, -9406, 99, 99, -667
3976, -9407, 99, 99, -667
3976, -9408, 99, 99, -667
3975, -9407, 99, 99, -667
3977, -9408, 100, 100, -667
3977, -9408, 100, 100, -667
3976, -9407, 100, 100, -667
3975, -9408, 100, 100, -667
3977, -9407, 100, 100, -667
3976, -9408, 100, 100, -667
3976, -9408, 100, 100, -667
3976, -9407, 100, 100, -667
3976, -9407, 100, 100, -667
3978, -9408, 100, 100, -669
3978, -9408, 100, 100, -669
3977, -9407, 101, 101, -669
3977, -9407, 101, 101, -669
3978, -9408, 102, 102, -669
3978, -9408, 102, 102, -669
3978, -9408, 101, 101, -669
3978, -9408, 101, 101, -669
3978, -9408, 102, 102, -669
3978, -9408, 102, 102, -669
3976, -9408, 102, 102, -669
3976, -9408, 102, 102, -669
3979, -9407, 102, 102, -669
3979, -9407, 102, 102, -669
3979, -9408, 102, 102, -669
3978, -9408, 102, 102, -669
3979, -9408, 102, 102, -669
3979, -9408, 102, 102, -669
3978, -9408, 103, 103, -669
3978, -9408, 102, 102, -669
3978, -9408, 102, 102, -669
3979, -9409, 102, 102, -669
3979, -9409, 102, 102, -669
3981, -9408, 103, 103, -669
3979, -9408, 102, 102, -669
3979, -9407, 102, 102, -669
3979, -9408, 102, 102, -669
3979, -9408, 102, 102, -669
3979, -9407, 103, 103, -669
3980, -9408, 103, 103, -669
3979, -9409, 103, 103, -669
3979, -9409, 103, 103, -669
3979, -9408, 103, 103, -669
3979, -9408, 103, 103, -669
3981, -9407, 104, 104, -669
3981, -9407, 104, 104, -669
3978, -9407, 103, 103, -669
3980, -9407, 103, 103, -669
3979, -9407, 103, 103, -669
3979, -9407, 103, 103, -669
3978, -9407, 103, 103, -669
3981, -9408, 103, 103, -669
3981, -9408, 103, 103, -669
3980, -9408, 104, 104, -669
3980, -9407, 104, 104, -669
3980, -9408, 104, 104, -669
3981, -9408, 104, 104, -669
3979, -9408, 104, 104, -669
3980, -9408, 103, 103, -669
3981, -9408, 104, 104, -669
3981, -9408, 104, 104, -669
3980, -9407, 104, 104, -669
3980, -9407, 104, 104, -669
3980, -9408, 104, 104, -669
3980, -9408, 104, 104, -669
3980, -9408, 104, 104, -669
3981, -9407, 104, 104, -676
3981, -9407, 104, 104, -676
3980, -9408, 104, 104, -676
3980, -9408, 104, 104, -676
3982, -9408, 105, 105, -676
3979, -9408, 104, 104, -676
3982, -9408, 104, 104, -676
3982, -9408, 104, 104, -676
3981, -9407, 104, 104, -676
3981, -9407, 104, 104, -676
3980, -9408, 104, 104, -676
3980, -9408, 104, 104, -676
3982, -9408, 105, 105, -676
3981, -9408, 105, 105, -676
3980, -9408, 105, 105, -676
3980, -9408, 105, 105, -676
3892, -9438, 47, 47, -676
3892, -9438, 47, 47, -676
3870, -9436, -4, -4, -676
3870, -9436, -4, -4, -676
3871, -9434, -6, -6, -676
3864, -9433, -10, -10, -676
3862, -9435, -13, -13, -676
3861, -9433, -15, -15, -676
3857, -9434, -17, -17, -676
3857, -9434, -17, -17, -676
3858, -9434, -18, -18, -682
3858, -9434, -18, -18, -682
3856, -9433, -20, -20, -682
3856, -9433, -20, -20, -682
3854, -9434, -22, -22, -682
3853, -9433, -22, -22, -682
3853, -9434, -23, -23, -682
3853, -9434, -23, -23, -682
3851, -9434, -23, -23, -682
3851, -9433, -25, -25, -682
3853, -9433, -25, -25, -682
3853, -9433, -25, -25, -682
3851, -9433, -25, -25, -682
3849, -9433, -26, -26, -682
3850, -9433, -26, -26, -682
3850, -9433, -26, -26, -682
3850, -9433, -26, -26, -682
3849, -9433, -27, -27, -682
3849, -9433, -27, -27, -682
3849, -9433, -28, -28, -682
3849, -9433, -28, -28, -682
3848, -9433, -29, -29, -682
3846, -9434, -29, -29, -682
3846, -9434, -29, -29, -682
3845, -9434, -30, -30, -682
3845, -9434, -30, -30, -682
3848, -9434, -29, -29, -682
3848, -9434, -29, -29, -682
3848, -9433, -29, -29, -676
3845, -9433, -30, -30, -676
3845, -9433, -30, -30, -676
3845, -9434, -31, -31, -676
3845, -9434, -31, -31, -676
3846, -9433, -31, -31, -676
3846, -9433, -31, -31, -676
3846, -9433, -31, -31, -676
3845, -9433, -31, -31, -676
3845, -9432, -32, -32, -676
3845, -9432, -32, -32, -676
3843, -9432, -33, -33, -676
3843, -9432, -33, -33, -676
3843, -9432, -33, -33, -676
3843, -9433, -33, -33, -676
3842, -9433, -33, -33, -676
3843, -9432, -33, -33, -676
3843, -9432, -33, -33, -676
3843, -9433, -33, -33, -676
3843, -9432, -33, -33, -676
3843, -9432, -33, -33, -676
3843, -9433, -33, -33, -671
3843, -9433, -33, -33, -671
3843, -9432, -34, -34, -671
3844, -9432, -33, -33, -671
3843, -9434, -33, -33, -671
3841, -9432, -34, -34, -671
3841, -9432, -34, -34, -671
3843, -9433, -34, -34, -671
3843, -9433, -34, -34, -671
3842, -9434, -34, -34, -671
3842, -9433, -35, -35, -671
3842, -9433, -35, -35, -671
3842, -9434, -35, -35, -671
3842, -9434, -35, -35, -671
3842, -9434, -35, -35, -671
3842, -9434, -35, -35, -671
3841, -9433, -35, -35, -671
3842, -9434, -35, -35, -671
3842, -9434, -35, -35, -671
3842, -9433, -34, -34, -671
3842, -9434, -35, -35, -671
3842, -9434, -35, -35, -671
3841, -9433, -35, -35, -671
3841, -9433, -35, -35, -671
3839, -9433, -35, -35, -671
3841, -9434, -35, -35, -667
3841, -9433, -36, -36, -667
3841, -9433, -36, -36, -667
3842, -9433, -36, -36, -667
3841, -9433, -36, -36, -667
3839, -9433, -37, -37, -667
3841, -9433, -36, -36, -667
3839, -9432, -37, -37, -667
3839, -9432, -37, -37, -667
3840, -9434, -36, -36, -667
3841, -9432, -37, -37, -667
3841, -9432, -37, -37, -667
3840, -9433, -36, -36, -667
3840, -9433, -36, -36, -667
3840, -9433, -36, -36, -667
3838, -9431, -37, -37, -667
3839, -9432, -37, -37, -667
3839, -9432, -37, -37, -667
3840, -9434, -36, -36, -667
3840, -9434, -36, -36, -667
3838, -9434, -37, -37, -667
3841, -9432, -37, -37, -667
3841, -9433, -37, -37, -667
3841, -9433, -37, -37, -667
3841, -9433, -37, -37, -667
3841, -9433, -37, -37, -667
3841, -9432, -37, -37, -669
3841, -9432, -37, -37, -669
3907, -9405, -17, -17, -669
3907, -9405, -17, -17, -669
3945, -9404, 67, 67, -669
3951, -9405, 73, 73, -669
3951, -9405, 73, 73, -669
3956, -9405, 78, 78, -669
3958, -9406, 81, 81, -669
3960, -9406, 83, 83, -669
3960, -9406, 84, 84, -669
3960, -9406, 84, 84, -669
3963, -9406, 87, 87, -669
3963, -9406, 87, 87, -669
3965, -9407, 88, 88, -669
3965, -9407, 88, 88, -669
3965, -9407, 88, 88, -669
3966, -9407, 90, 90, -669
3966, -9407, 90, 90, -669
3968, -9407, 91, 91, -669
3968, -9407, 91, 91, -669
3971, -9407, 93, 93, -669
3971, -9407, 93, 93, -669
3970, -9409, 94, 94, -669
3970, -9409, 94, 94, -669
3971, -9408, 94, 94, -669
3971, -9407, 94, 94, -676
3971, -9407, 94, 94, -676
3970, -9407, 95, 95, -676
3972, -9408, 95, 95, -676
3973, -9407, 95, 95, -676
3972, -9408, 96, 96, -676
3972, -9408, 96, 96, -676
3973, -9409, 96, 96, -676
3972, -9408, 96, 96, -676
3972, -9408, 96, 96, -676
3973, -9408, 97, 97, -676
3973, -9408, 96, 96, -676
3973, -9408, 96, 96, -676
3974, -9407, 97, 97, -676
3972, -9408, 97, 97, -676
3972, -9408, 97, 97, -676
3975, -9407, 98, 98, -676
3975, -9407, 98, 98, -676
3976, -9407, 98, 98, -676
3976, -9407, 98, 98, -676
3974, -9407, 98, 98, -676
3974, -9407, 98, 98, -676
3975, -9408, 99, 99, -676
3976, -9407, 99, 99, -676
3975, -9408, 99, 99, -676
3976, -9408, 99, 99, -676
3976, -9408, 99, 99, -676
3977, -9407, 99, 99, -673
3976, -9408, 100, 100, -673
3975, -9407, 99, 99, -673
3975, -9407, 99, 99, -673
3975, -9407, 100, 100, -673
3975, -9407, 100, 100, -673
3978, -9407, 101, 101, -673
3978, -9407, 101, 101, -673
3978, -9407, 101, 101, -673
3977, -9408, 101, 101, -673
3978, -9407, 101, 101, -673
3978, -9407, 101, 101, -673
3978, -9408, 101, 101, -673
3976, -9407, 101, 101, -673
3977, -9407, 101, 101, -673
3977, -9407, 101, 101, -673
3977, -9407, 101, 101, -673
3979, -9408, 102, 102, -673
3977, -9408, 101, 101, -673
3979, -9407, 101, 101, -673
3978, -9407, 102, 102, -673
3977, -9407, 101, 101, -673
3979, -9407, 102, 102, -673
3977, -9407, 102, 102, -663
3977, -9407, 102, 102, -663
3980, -9407, 103, 103, -663
3980, -9407, 103, 103, -663
3979, -9408, 102, 102, -663
3979, -9408, 102, 102, -663
3980, -9407, 103, 103, -663
3978, -9408, 103, 103, -663
3978, -9408, 103, 103, -663
3978, -9408, 102, 102, -663
3979, -9407, 103, 103, -663
3979, -9407, 103, 103, -663
3980, -9408, 103, 103, -663
3980, -9408, 103, 103, -663
3979, -9408, 103, 103, -663
3979, -9408, 103, 103, -663
3978, -9409, 103, 103, -663
3978, -9409, 103, 103, -663
3979, -9408, 103, 103, -663
3979, -9408, 103, 103, -663
3981, -9408, 103, 103, -663
3981, -9408, 103, 103, -663
3979, -9409, 103, 103, -663
3979, -9409, 103, 103, -663
3979, -9407, 103, 103, -663
3979, -9407, 103, 103, -663
3979, -9408, 103, 103, -676
3980, -9408, 104, 104, -676
3980, -9408, 103, 103, -676
3979, -9408, 103, 103, -676
3980, -9408, 103, 103, -676
3980, -9408, 103, 103, -676
3981, -9407, 104, 104, -676
3981, -9407, 104, 104, -676
3980, -9409, 103, 103, -676
3980, -9409, 103, 103, -676
3979, -9408, 103, 103, -676
3979, -9408, 103, 103, -676
3980, -9407, 104, 104, -676
3980, -9407, 104, 104, -676
3979, -9408, 104, 104, -676
3979, -9408, 104, 104, -676
3981, -9408, 104, 104, -676
3981, -9408, 104, 104, -676
3982, -9408, 105, 105, -676
3982, -9408, 105, 105, -676
3982, -9408, 104, 104, -676
3982, -9408, 104, 104, -676
3980, -9408, 104, 104, -676
3981, -9409, 105, 105, -676
3981, -9409, 105, 105, -676
3875, -9436, -1, -1, -676
3875, -9436, -1, -1, -676
3868, -9436, -8, -8, -663
3868, -9436, -8, -8, -663
3863, -9435, -13, -13, -663
3863, -9435, -13, -13, -663
3862, -9434, -14, -14, -663
3859, -9434, -17, -17, -663
3861, -9434, -17, -17, -663
3857, -9433, -19, -19, -663
3856, -9434, -20, -20, -663
3856, -9434, -20, -20, -663
3857, -9434, -21, -21, -663
3856, -9434, -21, -21, -663
3855, -9434, -22, -22, -663
3855, -9434, -22, -22, -663
3854, -9434, -25, -25, -663
3854, -9434, -25, -25, -663
3852, -9435, -25, -25, -663
3850, -9434, -26, -26, -663
3851, -9433, -25, -25, -663
3851, -9433, -25, -25, -663
3849, -9434, -27, -27, -663
3849, -9434, -27, -27, -663
3849, -9433, -27, -27, -663
3851, -9433, -27, -27, -663
3849, -9433, -27, -27, -663
3848, -9433, -28, -28, -663
3849, -9434, -28, -28, -667
3849, -9434, -28, -28, -667
3846, -9433, -29, -29, -667
3846, -9433, -29, -29, -667
3847, -9434, -29, -29, -667
3848, -9434, -29, -29, -667
3846, -9434, -30, -30, -667
3847, -9434, -30, -30, -667
3847, -9434, -30, -30, -667
3847, -9434, -30, -30, -667
3846, -9433, -31, -31, -667
3846, -9433, -31, -31, -667
3846, -9433, -31, -31, -667
3846, -9433, -31, -31, -667
3845, -9435, -31, -31, -667
3846, -9433, -32, -32, -667
3846, -9433, -32, -32, -667
3846, -9433, -32, -32, -667
3846, -9433, -32, -32, -667
3844, -9433, -32, -32, -667
3844, -9432, -32, -32, -667
3844, -9432, -32, -32, -667
3843, -9433, -33, -33, -667
3843, -9433, -33, -33, -667
3844, -9433, -33, -33, -667
3844, -9433, -33, -33, -667
3844, -9432, -33, -33, -669
3844, -9432, -33, -33, -669
3841, -9433, -34, -34, -669
3843, -9432, -34, -34, -669
3843, -9432, -34, -34, -669
3842, -9434, -34, -34, -669
3842, -9434, -34, -34, -669
3842, -9434, -34, -34, -669
3842, -9434, -34, -34, -669
3840, -9433, -35, -35, -669
3841, -9434, -35, -35, -669
3842, -9433, -35, -35, -669
3843, -9432, -34, -34, -669
3843, -9432, -34, -34, -669
3840, -9433, -35, -35, -669
3840, -9433, -35, -35, -669
3840, -9433, -35, -35, -669
3840, -9433, -36, -36, -669
3840, -9433, -36, -36, -669
3841, -9434, -36, -36, -669
3841, -9434, -36, -36, -669
3838, -9434, -36, -36, -669
3839, -9433, -36, -36, -669
3841, -9434, -36, -36, -669
3841, -9432, -36, -36, -669
3841, -9432, -36, -36, -669
3840, -9434, -36, -36, -667
3839, -9432, -36, -36, -667
3841, -9433, -36, -36, -667
3840, -9432, -37, -37, -667
3840, -9432, -37, -37, -667
3839, -9433, -36, -36, -667
3839, -9433, -36, -36, -667
3841, -9433, -36, -36, -667
3840, -9432, -37, -37, -667
3840, -9432, -37, -37, -667
3842, -9432, -36, -36, -667
3841, -9432, -37, -37, -667
3840, -9433, -36, -36, -667
3839, -9433, -37, -37, -667
3839, -9433, -37, -37, -667
3838, -9433, -37, -37, -667
3839, -9434, -37, -37, -667
3839, -9433, -37, -37, -667
3841, -9433, -37, -37, -667
3839, -9432, -37, -37, -667
3841, -9432, -37, -37, -667
3838, -9432, -38, -38, -667
3838, -9432, -38, -38, -667
3839, -9434, -37, -37, -667
3839, -9434, -37, -37, -667
3840, -9433, -37, -37, -667
3839, -9433, -37, -37, -667
3839, -9433, -37, -37, -667
3838, -9433, -38, -38, -667
3838, -9433, -38, -38, -667
3837, -9434, -38, -38, -667
3837, -9434, -38, -38, -667
3840, -9432, -36, -36, -667
3840, -9432, -36, -36, -667
3942, -9404, 61, 61, -667
3942, -9404, 61, 61, -667
3947, -9405, 69, 69, -667
3951, -9405, 73, 73, -667
3954, -9406, 76, 76, -667
3956, -9407, 79, 79, -667
3958, -9406, 81, 81, -667
3959, -9406, 82, 82, -667
3960, -9406, 83, 83, -667
3962, -9407, 86, 86, -667
3962, -9407, 86, 86, -667
3965, -9406, 87, 87, -667
3965, -9406, 87, 87, -667
3965, -9407, 88, 88, -667
3965, -9406, 88, 88, -667
3967, -9407, 89, 89, -667
3967, -9407, 89, 89, -667
3968, -9407, 91, 91, -665
3969, -9407, 91, 91, -665
3969, -9407, 91, 91, -665
3968, -9407, 92, 92, -665
3968, -9407, 92, 92, -665
3969, -9407, 93, 93, -665
3969, -9407, 93, 93, -665
3971, -9407, 94, 94, -665
3971, -9407, 94, 94, -665
3970, -9407, 94, 94, -665
3970, -9407, 94, 94, -665
3971, -9407, 95, 95, -665
3971, -9407, 95, 95, -665
3973, -9408, 96, 96, -665
3973, -9407, 95, 95, -665
3973, -9407, 95, 95, -665
3973, -9408, 96, 96, -665
3973, -9408, 96, 96, -665
3972, -9407, 96, 96, -665
3973, -9408, 96, 96, -665
3974, -9408, 96, 96, -665
3972, -9407, 97, 97, -665
3974, -9408, 97, 97, -665
3974, -9408, 97, 97, -665
3974, -9408, 97, 97, -665
3974, -9408, 97, 97, -665
3973, -9408, 96, 96, -665
3974, -9407, 97, 97, -661
3975, -9408, 98, 98, -661
3975, -9408, 98, 98, -661
3975, -9409, 98, 98, -661
3973, -9407, 98, 98, -661
3973, -9407, 98, 98, -661
3975, -9408, 98, 98, -661
3975, -9408, 98, 98, -661
3974, -9409, 98, 98, -661
3974, -9409, 98, 98, -661
3976, -9408, 99, 99, -661
3975, -9409, 99, 99, -661
3975, -9409, 99, 99, -661
3975, -9408, 99, 99, -661
3977, -9408, 100, 100, -661
3977, -9408, 100, 100, -661
3976, -9409, 100, 100, -661
3976, -9409, 100, 100, -661
3975, -9408, 99, 99, -661
3975, -9409, 99, 99, -661
3975, -9409, 99, 99, -661
3976, -9408, 99, 99, -661
3977, -9408, 100, 100, -661
3977, -9408, 100, 100, -661
3977, -9408, 101, 101, -661
3976, -9407, 101, 101, -661
3976, -9407, 101, 101, -661
3978, -9408, 101, 101, -659
3978, -9408, 101, 101, -659
3978, -9408, 101, 101, -659
3977, -9408, 101, 101, -659
3977, -9408, 101, 101, -659
3979, -9409, 101, 101, -659
3979, -9409, 101, 101, -659
3978, -9408, 102, 102, -659
3978, -9407, 102, 102, -659
3978, -9407, 101, 101, -659
3979, -9408, 102, 102, -659
3979, -9408, 102, 102, -659
3979, -9409, 102, 102, -659
3979, -9409, 102, 102, -659
3977, -9409, 102, 102, -659
3978, -9408, 102, 102, -659
3978, -9408, 102, 102, -659
3978, -9408, 102, 102, -659
3978, -9408, 102, 102, -659
3977, -9409, 101, 101, -659
3977, -9409, 101, 101, -659
3978, -9408, 102, 102, -659
3978, -9408, 102, 102, -659
3979, -9408, 102, 102, -659
3979, -9408, 102, 102, -659
3980, -9408, 102, 102, -659
3979, -9407, 102, 102, -659
3979, -9409, 102, 102, -663
3979, -9408, 102, 102, -663
3979, -9408, 102, 102, -663
3978, -9407, 102, 102, -663
3979, -9408, 103, 103, -663
3980, -9408, 103, 103, -663
3980, -9408, 103, 103, -663
3979, -9408, 103, 103, -663
3979, -9408, 103, 103, -663
3979, -9408, 102, 102, -663
3979, -9408, 102, 102, -663
3979, -9408, 103, 103, -663
3979, -9408, 103, 103, -663
3980, -9408, 103, 103, -663
3980, -9409, 103, 103, -663
3980, -9409, 104, 104, -663
3980, -9409, 104, 104, -663
3980, -9408, 103, 103, -663
3980, -9408, 103, 103, -663
3980, -9408, 103, 103, -663
3980, -9409, 104, 104, -663
3980, -9409, 104, 104, -663
3981, -9408, 104, 104, -663
3980, -9407, 104, 104, -663
3981, -9409, 104, 104, -663
3982, -9408, 104, 104, -669
3982, -9408, 104, 104, -669
3981, -9408, 104, 104, -669
3980, -9409, 104, 104, -669
3980, -9409, 104, 104, -669
3981, -9408, 104, 104, -669
3981, -9409, 104, 104, -669
3981, -9408, 105, 105, -669
3981, -9408, 105, 105, -669
3980, -9409, 104, 104, -669
3981, -9408, 104, 104, -669
3982, -9408, 105, 105, -669
3982, -9408, 105, 105, -669
3981, -9409, 104, 104, -669
3981, -9409, 104, 104, -669
3981, -9409, 104, 104, -669
3981, -9408, 105, 105, -669
3980, -9408, 105, 105, -669
3981, -9408, 104, 104, -669
3982, -9409, 104, 104, -669
3981, -9408, 105, 105, -669
3981, -9408, 105, 105, -669
3981, -9408, 104, 104, -669
3981, -9408, 104, 104, -669
3980, -9408, 105, 105, -669
3982, -9408, 105, 105, -661
3981, -9408, 105, 105, -661
3981, -9408, 105, 105, -661
3981, -9407, 105, 105, -661
3981, -9407, 105, 105, -661
3981, -9409, 105, 105, -661
3981, -9408, 105, 105, -661
3981, -9408, 105, 105, -661
3982, -9409, 105, 105, -661
3982, -9408, 105, 105, -661
3981, -9409, 105, 105, -661
3981, -9409, 105, 105, -661
3980, -9407, 104, 104, -661
3980, -9407, 104, 104, -661
3981, -9407, 105, 105, -661
3981, -9407, 105, 105, -661
3982, -9409, 105, 105, -661
3982, -9409, 105, 105, -661
3982, -9409, 105, 105, -661
3982, -9409, 106, 106, -661
3982, -9409, 106, 106, -661
3981, -9408, 105, 105, -661
3981, -9408, 105, 105, -661
3982, -9407, 105, 105, -661
3983, -9408, 106, 106, -661
3982, -9407, 105, 105, -661
3981, -9408, 105, 105, -665
3981, -9408, 105, 105, -665
3981, -9409, 105, 105, -665
3981, -9409, 105, 105, -665
3982, -9408, 106, 106, -665
3983, -9408, 105, 105, -665
3983, -9409, 106, 106, -665
