4777, -8543, 901, 901, 3056
4777, -8543, 901, 901, 3056
4777, -8543, 901, 901, 3056
4778, -8543, 902, 902, 3056
4777, -8544, 901, 901, 3056
4777, -8544, 901, 901, 3056
4778, -8544, 901, 901, 3056
4778, -8544, 901, 901, 3056
4778, -8544, 901, 901, 3085
4777, -8543, 902, 902, 3085
4777, -8543, 902, 902, 3085
4778, -8544, 902, 902, 3085
4778, -8544, 902, 902, 3085
4778, -8543, 901, 901, 3085
4777, -8544, 901, 901, 3085
4777, -8544, 901, 901, 3085
4778, -8544, 902, 902, 3085
4778, -8544, 902, 902, 3085
4778, -8544, 902, 902, 3085
4779, -8543, 902, 902, 3085
4779, -8543, 903, 903, 3085
4779, -8544, 902, 902, 3085
4779, -8543, 902, 902, 3085
4779, -8543, 902, 902, 3085
4779, -8545, 903, 903, 3085
4780, -8544, 903, 903, 3085
4780, -8543, 904, 904, 3085
4779, -8544, 903, 903, 3085
4780, -8543, 903, 903, 3085
4779, -8543, 903, 903, 3085
4779, -8543, 903, 903, 3085
4780, -8544, 903, 903, 3085
4779, -8543, 903, 903, 3118
4779, -8543, 903, 903, 3118
4779, -8543, 903, 903, 3118
4779, -8543, 903, 903, 3118
4780, -8544, 903, 903, 3118
4779, -8543, 903, 903, 3118
4779, -8543, 903, 903, 3118
4779, -8543, 903, 903, 3118
4780, -8542, 903, 903, 3118
4780, -8541, 903, 903, 3118
4780, -8541, 903, 903, 3118
4779, -8544, 903, 903, 3118
4779, -8544, 903, 903, 3118
4780, -8543, 903, 903, 3118
4779, -8542, 903, 903, 3118
4780, -8543, 903, 903, 3118
4779, -8543, 903, 903, 3118
4779, -8542, 904, 904, 3118
4779, -8542, 904, 904, 3118
4780, -8543, 903, 903, 3118
4780, -8543, 904, 904, 3118
4780, -8542, 904, 904, 3118
4780, -8543, 904, 904, 3118
4780, -8542, 904, 904, 3114
4780, -8543, 904, 904, 3114
4781, -8542, 904, 904, 3114
4781, -8542, 904, 904, 3114
4781, -8542, 904, 904, 3114
4780, -8543, 904, 904, 3114
4781, -8542, 904, 904, 3114
4781, -8542, 904, 904, 3114
4781, -8542, 904, 904, 3114
4781, -8542, 904, 904, 3114
4781, -8542, 904, 904, 3114
4780, -8541, 904, 904, 3114
4781, -8541, 905, 905, 3114
4781, -8542, 905, 905, 3114
4781, -8542, 905, 905, 3114
4781, -8543, 905, 905, 3114
4781, -8541, 904, 904, 3114
4781, -8541, 904, 904, 3114
4781, -8541, 904, 904, 3114
4781, -8541, 905, 905, 3114
4781, -8541, 904, 904, 3114
4780, -8542, 904, 904, 3114
4780, -8541, 904, 904, 3114
4780, -8541, 904, 904, 3114
4781, -8542, 905, 905, 3104
4780, -8542, 904, 904, 3104
4780, -8542, 904, 904, 3104
4781, -8542, 904, 904, 3104
4780, -8540, 905, 905, 3104
4781, -8542, 905, 905, 3104
4781, -8542, 905, 905, 3104
4782, -8541, 905, 905, 3104
4782, -8541, 905, 905, 3104
4782, -8541, 905, 905, 3104
4781, -8541, 905, 905, 3104
4782, -8542, 905, 905, 3104
4782, -8542, 905, 905, 3104
4781, -8542, 905, 905, 3104
4782, -8541, 905, 905, 3104
4782, -8541, 905, 905, 3104
4783, -8541, 905, 905, 3104
4783, -8541, 905, 905, 3104
4782, -8540, 905, 905, 3104
4725, -8562, 863, 863, 3104
4725, -8562, 863, 863, 3104
4682, -8555, 807, 807, 3104
4682, -8555, 807, 807, 3104
4682, -8555, 803, 803, 3104
4681, -8555, 806, 806, 3104
4681, -8555, 806, 806, 3104
4685, -8555, 806, 806, 3096
4682, -8555, 807, 807, 3096
4683, -8554, 808, 808, 3096
4683, -8554, 808, 808, 3096
4682, -8554, 808, 808, 3096
4684, -8554, 807, 807, 3096
4687, -8554, 809, 809, 3096
4687, -8553, 809, 809, 3096
4687, -8553, 809, 809, 3096
4686, -8553, 809, 809, 3096
4687, -8553, 810, 810, 3096
4687, -8553, 810, 810, 3096
4688, -8554, 810, 810, 3096
4687, -8553, 809, 809, 3096
4687, -8553, 809, 809, 3096
4687, -8553, 810, 810, 3096
4684, -8553, 810, 810, 3096
4684, -8553, 809, 809, 3096
4685, -8554, 810, 810, 3096
4685, -8554, 810, 810, 3096
4688, -8553, 810, 810, 3096
4689, -8554, 811, 811, 3096
4687, -8553, 810, 810, 3096
4687, -8553, 810, 810, 3096
4686, -8554, 810, 810, 3096
4685, -8553, 811, 811, 3096
4685, -8552, 811, 811, 3087
4686, -8553, 810, 810, 3087
4685, -8553, 810, 810, 3087
4685, -8553, 810, 810, 3087
4689, -8553, 811, 811, 3087
4690, -8552, 812, 812, 3087
4690, -8552, 812, 812, 3087
4689, -8552, 811, 811, 3087
4689, -8552, 811, 811, 3087
4687, -8551, 810, 810, 3087
4687, -8551, 810, 810, 3087
4689, -8552, 812, 812, 3087
4687, -8553, 812, 812, 3087
4687, -8553, 812, 812, 3087
4687, -8552, 812, 812, 3087
4688, -8552, 811, 811, 3087
4692, -8552, 812, 812, 3087
4689, -8551, 811, 811, 3087
4689, -8551, 811, 811, 3087
4689, -8551, 812, 812, 3087
4687, -8552, 811, 811, 3087
4686, -8552, 812, 812, 3087
4688, -8552, 812, 812, 3087
4688, -8552, 811, 811, 3087
4690, -8551, 812, 812, 3093
4690, -8551, 812, 812, 3093
4689, -8551, 811, 811, 3093
4689, -8551, 811, 811, 3093
4690, -8551, 813, 813, 3093
4687, -8551, 812, 812, 3093
4688, -8552, 813, 813, 3093
4688, -8552, 813, 813, 3093
4687, -8552, 812, 812, 3093
4686, -8551, 812, 812, 3093
4688, -8551, 813, 813, 3093
4688, -8551, 813, 813, 3093
4689, -8550, 811, 811, 3093
4691, -8550, 813, 813, 3093
4689, -8550, 812, 812, 3093
4689, -8551, 812, 812, 3093
4689, -8550, 813, 813, 3093
4688, -8552, 813, 813, 3093
4688, -8551, 812, 812, 3093
4688, -8550, 813, 813, 3093
4690, -8551, 813, 813, 3093
4690, -8551, 813, 813, 3093
4692, -8551, 814, 814, 3093
4689, -8551, 812, 812, 3093
4690, -8550, 813, 813, 3093
4690, -8550, 813, 813, 3093
4689, -8550, 814, 814, 3085
4688, -8551, 813, 813, 3085
4690, -8550, 814, 814, 3085
4689, -8551, 814, 814, 3085
4690, -8550, 814, 814, 3085
4690, -8550, 814, 814, 3085
4689, -8550, 813, 813, 3085
4689, -8550, 813, 813, 3085
4689, -8551, 814, 814, 3085
4690, -8550, 814, 814, 3085
4690, -8551, 813, 813, 3085
4692, -8550, 814, 814, 3085
4691, -8549, 813, 813, 3085
4692, -8550, 813, 813, 3085
4689, -8550, 813, 813, 3085
4691, -8550, 814, 814, 3085
4691, -8550, 814, 814, 3085
4688, -8551, 814, 814, 3085
4690, -8550, 815, 815, 3085
4693, -8551, 815, 815, 3085
4693, -8551, 815, 815, 3085
4692, -8550, 814, 814, 3085
4692, -8550, 814, 814, 3085
4691, -8549, 815, 815, 3085
4690, -8549, 813, 813, 3085
4692, -8550, 814, 814, 3083
4692, -8550, 814, 814, 3083
4691, -8550, 815, 815, 3083
4689, -8549, 813, 813, 3083
4690, -8550, 814, 814, 3083
4690, -8548, 817, 817, 3083
4799, -8534, 868, 868, 3083
4799, -8534, 868, 868, 3083
4791, -8535, 916, 916, 3083
4791, -8535, 916, 916, 3083
4790, -8535, 913, 913, 3083
4790, -8535, 913, 913, 3083
4789, -8535, 913, 913, 3083
4788, -8536, 912, 912, 3083
4787, -8535, 912, 912, 3083
4787, -8535, 911, 911, 3083
4787, -8535, 911, 911, 3083
4787, -8536, 911, 911, 3083
4787, -8536, 910, 910, 3083
4787, -8535, 910, 910, 3083
4786, -8536, 910, 910, 3083
4786, -8536, 910, 910, 3083
4787, -8536, 910, 910, 3083
4787, -8536, 910, 910, 3083
4787, -8536, 910, 910, 3083
4787, -8536, 910, 910, 3079
4787, -8536, 910, 910, 3079
4787, -8536, 910, 910, 3079
4786, -8535, 910, 910, 3079
4785, -8536, 910, 910, 3079
4787, -8535, 910, 910, 3079
4787, -8535, 910, 910, 3079
4786, -8535, 910, 910, 3079
4786, -8535, 909, 909, 3079
4786, -8535, 909, 909, 3079
4787, -8536, 910, 910, 3079
4786, -8535, 910, 910, 3079
4787, -8536, 910, 910, 3079
4787, -8536, 910, 910, 3079
4787, -8535, 910, 910, 3079
4787, -8535, 910, 910, 3079
4786, -8534, 910, 910, 3079
4786, -8535, 910, 910, 3079
4787, -8535, 910, 910, 3079
4787, -8536, 911, 911, 3079
4787, -8536, 911, 911, 3079
4788, -8535, 910, 910, 3079
4787, -8535, 910, 910, 3079
4787, -8535, 910, 910, 3079
4787, -8535, 910, 910, 3077
4786, -8536, 910, 910, 3077
4786, -8536, 910, 910, 3077
4786, -8536, 910, 910, 3077
4787, -8535, 911, 911, 3077
4787, -8535, 911, 911, 3077
4787, -8535, 910, 910, 3077
4787, -8535, 910, 910, 3077
4787, -8536, 911, 911, 3077
4786, -8535, 911, 911, 3077
4786, -8535, 911, 911, 3077
4787, -8534, 910, 910, 3077
4787, -8535, 911, 911, 3077
4788, -8535, 911, 911, 3077
4788, -8535, 911, 911, 3077
4787, -8534, 911, 911, 3077
4787, -8533, 911, 911, 3077
4787, -8533, 911, 911, 3077
4787, -8535, 911, 911, 3077
4787, -8534, 911, 911, 3077
4787, -8535, 911, 911, 3077
4786, -8534, 910, 910, 3077
4788, -8534, 911, 911, 3077
4787, -8535, 911, 911, 3077
4787, -8535, 911, 911, 3077
4788, -8534, 911, 911, 3077
4787, -8534, 910, 910, 3073
4787, -8534, 911, 911, 3073
4787, -8534, 911, 911, 3073
4788, -8534, 911, 911, 3073
4788, -8535, 911, 911, 3073
4787, -8534, 911, 911, 3073
4787, -8534, 912, 912, 3073
4788, -8533, 911, 911, 3073
4787, -8535, 911, 911, 3073
4787, -8533, 911, 911, 3073
4789, -8534, 912, 912, 3073
4788, -8533, 911, 911, 3073
4787, -8534, 911, 911, 3073
4788, -8534, 911, 911, 3073
4788, -8534, 911, 911, 3073
4788, -8534, 911, 911, 3073
4788, -8534, 911, 911, 3073
4788, -8534, 911, 911, 3073
4788, -8534, 911, 911, 3073
4787, -8534, 911, 911, 3073
4788, -8534, 911, 911, 3073
4788, -8534, 911, 911, 3073
4788, -8533, 912, 912, 3073
4788, -8533, 912, 912, 3073
4788, -8534, 911, 911, 3073
4789, -8533, 912, 912, 3073
4787, -8534, 911, 911, 3073
4789, -8533, 912, 912, 3073
4789, -8533, 912, 912, 3073
4789, -8533, 912, 912, 3073
4789, -8533, 912, 912, 3073
4789, -8533, 912, 912, 3073
4788, -8534, 912, 912, 3073
4789, -8533, 912, 912, 3073
4789, -8533, 913, 913, 3073
4788, -8533, 912, 912, 3073
4788, -8533, 912, 912, 3073
4788, -8533, 912, 912, 3073
4789, -8533, 912, 912, 3073
4790, -8533, 913, 913, 3073
4789, -8534, 913, 913, 3073
4789, -8534, 912, 912, 3073
4788, -8532, 913, 913, 3073
4789, -8532, 912, 912, 3073
4788, -8532, 912, 912, 3073
4789, -8532, 912, 912, 3073
4787, -8533, 912, 912, 3073
4787, -8533, 912, 912, 3073
4790, -8533, 912, 912, 3073
4788, -8533, 912, 912, 3073
4790, -8533, 913, 913, 3073
4790, -8533, 913, 913, 3073
4789, -8533, 912, 912, 3071
4789, -8531, 913, 913, 3071
4789, -8531, 913, 913, 3071
4789, -8533, 913, 913, 3071
4682, -8548, 800, 800, 3071
4682, -8548, 800, 800, 3071
4686, -8547, 811, 811, 3071
4686, -8547, 811, 811, 3071
4688, -8547, 813, 813, 3071
4687, -8546, 813, 813, 3071
4690, -8547, 813, 813, 3071
4693, -8546, 816, 816, 3071
4694, -8546, 815, 815, 3071
4695, -8545, 816, 816, 3071
4695, -8545, 816, 816, 3071
4692, -8545, 816, 816, 3071
4692, -8545, 816, 816, 3071
4691, -8545, 816, 816, 3071
4691, -8545, 816, 816, 3071
4696, -8545, 818, 818, 3071
4696, -8545, 818, 818, 3071
4695, -8544, 818, 818, 3071
4691, -8544, 817, 817, 3071
4693, -8545, 817, 817, 3071
4693, -8545, 819, 819, 3067
4694, -8545, 818, 818, 3067
4695, -8545, 818, 818, 3067
4697, -8544, 818, 818, 3067
4697, -8544, 818, 818, 3067
4696, -8545, 818, 818, 3067
4692, -8546, 817, 817, 3067
4695, -8544, 819, 819, 3067
4693, -8544, 819, 819, 3067
4694, -8544, 818, 818, 3067
4696, -8544, 819, 819, 3067
4694, -8544, 819, 819, 3067
4698, -8543, 820, 820, 3067
4698, -8543, 820, 820, 3067
4696, -8543, 818, 818, 3067
4697, -8543, 819, 819, 3067
4697, -8543, 819, 819, 3067
4695, -8544, 820, 820, 3067
4695, -8544, 820, 820, 3067
4695, -8544, 820, 820, 3067
4695, -8544, 819, 819, 3067
4696, -8544, 820, 820, 3067
4696, -8544, 820, 820, 3067
4698, -8543, 819, 819, 3067
4698, -8543, 819, 819, 3067
4698, -8543, 820, 820, 3067
4696, -8543, 820, 820, 3067
4696, -8543, 820, 820, 3067
4695, -8544, 820, 820, 3065
4698, -8544, 821, 821, 3065
4696, -8543, 819, 819, 3065
4696, -8543, 819, 819, 3065
4697, -8544, 820, 820, 3065
4696, -8543, 820, 820, 3065
4696, -8543, 819, 819, 3065
4695, -8543, 821, 821, 3065
4698, -8543, 820, 820, 3065
4698, -8543, 820, 820, 3065
4699, -8544, 821, 821, 3065
4695, -8543, 821, 821, 3065
4695, -8543, 821, 821, 3065
4694, -8543, 820, 820, 3065
4695, -8543, 820, 820, 3065
4695, -8543, 820, 820, 3065
4695, -8543, 820, 820, 3065
4696, -8544, 821, 821, 3065
4699, -8543, 821, 821, 3065
4696, -8542, 820, 820, 3065
4701, -8543, 822, 822, 3065
4698, -8543, 820, 820, 3065
4699, -8543, 820, 820, 3065
4698, -8543, 821, 821, 3065
4700, -8542, 821, 821, 3065
4696, -8542, 822, 822, 3065
4697, -8543, 822, 822, 3065
4697, -8543, 822, 822, 3065
4694, -8543, 820, 820, 3065
4696, -8542, 820, 820, 3065
4696, -8542, 821, 821, 3065
4696, -8542, 820, 820, 3065
4698, -8542, 821, 821, 3065
4698, -8542, 821, 821, 3065
4698, -8541, 820, 820, 3065
4698, -8542, 821, 821, 3065
4697, -8541, 820, 820, 3065
4697, -8542, 821, 821, 3065
4696, -8541, 821, 821, 3065
4696, -8541, 821, 821, 3065
4697, -8542, 822, 822, 3065
4698, -8542, 821, 821, 3065
4700, -8541, 821, 821, 3065
4700, -8541, 821, 821, 3065
4699, -8541, 822, 822, 3065
4700, -8541, 821, 821, 3065
4699, -8540, 821, 821, 3065
4699, -8540, 821, 821, 3065
4698, -8541, 822, 822, 3065
4697, -8543, 822, 822, 3071
4697, -8543, 822, 822, 3071
4700, -8543, 823, 823, 3071
4697, -8542, 822, 822, 3071
4697, -8541, 821, 821, 3071
4699, -8541, 821, 821, 3071
4699, -8541, 821, 821, 3071
4696, -8541, 821, 821, 3071
4697, -8541, 822, 822, 3071
4697, -8541, 822, 822, 3071
4698, -8541, 823, 823, 3071
4698, -8541, 823, 823, 3071
4696, -8541, 822, 822, 3071
4699, -8542, 821, 821, 3071
4696, -8541, 819, 819, 3071
4696, -8541, 819, 819, 3071
4698, -8522, 822, 822, 3071
4800, -8525, 925, 925, 3071
4800, -8525, 925, 925, 3071
4798, -8526, 921, 921, 3071
4798, -8526, 921, 921, 3071
4795, -8527, 919, 919, 3071
4795, -8527, 919, 919, 3071
4796, -8527, 920, 920, 3071
4795, -8527, 919, 919, 3065
4795, -8528, 918, 918, 3065
4795, -8526, 918, 918, 3065
4795, -8527, 918, 918, 3065
4795, -8527, 918, 918, 3065
4795, -8527, 918, 918, 3065
4794, -8526, 918, 918, 3065
4794, -8526, 918, 918, 3065
4794, -8527, 918, 918, 3065
4794, -8527, 918, 918, 3065
4795, -8526, 919, 919, 3065
4795, -8526, 919, 919, 3065
4794, -8527, 918, 918, 3065
4794, -8527, 918, 918, 3065
4794, -8527, 918, 918, 3065
4794, -8527, 918, 918, 3065
4795, -8526, 918, 918, 3065
4795, -8527, 918, 918, 3065
4795, -8527, 918, 918, 3065
4794, -8527, 918, 918, 3065
4794, -8527, 918, 918, 3065
4794, -8526, 917, 917, 3065
4794, -8526, 917, 917, 3065
4794, -8526, 917, 917, 3065
4794, -8527, 918, 918, 3073
4794, -8526, 918, 918, 3073
4794, -8526, 918, 918, 3073
4793, -8527, 917, 917, 3073
4795, -8526, 918, 918, 3073
4795, -8526, 918, 918, 3073
4795, -8526, 918, 918, 3073
4795, -8526, 918, 918, 3073
4794, -8526, 918, 918, 3073
4795, -8527, 918, 918, 3073
4794, -8527, 918, 918, 3073
4794, -8527, 918, 918, 3073
4795, -8527, 918, 918, 3073
4795, -8526, 919, 919, 3073
4795, -8526, 919, 919, 3073
4794, -8526, 918, 918, 3073
4794, -8526, 918, 918, 3073
4795, -8525, 918, 918, 3073
4795, -8526, 918, 918, 3073
4795, -8526, 918, 918, 3073
4794, -8526, 918, 918, 3073
4794, -8525, 918, 918, 3073
4794, -8525, 918, 918, 3073
4795, -8526, 919, 919, 3073
4795, -8526, 919, 919, 3073
4795, -8526, 919, 919, 3073
4795, -8525, 919, 919, 3077
4795, -8524, 919, 919, 3077
4795, -8525, 919, 919, 3077
4795, -8525, 919, 919, 3077
4795, -8525, 919, 919, 3077
4795, -8526, 918, 918, 3077
4795, -8526, 919, 919, 3077
4795, -8526, 919, 919, 3077
4795, -8525, 919, 919, 3077
4795, -8525, 919, 919, 3077
4795, -8525, 919, 919, 3077
4795, -8525, 919, 919, 3077
4795, -8524, 919, 919, 3077
4795, -8526, 919, 919, 3077
4795, -8525, 919, 919, 3077
4796, -8525, 919, 919, 3077
4795, -8525, 919, 919, 3077
4796, -8525, 920, 920, 3077
4796, -8525, 920, 920, 3077
4796, -8525, 920, 920, 3077
4795, -8525, 919, 919, 3077
4795, -8525, 919, 919, 3077
4795, -8524, 919, 919, 3077
4795, -8525, 920, 920, 3077
4795, -8525, 919, 919, 3077
4797, -8525, 920, 920, 3096
4796, -8525, 920, 920, 3096
4796, -8525, 919, 919, 3096
4796, -8525, 919, 919, 3096
4795, -8524, 919, 919, 3096
4795, -8524, 919, 919, 3096
4796, -8525, 920, 920, 3096
4796, -8525, 920, 920, 3096
4796, -8525, 920, 920, 3096
4796, -8524, 919, 919, 3096
4796, -8524, 919, 919, 3096
4797, -8524, 920, 920, 3096
4796, -8524, 920, 920, 3096
4796, -8524, 920, 920, 3096
4796, -8524, 920, 920, 3096
4797, -8524, 920, 920, 3096
4796, -8523, 920, 920, 3096
4797, -8524, 920, 920, 3096
4796, -8524, 920, 920, 3096
4797, -8523, 921, 921, 3096
4796, -8524, 920, 920, 3096
4796, -8523, 920, 920, 3096
4797, -8523, 921, 921, 3081
4797, -8523, 921, 921, 3081
4797, -8523, 920, 920, 3081
4796, -8524, 920, 920, 3081
4796, -8524, 920, 920, 3081
4797, -8523, 920, 920, 3081
4796, -8524, 920, 920, 3081
4796, -8524, 920, 920, 3081
4797, -8524, 920, 920, 3081
4797, -8524, 920, 920, 3081
4796, -8524, 920, 920, 3081
4796, -8524, 920, 920, 3081
4797, -8523, 920, 920, 3081
4797, -8523, 920, 920, 3081
4798, -8522, 921, 921, 3081
4797, -8523, 921, 921, 3081
4797, -8523, 920, 920, 3081
4777, -8547, 894, 894, 3081
4701, -8540, 840, 840, 3081
4701, -8537, 825, 825, 3081
4698, -8537, 821, 821, 3081
4699, -8537, 821, 821, 3081
4699, -8537, 822, 822, 3081
4700, -8537, 822, 822, 3081
4700, -8536, 823, 823, 3081
4702, -8535, 824, 824, 3081
4698, -8536, 823, 823, 3081
4698, -8536, 823, 823, 3085
4702, -8535, 825, 825, 3085
4702, -8536, 824, 824, 3085
4702, -8536, 824, 824, 3085
4703, -8535, 825, 825, 3085
4700, -8535, 825, 825, 3085
4700, -8535, 825, 825, 3085
4703, -8536, 825, 825, 3085
4704, -8535, 827, 827, 3085
4702, -8535, 825, 825, 3085
4700, -8536, 825, 825, 3085
4703, -8536, 826, 826, 3085
4703, -8536, 826, 826, 3085
4703, -8535, 826, 826, 3085
4700, -8534, 826, 826, 3085
4703, -8535, 826, 826, 3085
4703, -8535, 826, 826, 3085
4703, -8535, 826, 826, 3085
4704, -8534, 827, 827, 3085
4701, -8535, 826, 826, 3085
4701, -8535, 826, 826, 3085
4702, -8534, 827, 827, 3085
4702, -8535, 827, 827, 3085
4702, -8535, 826, 826, 3085
4702, -8535, 826, 826, 3085
4703, -8535, 826, 826, 3085
4707, -8534, 828, 828, 3085
4702, -8534, 826, 826, 3085
4704, -8534, 826, 826, 3085
4706, -8535, 828, 828, 3085
4705, -8534, 827, 827, 3085
4706, -8533, 828, 828, 3085
4706, -8533, 828, 828, 3085
4701, -8534, 827, 827, 3085
4702, -8534, 827, 827, 3085
4704, -8533, 828, 828, 3085
4703, -8534, 828, 828, 3085
4704, -8534, 827, 827, 3085
4702, -8534, 827, 827, 3085
4704, -8534, 827, 827, 3085
4704, -8534, 827, 827, 3085
4703, -8533, 828, 828, 3085
4703, -8534, 828, 828, 3085
4703, -8534, 828, 828, 3085
4701, -8535, 828, 828, 3085
4705, -8534, 827, 827, 3085
4706, -8534, 829, 829, 3085
4707, -8534, 829, 829, 3085
4706, -8533, 828, 828, 3083
4706, -8533, 829, 829, 3083
4706, -8533, 829, 829, 3083
4707, -8532, 828, 828, 3083
4707, -8532, 828, 828, 3083
4705, -8534, 829, 829, 3083
4703, -8533, 828, 828, 3083
4704, -8533, 829, 829, 3083
4704, -8533, 829, 829, 3083
4702, -8533, 829, 829, 3083
4706, -8533, 829, 829, 3083
4707, -8533, 830, 830, 3083
4707, -8533, 830, 830, 3083
4707, -8532, 828, 828, 3083
4707, -8532, 829, 829, 3083
4709, -8531, 829, 829, 3083
4709, -8531, 829, 829, 3083
4703, -8532, 830, 830, 3083
4703, -8533, 829, 829, 3083
4705, -8534, 830, 830, 3083
4704, -8533, 829, 829, 3083
4706, -8533, 829, 829, 3083
4706, -8533, 829, 829, 3083
4706, -8533, 829, 829, 3083
4708, -8533, 829, 829, 3085
4705, -8532, 829, 829, 3085
4706, -8531, 829, 829, 3085
4702, -8532, 829, 829, 3085
4707, -8533, 830, 830, 3085
4709, -8532, 830, 830, 3085
4709, -8532, 830, 830, 3085
4709, -8532, 830, 830, 3085
4708, -8531, 830, 830, 3085
4704, -8532, 830, 830, 3085
4704, -8532, 829, 829, 3085
4703, -8532, 828, 828, 3085
4703, -8532, 828, 828, 3085
4709, -8531, 830, 830, 3085
4708, -8531, 830, 830, 3085
4708, -8531, 830, 830, 3085
4708, -8531, 830, 830, 3085
4703, -8533, 830, 830, 3085
4705, -8531, 829, 829, 3085
4710, -8531, 830, 830, 3085
4708, -8531, 830, 830, 3079
4708, -8531, 830, 830, 3079
4743, -8514, 838, 838, 3079
4743, -8514, 838, 838, 3079
4806, -8516, 930, 930, 3079
4804, -8516, 928, 928, 3079
4804, -8516, 928, 928, 3079
4804, -8517, 928, 928, 3079
4804, -8517, 927, 927, 3079
4803, -8518, 927, 927, 3079
4803, -8518, 927, 927, 3079
4803, -8518, 927, 927, 3079
4802, -8517, 926, 926, 3079
4802, -8517, 926, 926, 3079
4803, -8517, 927, 927, 3079
4804, -8518, 926, 926, 3079
4803, -8517, 926, 926, 3079
4803, -8517, 926, 926, 3079
4802, -8518, 926, 926, 3079
4803, -8517, 926, 926, 3079
4803, -8517, 926, 926, 3079
4802, -8518, 926, 926, 3079
4803, -8518, 926, 926, 3079
4802, -8518, 926, 926, 3075
4803, -8517, 926, 926, 3075
4803, -8517, 926, 926, 3075
4803, -8518, 926, 926, 3075
4803, -8518, 926, 926, 3075
4803, -8517, 926, 926, 3075
4803, -8517, 926, 926, 3075
4802, -8518, 926, 926, 3075
4802, -8518, 926, 926, 3075
4802, -8518, 926, 926, 3075
4803, -8517, 927, 927, 3075
4803, -8518, 926, 926, 3075
4803, -8518, 926, 926, 3075
4803, -8518, 926, 926, 3075
4802, -8517, 926, 926, 3075
4802, -8517, 926, 926, 3075
4803, -8518, 926, 926, 3075
4803, -8517, 926, 926, 3075
4802, -8518, 926, 926, 3075
4803, -8517, 926, 926, 3075
4801, -8518, 925, 925, 3075
4803, -8517, 926, 926, 3075
4802, -8517, 926, 926, 3075
4804, -8518, 927, 927, 3075
4804, -8518, 927, 927, 3075
4803, -8517, 926, 926, 3075
4803, -8516, 926, 926, 3075
4803, -8517, 926, 926, 3073
4803, -8517, 926, 926, 3073
4804, -8516, 927, 927, 3073
4803, -8517, 926, 926, 3073
4803, -8517, 926, 926, 3073
4803, -8517, 927, 927, 3073
4802, -8517, 926, 926, 3073
4802, -8517, 926, 926, 3073
4804, -8516, 926, 926, 3073
4803, -8517, 927, 927, 3073
4803, -8516, 927, 927, 3073
4803, -8517, 927, 927, 3073
4803, -8517, 927, 927, 3073
4803, -8516, 926, 926, 3073
4803, -8516, 927, 927, 3073
4803, -8516, 927, 927, 3073
4804, -8516, 927, 927, 3073
4803, -8516, 927, 927, 3073
4802, -8516, 926, 926, 3073
4803, -8515, 927, 927, 3073
4803, -8515, 927, 927, 3073
4803, -8516, 927, 927, 3073
4803, -8516, 927, 927, 3073
4803, -8516, 927, 927, 3073
4803, -8515, 927, 927, 3073
4803, -8515, 927, 927, 3073
4804, -8516, 928, 928, 3073
4803, -8516, 927, 927, 3069
4803, -8516, 927, 927, 3069
4804, -8516, 927, 927, 3069
4804, -8516, 927, 927, 3069
4804, -8516, 927, 927, 3069
4804, -8516, 927, 927, 3069
4805, -8515, 928, 928, 3069
4805, -8515, 928, 928, 3069
4804, -8515, 927, 927, 3069
4804, -8515, 927, 927, 3069
4804, -8514, 928, 928, 3069
4805, -8515, 928, 928, 3069
4804, -8515, 928, 928, 3069
4804, -8515, 928, 928, 3069
4804, -8515, 928, 928, 3069
4804, -8516, 928, 928, 3069
4804, -8514, 928, 928, 3069
4805, -8515, 929, 929, 3069
4805, -8515, 929, 929, 3069
4805, -8515, 929, 929, 3069
4805, -8515, 929, 929, 3069
4805, -8514, 929, 929, 3069
4805, -8515, 928, 928, 3069
4804, -8515, 928, 928, 3069
4804, -8515, 928, 928, 3077
4805, -8515, 928, 928, 3077
4805, -8516, 928, 928, 3077
4804, -8515, 928, 928, 3077
4805, -8515, 929, 929, 3077
4805, -8515, 928, 928, 3077
4804, -8514, 928, 928, 3077
4805, -8515, 928, 928, 3077
4806, -8513, 928, 928, 3077
4805, -8514, 928, 928, 3077
4805, -8514, 929, 929, 3077
4805, -8514, 928, 928, 3077
4805, -8514, 928, 928, 3077
4806, -8513, 929, 929, 3077
4805, -8514, 928, 928, 3077
4805, -8514, 929, 929, 3077
4805, -8514, 929, 929, 3077
4806, -8513, 929, 929, 3077
4806, -8513, 929, 929, 3077
4806, -8514, 929, 929, 3077
4806, -8514, 929, 929, 3077
4805, -8514, 929, 929, 3077
4805, -8514, 929, 929, 3077
4806, -8513, 929, 929, 3077
4806, -8514, 929, 929, 3077
4725, -8534, 841, 841, 3079
4704, -8527, 830, 830, 3079
4704, -8527, 830, 830, 3079
4708, -8528, 831, 831, 3079
4709, -8527, 832, 832, 3079
4709, -8526, 833, 833, 3079
4709, -8526, 833, 833, 3079
4709, -8526, 833, 833, 3079
4709, -8526, 833, 833, 3079
4708, -8526, 834, 834, 3079
4711, -8526, 833, 833, 3079
4711, -8526, 833, 833, 3079
4713, -8526, 834, 834, 3079
4711, -8526, 834, 834, 3079
4711, -8527, 833, 833, 3079
4708, -8527, 834, 834, 3079
4708, -8526, 833, 833, 3079
4708, -8526, 833, 833, 3079
4711, -8527, 835, 835, 3079
4708, -8526, 835, 835, 3079
4710, -8526, 835, 835, 3079
4710, -8526, 835, 835, 3079
4710, -8526, 834, 834, 3079
4712, -8525, 834, 834, 3079
4709, -8526, 835, 835, 3075
4712, -8526, 834, 834, 3075
4712, -8526, 834, 834, 3075
4713, -8526, 835, 835, 3075
4713, -8525, 835, 835, 3075
4712, -8527, 836, 836, 3075
4712, -8527, 836, 836, 3075
4711, -8525, 835, 835, 3075
4712, -8526, 835, 835, 3075
4712, -8526, 835, 835, 3075
4712, -8526, 835, 835, 3075
4714, -8525, 835, 835, 3075
4712, -8524, 835, 835, 3075
4710, -8525, 835, 835, 3075
4710, -8526, 836, 836, 3075
4710, -8526, 836, 836, 3075
4710, -8525, 835, 835, 3075
4714, -8525, 836, 836, 3075
4713, -8524, 835, 835, 3075
4714, -8524, 836, 836, 3075
4715, -8525, 836, 836, 3075
4709, -8525, 836, 836, 3075
4712, -8525, 836, 836, 3075
4711, -8525, 835, 835, 3073
4713, -8525, 836, 836, 3073
4715, -8525, 836, 836, 3073
4715, -8524, 837, 837, 3073
4714, -8524, 836, 836, 3073
4714, -8524, 836, 836, 3073
4715, -8525, 837, 837, 3073
4711, -8524, 837, 837, 3073
4710, -8525, 836, 836, 3073
4713, -8526, 837, 837, 3073
4712, -8525, 837, 837, 3073
4712, -8524, 836, 836, 3073
4713, -8524, 837, 837, 3073
4713, -8524, 836, 836, 3073
4711, -8525, 837, 837, 3073
4711, -8525, 837, 837, 3073
4713, -8525, 837, 837, 3073
4715, -8524, 837, 837, 3073
4714, -8524, 837, 837, 3073
4714, -8524, 837, 837, 3073
4713, -8523, 836, 836, 3073
4714, -8523, 837, 837, 3073
4714, -8523, 837, 837, 3073
4716, -8522, 837, 837, 3073
4715, -8524, 838, 838, 3083
4715, -8524, 838, 838, 3083
4711, -8524, 837, 837, 3083
4713, -8523, 837, 837, 3083
4711, -8523, 837, 837, 3083
4714, -8524, 837, 837, 3083
4711, -8524, 837, 837, 3083
4712, -8524, 837, 837, 3083
4712, -8524, 838, 838, 3083
4713, -8524, 837, 837, 3083
4710, -8523, 837, 837, 3083
4710, -8523, 837, 837, 3083
4714, -8524, 838, 838, 3083
4713, -8523, 838, 838, 3083
4716, -8523, 837, 837, 3083
4715, -8523, 837, 837, 3083
4713, -8523, 837, 837, 3083
4713, -8523, 837, 837, 3083
4716, -8522, 837, 837, 3083
4716, -8522, 837, 837, 3083
4716, -8522, 838, 838, 3081
4716, -8522, 838, 838, 3081
4712, -8523, 837, 837, 3081
4712, -8523, 837, 837, 3081
4716, -8523, 838, 838, 3081
4714, -8523, 838, 838, 3081
4715, -8523, 837, 837, 3081
4714, -8522, 838, 838, 3081
4714, -8522, 838, 838, 3081
4716, -8522, 837, 837, 3081
4717, -8521, 838, 838, 3081
4718, -8521, 839, 839, 3081
4817, -8506, 942, 942, 3081
4815, -8508, 939, 939, 3081
4814, -8507, 938, 938, 3081
4812, -8507, 936, 936, 3081
4812, -8508, 936, 936, 3081
4811, -8508, 935, 935, 3081
4812, -8508, 936, 936, 3081
4811, -8509, 935, 935, 3081
4811, -8507, 935, 935, 3081
4810, -8508, 934, 934, 3081
4810, -8508, 934, 934, 3081
4811, -8507, 934, 934, 3077
4811, -8508, 934, 934, 3077
4811, -8508, 934, 934, 3077
4810, -8508, 934, 934, 3077
4811, -8509, 935, 935, 3077
4809, -8508, 933, 933, 3077
4809, -8508, 933, 933, 3077
4810, -8508, 934, 934, 3077
4811, -8509, 934, 934, 3077
4810, -8508, 934, 934, 3077
4810, -8508, 934, 934, 3077
4810, -8508, 934, 934, 3077
4810, -8508, 934, 934, 3077
4810, -8509, 934, 934, 3077
4810, -8509, 934, 934, 3077
4811, -8509, 934, 934, 3077
4811, -8509, 934, 934, 3077
4811, -8509, 935, 935, 3077
4811, -8508, 935, 935, 3077
4811, -8509, 934, 934, 3077
4811, -8509, 934, 934, 3077
4812, -8508, 934, 934, 3077
4811, -8508, 934, 934, 3077
4811, -8508, 934, 934, 3077
4810, -8508, 934, 934, 3077
4810, -8508, 934, 934, 3077
4810, -8507, 934, 934, 3077
4810, -8507, 934, 934, 3077
4810, -8508, 934, 934, 3075
4810, -8508, 934, 934, 3075
4811, -8507, 934, 934, 3075
4810, -8508, 934, 934, 3075
4810, -8508, 934, 934, 3075
4811, -8508, 934, 934, 3075
4810, -8508, 934, 934, 3075
4811, -8508, 934, 934, 3075
4811, -8508, 934, 934, 3075
4810, -8508, 934, 934, 3075
4810, -8508, 934, 934, 3075
4811, -8507, 934, 934, 3075
4811, -8508, 935, 935, 3075
4811, -8507, 934, 934, 3075
4810, -8508, 934, 934, 3075
4811, -8508, 934, 934, 3075
4811, -8508, 935, 935, 3075
4811, -8508, 935, 935, 3075
4811, -8508, 935, 935, 3075
4811, -8507, 935, 935, 3075
4811, -8508, 935, 935, 3075
4811, -8507, 935, 935, 3075
4811, -8507, 935, 935, 3075
4811, -8507, 935, 935, 3075
4811, -8507, 935, 935, 3075
4811, -8507, 935, 935, 3075
4812, -8507, 935, 935, 3075
4811, -8507, 935, 935, 3075
4811, -8507, 935, 935, 3075
4812, -8507, 935, 935, 3075
4811, -8507, 935, 935, 3075
4812, -8507, 935, 935, 3075
4811, -8507, 935, 935, 3075
4812, -8507, 935, 935, 3075
4811, -8507, 935, 935, 3075
4812, -8508, 935, 935, 3075
4812, -8507, 935, 935, 3075
4812, -8507, 935, 935, 3075
4812, -8506, 935, 935, 3075
4812, -8507, 935, 935, 3075
4812, -8507, 935, 935, 3075
4811, -8507, 935, 935, 3075
4811, -8506, 935, 935, 3075
4811, -8507, 935, 935, 3075
4812, -8506, 935, 935, 3075
4812, -8506, 936, 936, 3075
4813, -8506, 936, 936, 3075
4813, -8506, 936, 936, 3075
4812, -8506, 935, 935, 3079
4812, -8506, 936, 936, 3079
4813, -8507, 936, 936, 3079
4812, -8506, 936, 936, 3079
4812, -8506, 936, 936, 3079
4813, -8507, 936, 936, 3079
4813, -8507, 936, 936, 3079
4813, -8506, 936, 936, 3079
4813, -8506, 936, 936, 3079
4813, -8506, 936, 936, 3079
4812, -8506, 936, 936, 3079
4812, -8506, 936, 936, 3079
4812, -8506, 936, 936, 3079
4812, -8506, 936, 936, 3079
4813, -8505, 936, 936, 3079
4813, -8506, 936, 936, 3079
4812, -8506, 936, 936, 3079
4813, -8506, 937, 937, 3079
4813, -8505, 936, 936, 3079
4813, -8505, 937, 937, 3079
4812, -8506, 936, 936, 3079
4813, -8506, 937, 937, 3079
4813, -8506, 936, 936, 3079
4813, -8506, 936, 936, 3079
4812, -8505, 936, 936, 3071
4814, -8504, 937, 937, 3071
4813, -8506, 936, 936, 3071
4813, -8506, 937, 937, 3071
4813, -8505, 937, 937, 3071
4813, -8505, 937, 937, 3071
4814, -8505, 937, 937, 3071
4814, -8505, 937, 937, 3071
4813, -8523, 937, 937, 3071
4710, -8520, 833, 833, 3071
4713, -8520, 835, 835, 3071
4713, -8520, 835, 835, 3071
4715, -8519, 836, 836, 3071
4717, -8519, 838, 838, 3071
4717, -8519, 838, 838, 3071
4718, -8518, 839, 839, 3071
4718, -8518, 839, 839, 3071
4714, -8518, 840, 840, 3071
4715, -8519, 839, 839, 3071
4715, -8519, 839, 839, 3071
4716, -8518, 840, 840, 3071
4718, -8518, 839, 839, 3071
4718, -8518, 839, 839, 3071
4720, -8517, 841, 841, 3071
4718, -8518, 841, 841, 3071
4719, -8517, 841, 841, 3081
4719, -8516, 841, 841, 3081
4719, -8516, 841, 841, 3081
4719, -8517, 841, 841, 3081
4716, -8518, 842, 842, 3081
4716, -8518, 842, 842, 3081
4714, -8517, 841, 841, 3081
4719, -8516, 841, 841, 3081
4719, -8516, 841, 841, 3081
4715, -8517, 842, 842, 3081
4715, -8517, 842, 842, 3081
4716, -8517, 841, 841, 3081
4720, -8517, 843, 843, 3081
4717, -8517, 842, 842, 3081
4719, -8517, 842, 842, 3081
4721, -8517, 843, 843, 3081
4718, -8516, 842, 842, 3081
4721, -8517, 842, 842, 3081
4720, -8516, 842, 842, 3081
4720, -8516, 842, 842, 3081
4721, -8515, 843, 843, 3081
4718, -8515, 842, 842, 3081
4718, -8515, 842, 842, 3081
4717, -8517, 843, 843, 3081
4717, -8516, 843, 843, 3077
4716, -8517, 841, 841, 3077
4720, -8516, 843, 843, 3077
4720, -8516, 843, 843, 3077
4722, -8515, 843, 843, 3077
4721, -8516, 844, 844, 3077
4723, -8516, 844, 844, 3077
4723, -8516, 844, 844, 3077
4720, -8515, 843, 843, 3077
4718, -8516, 844, 844, 3077
4718, -8516, 843, 843, 3077
4718, -8516, 843, 843, 3077
4720, -8515, 844, 844, 3077
4720, -8517, 844, 844, 3077
4722, -8515, 844, 844, 3077
4724, -8515, 844, 844, 3077
4723, -8515, 843, 843, 3077
4723, -8516, 845, 845, 3077
4720, -8515, 844, 844, 3077
4718, -8517, 844, 844, 3077
4718, -8517, 844, 844, 3077
4718, -8515, 844, 844, 3077
4719, -8516, 844, 844, 3077
4719, -8516, 844, 844, 3077
4720, -8516, 845, 845, 3073
4724, -8515, 845, 845, 3073
4723, -8514, 844, 844, 3073
4723, -8514, 844, 844, 3073
4722, -8515, 845, 845, 3073
4721, -8514, 844, 844, 3073
4723, -8514, 844, 844, 3073
4722, -8515, 844, 844, 3073
4722, -8515, 844, 844, 3073
4723, -8514, 845, 845, 3073
4724, -8514, 844, 844, 3073
4724, -8514, 844, 844, 3073
4718, -8514, 844, 844, 3073
4718, -8514, 844, 844, 3073
4718, -8516, 844, 844, 3073
4720, -8515, 844, 844, 3073
4720, -8515, 844, 844, 3073
4722, -8515, 845, 845, 3073
4719, -8515, 845, 845, 3073
4724, -8515, 845, 845, 3073
4721, -8514, 844, 844, 3073
4721, -8514, 844, 844, 3073
4722, -8514, 845, 845, 3073
4722, -8514, 845, 845, 3073
4723, -8513, 845, 845, 3073
4722, -8514, 845, 845, 3073
4722, -8514, 845, 845, 3073
4720, -8515, 845, 845, 3077
4721, -8515, 846, 846, 3077
4723, -8515, 846, 846, 3077
4723, -8515, 846, 846, 3077
4725, -8514, 846, 846, 3077
4724, -8514, 845, 845, 3077
4724, -8514, 845, 845, 3077
4725, -8513, 845, 845, 3077
4725, -8513, 846, 846, 3077
4721, -8513, 846, 846, 3077
4724, -8512, 845, 845, 3077
4719, -8514, 845, 845, 3077
4726, -8513, 847, 847, 3077
4721, -8513, 846, 846, 3077
4721, -8513, 846, 846, 3077
4722, -8513, 846, 846, 3077
4722, -8513, 846, 846, 3077
4721, -8513, 846, 846, 3077
4727, -8516, 847, 847, 3077
4722, -8512, 847, 847, 3077
4828, -8497, 927, 927, 3077
4822, -8498, 946, 946, 3077
4822, -8498, 946, 946, 3077
4822, -8500, 945, 945, 3077
4820, -8498, 944, 944, 3077
4820, -8499, 944, 944, 3077
4820, -8498, 944, 944, 3077
4819, -8498, 943, 943, 3077
4819, -8499, 944, 944, 3077
4818, -8498, 943, 943, 3077
4819, -8499, 942, 942, 3077
4818, -8498, 942, 942, 3077
4818, -8498, 942, 942, 3077
4819, -8499, 942, 942, 3077
4818, -8499, 942, 942, 3077
4819, -8498, 942, 942, 3077
4818, -8499, 942, 942, 3077
4818, -8499, 942, 942, 3077
4818, -8498, 942, 942, 3077
4818, -8499, 942, 942, 3077
4818, -8499, 942, 942, 3077
4818, -8499, 942, 942, 3077
4818, -8499, 941, 941, 3077
4818, -8499, 941, 941, 3077
4819, -8499, 942, 942, 3077
4819, -8499, 942, 942, 3077
4819, -8499, 943, 943, 3077
4818, -8499, 942, 942, 3083
4818, -8499, 942, 942, 3083
4818, -8499, 942, 942, 3083
4818, -8499, 942, 942, 3083
4819, -8500, 942, 942, 3083
4818, -8499, 942, 942, 3083
4818, -8499, 942, 942, 3083
4818, -8499, 942, 942, 3083
4820, -8499, 942, 942, 3083
4820, -8499, 942, 942, 3083
4819, -8499, 942, 942, 3083
4818, -8499, 942, 942, 3083
4819, -8498, 942, 942, 3083
4819, -8498, 942, 942, 3083
4817, -8498, 942, 942, 3083
4818, -8499, 942, 942, 3083
4818, -8498, 942, 942, 3083
4818, -8498, 942, 942, 3083
4818, -8499, 941, 941, 3083
4818, -8498, 942, 942, 3083
4819, -8498, 942, 942, 3083
4819, -8498, 942, 942, 3083
4818, -8498, 942, 942, 3083
4819, -8498, 942, 942, 3083
4818, -8499, 942, 942, 3085
4818, -8499, 942, 942, 3085
4819, -8498, 942, 942, 3085
4819, -8498, 942, 942, 3085
4819, -8497, 942, 942, 3085
4819, -8499, 942, 942, 3085
4819, -8499, 942, 942, 3085
4819, -8499, 942, 942, 3085
4819, -8498, 942, 942, 3085
4819, -8498, 942, 942, 3085
4819, -8497, 942, 942, 3085
4819, -8497, 942, 942, 3085
4819, -8499, 942, 942, 3085
4819, -8499, 943, 943, 3085
4818, -8498, 942, 942, 3085
4818, -8498, 942, 942, 3085
4819, -8498, 942, 942, 3085
4819, -8498, 942, 942, 3085
4819, -8498, 942, 942, 3085
4819, -8498, 942, 942, 3085
4819, -8498, 943, 943, 3085
4820, -8498, 943, 943, 3085
4819, -8498, 943, 943, 3085
4820, -8499, 943, 943, 3085
4820, -8499, 943, 943, 3085
4819, -8497, 943, 943, 3075
4819, -8498, 943, 943, 3075
4820, -8497, 943, 943, 3075
4819, -8498, 943, 943, 3075
4819, -8498, 943, 943, 3075
4819, -8498, 943, 943, 3075
4819, -8498, 943, 943, 3075
4820, -8498, 943, 943, 3075
4819, -8498, 943, 943, 3075
4819, -8498, 943, 943, 3075
4819, -8497, 943, 943, 3075
4820, -8497, 943, 943, 3075
4819, -8496, 943, 943, 3075
4819, -8497, 943, 943, 3075
4819, -8497, 943, 943, 3075
4819, -8497, 943, 943, 3075
4820, -8497, 943, 943, 3075
4819, -8498, 943, 943, 3075
4820, -8497, 943, 943, 3075
4820, -8497, 943, 943, 3075
4820, -8497, 943, 943, 3075
4819, -8496, 943, 943, 3075
4821, -8497, 944, 944, 3079
4820, -8497, 944, 944, 3079
4820, -8497, 944, 944, 3079
4821, -8497, 944, 944, 3079
4820, -8497, 944, 944, 3079
4820, -8495, 944, 944, 3079
4820, -8496, 944, 944, 3079
4820, -8497, 944, 944, 3079
4820, -8497, 944, 944, 3079
4821, -8497, 944, 944, 3079
4821, -8497, 944, 944, 3079
4821, -8497, 944, 944, 3079
4820, -8496, 944, 944, 3079
4820, -8496, 944, 944, 3079
4820, -8495, 944, 944, 3079
4821, -8496, 945, 945, 3079
4821, -8496, 945, 945, 3079
4820, -8497, 944, 944, 3079
4821, -8496, 944, 944, 3079
4821, -8496, 944, 944, 3079
4820, -8496, 944, 944, 3079
4820, -8496, 944, 944, 3079
4820, -8496, 944, 944, 3079
4821, -8496, 945, 945, 3079
4821, -8496, 945, 945, 3079
4821, -8496, 945, 945, 3079
4820, -8496, 944, 944, 3079
4820, -8496, 944, 944, 3079
4820, -8496, 944, 944, 3079
4618, -8528, 809, 809, 3071
4618, -8528, 809, 809, 3071
4639, -8522, 754, 754, 3071
4643, -8521, 762, 762, 3071
4639, -8521, 763, 763, 3071
4641, -8521, 766, 766, 3071
4641, -8522, 767, 767, 3071
4643, -8521, 769, 769, 3071
4643, -8520, 770, 770, 3071
4643, -8520, 770, 770, 3071
4649, -8519, 770, 770, 3071
4644, -8520, 772, 772, 3071
4647, -8519, 772, 772, 3071
4646, -8520, 773, 773, 3071
4653, -8518, 773, 773, 3071
4653, -8518, 774, 774, 3071
4651, -8518, 773, 773, 3071
4651, -8518, 773, 773, 3071
4653, -8517, 774, 774, 3071
4647, -8519, 773, 773, 3071
4647, -8519, 773, 773, 3071
4649, -8519, 774, 774, 3071
4651, -8519, 774, 774, 3071
4650, -8518, 775, 775, 3071
4650, -8518, 775, 775, 3071
4656, -8517, 774, 774, 3071
4650, -8519, 774, 774, 3071
4650, -8519, 774, 774, 3071
4655, -8518, 775, 775, 3071
4656, -8517, 775, 775, 3071
4654, -8517, 776, 776, 3071
4647, -8518, 775, 775, 3071
4647, -8518, 775, 775, 3071
4652, -8519, 776, 776, 3071
4651, -8518, 775, 775, 3071
4651, -8518, 775, 775, 3071
4653, -8517, 776, 776, 3071
4654, -8517, 776, 776, 3071
4654, -8518, 775, 775, 3071
4656, -8517, 776, 776, 3071
4656, -8517, 776, 776, 3071
4650, -8517, 776, 776, 3071
4651, -8517, 777, 777, 3071
4651, -8517, 776, 776, 3071
4649, -8517, 776, 776, 3071
4649, -8518, 776, 776, 3071
4649, -8518, 776, 776, 3071
4656, -8517, 775, 775, 3071
4656, -8517, 775, 775, 3071
4654, -8516, 777, 777, 3071
4656, -8516, 777, 777, 3071
4649, -8517, 775, 775, 3073
4649, -8517, 775, 775, 3073
4650, -8518, 777, 777, 3073
4650, -8518, 777, 777, 3073
4656, -8517, 777, 777, 3073
4657, -8516, 777, 777, 3073
4655, -8516, 777, 777, 3073
4655, -8516, 777, 777, 3073
4654, -8516, 776, 776, 3073
4655, -8515, 777, 777, 3073
4655, -8515, 777, 777, 3073
4649, -8518, 776, 776, 3073
4652, -8518, 777, 777, 3073
4652, -8518, 777, 777, 3073
4654, -8516, 777, 777, 3073
4658, -8516, 777, 777, 3073
4653, -8517, 778, 778, 3073
4653, -8517, 778, 778, 3073
4654, -8517, 778, 778, 3073
4658, -8517, 778, 778, 3073
4655, -8517, 778, 778, 3073
4655, -8517, 778, 778, 3073
4655, -8517, 778, 778, 3073
4655, -8516, 778, 778, 3073
4655, -8516, 778, 778, 3073
4657, -8515, 778, 778, 3073
4657, -8515, 778, 778, 3073
4653, -8515, 778, 778, 3073
4651, -8516, 778, 778, 3075
4651, -8516, 778, 778, 3075
4656, -8515, 778, 778, 3075
4656, -8515, 778, 778, 3075
4657, -8516, 779, 779, 3075
4657, -8516, 779, 779, 3075
4658, -8515, 778, 778, 3075
4658, -8515, 778, 778, 3075
4658, -8515, 778, 778, 3075
4657, -8516, 778, 778, 3075
4657, -8516, 778, 778, 3075
4657, -8515, 778, 778, 3075
4657, -8515, 778, 778, 3075
4658, -8515, 779, 779, 3075
4657, -8515, 779, 779, 3075
4656, -8514, 778, 778, 3075
4652, -8516, 779, 779, 3075
4651, -8516, 779, 779, 3075
4654, -8516, 779, 779, 3075
4653, -8517, 779, 779, 3075
4654, -8515, 779, 779, 3075
4650, -8516, 779, 779, 3075
4655, -8515, 779, 779, 3075
4655, -8515, 779, 779, 3075
4653, -8515, 779, 779, 3077
4658, -8516, 778, 778, 3077
4658, -8516, 778, 778, 3077
4659, -8515, 778, 778, 3077
4661, -8514, 779, 779, 3077
4661, -8514, 779, 779, 3077
4656, -8514, 779, 779, 3077
4656, -8514, 779, 779, 3077
4655, -8515, 779, 779, 3077
4651, -8514, 779, 779, 3077
4651, -8514, 779, 779, 3077
4656, -8515, 779, 779, 3077
4658, -8515, 779, 779, 3077
4650, -8513, 778, 778, 3077
4650, -8513, 778, 778, 3077
4843, -8486, 923, 923, 3077
4843, -8486, 923, 923, 3077
4835, -8489, 959, 959, 3077
4835, -8489, 959, 959, 3077
4833, -8489, 957, 957, 3077
4831, -8490, 955, 955, 3077
4831, -8489, 954, 954, 3077
4830, -8490, 954, 954, 3077
4829, -8490, 953, 953, 3077
4830, -8490, 953, 953, 3077
4829, -8490, 953, 953, 3077
4828, -8490, 952, 952, 3077
4828, -8490, 951, 951, 3077
4828, -8490, 951, 951, 3077
4827, -8490, 951, 951, 3077
4827, -8490, 951, 951, 3077
4827, -8490, 951, 951, 3077
4827, -8491, 950, 950, 3077
4827, -8490, 950, 950, 3077
4827, -8490, 950, 950, 3077
4827, -8490, 950, 950, 3077
4828, -8491, 951, 951, 3077
4828, -8491, 951, 951, 3077
4826, -8491, 950, 950, 3077
4825, -8490, 949, 949, 3077
4826, -8491, 950, 950, 3077
4828, -8491, 950, 950, 3077
4828, -8491, 950, 950, 3077
4826, -8490, 950, 950, 3077
4826, -8492, 950, 950, 3077
4826, -8490, 949, 949, 3077
4826, -8490, 950, 950, 3077
4826, -8491, 950, 950, 3077
4826, -8491, 950, 950, 3077
4826, -8489, 950, 950, 3077
4826, -8489, 950, 950, 3077
4826, -8490, 950, 950, 3077
4826, -8490, 949, 949, 3077
4825, -8490, 949, 949, 3077
4826, -8491, 949, 949, 3077
4826, -8490, 949, 949, 3079
4826, -8490, 949, 949, 3079
4826, -8490, 949, 949, 3079
4826, -8490, 949, 949, 3079
4826, -8491, 949, 949, 3079
4826, -8491, 949, 949, 3079
4825, -8491, 949, 949, 3079
4825, -8491, 949, 949, 3079
4825, -8490, 949, 949, 3079
4825, -8491, 949, 949, 3079
4826, -8491, 949, 949, 3079
4826, -8490, 950, 950, 3079
4825, -8490, 948, 948, 3079
4825, -8490, 948, 948, 3079
4826, -8490, 949, 949, 3079
4825, -8489, 949, 949, 3079
4826, -8490, 949, 949, 3079
4826, -8489, 949, 949, 3079
4826, -8489, 949, 949, 3079
4827, -8490, 950, 950, 3079
4826, -8490, 949, 949, 3079
4826, -8489, 950, 950, 3079
4826, -8489, 950, 950, 3079
4825, -8489, 949, 949, 3079
4826, -8490, 950, 950, 3085
4825, -8489, 949, 949, 3085
4826, -8490, 950, 950, 3085
4826, -8490, 950, 950, 3085
4827, -8489, 950, 950, 3085
4827, -8488, 950, 950, 3085
4826, -8489, 950, 950, 3085
4826, -8490, 950, 950, 3085
4827, -8490, 950, 950, 3085
4827, -8489, 950, 950, 3085
4827, -8488, 950, 950, 3085
4826, -8489, 950, 950, 3085
4826, -8490, 950, 950, 3085
4826, -8490, 950, 950, 3085
4827, -8489, 950, 950, 3085
4826, -8488, 950, 950, 3085
4825, -8489, 949, 949, 3085
4827, -8488, 950, 950, 3085
4826, -8489, 950, 950, 3085
4826, -8489, 950, 950, 3085
4827, -8489, 951, 951, 3085
4827, -8489, 951, 951, 3085
4827, -8489, 951, 951, 3077
4827, -8489, 951, 951, 3077
4826, -8489, 950, 950, 3077
4827, -8488, 950, 950, 3077
4826, -8489, 950, 950, 3077
4827, -8489, 951, 951, 3077
4827, -8489, 951, 951, 3077
4827, -8490, 951, 951, 3077
4827, -8488, 950, 950, 3077
4826, -8489, 950, 950, 3077
4827, -8488, 951, 951, 3077
4827, -8488, 951, 951, 3077
4827, -8488, 951, 951, 3077
4827, -8488, 950, 950, 3077
4827, -8488, 950, 950, 3077
4827, -8488, 950, 950, 3077
4827, -8487, 951, 951, 3077
4827, -8487, 951, 951, 3077
4827, -8487, 950, 950, 3077
4827, -8487, 950, 950, 3077
4828, -8488, 951, 951, 3077
4827, -8488, 951, 951, 3077
4828, -8488, 951, 951, 3077
4827, -8488, 951, 951, 3077
4827, -8488, 951, 951, 3077
4828, -8489, 951, 951, 3081
4828, -8488, 951, 951, 3081
4828, -8488, 951, 951, 3081
4827, -8487, 951, 951, 3081
4827, -8487, 951, 951, 3081
4827, -8487, 951, 951, 3081
4827, -8488, 950, 950, 3081
4827, -8488, 950, 950, 3081
4827, -8488, 950, 950, 3081
4828, -8488, 951, 951, 3081
4828, -8489, 951, 951, 3081
4829, -8488, 952, 952, 3081
4452, -8520, 857, 857, 3081
4654, -8513, 768, 768, 3081
4654, -8513, 768, 768, 3081
4644, -8512, 772, 772, 3081
4648, -8512, 774, 774, 3081
4648, -8512, 774, 774, 3081
4658, -8510, 777, 777, 3081
4658, -8510, 777, 777, 3081
4653, -8512, 779, 779, 3081
4653, -8512, 779, 779, 3081
4653, -8512, 779, 779, 3081
4659, -8510, 780, 780, 3081
4659, -8510, 780, 780, 3081
4659, -8510, 780, 780, 3083
4659, -8510, 780, 780, 3083
4660, -8510, 781, 781, 3083
4662, -8510, 781, 781, 3083
4660, -8510, 781, 781, 3083
4660, -8510, 781, 781, 3083
4659, -8510, 781, 781, 3083
4660, -8509, 782, 782, 3083
4654, -8510, 782, 782, 3083
4654, -8510, 782, 782, 3083
4654, -8511, 782, 782, 3083
4654, -8511, 782, 782, 3083
4660, -8510, 783, 783, 3083
4660, -8510, 783, 783, 3083
4659, -8510, 783, 783, 3083
4663, -8508, 782, 782, 3083
4665, -8509, 783, 783, 3083
4660, -8509, 783, 783, 3083
4655, -8510, 783, 783, 3083
4655, -8510, 783, 783, 3083
4661, -8510, 783, 783, 3083
4663, -8509, 783, 783, 3083
4663, -8509, 783, 783, 3083
4661, -8509, 785, 785, 3081
4661, -8509, 785, 785, 3081
4660, -8509, 784, 784, 3081
4661, -8508, 784, 784, 3081
4661, -8509, 784, 784, 3081
4658, -8508, 784, 784, 3081
4658, -8508, 784, 784, 3081
4659, -8508, 784, 784, 3081
4658, -8509, 784, 784, 3081
4659, -8509, 784, 784, 3081
4659, -8509, 784, 784, 3081
4658, -8508, 784, 784, 3081
4658, -8508, 784, 784, 3081
4658, -8509, 784, 784, 3081
4663, -8508, 785, 785, 3081
4658, -8508, 785, 785, 3081
4657, -8509, 784, 784, 3081
4658, -8508, 784, 784, 3081
4661, -8509, 785, 785, 3081
4664, -8507, 784, 784, 3081
4664, -8508, 785, 785, 3081
4665, -8508, 785, 785, 3081
4666, -8508, 785, 785, 3081
4666, -8508, 785, 785, 3081
4666, -8508, 784, 784, 3081
4662, -8508, 785, 785, 3081
4659, -8508, 785, 785, 3085
4659, -8508, 785, 785, 3085
4659, -8508, 785, 785, 3085
4660, -8508, 785, 785, 3085
4660, -8508, 785, 785, 3085
4665, -8508, 785, 785, 3085
4665, -8508, 785, 785, 3085
4663, -8507, 786, 786, 3085
4661, -8507, 785, 785, 3085
4662, -8508, 785, 785, 3085
4661, -8507, 785, 785, 3085
4662, -8507, 786, 786, 3085
4662, -8507, 786, 786, 3085
4665, -8506, 785, 785, 3085
4665, -8507, 785, 785, 3085
4661, -8506, 785, 785, 3085
4661, -8507, 786, 786, 3085
4661, -8507, 786, 786, 3085
4659, -8507, 785, 785, 3085
4658, -8508, 786, 786, 3085
4658, -8508, 786, 786, 3085
4661, -8507, 785, 785, 3085
4658, -8508, 785, 785, 3085
4658, -8508, 785, 785, 3085
4659, -8507, 785, 785, 3085
4658, -8507, 784, 784, 3089
4658, -8508, 785, 785, 3089
4665, -8507, 786, 786, 3089
4665, -8507, 786, 786, 3089
4665, -8507, 785, 785, 3089
4666, -8506, 786, 786, 3089
4665, -8506, 786, 786, 3089
4667, -8506, 787, 787, 3089
4665, -8506, 785, 785, 3089
4665, -8506, 785, 785, 3089
4667, -8506, 787, 787, 3089
4664, -8506, 786, 786, 3089
4664, -8506, 786, 786, 3089
4658, -8508, 786, 786, 3089
4658, -8508, 786, 786, 3089
4659, -8507, 787, 787, 3089
4659, -8507, 786, 786, 3089
4663, -8507, 787, 787, 3089
4659, -8505, 787, 787, 3089
4659, -8505, 787, 787, 3089
4653, -8507, 784, 784, 3089
4653, -8507, 784, 784, 3089
4853, -8477, 932, 932, 3089
4853, -8477, 932, 932, 3089
4842, -8482, 967, 967, 3081
4842, -8482, 967, 967, 3081
4841, -8481, 965, 965, 3081
4840, -8482, 964, 964, 3081
4837, -8481, 962, 962, 3081
4837, -8482, 960, 960, 3081
4835, -8482, 959, 959, 3081
4834, -8482, 958, 958, 3081
4834, -8482, 958, 958, 3081
4835, -8482, 958, 958, 3081
4833, -8482, 958, 958, 3081
4834, -8483, 957, 957, 3081
4834, -8483, 957, 957, 3081
4834, -8482, 957, 957, 3081
4834, -8483, 957, 957, 3081
4834, -8483, 957, 957, 3081
4833, -8482, 957, 957, 3081
4834, -8483, 957, 957, 3081
4834, -8483, 957, 957, 3081
4835, -8482, 957, 957, 3081
4833, -8481, 957, 957, 3081
4833, -8481, 957, 957, 3081
4834, -8482, 957, 957, 3083
4834, -8481, 957, 957, 3083
4834, -8481, 957, 957, 3083
4834, -8481, 957, 957, 3083
4834, -8481, 957, 957, 3083
4833, -8482, 957, 957, 3083
4833, -8482, 957, 957, 3083
4833, -8482, 957, 957, 3083
4833, -8482, 956, 956, 3083
4834, -8482, 957, 957, 3083
4833, -8482, 957, 957, 3083
4834, -8482, 957, 957, 3083
4833, -8481, 956, 956, 3083
4833, -8481, 956, 956, 3083
4833, -8481, 957, 957, 3083
4833, -8481, 957, 957, 3083
4833, -8481, 957, 957, 3083
4833, -8481, 957, 957, 3083
4833, -8481, 957, 957, 3083
4833, -8481, 957, 957, 3083
4833, -8481, 957, 957, 3083
4833, -8481, 957, 957, 3083
4834, -8481, 957, 957, 3083
4834, -8482, 957, 957, 3073
4834, -8482, 957, 957, 3073
4833, -8481, 957, 957, 3073
4834, -8482, 957, 957, 3073
4833, -8481, 957, 957, 3073
4833, -8481, 957, 957, 3073
4834, -8481, 957, 957, 3073
4833, -8481, 957, 957, 3073
4833, -8481, 957, 957, 3073
4833, -8481, 957, 957, 3073
4834, -8481, 957, 957, 3073
4833, -8481, 957, 957, 3073
4833, -8481, 957, 957, 3073
4833, -8481, 957, 957, 3073
4834, -8481, 957, 957, 3073
4834, -8481, 958, 958, 3073
4834, -8481, 958, 958, 3073
4834, -8481, 958, 958, 3073
4835, -8480, 957, 957, 3073
4834, -8481, 958, 958, 3073
4833, -8481, 957, 957, 3073
4833, -8481, 957, 957, 3073
4833, -8481, 957, 957, 3073
4833, -8481, 957, 957, 3073
4835, -8481, 958, 958, 3073
4835, -8481, 958, 958, 3077
4833, -8481, 958, 958, 3077
4833, -8481, 957, 957, 3077
4834, -8481, 957, 957, 3077
4834, -8481, 958, 958, 3077
4834, -8480, 958, 958, 3077
4834, -8481, 957, 957, 3077
4834, -8481, 958, 958, 3077
4834, -8480, 958, 958, 3077
4834, -8480, 958, 958, 3077
4834, -8479, 958, 958, 3077
4834, -8479, 957, 957, 3077
4834, -8480, 958, 958, 3077
4834, -8480, 958, 958, 3077
4833, -8479, 957, 957, 3077
4834, -8481, 958, 958, 3077
4834, -8481, 958, 958, 3077
4834, -8480, 958, 958, 3077
4834, -8481, 958, 958, 3077
4835, -8481, 958, 958, 3077
4835, -8481, 958, 958, 3077
4834, -8481, 958, 958, 3077
4835, -8480, 958, 958, 3077
4834, -8481, 958, 958, 3077
4833, -8480, 957, 957, 3077
4833, -8480, 957, 957, 3077
4833, -8480, 958, 958, 3073
4834, -8480, 957, 957, 3073
4835, -8480, 958, 958, 3073
4834, -8480, 958, 958, 3073
4834, -8479, 958, 958, 3073
4834, -8479, 958, 958, 3073
4834, -8480, 958, 958, 3073
4834, -8480, 958, 958, 3073
4834, -8480, 958, 958, 3073
4835, -8480, 958, 958, 3073
4834, -8479, 958, 958, 3073
4834, -8479, 958, 958, 3073
4835, -8480, 958, 958, 3073
4835, -8479, 958, 958, 3073
4834, -8479, 958, 958, 3073
4835, -8479, 959, 959, 3073
4835, -8479, 959, 959, 3073
4834, -8479, 958, 958, 3073
4835, -8480, 958, 958, 3073
4835, -8480, 958, 958, 3073
4834, -8480, 958, 958, 3073
4660, -8503, 777, 777, 3073
4655, -8504, 779, 779, 3071
4656, -8504, 782, 782, 3071
4658, -8504, 782, 782, 3071
4659, -8503, 784, 784, 3071
4659, -8503, 784, 784, 3071
4660, -8503, 785, 785, 3071
4667, -8503, 786, 786, 3071
4667, -8503, 786, 786, 3071
4664, -8502, 787, 787, 3071
4664, -8502, 787, 787, 3071
4659, -8502, 787, 787, 3071
4658, -8503, 787, 787, 3071
4663, -8502, 787, 787, 3071
4667, -8502, 789, 789, 3071
4660, -8502, 788, 788, 3071
4667, -8502, 788, 788, 3071
4666, -8501, 789, 789, 3071
4667, -8501, 788, 788, 3071
4670, -8500, 789, 789, 3071
4669, -8501, 789, 789, 3071
4669, -8501, 789, 789, 3071
4663, -8502, 789, 789, 3071
4663, -8502, 789, 789, 3071
4662, -8502, 789, 789, 3071
4664, -8501, 789, 789, 3075
4664, -8501, 789, 789, 3075
4669, -8501, 789, 789, 3075
4669, -8501, 789, 789, 3075
4669, -8501, 789, 789, 3075
4664, -8502, 789, 789, 3075
4662, -8501, 789, 789, 3075
4662, -8502, 790, 790, 3075
4662, -8502, 790, 790, 3075
4663, -8503, 790, 790, 3075
4665, -8501, 790, 790, 3075
4670, -8500, 791, 791, 3075
4671, -8500, 791, 791, 3075
4669, -8501, 790, 790, 3075
4669, -8501, 790, 790, 3075
4663, -8502, 790, 790, 3075
4663, -8502, 790, 790, 3075
4663, -8500, 791, 791, 3075
4665, -8501, 790, 790, 3075
4665, -8501, 790, 790, 3075
4667, -8501, 792, 792, 3075
4671, -8500, 791, 791, 3075
4671, -8500, 791, 791, 3075
4668, -8500, 791, 791, 3075
4667, -8500, 791, 791, 3075
4672, -8499, 791, 791, 3073
4672, -8499, 791, 791, 3073
4664, -8501, 791, 791, 3073
4665, -8500, 791, 791, 3073
4665, -8500, 791, 791, 3073
4667, -8501, 791, 791, 3073
4670, -8499, 791, 791, 3073
4670, -8499, 791, 791, 3073
4672, -8499, 791, 791, 3073
4669, -8499, 792, 792, 3073
4669, -8499, 792, 792, 3073
4664, -8499, 792, 792, 3073
4670, -8501, 792, 792, 3073
4670, -8501, 792, 792, 3073
4670, -8499, 791, 791, 3073
4667, -8499, 792, 792, 3073
4667, -8499, 792, 792, 3073
4672, -8499, 792, 792, 3073
4666, -8499, 792, 792, 3073
4668, -8499, 793, 793, 3073
4666, -8499, 792, 792, 3073
4666, -8499, 792, 792, 3073
4665, -8500, 792, 792, 3073
4665, -8500, 792, 792, 3073
4665, -8499, 792, 792, 3073
4673, -8498, 792, 792, 3075
4673, -8498, 792, 792, 3075
4673, -8497, 792, 792, 3075
4673, -8497, 792, 792, 3075
4666, -8498, 792, 792, 3075
4666, -8499, 792, 792, 3075
4666, -8500, 792, 792, 3075
4666, -8500, 792, 792, 3075
4673, -8498, 793, 793, 3075
4672, -8498, 792, 792, 3075
4672, -8498, 792, 792, 3075
4672, -8499, 792, 792, 3075
4670, -8499, 792, 792, 3075
4671, -8498, 793, 793, 3075
4665, -8499, 792, 792, 3075
4666, -8499, 793, 793, 3075
4664, -8499, 793, 793, 3075
4664, -8499, 793, 793, 3075
4670, -8498, 793, 793, 3075
4670, -8498, 793, 793, 3075
4669, -8499, 793, 793, 3075
4673, -8498, 792, 792, 3075
4669, -8498, 793, 793, 3075
4669, -8498, 793, 793, 3075
4670, -8499, 794, 794, 3075
4664, -8498, 793, 793, 3075
4667, -8498, 793, 793, 3089
4667, -8498, 793, 793, 3089
4668, -8499, 792, 792, 3089
4669, -8498, 793, 793, 3089
4668, -8498, 793, 793, 3089
4673, -8497, 793, 793, 3089
4674, -8498, 792, 792, 3089
4688, -8466, 797, 797, 3089
4688, -8466, 797, 797, 3089
4850, -8471, 975, 975, 3089
4850, -8471, 975, 975, 3089
4846, -8473, 970, 970, 3089
4846, -8473, 970, 970, 3089
4846, -8473, 970, 970, 3089
4844, -8473, 968, 968, 3089
4844, -8473, 968, 968, 3089
4843, -8474, 967, 967, 3089
4843, -8473, 967, 967, 3089
4842, -8474, 966, 966, 3089
4842, -8474, 965, 965, 3089
4842, -8473, 966, 966, 3089
4841, -8474, 965, 965, 3089
4841, -8472, 965, 965, 3089
4840, -8474, 964, 964, 3089
4841, -8473, 964, 964, 3081
4841, -8473, 964, 964, 3081
4841, -8474, 964, 964, 3081
4841, -8474, 965, 965, 3081
4841, -8475, 964, 964, 3081
4841, -8475, 964, 964, 3081
4840, -8474, 964, 964, 3081
4840, -8474, 964, 964, 3081
4840, -8474, 963, 963, 3081
4840, -8474, 963, 963, 3081
4840, -8474, 964, 964, 3081
4839, -8474, 963, 963, 3081
4840, -8474, 963, 963, 3081
4839, -8474, 963, 963, 3081
4839, -8474, 963, 963, 3081
4840, -8474, 963, 963, 3081
4840, -8474, 963, 963, 3081
4840, -8474, 963, 963, 3081
4840, -8474, 963, 963, 3081
4840, -8474, 963, 963, 3081
4839, -8474, 963, 963, 3081
4839, -8474, 963, 963, 3081
4839, -8475, 963, 963, 3081
4839, -8473, 963, 963, 3081
4839, -8473, 963, 963, 3081
4841, -8473, 964, 964, 3081
4840, -8474, 964, 964, 3081
4839, -8474, 963, 963, 3081
4840, -8474, 963, 963, 3081
4839, -8475, 963, 963, 3081
4840, -8473, 963, 963, 3081
4840, -8473, 963, 963, 3081
4840, -8474, 963, 963, 3081
4840, -8474, 964, 964, 3081
4840, -8474, 964, 964, 3081
4840, -8474, 964, 964, 3081
4841, -8474, 963, 963, 3081
4841, -8474, 963, 963, 3081
4840, -8474, 963, 963, 3081
4840, -8474, 963, 963, 3081
4840, -8474, 964, 964, 3081
4840, -8474, 964, 964, 3081
4840, -8474, 963, 963, 3081
4840, -8474, 963, 963, 3081
4840, -8474, 964, 964, 3081
4840, -8473, 963, 963, 3081
4840, -8473, 964, 964, 3081
4840, -8475, 964, 964, 3081
4840, -8473, 964, 964, 3081
4841, -8474, 963, 963, 3081
4841, -8473, 964, 964, 3081
4840, -8473, 963, 963, 3081
4841, -8474, 964, 964, 3081
4840, -8474, 964, 964, 3081
4840, -8473, 964, 964, 3081
4841, -8474, 964, 964, 3081
4841, -8474, 964, 964, 3081
4840, -8474, 964, 964, 3081
4841, -8473, 964, 964, 3081
4841, -8473, 964, 964, 3081
4841, -8473, 964, 964, 3081
4841, -8473, 964, 964, 3081
4840, -8473, 964, 964, 3081
4840, -8473, 964, 964, 3081
4840, -8473, 964, 964, 3081
4841, -8473, 964, 964, 3081
4841, -8473, 964, 964, 3081
4841, -8473, 964, 964, 3081
4841, -8473, 964, 964, 3081
4840, -8473, 964, 964, 3081
4841, -8473, 964, 964, 3081
4841, -8473, 965, 965, 3081
4841, -8472, 965, 965, 3081
4840, -8472, 964, 964, 3081
4841, -8473, 964, 964, 3081
4841, -8473, 964, 964, 3081
4841, -8473, 964, 964, 3081
4840, -8473, 964, 964, 3081
4841, -8472, 964, 964, 3081
4841, -8472, 964, 964, 3081
4842, -8472, 965, 965, 3081
4842, -8472, 965, 965, 3081
4841, -8472, 965, 965, 3081
4841, -8472, 965, 965, 3081
4841, -8472, 965, 965, 3081
4842, -8472, 965, 965, 3081
4842, -8472, 965, 965, 3081
4842, -8472, 965, 965, 3081
4841, -8472, 965, 965, 3081
4842, -8472, 965, 965, 3081
4842, -8472, 965, 965, 3081
4841, -8473, 965, 965, 3081
4841, -8472, 964, 964, 3081
4841, -8472, 964, 964, 3081
4841, -8472, 965, 965, 3081
4841, -8472, 965, 965, 3081
4841, -8472, 965, 965, 3081
4841, -8472, 965, 965, 3081
4841, -8472, 965, 965, 3081
4842, -8473, 965, 965, 3081
4841, -8471, 965, 965, 3081
4841, -8472, 965, 965, 3081
4841, -8472, 964, 964, 3079
4841, -8472, 965, 965, 3079
4842, -8472, 965, 965, 3079
4842, -8471, 965, 965, 3079
4842, -8470, 966, 966, 3079
4842, -8485, 966, 966, 3079
4655, -8501, 773, 773, 3079
4655, -8501, 773, 773, 3079
4670, -8497, 782, 782, 3079
4667, -8496, 785, 785, 3079
4666, -8496, 789, 789, 3079
4666, -8496, 789, 789, 3079
4669, -8496, 791, 791, 3079
4666, -8494, 791, 791, 3079
4664, -8495, 791, 791, 3079
4670, -8495, 792, 792, 3079
4669, -8495, 792, 792, 3079
4674, -8494, 793, 793, 3079
4674, -8494, 793, 793, 3079
4669, -8494, 794, 794, 3079
4675, -8493, 794, 794, 3079
4675, -8493, 794, 794, 3079
4669, -8494, 795, 795, 3079
4668, -8494, 795, 795, 3079
4668, -8494, 795, 795, 3079
4669, -8495, 795, 795, 3079
4669, -8495, 794, 794, 3079
4669, -8495, 796, 796, 3079
4668, -8495, 796, 796, 3079
4669, -8493, 796, 796, 3079
4669, -8493, 796, 796, 3079
4673, -8493, 795, 795, 3079
4676, -8492, 796, 796, 3079
4676, -8492, 796, 796, 3079
4674, -8493, 796, 796, 3079
4668, -8494, 796, 796, 3079
4670, -8494, 797, 797, 3079
4668, -8493, 796, 796, 3079
4668, -8493, 796, 796, 3079
4670, -8494, 796, 796, 3079
4672, -8495, 797, 797, 3079
4676, -8494, 796, 796, 3079
4676, -8493, 796, 796, 3079
4674, -8493, 797, 797, 3079
4674, -8493, 797, 797, 3079
4674, -8493, 797, 797, 3079
4674, -8493, 797, 797, 3079
4674, -8493, 797, 797, 3079
4675, -8493, 797, 797, 3079
4674, -8492, 798, 798, 3079
4671, -8494, 798, 798, 3079
4671, -8494, 798, 798, 3079
4678, -8492, 798, 798, 3079
4678, -8492, 798, 798, 3079
4675, -8492, 798, 798, 3079
4675, -8493, 799, 799, 3079
4671, -8493, 799, 799, 3079
4671, -8493, 799, 799, 3079
4674, -8492, 798, 798, 3079
4674, -8492, 798, 798, 3079
4671, -8493, 798, 798, 3079
4671, -8493, 798, 798, 3079
4671, -8493, 799, 799, 3079
4671, -8493, 799, 799, 3079
4671, -8493, 799, 799, 3079
4676, -8493, 798, 798, 3079
4677, -8491, 799, 799, 3079
4677, -8493, 798, 798, 3079
4677, -8492, 799, 799, 3079
4677, -8492, 799, 799, 3079
4678, -8491, 799, 799, 3079
4678, -8491, 799, 799, 3079
4678, -8491, 799, 799, 3079
4678, -8492, 799, 799, 3079
4674, -8492, 798, 798, 3075
4674, -8492, 798, 798, 3075
4673, -8493, 799, 799, 3075
4677, -8492, 799, 799, 3075
4679, -8492, 799, 799, 3075
4679, -8492, 799, 799, 3075
4678, -8491, 798, 798, 3075
4673, -8492, 799, 799, 3075
4673, -8492, 799, 799, 3075
4672, -8492, 799, 799, 3075
4675, -8492, 800, 800, 3075
4673, -8491, 800, 800, 3075
4673, -8491, 800, 800, 3075
4675, -8491, 800, 800, 3075
4675, -8491, 799, 799, 3075
4673, -8491, 799, 799, 3075
4680, -8490, 799, 799, 3075
4680, -8490, 799, 799, 3075
4675, -8491, 800, 800, 3075
4680, -8491, 799, 799, 3075
4680, -8490, 800, 800, 3075
4678, -8491, 800, 800, 3075
4680, -8491, 800, 800, 3075
4681, -8490, 799, 799, 3075
4680, -8491, 800, 800, 3075
4673, -8492, 799, 799, 3081
4672, -8491, 799, 799, 3081
4672, -8491, 799, 799, 3081
4674, -8491, 801, 801, 3081
4674, -8491, 801, 801, 3081
4673, -8492, 800, 800, 3081
4677, -8491, 800, 800, 3081
4677, -8491, 800, 800, 3081
4679, -8491, 801, 801, 3081
4679, -8491, 801, 801, 3081
4680, -8490, 800, 800, 3081
4680, -8489, 800, 800, 3081
4674, -8490, 801, 801, 3081
4674, -8490, 801, 801, 3081
4674, -8490, 800, 800, 3081
4674, -8491, 801, 801, 3081
4674, -8491, 801, 801, 3081
4699, -8490, 805, 805, 3081
4874, -8461, 852, 852, 3081
4862, -8464, 989, 989, 3081
4858, -8465, 982, 982, 3081
4855, -8465, 980, 980, 3081
4855, -8465, 980, 980, 3081
4853, -8466, 977, 977, 3081
4853, -8466, 977, 977, 3081
4852, -8466, 976, 976, 3081
4850, -8466, 974, 974, 3079
4850, -8467, 974, 974, 3079
4849, -8467, 973, 973, 3079
4849, -8466, 972, 972, 3079
4849, -8468, 973, 973, 3079
4849, -8468, 973, 973, 3079
4848, -8467, 972, 972, 3079
4848, -8466, 972, 972, 3079
4848, -8467, 971, 971, 3079
4848, -8467, 971, 971, 3079
4847, -8467, 971, 971, 3079
4848, -8467, 971, 971, 3079
4848, -8467, 972, 972, 3079
4847, -8467, 971, 971, 3079
4848, -8467, 972, 972, 3079
4848, -8467, 972, 972, 3079
4847, -8467, 971, 971, 3079
4848, -8467, 971, 971, 3079
4847, -8467, 971, 971, 3079
4847, -8467, 971, 971, 3079
4848, -8467, 971, 971, 3079
4847, -8466, 971, 971, 3079
4848, -8466, 971, 971, 3079
4848, -8466, 971, 971, 3079
4847, -8466, 971, 971, 3079
4847, -8466, 970, 970, 3077
4847, -8467, 970, 970, 3077
4846, -8466, 970, 970, 3077
4847, -8466, 971, 971, 3077
4847, -8466, 971, 971, 3077
4847, -8467, 971, 971, 3077
4846, -8466, 971, 971, 3077
4847, -8466, 970, 970, 3077
4847, -8467, 971, 971, 3077
4847, -8466, 971, 971, 3077
4847, -8466, 971, 971, 3077
4847, -8466, 970, 970, 3077
4847, -8466, 970, 970, 3077
4847, -8466, 970, 970, 3077
4847, -8466, 971, 971, 3077
4848, -8467, 971, 971, 3077
4848, -8467, 971, 971, 3077
4847, -8466, 970, 970, 3077
4847, -8466, 970, 970, 3077
4847, -8466, 970, 970, 3077
4847, -8467, 970, 970, 3077
4847, -8467, 971, 971, 3077
4847, -8466, 970, 970, 3077
4847, -8466, 970, 970, 3077
4847, -8467, 971, 971, 3077
4847, -8466, 970, 970, 3077
4847, -8466, 970, 970, 3077
4847, -8467, 970, 970, 3077
4847, -8466, 970, 970, 3077
4847, -8467, 970, 970, 3077
4846, -8466, 970, 970, 3077
4847, -8466, 971, 971, 3077
4847, -8466, 971, 971, 3077
4847, -8466, 970, 970, 3077
4847, -8466, 971, 971, 3077
4847, -8466, 971, 971, 3077
4847, -8466, 971, 971, 3077
4847, -8466, 970, 970, 3077
4847, -8466, 971, 971, 3077
4848, -8465, 971, 971, 3077
4848, -8465, 971, 971, 3077
4848, -8465, 971, 971, 3077
4848, -8465, 971, 971, 3077
4848, -8465, 971, 971, 3077
4848, -8466, 972, 972, 3077
4848, -8466, 972, 972, 3077
4847, -8465, 971, 971, 3077
4847, -8464, 971, 971, 3077
4847, -8466, 971, 971, 3077
4847, -8464, 971, 971, 3077
4848, -8465, 971, 971, 3077
4848, -8465, 971, 971, 3077
4849, -8465, 972, 972, 3075
4847, -8465, 971, 971, 3075
4847, -8465, 971, 971, 3075
4848, -8465, 971, 971, 3075
4847, -8465, 971, 971, 3075
4847, -8465, 971, 971, 3075
4847, -8466, 971, 971, 3075
4848, -8466, 972, 972, 3075
4848, -8466, 972, 972, 3075
4848, -8465, 971, 971, 3075
4848, -8465, 972, 972, 3075
4848, -8464, 972, 972, 3075
4848, -8465, 972, 972, 3075
4848, -8465, 972, 972, 3075
4848, -8465, 971, 971, 3075
4848, -8465, 971, 971, 3075
4847, -8464, 971, 971, 3075
4848, -8464, 972, 972, 3075
4849, -8464, 972, 972, 3075
4848, -8464, 972, 972, 3075
4848, -8464, 972, 972, 3075
4849, -8465, 973, 973, 3075
4848, -8464, 972, 972, 3075
4848, -8465, 972, 972, 3077
4848, -8465, 972, 972, 3077
4848, -8464, 972, 972, 3077
4848, -8464, 972, 972, 3077
4848, -8464, 972, 972, 3077
4849, -8465, 972, 972, 3077
4848, -8465, 972, 972, 3077
4847, -8464, 971, 971, 3077
4847, -8464, 971, 971, 3077
4848, -8465, 972, 972, 3077
4848, -8465, 972, 972, 3077
4848, -8464, 972, 972, 3077
4847, -8464, 972, 972, 3077
4849, -8465, 972, 972, 3077
4848, -8465, 972, 972, 3077
4849, -8464, 972, 972, 3077
4648, -8490, 809, 809, 3077
4648, -8490, 809, 809, 3077
4676, -8489, 794, 794, 3077
4676, -8489, 794, 794, 3077
4674, -8487, 797, 797, 3077
4678, -8487, 798, 798, 3077
4679, -8486, 800, 800, 3077
4679, -8486, 800, 800, 3077
4672, -8488, 800, 800, 3077
4672, -8488, 800, 800, 3077
4673, -8488, 800, 800, 3077
4677, -8487, 801, 801, 3077
4677, -8487, 801, 801, 3077
4679, -8487, 802, 802, 3077
4683, -8486, 802, 802, 3077
4683, -8486, 802, 802, 3077
4683, -8486, 802, 802, 3077
4677, -8486, 803, 803, 3077
4677, -8485, 802, 802, 3077
4675, -8486, 802, 802, 3077
4675, -8486, 802, 802, 3077
4676, -8487, 802, 802, 3077
4682, -8486, 803, 803, 3077
4682, -8486, 803, 803, 3077
4683, -8486, 803, 803, 3077
4682, -8487, 803, 803, 3077
4683, -8485, 803, 803, 3077
4683, -8486, 803, 803, 3077
4677, -8486, 804, 804, 3077
4675, -8486, 804, 804, 3077
4680, -8486, 804, 804, 3079
4676, -8486, 804, 804, 3079
4682, -8486, 804, 804, 3079
4682, -8486, 804, 804, 3079
4684, -8486, 804, 804, 3079
4684, -8485, 805, 805, 3079
4681, -8484, 803, 803, 3079
4683, -8485, 804, 804, 3079
4677, -8485, 804, 804, 3079
4676, -8486, 804, 804, 3079
4676, -8486, 804, 804, 3079
4678, -8486, 804, 804, 3079
4681, -8486, 805, 805, 3079
4685, -8485, 804, 804, 3079
4685, -8485, 804, 804, 3079
4685, -8484, 805, 805, 3079
4685, -8484, 805, 805, 3079
4686, -8484, 805, 805, 3079
4686, -8484, 805, 805, 3079
4683, -8485, 804, 804, 3079
4680, -8484, 804, 804, 3079
4680, -8484, 804, 804, 3079
4678, -8485, 805, 805, 3079
4677, -8486, 805, 805, 3079
4678, -8485, 806, 806, 3079
4677, -8485, 804, 804, 3083
4683, -8485, 806, 806, 3083
4683, -8485, 806, 806, 3083
4687, -8484, 806, 806, 3083
4687, -8484, 806, 806, 3083
4687, -8484, 806, 806, 3083
4680, -8485, 806, 806, 3083
4680, -8485, 806, 806, 3083
4681, -8485, 805, 805, 3083
4679, -8485, 806, 806, 3083
4679, -8484, 806, 806, 3083
4679, -8484, 806, 806, 3083
4679, -8484, 806, 806, 3083
4680, -8485, 805, 805, 3083
4686, -8485, 806, 806, 3083
4686, -8485, 806, 806, 3083
4683, -8483, 805, 805, 3083
4683, -8483, 805, 805, 3083
4685, -8484, 806, 806, 3083
4684, -8483, 806, 806, 3083
4683, -8482, 806, 806, 3083
4683, -8483, 806, 806, 3083
4678, -8484, 806, 806, 3083
4683, -8485, 806, 806, 3083
4683, -8485, 806, 806, 3083
4682, -8484, 806, 806, 3083
4684, -8484, 806, 806, 3075
4684, -8484, 806, 806, 3075
4686, -8484, 806, 806, 3075
4686, -8484, 806, 806, 3075
4682, -8483, 805, 805, 3075
4679, -8485, 805, 805, 3075
4681, -8485, 806, 806, 3075
4679, -8484, 807, 807, 3075
4682, -8484, 807, 807, 3075
4688, -8484, 806, 806, 3075
4688, -8484, 806, 806, 3075
4687, -8483, 807, 807, 3075
4687, -8483, 807, 807, 3075
4689, -8483, 807, 807, 3075
4689, -8483, 807, 807, 3075
4686, -8484, 806, 806, 3075
4682, -8483, 806, 806, 3075
4682, -8483, 806, 806, 3075
4680, -8484, 807, 807, 3075
4680, -8485, 806, 806, 3075
4685, -8484, 806, 806, 3075
4685, -8484, 806, 806, 3075
4687, -8484, 807, 807, 3075
4686, -8483, 807, 807, 3075
4678, -8484, 806, 806, 3075
4684, -8483, 807, 807, 3073
4685, -8485, 806, 806, 3073
4875, -8456, 903, 903, 3073
4866, -8457, 992, 992, 3073
4863, -8458, 988, 988, 3073
4859, -8459, 984, 984, 3073
4859, -8459, 984, 984, 3073
4858, -8459, 982, 982, 3073
4858, -8459, 981, 981, 3073
4858, -8460, 981, 981, 3073
4857, -8460, 981, 981, 3073
4856, -8459, 980, 980, 3073
4856, -8459, 980, 980, 3073
4855, -8460, 978, 978, 3073
4854, -8459, 978, 978, 3073
4855, -8459, 978, 978, 3073
4855, -8459, 978, 978, 3073
4854, -8459, 978, 978, 3073
4853, -8459, 977, 977, 3073
4853, -8459, 977, 977, 3073
4854, -8460, 977, 977, 3073
4854, -8459, 977, 977, 3073
4854, -8459, 977, 977, 3073
4852, -8460, 977, 977, 3073
4853, -8459, 977, 977, 3073
4853, -8459, 977, 977, 3073
4853, -8459, 977, 977, 3071
4853, -8459, 977, 977, 3071
4853, -8459, 977, 977, 3071
4853, -8459, 977, 977, 3071
4853, -8460, 976, 976, 3071
4853, -8459, 977, 977, 3071
4853, -8460, 977, 977, 3071
4853, -8460, 977, 977, 3071
4854, -8460, 977, 977, 3071
4853, -8460, 977, 977, 3071
4853, -8459, 977, 977, 3071
4853, -8460, 977, 977, 3071
4853, -8460, 976, 976, 3071
4853, -8460, 977, 977, 3071
4853, -8460, 977, 977, 3071
4853, -8459, 977, 977, 3071
4852, -8459, 976, 976, 3071
4853, -8460, 976, 976, 3071
4853, -8459, 977, 977, 3071
4853, -8459, 977, 977, 3071
4854, -8461, 977, 977, 3071
4853, -8459, 977, 977, 3071
4853, -8458, 977, 977, 3073
4853, -8458, 977, 977, 3073
4853, -8459, 976, 976, 3073
4853, -8459, 976, 976, 3073
4853, -8459, 976, 976, 3073
4853, -8459, 977, 977, 3073
4853, -8459, 977, 977, 3073
4853, -8459, 977, 977, 3073
4853, -8459, 977, 977, 3073
4853, -8460, 977, 977, 3073
4853, -8459, 977, 977, 3073
4854, -8459, 977, 977, 3073
4854, -8459, 977, 977, 3073
4853, -8459, 976, 976, 3073
4853, -8460, 976, 976, 3073
4853, -8459, 977, 977, 3073
4852, -8459, 976, 976, 3073
4852, -8458, 976, 976, 3073
4853, -8459, 976, 976, 3073
4853, -8458, 977, 977, 3073
4854, -8459, 977, 977, 3073
4854, -8459, 977, 977, 3073
4854, -8458, 977, 977, 3073
4854, -8458, 977, 977, 3073
4853, -8459, 977, 977, 3073
4853, -8459, 977, 977, 3073
4854, -8459, 977, 977, 3071
4853, -8458, 977, 977, 3071
4853, -8458, 977, 977, 3071
4854, -8458, 977, 977, 3071
4854, -8458, 977, 977, 3071
4854, -8458, 977, 977, 3071
4854, -8459, 977, 977, 3071
4854, -8459, 977, 977, 3071
4854, -8459, 977, 977, 3071
4853, -8458, 977, 977, 3071
4853, -8458, 977, 977, 3071
4854, -8459, 977, 977, 3071
4854, -8459, 977, 977, 3071
4854, -8459, 977, 977, 3071
4853, -8458, 977, 977, 3071
4854, -8458, 977, 977, 3071
4854, -8458, 977, 977, 3071
4853, -8458, 977, 977, 3071
4853, -8458, 977, 977, 3071
4853, -8458, 976, 976, 3071
4854, -8458, 978, 978, 3071
4854, -8459, 978, 978, 3071
4853, -8457, 977, 977, 3071
4854, -8458, 978, 978, 3071
4854, -8458, 977, 977, 3071
4854, -8458, 977, 977, 3071
4854, -8458, 978, 978, 3071
4853, -8458, 977, 977, 3071
4853, -8458, 977, 977, 3071
4854, -8459, 977, 977, 3071
4855, -8458, 978, 978, 3071
4855, -8458, 978, 978, 3071
4854, -8457, 977, 977, 3071
4854, -8457, 977, 977, 3071
4854, -8458, 978, 978, 3071
4853, -8458, 978, 978, 3071
4854, -8457, 977, 977, 3071
4853, -8458, 977, 977, 3071
4853, -8458, 977, 977, 3071
4854, -8458, 978, 978, 3071
4854, -8458, 978, 978, 3071
4854, -8458, 978, 978, 3071
4854, -8458, 977, 977, 3071
4853, -8458, 977, 977, 3071
4853, -8458, 977, 977, 3071
4854, -8458, 978, 978, 3071
4855, -8457, 978, 978, 3071
4855, -8457, 978, 978, 3071
4854, -8457, 978, 978, 3071
4854, -8458, 978, 978, 3071
4854, -8458, 978, 978, 3075
4854, -8457, 978, 978, 3075
4855, -8458, 978, 978, 3075
4855, -8458, 978, 978, 3075
4855, -8457, 978, 978, 3075
4855, -8457, 978, 978, 3075
4855, -8457, 979, 979, 3075
4855, -8458, 978, 978, 3075
4855, -8457, 978, 978, 3075
4855, -8457, 978, 978, 3075
4855, -8457, 978, 978, 3075
4855, -8457, 978, 978, 3075
4855, -8458, 979, 979, 3075
4855, -8457, 978, 978, 3075
4855, -8456, 978, 978, 3075
4855, -8456, 978, 978, 3075
4855, -8457, 978, 978, 3075
4854, -8457, 978, 978, 3075
4854, -8458, 978, 978, 3075
4855, -8457, 978, 978, 3075
4855, -8457, 978, 978, 3075
4855, -8457, 979, 979, 3075
4855, -8458, 979, 979, 3075
4855, -8457, 979, 979, 3075
4855, -8457, 979, 979, 3075
4854, -8457, 979, 979, 3075
4855, -8457, 978, 978, 3069
4855, -8456, 979, 979, 3069
4855, -8457, 979, 979, 3069
4855, -8457, 978, 978, 3069
4856, -8456, 979, 979, 3069
4855, -8456, 978, 978, 3069
4855, -8457, 979, 979, 3069
4857, -8456, 979, 979, 3069
4856, -8456, 979, 979, 3069
4856, -8456, 979, 979, 3069
4856, -8456, 979, 979, 3069
4855, -8456, 979, 979, 3069
4856, -8457, 979, 979, 3069
4856, -8456, 979, 979, 3069
4855, -8456, 979, 979, 3069
4854, -8456, 979, 979, 3069
4855, -8457, 979, 979, 3069
4855, -8457, 979, 979, 3069
4855, -8456, 980, 980, 3069
4856, -8456, 979, 979, 3069
4856, -8456, 979, 979, 3069
4856, -8456, 979, 979, 3069
4856, -8455, 979, 979, 3069
4856, -8456, 979, 979, 3069
4855, -8456, 979, 979, 3077
4855, -8455, 979, 979, 3077
4856, -8456, 979, 979, 3077
4856, -8456, 979, 979, 3077
4856, -8456, 979, 979, 3077
4856, -8456, 979, 979, 3077
4855, -8456, 979, 979, 3077
4855, -8457, 979, 979, 3077
4855, -8457, 979, 979, 3077
4855, -8456, 979, 979, 3077
4856, -8455, 979, 979, 3077
4856, -8455, 979, 979, 3077
4856, -8455, 979, 979, 3077
4857, -8456, 980, 980, 3077
4857, -8456, 980, 980, 3077
4857, -8456, 980, 980, 3077
4857, -8456, 980, 980, 3077
4857, -8456, 980, 980, 3077
4856, -8456, 980, 980, 3077
4856, -8456, 980, 980, 3077
4856, -8456, 980, 980, 3077
4856, -8455, 980, 980, 3077
4857, -8456, 980, 980, 3077
