4046, -9326, 169, 169, 1238
4046, -9326, 169, 169, 1238
4046, -9326, 169, 169, 1238
4045, -9326, 170, 170, 1238
4045, -9326, 170, 170, 1238
4046, -9326, 170, 170, 1238
4046, -9326, 170, 170, 1238
4045, -9326, 169, 169, 1238
4046, -9326, 170, 170, 1262
4045, -9326, 169, 169, 1262
4046, -9325, 170, 170, 1262
4046, -9325, 170, 170, 1262
4046, -9326, 169, 169, 1262
4046, -9326, 170, 170, 1262
4047, -9326, 170, 170, 1262
4046, -9326, 169, 169, 1262
4046, -9326, 170, 170, 1262
4046, -9326, 169, 169, 1262
4046, -9326, 169, 169, 1262
4046, -9326, 170, 170, 1262
4046, -9326, 170, 170, 1262
4046, -9326, 170, 170, 1262
4046, -9326, 170, 170, 1262
4046, -9327, 170, 170, 1262
4046, -9326, 169, 169, 1262
4047, -9326, 170, 170, 1262
4047, -9326, 170, 170, 1262
4047, -9325, 170, 170, 1262
4046, -9326, 170, 170, 1262
4046, -9326, 170, 170, 1262
4046, -9326, 170, 170, 1262
4046, -9326, 170, 170, 1262
4046, -9326, 170, 170, 1262
4046, -9327, 170, 170, 1277
4046, -9327, 170, 170, 1277
4046, -9327, 170, 170, 1277
4046, -9326, 170, 170, 1277
4046, -9327, 170, 170, 1277
4047, -9325, 170, 170, 1277
4047, -9325, 170, 170, 1277
4047, -9327, 170, 170, 1277
4045, -9326, 169, 169, 1277
4046, -9327, 169, 169, 1277
4046, -9327, 169, 169, 1277
4046, -9325, 170, 170, 1277
4046, -9325, 170, 170, 1277
4047, -9326, 170, 170, 1277
4046, -9326, 169, 169, 1277
4045, -9326, 169, 169, 1277
4047, -9326, 170, 170, 1277
4046, -9326, 170, 170, 1277
4047, -9325, 170, 170, 1277
4046, -9325, 170, 170, 1277
4046, -9325, 170, 170, 1277
4047, -9326, 170, 170, 1277
4047, -9326, 170, 170, 1277
4046, -9326, 170, 170, 1277
4046, -9326, 170, 170, 1277
4046, -9326, 170, 170, 1277
4046, -9326, 169, 169, 1273
4046, -9325, 169, 169, 1273
4046, -9326, 170, 170, 1273
4047, -9325, 170, 170, 1273
4046, -9325, 170, 170, 1273
4046, -9326, 170, 170, 1273
4046, -9326, 170, 170, 1273
4046, -9325, 170, 170, 1273
4046, -9325, 170, 170, 1273
4046, -9326, 169, 169, 1273
4046, -9326, 170, 170, 1273
4046, -9326, 170, 170, 1273
4046, -9326, 170, 170, 1273
4047, -9326, 170, 170, 1273
4047, -9325, 170, 170, 1273
4046, -9325, 170, 170, 1273
4046, -9325, 170, 170, 1273
4046, -9326, 171, 171, 1273
4046, -9326, 171, 171, 1273
4047, -9326, 170, 170, 1273
4047, -9326, 170, 170, 1273
4047, -9326, 170, 170, 1273
4046, -9325, 170, 170, 1273
4046, -9325, 170, 170, 1273
4047, -9326, 170, 170, 1273
4047, -9326, 171, 171, 1273
4047, -9325, 171, 171, 1260
4047, -9325, 170, 170, 1260
4047, -9325, 170, 170, 1260
4048, -9326, 171, 171, 1260
4047, -9326, 171, 171, 1260
4047, -9326, 171, 171, 1260
4047, -9326, 170, 170, 1260
4047, -9326, 170, 170, 1260
4048, -9324, 171, 171, 1260
4047, -9326, 171, 171, 1260
4046, -9325, 171, 171, 1260
4047, -9326, 170, 170, 1260
4047, -9326, 170, 170, 1260
4047, -9326, 170, 170, 1260
3951, -9345, 60, 60, 1260
3945, -9343, 66, 66, 1260
3944, -9342, 67, 67, 1260
3944, -9342, 67, 67, 1260
3945, -9342, 69, 69, 1260
3945, -9342, 68, 68, 1260
3947, -9342, 71, 71, 1260
3948, -9342, 70, 70, 1260
3948, -9342, 70, 70, 1260
3945, -9341, 69, 69, 1260
3950, -9341, 73, 73, 1260
3950, -9341, 73, 73, 1260
3950, -9342, 72, 72, 1260
3951, -9341, 73, 73, 1260
3950, -9341, 74, 74, 1260
3950, -9340, 74, 74, 1260
3950, -9340, 74, 74, 1260
3950, -9341, 73, 73, 1260
3950, -9341, 73, 73, 1260
3951, -9339, 74, 74, 1260
3951, -9339, 74, 74, 1260
3952, -9339, 75, 75, 1260
3952, -9340, 75, 75, 1260
3952, -9340, 75, 75, 1260
3951, -9340, 76, 76, 1260
3951, -9340, 76, 76, 1260
3952, -9340, 75, 75, 1260
3952, -9340, 76, 76, 1260
3954, -9339, 76, 76, 1260
3954, -9339, 76, 76, 1260
3951, -9339, 75, 75, 1260
3953, -9340, 76, 76, 1260
3953, -9340, 77, 77, 1260
3953, -9340, 77, 77, 1260
3953, -9340, 77, 77, 1260
3953, -9339, 77, 77, 1260
3953, -9340, 77, 77, 1260
3955, -9340, 78, 78, 1260
3955, -9340, 78, 78, 1260
3954, -9340, 77, 77, 1260
3955, -9339, 78, 78, 1260
3954, -9339, 78, 78, 1260
3954, -9338, 77, 77, 1260
3954, -9340, 78, 78, 1260
3954, -9340, 77, 77, 1260
3954, -9340, 78, 78, 1260
3954, -9340, 78, 78, 1260
3953, -9339, 78, 78, 1260
3953, -9339, 78, 78, 1260
3956, -9339, 79, 79, 1260
3956, -9339, 79, 79, 1260
3957, -9339, 79, 79, 1260
3956, -9339, 80, 80, 1260
3956, -9339, 79, 79, 1260
3956, -9338, 80, 80, 1260
3956, -9338, 80, 80, 1260
3954, -9338, 79, 79, 1260
3954, -9339, 79, 79, 1260
3954, -9339, 79, 79, 1260
3955, -9339, 80, 80, 1250
3955, -9339, 80, 80, 1250
3956, -9339, 80, 80, 1250
3956, -9339, 79, 79, 1250
3957, -9338, 80, 80, 1250
3955, -9339, 79, 79, 1250
3955, -9339, 80, 80, 1250
3956, -9340, 80, 80, 1250
3956, -9340, 80, 80, 1250
3956, -9339, 80, 80, 1250
3956, -9339, 80, 80, 1250
3955, -9338, 80, 80, 1250
3955, -9339, 80, 80, 1250
3957, -9338, 80, 80, 1250
3958, -9338, 80, 80, 1250
3958, -9338, 80, 80, 1250
3957, -9339, 81, 81, 1250
3956, -9339, 81, 81, 1250
3956, -9339, 80, 80, 1250
3957, -9338, 80, 80, 1250
3958, -9339, 81, 81, 1250
3957, -9338, 80, 80, 1250
3956, -9337, 81, 81, 1250
3959, -9338, 81, 81, 1250
3959, -9337, 81, 81, 1256
3956, -9338, 80, 80, 1256
3956, -9338, 80, 80, 1256
3956, -9339, 81, 81, 1256
3957, -9339, 81, 81, 1256
3957, -9339, 81, 81, 1256
3957, -9338, 81, 81, 1256
3958, -9339, 81, 81, 1256
3958, -9339, 81, 81, 1256
3959, -9338, 81, 81, 1256
3957, -9338, 81, 81, 1256
3957, -9338, 81, 81, 1256
3957, -9338, 82, 82, 1256
3956, -9338, 81, 81, 1256
3956, -9338, 81, 81, 1256
3958, -9339, 82, 82, 1256
3959, -9338, 82, 82, 1256
3959, -9338, 82, 82, 1256
3959, -9339, 82, 82, 1256
3959, -9337, 82, 82, 1256
3959, -9338, 82, 82, 1256
3958, -9338, 81, 81, 1256
3959, -9338, 82, 82, 1256
3959, -9338, 82, 82, 1256
3957, -9338, 82, 82, 1256
3957, -9338, 82, 82, 1256
3958, -9338, 82, 82, 1254
3961, -9337, 83, 83, 1254
3961, -9337, 83, 83, 1254
3961, -9337, 84, 84, 1254
4054, -9320, 129, 129, 1254
4060, -9321, 182, 182, 1254
4059, -9322, 183, 183, 1254
4059, -9322, 183, 183, 1254
4058, -9321, 182, 182, 1254
4057, -9321, 181, 181, 1254
4057, -9321, 181, 181, 1254
4056, -9322, 180, 180, 1254
4056, -9322, 180, 180, 1254
4057, -9322, 180, 180, 1254
4056, -9323, 179, 179, 1254
4056, -9323, 179, 179, 1254
4054, -9323, 179, 179, 1254
4054, -9323, 178, 178, 1254
4054, -9323, 178, 178, 1254
4053, -9322, 177, 177, 1254
4054, -9322, 178, 178, 1254
4054, -9322, 178, 178, 1254
4053, -9323, 177, 177, 1254
4053, -9323, 177, 177, 1254
4053, -9323, 177, 177, 1254
4052, -9324, 176, 176, 1250
4051, -9323, 175, 175, 1250
4052, -9323, 176, 176, 1250
4051, -9324, 175, 175, 1250
4052, -9324, 175, 175, 1250
4052, -9324, 175, 175, 1250
4051, -9324, 175, 175, 1250
4051, -9324, 175, 175, 1250
4051, -9324, 175, 175, 1250
4052, -9324, 175, 175, 1250
4052, -9322, 175, 175, 1250
4052, -9322, 175, 175, 1250
4051, -9324, 175, 175, 1250
4052, -9324, 175, 175, 1250
4052, -9324, 175, 175, 1250
4052, -9324, 175, 175, 1250
4051, -9324, 175, 175, 1250
4052, -9324, 175, 175, 1250
4049, -9324, 174, 174, 1250
4051, -9324, 174, 174, 1250
4051, -9324, 174, 174, 1250
4051, -9324, 175, 175, 1250
4051, -9324, 175, 175, 1250
4050, -9324, 174, 174, 1250
4050, -9324, 174, 174, 1250
4050, -9324, 174, 174, 1250
4050, -9324, 174, 174, 1250
4049, -9324, 173, 173, 1254
4050, -9325, 174, 174, 1254
4050, -9325, 174, 174, 1254
4050, -9324, 173, 173, 1254
4050, -9324, 174, 174, 1254
4050, -9324, 174, 174, 1254
4050, -9325, 174, 174, 1254
4051, -9324, 174, 174, 1254
4050, -9324, 174, 174, 1254
4051, -9324, 174, 174, 1254
4049, -9324, 173, 173, 1254
4049, -9324, 173, 173, 1254
4051, -9325, 174, 174, 1254
4051, -9325, 174, 174, 1254
4051, -9325, 174, 174, 1254
4050, -9324, 174, 174, 1254
4050, -9324, 173, 173, 1254
4050, -9324, 174, 174, 1254
4049, -9324, 173, 173, 1254
4049, -9324, 173, 173, 1254
4049, -9324, 172, 172, 1254
4048, -9324, 172, 172, 1254
4048, -9324, 172, 172, 1254
4049, -9324, 173, 173, 1254
4049, -9324, 173, 173, 1260
4049, -9324, 173, 173, 1260
4049, -9325, 173, 173, 1260
4049, -9324, 173, 173, 1260
4050, -9324, 173, 173, 1260
4050, -9324, 173, 173, 1260
4050, -9324, 173, 173, 1260
4050, -9324, 173, 173, 1260
4050, -9324, 173, 173, 1260
4049, -9324, 173, 173, 1260
4049, -9325, 173, 173, 1260
4049, -9325, 173, 173, 1260
4048, -9324, 173, 173, 1260
4049, -9325, 173, 173, 1260
4049, -9324, 173, 173, 1260
4049, -9324, 173, 173, 1260
4050, -9324, 173, 173, 1260
4050, -9324, 173, 173, 1260
4049, -9325, 173, 173, 1260
4049, -9325, 173, 173, 1260
4049, -9325, 173, 173, 1260
4049, -9324, 173, 173, 1260
4049, -9324, 173, 173, 1260
4049, -9324, 173, 173, 1260
4049, -9324, 172, 172, 1260
4049, -9325, 172, 172, 1258
4049, -9325, 172, 172, 1258
4050, -9325, 174, 174, 1258
4048, -9325, 172, 172, 1258
4048, -9324, 172, 172, 1258
4048, -9324, 172, 172, 1258
4049, -9324, 173, 173, 1258
4049, -9323, 173, 173, 1258
4050, -9324, 173, 173, 1258
4050, -9324, 173, 173, 1258
4050, -9324, 173, 173, 1258
4049, -9324, 173, 173, 1258
4049, -9324, 173, 173, 1258
4050, -9324, 173, 173, 1258
4049, -9323, 173, 173, 1258
4050, -9323, 173, 173, 1258
4049, -9324, 173, 173, 1258
4049, -9324, 173, 173, 1258
4049, -9324, 173, 173, 1258
4049, -9325, 173, 173, 1258
4050, -9324, 173, 173, 1258
4049, -9324, 173, 173, 1258
4049, -9324, 173, 173, 1258
4050, -9324, 173, 173, 1254
4050, -9324, 173, 173, 1254
3942, -9340, 72, 72, 1254
3942, -9340, 72, 72, 1254
3948, -9341, 72, 72, 1254
3946, -9340, 71, 71, 1254
3947, -9340, 72, 72, 1254
3949, -9339, 73, 73, 1254
3949, -9339, 73, 73, 1254
3951, -9339, 74, 74, 1254
3952, -9339, 75, 75, 1254
3953, -9338, 75, 75, 1254
3953, -9338, 75, 75, 1254
3953, -9338, 75, 75, 1254
3954, -9339, 76, 76, 1254
3953, -9338, 77, 77, 1254
3952, -9339, 76, 76, 1254
3953, -9339, 78, 78, 1254
3954, -9338, 78, 78, 1254
3954, -9338, 78, 78, 1254
3954, -9338, 79, 79, 1254
3956, -9338, 79, 79, 1254
3956, -9338, 79, 79, 1254
3956, -9337, 78, 78, 1256
3956, -9337, 78, 78, 1256
3956, -9338, 79, 79, 1256
3955, -9338, 80, 80, 1256
3956, -9337, 79, 79, 1256
3956, -9339, 80, 80, 1256
3955, -9338, 80, 80, 1256
3957, -9338, 80, 80, 1256
3955, -9336, 80, 80, 1256
3955, -9336, 80, 80, 1256
3956, -9338, 80, 80, 1256
3956, -9338, 80, 80, 1256
3957, -9338, 81, 81, 1256
3957, -9337, 80, 80, 1256
3956, -9337, 80, 80, 1256
3956, -9338, 80, 80, 1256
3956, -9338, 80, 80, 1256
3958, -9337, 80, 80, 1256
3959, -9336, 82, 82, 1256
3959, -9336, 82, 82, 1256
3957, -9338, 82, 82, 1256
3959, -9336, 82, 82, 1256
3959, -9336, 82, 82, 1256
3960, -9337, 82, 82, 1256
3960, -9337, 82, 82, 1252
3960, -9337, 82, 82, 1252
3959, -9338, 82, 82, 1252
3960, -9337, 82, 82, 1252
3958, -9337, 83, 83, 1252
3958, -9337, 83, 83, 1252
3957, -9337, 83, 83, 1252
3958, -9337, 83, 83, 1252
3959, -9338, 83, 83, 1252
3959, -9338, 83, 83, 1252
3960, -9336, 83, 83, 1252
3960, -9336, 83, 83, 1252
3960, -9336, 83, 83, 1252
3960, -9336, 83, 83, 1252
3960, -9336, 83, 83, 1252
3962, -9336, 83, 83, 1252
3960, -9335, 83, 83, 1252
3958, -9336, 84, 84, 1252
3958, -9336, 84, 84, 1252
3959, -9337, 84, 84, 1252
3959, -9336, 83, 83, 1252
3959, -9337, 83, 83, 1252
3960, -9336, 83, 83, 1256
3960, -9336, 83, 83, 1256
3961, -9335, 84, 84, 1256
3959, -9337, 84, 84, 1256
3959, -9337, 84, 84, 1256
3959, -9336, 83, 83, 1256
3959, -9336, 83, 83, 1256
3959, -9336, 84, 84, 1256
3962, -9336, 84, 84, 1256
3962, -9336, 84, 84, 1256
3962, -9335, 84, 84, 1256
3960, -9336, 84, 84, 1256
3961, -9335, 84, 84, 1256
3959, -9336, 84, 84, 1256
3961, -9337, 85, 85, 1256
3961, -9337, 85, 85, 1256
3960, -9336, 84, 84, 1256
3960, -9336, 84, 84, 1256
3960, -9337, 84, 84, 1256
3963, -9335, 85, 85, 1256
3961, -9335, 84, 84, 1256
3961, -9335, 84, 84, 1256
3960, -9336, 84, 84, 1256
3959, -9336, 85, 85, 1256
3959, -9336, 85, 85, 1256
3959, -9336, 84, 84, 1258
3959, -9336, 84, 84, 1258
3961, -9336, 85, 85, 1258
3961, -9336, 85, 85, 1258
3961, -9335, 85, 85, 1258
3962, -9336, 84, 84, 1258
3963, -9336, 84, 84, 1258
3961, -9336, 85, 85, 1258
3962, -9336, 85, 85, 1258
3966, -9338, 86, 86, 1258
3969, -9336, 87, 87, 1258
4061, -9318, 157, 157, 1258
4062, -9319, 185, 185, 1258
4062, -9319, 185, 185, 1258
4062, -9320, 186, 186, 1258
4062, -9320, 186, 186, 1258
4060, -9319, 184, 184, 1258
4060, -9319, 184, 184, 1258
4060, -9320, 184, 184, 1258
4059, -9320, 183, 183, 1258
4059, -9320, 182, 182, 1258
4058, -9321, 182, 182, 1258
4058, -9320, 181, 181, 1258
4058, -9319, 181, 181, 1258
4058, -9319, 181, 181, 1258
4057, -9320, 181, 181, 1260
4057, -9320, 181, 181, 1260
4056, -9321, 180, 180, 1260
4057, -9320, 180, 180, 1260
4057, -9320, 180, 180, 1260
4056, -9320, 180, 180, 1260
4056, -9321, 179, 179, 1260
4056, -9321, 180, 180, 1260
4056, -9321, 180, 180, 1260
4056, -9322, 179, 179, 1260
4056, -9322, 180, 180, 1260
4055, -9321, 179, 179, 1260
4055, -9321, 179, 179, 1260
4054, -9322, 178, 178, 1260
4054, -9322, 178, 178, 1260
4055, -9321, 178, 178, 1260
4054, -9322, 178, 178, 1260
4055, -9322, 178, 178, 1260
4055, -9322, 178, 178, 1260
4055, -9322, 177, 177, 1260
4055, -9322, 178, 178, 1260
4055, -9321, 178, 178, 1260
4054, -9321, 178, 178, 1260
4053, -9322, 177, 177, 1260
4054, -9322, 177, 177, 1260
4054, -9322, 178, 178, 1260
4052, -9322, 177, 177, 1264
4054, -9322, 177, 177, 1264
4053, -9321, 177, 177, 1264
4054, -9322, 177, 177, 1264
4054, -9322, 177, 177, 1264
4055, -9322, 178, 178, 1264
4054, -9322, 178, 178, 1264
4053, -9322, 176, 176, 1264
4053, -9322, 176, 176, 1264
4054, -9322, 177, 177, 1264
4053, -9322, 177, 177, 1264
4053, -9322, 177, 177, 1264
4053, -9321, 176, 176, 1264
4052, -9322, 176, 176, 1264
4053, -9322, 177, 177, 1264
4053, -9322, 177, 177, 1264
4053, -9322, 177, 177, 1264
4053, -9322, 177, 177, 1264
4052, -9322, 176, 176, 1264
4053, -9322, 177, 177, 1264
4054, -9322, 176, 176, 1264
4052, -9321, 176, 176, 1260
4052, -9321, 176, 176, 1260
4053, -9322, 176, 176, 1260
4052, -9322, 176, 176, 1260
4052, -9321, 176, 176, 1260
4053, -9322, 176, 176, 1260
4053, -9322, 176, 176, 1260
4053, -9322, 176, 176, 1260
4053, -9322, 176, 176, 1260
4053, -9322, 177, 177, 1260
4050, -9322, 175, 175, 1260
4052, -9322, 176, 176, 1260
4052, -9322, 175, 175, 1260
4053, -9322, 176, 176, 1260
4052, -9322, 176, 176, 1260
4052, -9322, 176, 176, 1260
4052, -9322, 176, 176, 1260
4052, -9322, 176, 176, 1260
4053, -9322, 176, 176, 1260
4052, -9321, 176, 176, 1260
4053, -9321, 177, 177, 1260
4052, -9322, 175, 175, 1260
4052, -9321, 176, 176, 1260
4052, -9321, 176, 176, 1260
4051, -9323, 175, 175, 1260
4052, -9322, 175, 175, 1260
4051, -9322, 175, 175, 1250
4051, -9322, 175, 175, 1250
4051, -9322, 175, 175, 1250
4052, -9321, 175, 175, 1250
4052, -9322, 176, 176, 1250
4052, -9322, 176, 176, 1250
4051, -9321, 175, 175, 1250
4052, -9321, 175, 175, 1250
4052, -9321, 176, 176, 1250
4052, -9321, 176, 176, 1250
4052, -9321, 175, 175, 1250
4052, -9321, 176, 176, 1250
4052, -9321, 176, 176, 1250
4052, -9323, 176, 176, 1250
4052, -9323, 176, 176, 1250
4052, -9322, 176, 176, 1250
4052, -9322, 175, 175, 1250
4052, -9322, 175, 175, 1250
4051, -9321, 176, 176, 1250
4052, -9322, 176, 176, 1250
4052, -9322, 176, 176, 1250
4051, -9322, 175, 175, 1250
4052, -9321, 175, 175, 1250
4053, -9322, 176, 176, 1250
4053, -9322, 176, 176, 1250
4051, -9322, 175, 175, 1252
4052, -9322, 175, 175, 1252
4052, -9321, 175, 175, 1252
4052, -9321, 175, 175, 1252
4053, -9321, 176, 176, 1252
4053, -9321, 176, 176, 1252
4052, -9321, 176, 176, 1252
4053, -9322, 176, 176, 1252
4053, -9322, 176, 176, 1252
3976, -9347, 146, 146, 1252
3949, -9339, 67, 67, 1252
3949, -9339, 74, 74, 1252
3952, -9338, 74, 74, 1252
3952, -9338, 74, 74, 1252
3954, -9338, 75, 75, 1252
3955, -9337, 76, 76, 1252
3951, -9337, 76, 76, 1252
3951, -9338, 77, 77, 1252
3954, -9337, 78, 78, 1252
3954, -9337, 78, 78, 1252
3954, -9337, 79, 79, 1252
3956, -9336, 79, 79, 1252
3956, -9336, 79, 79, 1252
3956, -9336, 79, 79, 1252
3957, -9336, 79, 79, 1252
3957, -9337, 80, 80, 1252
3957, -9335, 80, 80, 1252
3957, -9335, 80, 80, 1252
3958, -9336, 80, 80, 1252
3955, -9336, 80, 80, 1252
3956, -9335, 80, 80, 1252
3956, -9335, 80, 80, 1252
3957, -9335, 81, 81, 1252
3956, -9335, 81, 81, 1252
3956, -9335, 81, 81, 1252
3957, -9337, 82, 82, 1252
3957, -9336, 82, 82, 1252
3957, -9336, 82, 82, 1252
3960, -9335, 82, 82, 1252
3960, -9335, 82, 82, 1252
3960, -9335, 82, 82, 1252
3958, -9335, 82, 82, 1252
3960, -9335, 83, 83, 1252
3960, -9334, 82, 82, 1252
3959, -9335, 83, 83, 1252
3960, -9335, 83, 83, 1252
3961, -9336, 85, 85, 1252
3961, -9336, 85, 85, 1252
3959, -9335, 83, 83, 1252
3959, -9335, 83, 83, 1252
3961, -9335, 83, 83, 1252
3963, -9335, 84, 84, 1252
3961, -9335, 84, 84, 1254
3961, -9335, 84, 84, 1254
3959, -9335, 83, 83, 1254
3959, -9335, 84, 84, 1254
3959, -9334, 84, 84, 1254
3961, -9335, 84, 84, 1254
3961, -9335, 84, 84, 1254
3960, -9333, 84, 84, 1254
3960, -9336, 84, 84, 1254
3963, -9335, 85, 85, 1254
3962, -9334, 85, 85, 1254
3963, -9334, 85, 85, 1254
3963, -9334, 85, 85, 1254
3961, -9334, 85, 85, 1254
3964, -9334, 86, 86, 1254
3964, -9335, 86, 86, 1254
3964, -9335, 86, 86, 1254
3963, -9334, 87, 87, 1254
3962, -9334, 86, 86, 1254
3961, -9334, 86, 86, 1254
3960, -9334, 86, 86, 1254
3962, -9335, 86, 86, 1258
3961, -9334, 86, 86, 1258
3961, -9335, 86, 86, 1258
3961, -9335, 86, 86, 1258
3961, -9334, 86, 86, 1258
3962, -9335, 86, 86, 1258
3963, -9335, 86, 86, 1258
3963, -9335, 86, 86, 1258
3962, -9335, 86, 86, 1258
3964, -9333, 86, 86, 1258
3963, -9334, 86, 86, 1258
3962, -9334, 85, 85, 1258
3962, -9334, 86, 86, 1258
3962, -9335, 87, 87, 1258
3962, -9334, 86, 86, 1258
3962, -9334, 87, 87, 1258
3961, -9335, 86, 86, 1258
3962, -9334, 87, 87, 1258
3963, -9335, 87, 87, 1258
3961, -9334, 86, 86, 1258
3961, -9334, 86, 86, 1258
3965, -9333, 86, 86, 1258
3964, -9334, 87, 87, 1258
3964, -9334, 87, 87, 1258
3966, -9334, 87, 87, 1258
3963, -9333, 87, 87, 1258
3963, -9333, 87, 87, 1258
3965, -9332, 87, 87, 1260
3964, -9333, 87, 87, 1260
3962, -9334, 87, 87, 1260
3964, -9335, 87, 87, 1260
3963, -9334, 88, 88, 1260
3964, -9334, 87, 87, 1260
3964, -9334, 87, 87, 1260
3964, -9334, 87, 87, 1260
3966, -9334, 88, 88, 1260
3962, -9333, 87, 87, 1260
3965, -9333, 87, 87, 1260
3965, -9333, 87, 87, 1260
3965, -9333, 87, 87, 1260
3965, -9334, 87, 87, 1260
3962, -9333, 88, 88, 1260
3963, -9333, 87, 87, 1260
3963, -9334, 88, 88, 1260
3963, -9335, 87, 87, 1260
3963, -9335, 87, 87, 1260
3965, -9333, 87, 87, 1260
3964, -9334, 88, 88, 1260
3966, -9334, 88, 88, 1260
4066, -9316, 188, 188, 1260
4066, -9316, 188, 188, 1260
4064, -9317, 188, 188, 1260
4064, -9317, 188, 188, 1260
4064, -9317, 188, 188, 1266
4064, -9317, 188, 188, 1266
4063, -9318, 187, 187, 1266
4063, -9318, 186, 186, 1266
4062, -9318, 186, 186, 1266
4062, -9318, 185, 185, 1266
4062, -9318, 185, 185, 1266
4061, -9318, 184, 184, 1266
4061, -9318, 184, 184, 1266
4060, -9318, 184, 184, 1266
4060, -9319, 183, 183, 1266
4060, -9318, 183, 183, 1266
4060, -9319, 183, 183, 1266
4060, -9319, 183, 183, 1266
4057, -9319, 182, 182, 1266
4058, -9319, 182, 182, 1266
4058, -9319, 182, 182, 1266
4058, -9320, 182, 182, 1266
4058, -9320, 182, 182, 1266
4058, -9319, 181, 181, 1266
4059, -9319, 182, 182, 1266
4058, -9319, 181, 181, 1266
4058, -9319, 181, 181, 1266
4058, -9319, 181, 181, 1266
4057, -9320, 180, 180, 1266
4058, -9319, 182, 182, 1260
4058, -9319, 182, 182, 1260
4057, -9320, 180, 180, 1260
4057, -9320, 181, 181, 1260
4057, -9320, 181, 181, 1260
4056, -9318, 180, 180, 1260
4057, -9319, 180, 180, 1260
4056, -9319, 180, 180, 1260
4056, -9319, 180, 180, 1260
4057, -9319, 180, 180, 1260
4057, -9319, 180, 180, 1260
4056, -9319, 180, 180, 1260
4055, -9319, 180, 180, 1260
4057, -9320, 180, 180, 1260
4057, -9320, 180, 180, 1260
4056, -9319, 180, 180, 1260
4055, -9319, 179, 179, 1260
4055, -9319, 179, 179, 1260
4056, -9319, 180, 180, 1260
4055, -9320, 179, 179, 1260
4055, -9319, 179, 179, 1260
4055, -9319, 179, 179, 1260
4054, -9319, 178, 178, 1260
4055, -9319, 178, 178, 1260
4055, -9318, 178, 178, 1260
4055, -9319, 179, 179, 1264
4055, -9319, 179, 179, 1264
4055, -9320, 179, 179, 1264
4055, -9319, 178, 178, 1264
4055, -9319, 178, 178, 1264
4055, -9320, 178, 178, 1264
4055, -9320, 179, 179, 1264
4055, -9319, 178, 178, 1264
4055, -9320, 178, 178, 1264
4055, -9320, 179, 179, 1264
4056, -9321, 178, 178, 1264
4055, -9319, 178, 178, 1264
4055, -9319, 178, 178, 1264
4055, -9319, 179, 179, 1264
4055, -9319, 178, 178, 1264
4055, -9319, 178, 178, 1264
4054, -9319, 178, 178, 1264
4054, -9319, 178, 178, 1264
4054, -9320, 178, 178, 1264
4054, -9320, 178, 178, 1264
4054, -9320, 178, 178, 1264
4055, -9320, 178, 178, 1264
4054, -9320, 178, 178, 1264
4055, -9318, 178, 178, 1256
4055, -9318, 178, 178, 1256
4055, -9320, 179, 179, 1256
4055, -9320, 179, 179, 1256
4053, -9319, 177, 177, 1256
4054, -9320, 178, 178, 1256
4054, -9320, 178, 178, 1256
4055, -9320, 178, 178, 1256
4055, -9320, 178, 178, 1256
4055, -9320, 178, 178, 1256
4055, -9320, 178, 178, 1256
4055, -9320, 178, 178, 1256
4054, -9320, 178, 178, 1256
4055, -9321, 178, 178, 1256
4054, -9319, 178, 178, 1256
4054, -9319, 178, 178, 1256
4055, -9320, 178, 178, 1256
4053, -9319, 177, 177, 1256
4054, -9320, 177, 177, 1256
4055, -9320, 178, 178, 1256
4055, -9320, 178, 178, 1256
4054, -9320, 178, 178, 1256
4054, -9320, 178, 178, 1256
4054, -9320, 178, 178, 1256
4054, -9320, 178, 178, 1256
4054, -9319, 178, 178, 1256
4055, -9320, 178, 178, 1256
4055, -9320, 178, 178, 1256
4055, -9319, 178, 178, 1260
4055, -9319, 178, 178, 1260
4054, -9320, 178, 178, 1260
4053, -9319, 177, 177, 1260
4055, -9320, 178, 178, 1260
4054, -9319, 178, 178, 1260
4055, -9320, 178, 178, 1260
4055, -9320, 178, 178, 1260
4055, -9320, 178, 178, 1260
4054, -9319, 178, 178, 1260
4055, -9319, 178, 178, 1260
4055, -9319, 178, 178, 1260
4055, -9319, 178, 178, 1260
4054, -9319, 178, 178, 1260
4054, -9319, 178, 178, 1260
4054, -9320, 178, 178, 1260
4053, -9319, 178, 178, 1260
4054, -9320, 177, 177, 1260
4054, -9320, 177, 177, 1260
3949, -9336, 64, 64, 1260
3949, -9336, 64, 64, 1260
3953, -9336, 76, 76, 1260
3954, -9336, 77, 77, 1260
3953, -9335, 77, 77, 1260
3955, -9336, 78, 78, 1260
3959, -9335, 80, 80, 1262
3959, -9335, 80, 80, 1262
3958, -9334, 79, 79, 1262
3958, -9334, 80, 80, 1262
3958, -9334, 80, 80, 1262
3960, -9334, 82, 82, 1262
3958, -9335, 82, 82, 1262
3958, -9335, 82, 82, 1262
3957, -9334, 82, 82, 1262
3957, -9334, 82, 82, 1262
3957, -9334, 82, 82, 1262
3959, -9334, 83, 83, 1262
3960, -9334, 84, 84, 1262
3959, -9333, 83, 83, 1262
3959, -9334, 83, 83, 1262
3958, -9334, 83, 83, 1262
3961, -9334, 83, 83, 1262
3962, -9333, 84, 84, 1262
3961, -9334, 84, 84, 1262
3963, -9333, 84, 84, 1262
3962, -9334, 84, 84, 1262
3963, -9333, 85, 85, 1262
3960, -9334, 85, 85, 1258
3960, -9334, 85, 85, 1258
3962, -9334, 86, 86, 1258
3961, -9333, 86, 86, 1258
3962, -9333, 86, 86, 1258
3962, -9333, 86, 86, 1258
3963, -9333, 86, 86, 1258
3964, -9332, 86, 86, 1258
3964, -9332, 86, 86, 1258
3962, -9333, 86, 86, 1258
3963, -9332, 86, 86, 1258
3963, -9333, 87, 87, 1258
3963, -9333, 87, 87, 1258
3962, -9332, 87, 87, 1258
3962, -9334, 87, 87, 1258
3963, -9333, 87, 87, 1258
3965, -9333, 87, 87, 1258
3965, -9333, 87, 87, 1258
3965, -9332, 88, 88, 1258
3964, -9332, 87, 87, 1258
3962, -9333, 87, 87, 1258
3962, -9333, 87, 87, 1258
3962, -9333, 88, 88, 1258
3966, -9332, 88, 88, 1258
3965, -9333, 88, 88, 1264
3965, -9332, 88, 88, 1264
3965, -9332, 88, 88, 1264
3966, -9333, 88, 88, 1264
3963, -9332, 88, 88, 1264
3963, -9333, 87, 87, 1264
3963, -9333, 88, 88, 1264
3963, -9333, 88, 88, 1264
3966, -9332, 89, 89, 1264
3967, -9332, 89, 89, 1264
3967, -9332, 89, 89, 1264
3966, -9332, 89, 89, 1264
3966, -9332, 89, 89, 1264
3965, -9331, 89, 89, 1264
3965, -9331, 89, 89, 1264
3966, -9333, 89, 89, 1264
3966, -9332, 89, 89, 1264
3967, -9332, 89, 89, 1264
3967, -9332, 89, 89, 1264
3966, -9332, 88, 88, 1264
3965, -9332, 89, 89, 1264
3965, -9332, 89, 89, 1264
3965, -9332, 89, 89, 1264
3963, -9333, 89, 89, 1264
3966, -9332, 89, 89, 1264
3965, -9332, 89, 89, 1264
3967, -9331, 89, 89, 1264
3968, -9332, 90, 90, 1264
3967, -9331, 89, 89, 1264
3966, -9331, 89, 89, 1264
3966, -9331, 89, 89, 1264
3967, -9332, 90, 90, 1264
3964, -9331, 89, 89, 1264
3964, -9331, 89, 89, 1264
3966, -9332, 90, 90, 1264
3965, -9331, 90, 90, 1264
3964, -9332, 89, 89, 1264
3964, -9332, 89, 89, 1264
3967, -9331, 90, 90, 1264
3967, -9332, 89, 89, 1264
3967, -9331, 90, 90, 1264
3966, -9331, 89, 89, 1264
3966, -9331, 89, 89, 1264
3967, -9331, 90, 90, 1264
3967, -9331, 90, 90, 1264
3966, -9332, 90, 90, 1269
3965, -9332, 91, 91, 1269
3966, -9332, 90, 90, 1269
3966, -9332, 90, 90, 1269
4060, -9314, 123, 123, 1269
4060, -9314, 123, 123, 1269
4066, -9314, 189, 189, 1269
4067, -9314, 190, 190, 1269
4067, -9315, 191, 191, 1269
4066, -9315, 190, 190, 1269
4065, -9315, 190, 190, 1269
4066, -9316, 189, 189, 1269
4065, -9316, 189, 189, 1269
4065, -9317, 188, 188, 1269
4063, -9316, 187, 187, 1269
4063, -9316, 187, 187, 1269
4062, -9316, 186, 186, 1269
4063, -9316, 187, 187, 1269
4063, -9316, 186, 186, 1269
4063, -9317, 186, 186, 1269
4062, -9316, 186, 186, 1269
4062, -9316, 186, 186, 1269
4061, -9316, 185, 185, 1269
4062, -9317, 185, 185, 1269
4061, -9317, 184, 184, 1269
4062, -9316, 185, 185, 1269
4061, -9317, 185, 185, 1269
4061, -9317, 185, 185, 1269
4060, -9317, 184, 184, 1269
4061, -9317, 184, 184, 1269
4061, -9318, 184, 184, 1269
4060, -9318, 184, 184, 1269
4060, -9318, 184, 184, 1269
4060, -9317, 184, 184, 1269
4060, -9318, 184, 184, 1269
4061, -9317, 184, 184, 1269
4060, -9316, 183, 183, 1269
4061, -9317, 183, 183, 1269
4061, -9317, 183, 183, 1269
4059, -9318, 184, 184, 1269
4060, -9318, 183, 183, 1269
4059, -9317, 183, 183, 1269
4059, -9317, 183, 183, 1269
4059, -9317, 183, 183, 1269
4059, -9318, 182, 182, 1269
4059, -9318, 182, 182, 1269
4059, -9318, 182, 182, 1269
4060, -9317, 183, 183, 1269
4060, -9317, 183, 183, 1269
4059, -9318, 183, 183, 1269
4059, -9317, 182, 182, 1269
4059, -9318, 182, 182, 1269
4059, -9317, 182, 182, 1269
4058, -9317, 182, 182, 1269
4058, -9317, 182, 182, 1277
4058, -9317, 182, 182, 1277
4059, -9317, 182, 182, 1277
4058, -9317, 182, 182, 1277
4058, -9317, 182, 182, 1277
4058, -9317, 182, 182, 1277
4058, -9317, 181, 181, 1277
4058, -9317, 182, 182, 1277
4058, -9317, 182, 182, 1277
4058, -9317, 182, 182, 1277
4057, -9317, 181, 181, 1277
4058, -9317, 182, 182, 1277
4058, -9317, 181, 181, 1277
4057, -9318, 181, 181, 1277
4057, -9318, 181, 181, 1277
4057, -9317, 181, 181, 1277
4057, -9317, 181, 181, 1277
4057, -9318, 181, 181, 1277
4058, -9317, 181, 181, 1277
4058, -9317, 181, 181, 1277
4058, -9319, 181, 181, 1277
4058, -9319, 181, 181, 1277
4057, -9317, 181, 181, 1277
4058, -9317, 181, 181, 1277
4058, -9317, 181, 181, 1277
4056, -9317, 180, 180, 1277
4058, -9319, 181, 181, 1277
4057, -9318, 180, 180, 1277
4059, -9317, 181, 181, 1260
4057, -9318, 181, 181, 1260
4057, -9317, 181, 181, 1260
4057, -9317, 181, 181, 1260
4057, -9318, 181, 181, 1260
4057, -9318, 181, 181, 1260
4056, -9318, 180, 180, 1260
4057, -9318, 181, 181, 1260
4057, -9317, 181, 181, 1260
4057, -9318, 181, 181, 1260
4057, -9318, 181, 181, 1260
4057, -9317, 181, 181, 1260
4057, -9318, 181, 181, 1260
4056, -9318, 180, 180, 1260
4057, -9318, 180, 180, 1260
4057, -9317, 181, 181, 1260
4056, -9318, 181, 181, 1260
4057, -9318, 180, 180, 1260
4056, -9317, 180, 180, 1260
4056, -9317, 180, 180, 1260
4056, -9317, 179, 179, 1260
4057, -9317, 180, 180, 1260
4056, -9317, 180, 180, 1260
4057, -9318, 180, 180, 1260
4057, -9318, 180, 180, 1260
4057, -9317, 181, 181, 1275
4058, -9317, 181, 181, 1275
4057, -9318, 181, 181, 1275
4057, -9318, 181, 181, 1275
4057, -9318, 181, 181, 1275
4057, -9318, 180, 180, 1275
4057, -9316, 181, 181, 1275
4057, -9317, 181, 181, 1275
4056, -9318, 180, 180, 1275
4057, -9317, 181, 181, 1275
4056, -9317, 180, 180, 1275
4056, -9317, 180, 180, 1275
4057, -9317, 180, 180, 1275
4055, -9317, 180, 180, 1275
4056, -9317, 180, 180, 1275
4056, -9317, 180, 180, 1275
4057, -9317, 180, 180, 1275
4056, -9317, 180, 180, 1275
4057, -9317, 180, 180, 1275
4057, -9318, 181, 181, 1275
4056, -9317, 180, 180, 1275
4057, -9317, 181, 181, 1275
4056, -9316, 180, 180, 1275
4056, -9316, 180, 180, 1275
4056, -9317, 180, 180, 1275
4057, -9316, 181, 181, 1273
4057, -9317, 180, 180, 1273
3958, -9336, 90, 90, 1273
3958, -9336, 90, 90, 1273
3955, -9333, 76, 76, 1273
3955, -9333, 78, 78, 1273
3957, -9333, 80, 80, 1273
3957, -9332, 80, 80, 1273
3957, -9332, 80, 80, 1273
3958, -9334, 81, 81, 1273
3959, -9332, 83, 83, 1273
3959, -9332, 83, 83, 1273
3960, -9332, 83, 83, 1273
3959, -9331, 84, 84, 1273
3959, -9331, 84, 84, 1273
3963, -9332, 84, 84, 1273
3963, -9332, 85, 85, 1273
3962, -9331, 85, 85, 1273
3963, -9330, 85, 85, 1273
3960, -9331, 85, 85, 1273
3962, -9331, 86, 86, 1273
3961, -9332, 86, 86, 1273
3961, -9332, 86, 86, 1273
3961, -9331, 86, 86, 1273
3964, -9331, 86, 86, 1273
3965, -9330, 86, 86, 1275
3965, -9330, 86, 86, 1275
3963, -9330, 87, 87, 1275
3962, -9330, 87, 87, 1275
3962, -9330, 87, 87, 1275
3963, -9329, 87, 87, 1275
3963, -9330, 87, 87, 1275
3963, -9331, 87, 87, 1275
3963, -9331, 87, 87, 1275
3966, -9330, 89, 89, 1275
3965, -9330, 89, 89, 1275
3965, -9330, 89, 89, 1275
3964, -9331, 88, 88, 1275
3965, -9331, 89, 89, 1275
3965, -9331, 89, 89, 1275
3965, -9331, 88, 88, 1275
3965, -9331, 88, 88, 1275
3965, -9331, 88, 88, 1275
3965, -9330, 89, 89, 1275
3964, -9332, 89, 89, 1275
3964, -9332, 89, 89, 1275
3966, -9330, 89, 89, 1275
3966, -9330, 89, 89, 1275
3966, -9330, 89, 89, 1275
3966, -9329, 89, 89, 1275
3966, -9329, 89, 89, 1275
3966, -9329, 89, 89, 1275
3966, -9329, 89, 89, 1275
3967, -9330, 90, 90, 1275
3965, -9329, 90, 90, 1275
3966, -9329, 90, 90, 1275
3966, -9329, 90, 90, 1275
3966, -9330, 91, 91, 1275
3966, -9330, 91, 91, 1275
3969, -9330, 91, 91, 1275
3969, -9330, 91, 91, 1275
3968, -9330, 91, 91, 1275
3965, -9329, 90, 90, 1275
3965, -9329, 90, 90, 1275
3967, -9329, 91, 91, 1275
3966, -9331, 91, 91, 1275
3967, -9330, 90, 90, 1275
3967, -9330, 90, 90, 1275
3966, -9329, 91, 91, 1275
3968, -9330, 91, 91, 1275
3970, -9330, 91, 91, 1275
3970, -9329, 92, 92, 1275
3967, -9329, 91, 91, 1275
3967, -9330, 91, 91, 1275
3967, -9329, 91, 91, 1275
3967, -9330, 91, 91, 1275
3967, -9330, 91, 91, 1275
3969, -9329, 92, 92, 1275
3968, -9329, 91, 91, 1275
3967, -9329, 91, 91, 1275
3969, -9330, 91, 91, 1275
3968, -9328, 91, 91, 1275
3968, -9329, 92, 92, 1275
3968, -9329, 92, 92, 1275
3967, -9330, 91, 91, 1275
3968, -9329, 92, 92, 1275
3968, -9328, 91, 91, 1275
3968, -9328, 91, 91, 1275
3968, -9329, 92, 92, 1275
3967, -9329, 92, 92, 1275
3968, -9329, 92, 92, 1275
3966, -9329, 91, 91, 1275
3969, -9329, 91, 91, 1275
3969, -9329, 92, 92, 1275
3969, -9329, 92, 92, 1275
3970, -9328, 93, 93, 1275
3968, -9329, 92, 92, 1275
3970, -9329, 92, 92, 1275
3970, -9329, 92, 92, 1275
3969, -9328, 92, 92, 1269
3969, -9329, 93, 93, 1269
3969, -9329, 93, 93, 1269
3969, -9329, 93, 93, 1269
3968, -9329, 93, 93, 1269
3968, -9330, 92, 92, 1269
3969, -9329, 93, 93, 1269
3970, -9328, 92, 92, 1269
3970, -9328, 93, 93, 1269
3970, -9329, 93, 93, 1269
3972, -9328, 93, 93, 1269
3970, -9328, 93, 93, 1269
3977, -9330, 95, 95, 1269
4067, -9312, 161, 161, 1269
4067, -9312, 161, 161, 1269
4070, -9312, 194, 194, 1269
4070, -9312, 194, 194, 1269
4069, -9312, 193, 193, 1269
4069, -9313, 193, 193, 1269
4068, -9314, 191, 191, 1269
4066, -9314, 190, 190, 1269
4066, -9313, 189, 189, 1269
4066, -9313, 189, 189, 1269
4065, -9313, 189, 189, 1275
4065, -9313, 189, 189, 1275
4064, -9314, 188, 188, 1275
4065, -9314, 188, 188, 1275
4064, -9314, 188, 188, 1275
4064, -9313, 188, 188, 1275
4064, -9313, 188, 188, 1275
4064, -9314, 188, 188, 1275
4063, -9314, 187, 187, 1275
4064, -9315, 187, 187, 1275
4064, -9313, 187, 187, 1275
4063, -9314, 186, 186, 1275
4063, -9314, 186, 186, 1275
4063, -9314, 187, 187, 1275
4064, -9315, 186, 186, 1275
4062, -9313, 185, 185, 1275
4062, -9313, 186, 186, 1275
4062, -9313, 186, 186, 1275
4062, -9314, 186, 186, 1275
4063, -9314, 186, 186, 1275
4062, -9315, 185, 185, 1275
4062, -9315, 185, 185, 1275
4062, -9314, 185, 185, 1275
4060, -9314, 185, 185, 1275
4061, -9314, 185, 185, 1266
4061, -9315, 185, 185, 1266
4061, -9314, 185, 185, 1266
4061, -9315, 185, 185, 1266
4061, -9315, 185, 185, 1266
4061, -9314, 185, 185, 1266
4061, -9315, 185, 185, 1266
4061, -9314, 184, 184, 1266
4061, -9314, 184, 184, 1266
4061, -9314, 184, 184, 1266
4060, -9315, 184, 184, 1266
4060, -9314, 184, 184, 1266
4060, -9315, 184, 184, 1266
4060, -9315, 183, 183, 1266
4060, -9315, 184, 184, 1266
4060, -9315, 184, 184, 1266
4060, -9315, 184, 184, 1266
4060, -9315, 184, 184, 1266
4060, -9315, 184, 184, 1266
4060, -9315, 184, 184, 1266
4060, -9315, 184, 184, 1266
4060, -9316, 184, 184, 1266
4060, -9316, 184, 184, 1266
4060, -9315, 184, 184, 1266
4059, -9314, 183, 183, 1279
4059, -9314, 183, 183, 1279
4060, -9315, 183, 183, 1279
4058, -9315, 183, 183, 1279
4059, -9314, 183, 183, 1279
4059, -9314, 183, 183, 1279
4061, -9314, 184, 184, 1279
4060, -9314, 184, 184, 1279
4060, -9315, 183, 183, 1279
4059, -9314, 184, 184, 1279
4058, -9314, 182, 182, 1279
4058, -9314, 182, 182, 1279
4060, -9315, 183, 183, 1279
4060, -9314, 183, 183, 1279
4060, -9314, 183, 183, 1279
4059, -9315, 183, 183, 1279
4059, -9315, 182, 182, 1279
4059, -9315, 183, 183, 1279
4059, -9315, 183, 183, 1279
4060, -9314, 183, 183, 1279
4060, -9314, 183, 183, 1279
4060, -9314, 183, 183, 1279
4059, -9315, 182, 182, 1279
4059, -9314, 183, 183, 1279
4059, -9315, 183, 183, 1279
4059, -9315, 183, 183, 1279
4058, -9314, 182, 182, 1279
4058, -9314, 182, 182, 1279
4059, -9314, 183, 183, 1275
4060, -9315, 183, 183, 1275
4059, -9314, 183, 183, 1275
4059, -9314, 183, 183, 1275
4060, -9315, 183, 183, 1275
4060, -9315, 183, 183, 1275
4058, -9314, 183, 183, 1275
4058, -9314, 183, 183, 1275
4060, -9315, 184, 184, 1275
4060, -9315, 183, 183, 1275
4060, -9315, 183, 183, 1275
4060, -9314, 183, 183, 1275
4060, -9315, 183, 183, 1275
4060, -9315, 183, 183, 1275
4060, -9314, 183, 183, 1275
4059, -9315, 183, 183, 1275
4060, -9314, 183, 183, 1275
4060, -9314, 183, 183, 1275
4060, -9314, 183, 183, 1275
4060, -9314, 183, 183, 1275
4061, -9315, 183, 183, 1275
4059, -9314, 183, 183, 1275
4059, -9315, 183, 183, 1271
4060, -9314, 183, 183, 1271
4059, -9314, 183, 183, 1271
4060, -9313, 183, 183, 1271
4059, -9314, 183, 183, 1271
4060, -9314, 183, 183, 1271
4060, -9314, 183, 183, 1271
4060, -9314, 183, 183, 1271
4060, -9314, 183, 183, 1271
4060, -9314, 183, 183, 1271
4059, -9314, 184, 184, 1271
4059, -9314, 183, 183, 1271
4059, -9314, 182, 182, 1271
4059, -9314, 182, 182, 1271
4059, -9314, 182, 182, 1271
4059, -9315, 183, 183, 1271
4058, -9313, 182, 182, 1271
4060, -9315, 182, 182, 1271
3871, -9348, 66, 66, 1271
3871, -9348, 66, 66, 1271
3868, -9345, -5, -5, 1271
3868, -9345, -5, -5, 1271
3872, -9345, -3, -3, 1271
3876, -9343, -3, -3, 1271
3877, -9342, -2, -2, 1271
3880, -9343, 0, 0, 1271
3880, -9342, 0, 0, 1271
3878, -9342, 1, 1, 1277
3880, -9342, 2, 2, 1277
3880, -9340, 3, 3, 1277
3882, -9341, 4, 4, 1277
3881, -9341, 4, 4, 1277
3881, -9341, 4, 4, 1277
3879, -9342, 4, 4, 1277
3880, -9342, 5, 5, 1277
3880, -9342, 5, 5, 1277
3881, -9341, 6, 6, 1277
3883, -9342, 8, 8, 1277
3883, -9342, 8, 8, 1277
3884, -9341, 7, 7, 1277
3887, -9340, 8, 8, 1277
3887, -9340, 8, 8, 1277
3888, -9340, 9, 9, 1277
3886, -9341, 9, 9, 1277
3886, -9341, 9, 9, 1277
3886, -9339, 10, 10, 1277
3886, -9339, 10, 10, 1277
3886, -9340, 10, 10, 1277
3886, -9339, 11, 11, 1277
3885, -9340, 11, 11, 1277
3885, -9340, 11, 11, 1277
3887, -9340, 10, 10, 1277
3888, -9341, 11, 11, 1277
3890, -9340, 12, 12, 1269
3889, -9339, 12, 12, 1269
3887, -9340, 12, 12, 1269
3887, -9340, 12, 12, 1269
3887, -9340, 12, 12, 1269
3887, -9340, 12, 12, 1269
3888, -9339, 13, 13, 1269
3889, -9339, 13, 13, 1269
3893, -9340, 14, 14, 1269
3893, -9340, 14, 14, 1269
3889, -9338, 13, 13, 1269
3891, -9339, 14, 14, 1269
3888, -9340, 13, 13, 1269
3889, -9340, 14, 14, 1269
3889, -9340, 14, 14, 1269
3889, -9339, 14, 14, 1269
3888, -9339, 14, 14, 1269
3892, -9339, 14, 14, 1269
3892, -9338, 14, 14, 1269
3892, -9338, 14, 14, 1269
3893, -9338, 15, 15, 1269
3893, -9338, 15, 15, 1269
3890, -9338, 15, 15, 1269
3894, -9337, 15, 15, 1269
3891, -9338, 15, 15, 1269
3891, -9339, 16, 16, 1269
3891, -9338, 15, 15, 1279
3890, -9338, 16, 16, 1279
3894, -9338, 16, 16, 1279
3894, -9338, 15, 15, 1279
3894, -9338, 15, 15, 1279
3896, -9339, 17, 17, 1279
3895, -9337, 15, 15, 1279
3895, -9337, 16, 16, 1279
3891, -9338, 16, 16, 1279
3891, -9338, 16, 16, 1279
3891, -9338, 16, 16, 1279
3891, -9338, 16, 16, 1279
3891, -9339, 16, 16, 1279
3892, -9339, 17, 17, 1279
3896, -9339, 17, 17, 1279
3891, -9338, 17, 17, 1279
3893, -9337, 17, 17, 1279
3893, -9337, 17, 17, 1279
3896, -9337, 17, 17, 1279
3891, -9338, 16, 16, 1279
3891, -9338, 16, 16, 1279
3891, -9338, 16, 16, 1279
3891, -9338, 16, 16, 1279
3895, -9338, 17, 17, 1279
3895, -9338, 17, 17, 1279
3892, -9338, 17, 17, 1277
3892, -9338, 17, 17, 1277
3893, -9338, 17, 17, 1277
3893, -9338, 17, 17, 1277
3893, -9338, 18, 18, 1277
3893, -9338, 18, 18, 1277
3893, -9338, 18, 18, 1277
3893, -9338, 17, 17, 1277
3893, -9338, 18, 18, 1277
3893, -9338, 18, 18, 1277
3894, -9338, 19, 19, 1277
3895, -9339, 18, 18, 1277
3895, -9339, 18, 18, 1277
3893, -9337, 18, 18, 1277
3897, -9338, 18, 18, 1277
3897, -9338, 18, 18, 1277
3895, -9336, 18, 18, 1277
3895, -9336, 19, 19, 1277
3895, -9336, 19, 19, 1277
3892, -9338, 18, 18, 1277
3893, -9338, 19, 19, 1277
3894, -9337, 19, 19, 1277
3894, -9337, 18, 18, 1277
3894, -9337, 18, 18, 1277
3895, -9337, 19, 19, 1277
3898, -9336, 18, 18, 1277
3898, -9336, 18, 18, 1277
3896, -9337, 18, 18, 1275
3896, -9337, 18, 18, 1275
3896, -9337, 18, 18, 1275
4071, -9306, 112, 112, 1275
4071, -9306, 112, 112, 1275
4081, -9307, 204, 204, 1275
4081, -9307, 204, 204, 1275
4081, -9307, 204, 204, 1275
4079, -9308, 203, 203, 1275
4079, -9308, 203, 203, 1275
4078, -9308, 202, 202, 1275
4078, -9308, 201, 201, 1275
4078, -9308, 201, 201, 1275
4076, -9309, 200, 200, 1275
4076, -9309, 199, 199, 1275
4076, -9309, 199, 199, 1275
4073, -9308, 197, 197, 1275
4073, -9308, 197, 197, 1275
4072, -9310, 196, 196, 1275
4071, -9310, 196, 196, 1275
4071, -9309, 195, 195, 1275
4071, -9310, 195, 195, 1275
4072, -9310, 195, 195, 1275
4072, -9310, 195, 195, 1275
4072, -9310, 195, 195, 1277
4069, -9310, 194, 194, 1277
4069, -9310, 194, 194, 1277
4069, -9310, 194, 194, 1277
4069, -9310, 194, 194, 1277
4070, -9311, 193, 193, 1277
4069, -9310, 193, 193, 1277
4069, -9310, 193, 193, 1277
4068, -9311, 192, 192, 1277
4069, -9310, 192, 192, 1277
4067, -9311, 191, 191, 1277
4067, -9311, 191, 191, 1277
4068, -9311, 191, 191, 1277
4066, -9310, 191, 191, 1277
4067, -9311, 191, 191, 1277
4067, -9311, 191, 191, 1277
4067, -9311, 190, 190, 1277
4066, -9312, 190, 190, 1277
4067, -9311, 190, 190, 1277
4067, -9311, 190, 190, 1277
4066, -9310, 190, 190, 1277
4067, -9310, 190, 190, 1277
4068, -9310, 190, 190, 1277
4068, -9310, 190, 190, 1277
4065, -9311, 189, 189, 1277
4065, -9311, 189, 189, 1277
4066, -9311, 189, 189, 1277
4066, -9312, 189, 189, 1277
4064, -9312, 189, 189, 1277
4065, -9311, 188, 188, 1277
4066, -9311, 189, 189, 1277
4065, -9311, 189, 189, 1277
4066, -9311, 189, 189, 1277
4065, -9311, 188, 188, 1277
4066, -9311, 188, 188, 1277
4066, -9311, 189, 189, 1277
4064, -9312, 189, 189, 1277
4064, -9312, 188, 188, 1277
4065, -9311, 188, 188, 1277
4065, -9311, 188, 188, 1277
4064, -9312, 188, 188, 1277
4064, -9312, 188, 188, 1277
4064, -9312, 188, 188, 1277
4063, -9311, 188, 188, 1277
4063, -9311, 188, 188, 1277
4063, -9311, 187, 187, 1277
4063, -9312, 188, 188, 1277
4063, -9312, 187, 187, 1277
4063, -9312, 187, 187, 1277
4064, -9311, 187, 187, 1277
4064, -9312, 188, 188, 1279
4064, -9311, 188, 188, 1279
4064, -9311, 188, 188, 1279
4063, -9311, 187, 187, 1279
4063, -9311, 187, 187, 1279
4064, -9311, 187, 187, 1279
4064, -9311, 187, 187, 1279
4063, -9311, 187, 187, 1279
4064, -9311, 188, 188, 1279
4063, -9312, 186, 186, 1279
4063, -9312, 187, 187, 1279
4064, -9311, 187, 187, 1279
4064, -9312, 188, 188, 1279
4063, -9312, 187, 187, 1279
4063, -9311, 187, 187, 1279
4063, -9311, 187, 187, 1279
4064, -9312, 187, 187, 1279
4064, -9312, 187, 187, 1279
4064, -9312, 187, 187, 1279
4064, -9312, 187, 187, 1279
4064, -9311, 187, 187, 1279
4063, -9311, 187, 187, 1279
4063, -9311, 186, 186, 1279
4063, -9313, 186, 186, 1279
4063, -9313, 186, 186, 1279
4063, -9311, 187, 187, 1279
4062, -9312, 186, 186, 1279
4062, -9311, 186, 186, 1279
4063, -9311, 186, 186, 1279
4063, -9311, 186, 186, 1279
4062, -9311, 186, 186, 1279
4063, -9311, 186, 186, 1279
4063, -9312, 187, 187, 1279
4062, -9311, 187, 187, 1279
4063, -9311, 186, 186, 1279
4063, -9311, 186, 186, 1279
4062, -9312, 186, 186, 1279
4062, -9311, 186, 186, 1279
4062, -9311, 186, 186, 1279
4062, -9312, 186, 186, 1279
4062, -9312, 185, 185, 1279
4061, -9311, 186, 186, 1279
4061, -9311, 186, 186, 1279
4061, -9311, 185, 185, 1279
4062, -9311, 186, 186, 1279
4062, -9312, 186, 186, 1279
4063, -9312, 186, 186, 1277
3871, -9343, 0, 0, 1277
3871, -9343, 0, 0, 1277
3875, -9342, -3, -3, 1277
3877, -9341, -1, -1, 1277
3879, -9341, -1, -1, 1277
3882, -9338, 4, 4, 1277
3882, -9338, 4, 4, 1277
3880, -9339, 5, 5, 1277
3880, -9339, 6, 6, 1277
3883, -9338, 7, 7, 1277
3885, -9339, 7, 7, 1277
3885, -9339, 7, 7, 1277
3886, -9338, 8, 8, 1277
3888, -9338, 10, 10, 1277
3888, -9338, 10, 10, 1277
3886, -9338, 10, 10, 1277
3886, -9338, 10, 10, 1277
3886, -9338, 10, 10, 1277
3890, -9338, 11, 11, 1277
3887, -9337, 12, 12, 1277
3887, -9337, 12, 12, 1277
3890, -9336, 13, 13, 1293
3890, -9336, 13, 13, 1293
3893, -9336, 13, 13, 1293
3893, -9337, 14, 14, 1293
3890, -9337, 14, 14, 1293
3890, -9336, 14, 14, 1293
3889, -9338, 14, 14, 1293
3889, -9338, 14, 14, 1293
3892, -9337, 15, 15, 1293
3892, -9337, 15, 15, 1293
3891, -9337, 16, 16, 1293
3890, -9338, 15, 15, 1293
3890, -9337, 16, 16, 1293
3894, -9336, 16, 16, 1293
3893, -9337, 16, 16, 1293
3894, -9337, 16, 16, 1293
3894, -9337, 16, 16, 1293
3894, -9336, 16, 16, 1293
3894, -9335, 16, 16, 1293
3894, -9335, 16, 16, 1293
3895, -9336, 17, 17, 1293
3896, -9336, 17, 17, 1293
3895, -9336, 17, 17, 1293
3896, -9335, 18, 18, 1289
3896, -9335, 18, 18, 1289
3895, -9335, 17, 17, 1289
3897, -9335, 18, 18, 1289
3896, -9336, 18, 18, 1289
3893, -9336, 18, 18, 1289
3893, -9336, 18, 18, 1289
3892, -9337, 18, 18, 1289
3896, -9337, 18, 18, 1289
3896, -9337, 18, 18, 1289
3895, -9337, 19, 19, 1289
3898, -9336, 20, 20, 1289
3897, -9336, 18, 18, 1289
3898, -9337, 19, 19, 1289
3894, -9335, 19, 19, 1289
3898, -9336, 19, 19, 1289
3897, -9336, 19, 19, 1289
3897, -9336, 19, 19, 1289
3897, -9336, 19, 19, 1289
3896, -9335, 19, 19, 1289
3893, -9336, 20, 20, 1289
3893, -9336, 20, 20, 1289
3893, -9336, 19, 19, 1289
3894, -9336, 20, 20, 1289
3894, -9336, 20, 20, 1289
3897, -9335, 20, 20, 1289
3898, -9335, 20, 20, 1293
3896, -9335, 19, 19, 1293
3896, -9335, 19, 19, 1293
3895, -9336, 21, 21, 1293
3894, -9336, 21, 21, 1293
3894, -9336, 21, 21, 1293
3895, -9336, 21, 21, 1293
3895, -9335, 20, 20, 1293
3896, -9334, 21, 21, 1293
3897, -9336, 21, 21, 1293
3896, -9335, 20, 20, 1293
3899, -9335, 20, 20, 1293
3899, -9335, 20, 20, 1293
3897, -9335, 21, 21, 1293
3895, -9335, 21, 21, 1293
3895, -9335, 21, 21, 1293
3895, -9335, 21, 21, 1293
3897, -9335, 21, 21, 1293
3898, -9335, 22, 22, 1293
3901, -9335, 22, 22, 1293
3897, -9335, 22, 22, 1293
3897, -9335, 22, 22, 1293
3896, -9335, 21, 21, 1293
3899, -9334, 22, 22, 1293
3896, -9334, 22, 22, 1293
3899, -9336, 22, 22, 1293
3899, -9336, 22, 22, 1293
3897, -9334, 22, 22, 1293
3899, -9335, 22, 22, 1293
3898, -9335, 22, 22, 1293
3901, -9334, 21, 21, 1293
3899, -9335, 23, 23, 1293
3900, -9334, 22, 22, 1293
3900, -9334, 22, 22, 1293
3898, -9335, 22, 22, 1293
3897, -9333, 27, 27, 1293
3949, -9303, 36, 36, 1293
4084, -9304, 206, 206, 1293
4084, -9304, 206, 206, 1293
4084, -9304, 208, 208, 1293
4083, -9304, 207, 207, 1293
4081, -9304, 205, 205, 1293
4081, -9305, 204, 204, 1293
4080, -9306, 204, 204, 1293
4080, -9306, 204, 204, 1293
4080, -9306, 203, 203, 1293
4078, -9306, 202, 202, 1293
4077, -9307, 201, 201, 1293
4077, -9307, 201, 201, 1293
4077, -9307, 201, 201, 1281
4077, -9307, 201, 201, 1281
4077, -9307, 200, 200, 1281
4077, -9307, 200, 200, 1281
4075, -9307, 198, 198, 1281
4075, -9307, 198, 198, 1281
4075, -9307, 198, 198, 1281
4075, -9307, 198, 198, 1281
4074, -9307, 197, 197, 1281
4073, -9307, 196, 196, 1281
4072, -9308, 196, 196, 1281
4072, -9308, 196, 196, 1281
4071, -9308, 195, 195, 1281
4072, -9308, 196, 196, 1281
4072, -9308, 196, 196, 1281
4072, -9308, 195, 195, 1281
4072, -9308, 195, 195, 1281
4071, -9308, 195, 195, 1281
4071, -9308, 195, 195, 1281
4071, -9308, 195, 195, 1281
4071, -9308, 195, 195, 1281
4070, -9308, 194, 194, 1281
4069, -9308, 194, 194, 1281
4069, -9308, 194, 194, 1281
4071, -9307, 194, 194, 1281
4070, -9309, 193, 193, 1287
4070, -9308, 193, 193, 1287
4070, -9308, 193, 193, 1287
4070, -9308, 194, 194, 1287
4070, -9308, 194, 194, 1287
4070, -9308, 193, 193, 1287
4069, -9308, 192, 192, 1287
4068, -9309, 192, 192, 1287
4068, -9308, 192, 192, 1287
4068, -9308, 192, 192, 1287
4069, -9308, 192, 192, 1287
4068, -9308, 192, 192, 1287
4068, -9308, 192, 192, 1287
4068, -9309, 192, 192, 1287
4068, -9308, 192, 192, 1287
4068, -9308, 192, 192, 1287
4068, -9309, 192, 192, 1287
4068, -9309, 192, 192, 1287
4068, -9309, 191, 191, 1287
4068, -9309, 191, 191, 1287
4067, -9308, 191, 191, 1287
4066, -9308, 191, 191, 1287
4067, -9308, 191, 191, 1287
4067, -9308, 191, 191, 1287
4068, -9308, 191, 191, 1287
4068, -9308, 191, 191, 1287
4067, -9308, 190, 190, 1277
4067, -9308, 190, 190, 1277
4067, -9309, 191, 191, 1277
4067, -9309, 190, 190, 1277
4067, -9309, 190, 190, 1277
4067, -9308, 191, 191, 1277
4067, -9309, 191, 191, 1277
4066, -9309, 190, 190, 1277
4067, -9309, 190, 190, 1277
4067, -9309, 190, 190, 1277
4067, -9309, 190, 190, 1277
4067, -9309, 190, 190, 1277
4067, -9309, 191, 191, 1277
4067, -9309, 190, 190, 1277
4067, -9309, 190, 190, 1277
4066, -9309, 190, 190, 1277
4066, -9309, 190, 190, 1277
4066, -9309, 190, 190, 1277
4066, -9308, 190, 190, 1277
4066, -9308, 190, 190, 1277
4065, -9308, 189, 189, 1277
4066, -9309, 190, 190, 1277
4065, -9309, 189, 189, 1277
4066, -9309, 190, 190, 1277
4066, -9308, 189, 189, 1277
4066, -9308, 189, 189, 1277
4065, -9309, 189, 189, 1279
4066, -9309, 190, 190, 1279
4065, -9308, 189, 189, 1279
4066, -9308, 190, 190, 1279
4066, -9308, 189, 189, 1279
4065, -9309, 189, 189, 1279
4065, -9309, 189, 189, 1279
4066, -9309, 189, 189, 1279
4066, -9309, 189, 189, 1279
4064, -9308, 188, 188, 1279
4064, -9308, 188, 188, 1279
4065, -9309, 189, 189, 1279
4066, -9309, 189, 189, 1279
4066, -9308, 189, 189, 1279
4065, -9310, 189, 189, 1279
4065, -9308, 189, 189, 1279
4065, -9308, 189, 189, 1279
4066, -9309, 189, 189, 1279
4067, -9308, 189, 189, 1279
4064, -9308, 189, 189, 1279
4066, -9309, 189, 189, 1279
4066, -9309, 189, 189, 1279
4065, -9308, 189, 189, 1279
4065, -9308, 189, 189, 1279
4064, -9309, 188, 188, 1279
4064, -9309, 188, 188, 1279
4064, -9309, 188, 188, 1279
4065, -9309, 189, 189, 1283
4066, -9308, 189, 189, 1283
4065, -9309, 189, 189, 1283
4065, -9309, 189, 189, 1283
4065, -9309, 188, 188, 1283
4066, -9309, 188, 188, 1283
4066, -9308, 189, 189, 1283
4065, -9308, 189, 189, 1283
4065, -9309, 188, 188, 1283
4065, -9309, 188, 188, 1283
4065, -9309, 189, 189, 1283
3880, -9340, 2, 2, 1283
3880, -9340, 2, 2, 1283
3877, -9339, 2, 2, 1283
3877, -9339, 2, 2, 1283
3880, -9337, 5, 5, 1283
3880, -9337, 5, 5, 1283
3883, -9338, 7, 7, 1283
3883, -9338, 7, 7, 1283
3882, -9337, 7, 7, 1283
3884, -9337, 8, 8, 1283
3890, -9336, 11, 11, 1283
3888, -9335, 11, 11, 1283
3888, -9335, 11, 11, 1283
3891, -9334, 12, 12, 1287
3891, -9334, 12, 12, 1287
3892, -9334, 13, 13, 1287
3891, -9335, 13, 13, 1287
3893, -9335, 14, 14, 1287
3892, -9334, 14, 14, 1287
3888, -9335, 14, 14, 1287
3890, -9336, 15, 15, 1287
3890, -9336, 15, 15, 1287
3894, -9334, 16, 16, 1287
3894, -9334, 16, 16, 1287
3894, -9334, 15, 15, 1287
3894, -9335, 16, 16, 1287
3893, -9333, 16, 16, 1287
3894, -9334, 16, 16, 1287
3891, -9334, 17, 17, 1287
3893, -9333, 17, 17, 1287
3894, -9333, 18, 18, 1287
3894, -9333, 18, 18, 1287
3895, -9333, 18, 18, 1287
3893, -9334, 18, 18, 1287
3894, -9334, 18, 18, 1287
3893, -9334, 19, 19, 1287
3895, -9334, 18, 18, 1287
3893, -9335, 18, 18, 1287
3896, -9334, 19, 19, 1287
3897, -9334, 19, 19, 1287
3897, -9334, 18, 18, 1287
3898, -9332, 19, 19, 1287
3898, -9332, 19, 19, 1287
3898, -9334, 19, 19, 1287
3898, -9334, 19, 19, 1287
3900, -9333, 21, 21, 1287
3900, -9333, 21, 21, 1287
3896, -9334, 20, 20, 1287
3898, -9333, 21, 21, 1287
3897, -9333, 20, 20, 1287
3899, -9333, 22, 22, 1287
3896, -9333, 21, 21, 1287
3899, -9333, 21, 21, 1287
3898, -9332, 21, 21, 1287
3900, -9333, 21, 21, 1287
3896, -9333, 21, 21, 1287
3896, -9333, 21, 21, 1287
3896, -9333, 21, 21, 1287
3897, -9333, 22, 22, 1287
3896, -9334, 22, 22, 1287
3896, -9334, 22, 22, 1287
3894, -9333, 21, 21, 1275
3899, -9333, 22, 22, 1275
3900, -9332, 22, 22, 1275
3900, -9332, 22, 22, 1275
3900, -9332, 22, 22, 1275
3897, -9333, 23, 23, 1275
3896, -9334, 23, 23, 1275
3896, -9334, 23, 23, 1275
3896, -9334, 22, 22, 1275
3898, -9334, 23, 23, 1275
3898, -9334, 23, 23, 1275
3903, -9331, 24, 24, 1275
3902, -9333, 24, 24, 1275
3902, -9333, 24, 24, 1275
3900, -9332, 23, 23, 1275
3898, -9332, 23, 23, 1275
3898, -9332, 23, 23, 1275
3901, -9332, 23, 23, 1275
3902, -9333, 23, 23, 1275
3901, -9333, 24, 24, 1275
3900, -9332, 23, 23, 1275
3903, -9332, 24, 24, 1275
3903, -9332, 24, 24, 1275
3902, -9332, 24, 24, 1279
3900, -9333, 24, 24, 1279
3901, -9331, 24, 24, 1279
3898, -9333, 24, 24, 1279
3898, -9333, 24, 24, 1279
3898, -9332, 24, 24, 1279
3899, -9332, 24, 24, 1279
3903, -9332, 24, 24, 1279
3903, -9332, 24, 24, 1279
3902, -9332, 24, 24, 1279
3901, -9331, 24, 24, 1279
3901, -9331, 24, 24, 1279
3903, -9332, 23, 23, 1279
3902, -9331, 25, 25, 1279
3901, -9332, 25, 25, 1279
3901, -9332, 25, 25, 1279
3900, -9331, 24, 24, 1279
3901, -9332, 25, 25, 1279
3901, -9332, 25, 25, 1279
3900, -9332, 24, 24, 1279
4071, -9300, 87, 87, 1279
4071, -9300, 87, 87, 1279
4083, -9301, 202, 202, 1279
4087, -9301, 210, 210, 1279
4087, -9301, 210, 210, 1279
4084, -9302, 209, 209, 1281
4084, -9303, 207, 207, 1281
4082, -9303, 207, 207, 1281
4082, -9303, 207, 207, 1281
4082, -9303, 206, 206, 1281
4081, -9304, 205, 205, 1281
4081, -9304, 205, 205, 1281
4081, -9304, 204, 204, 1281
4079, -9304, 203, 203, 1281
4078, -9304, 202, 202, 1281
4078, -9304, 202, 202, 1281
4078, -9304, 202, 202, 1281
4077, -9304, 201, 201, 1281
4078, -9305, 201, 201, 1281
4075, -9305, 200, 200, 1281
4076, -9304, 200, 200, 1281
4076, -9304, 200, 200, 1281
4076, -9305, 199, 199, 1281
4076, -9305, 199, 199, 1281
4074, -9305, 198, 198, 1281
4076, -9306, 199, 199, 1281
4074, -9306, 199, 199, 1281
4075, -9306, 198, 198, 1281
4074, -9305, 198, 198, 1281
4074, -9306, 197, 197, 1279
4074, -9305, 198, 198, 1279
4073, -9306, 197, 197, 1279
4073, -9306, 197, 197, 1279
4074, -9305, 197, 197, 1279
4074, -9305, 197, 197, 1279
4073, -9305, 197, 197, 1279
4074, -9306, 196, 196, 1279
4073, -9307, 197, 197, 1279
4073, -9306, 196, 196, 1279
4073, -9305, 196, 196, 1279
4073, -9305, 196, 196, 1279
4072, -9306, 196, 196, 1279
4073, -9307, 196, 196, 1279
4072, -9306, 196, 196, 1279
4072, -9306, 196, 196, 1279
4072, -9306, 196, 196, 1279
4071, -9307, 195, 195, 1279
4072, -9306, 195, 195, 1279
4070, -9306, 194, 194, 1279
4072, -9306, 195, 195, 1279
4072, -9306, 195, 195, 1279
4071, -9307, 195, 195, 1279
4071, -9307, 195, 195, 1279
4069, -9306, 193, 193, 1279
4069, -9306, 193, 193, 1279
4071, -9306, 194, 194, 1283
4071, -9306, 194, 194, 1283
4071, -9306, 194, 194, 1283
4070, -9306, 194, 194, 1283
4070, -9306, 194, 194, 1283
4070, -9306, 194, 194, 1283
4070, -9305, 194, 194, 1283
4069, -9306, 193, 193, 1283
4069, -9306, 193, 193, 1283
4070, -9306, 193, 193, 1283
4069, -9306, 194, 194, 1283
4069, -9307, 193, 193, 1283
4069, -9306, 193, 193, 1283
4069, -9307, 193, 193, 1283
4070, -9307, 193, 193, 1283
4069, -9306, 193, 193, 1283
4069, -9306, 193, 193, 1283
4069, -9306, 193, 193, 1283
4069, -9307, 193, 193, 1283
4069, -9307, 193, 193, 1283
4070, -9306, 193, 193, 1283
4070, -9306, 193, 193, 1283
4070, -9306, 193, 193, 1283
4070, -9306, 193, 193, 1283
4069, -9305, 193, 193, 1277
4069, -9306, 192, 192, 1277
4069, -9306, 192, 192, 1277
4070, -9306, 193, 193, 1277
4069, -9305, 192, 192, 1277
4068, -9307, 192, 192, 1277
4068, -9307, 192, 192, 1277
4070, -9306, 193, 193, 1277
4069, -9307, 192, 192, 1277
4069, -9306, 193, 193, 1277
4069, -9306, 193, 193, 1277
4069, -9306, 192, 192, 1277
4069, -9305, 192, 192, 1277
4069, -9305, 192, 192, 1277
4069, -9306, 192, 192, 1277
4070, -9306, 193, 193, 1277
4069, -9306, 192, 192, 1277
4069, -9306, 192, 192, 1277
4067, -9306, 191, 191, 1277
4067, -9306, 191, 191, 1277
4068, -9306, 192, 192, 1277
4068, -9306, 191, 191, 1277
4068, -9306, 191, 191, 1277
4068, -9306, 191, 191, 1277
4067, -9305, 192, 192, 1277
4067, -9305, 192, 192, 1277
4069, -9306, 192, 192, 1277
4069, -9305, 192, 192, 1277
4068, -9306, 191, 191, 1277
4069, -9306, 191, 191, 1277
4069, -9306, 191, 191, 1277
4067, -9306, 191, 191, 1277
4069, -9306, 192, 192, 1277
4067, -9306, 192, 192, 1277
4067, -9305, 191, 191, 1277
4067, -9305, 191, 191, 1277
4068, -9306, 191, 191, 1277
4068, -9306, 191, 191, 1277
4068, -9306, 191, 191, 1277
4066, -9306, 191, 191, 1277
4066, -9306, 191, 191, 1277
4069, -9305, 191, 191, 1277
4067, -9306, 191, 191, 1277
3882, -9336, 58, 58, 1277
3882, -9336, 58, 58, 1277
3884, -9336, 4, 4, 1277
3881, -9336, 5, 5, 1277
3884, -9334, 6, 6, 1277
3882, -9334, 7, 7, 1281
3882, -9334, 7, 7, 1281
3882, -9335, 8, 8, 1281
3889, -9333, 10, 10, 1281
3889, -9333, 10, 10, 1281
3888, -9333, 11, 11, 1281
3889, -9332, 12, 12, 1281
3890, -9333, 13, 13, 1281
3890, -9332, 13, 13, 1281
3887, -9334, 13, 13, 1281
3888, -9333, 13, 13, 1281
3889, -9333, 15, 15, 1281
3892, -9333, 15, 15, 1281
3892, -9333, 15, 15, 1281
3893, -9333, 16, 16, 1281
3894, -9332, 16, 16, 1281
3894, -9332, 16, 16, 1281
3894, -9332, 17, 17, 1281
3893, -9331, 18, 18, 1281
3892, -9332, 18, 18, 1281
3895, -9332, 17, 17, 1281
3895, -9332, 18, 18, 1281
3898, -9331, 18, 18, 1281
3898, -9331, 18, 18, 1281
3892, -9332, 18, 18, 1281
3894, -9332, 19, 19, 1281
3895, -9331, 19, 19, 1287
3895, -9330, 20, 20, 1287
3896, -9331, 20, 20, 1287
3894, -9332, 20, 20, 1287
3897, -9331, 21, 21, 1287
3897, -9331, 21, 21, 1287
3900, -9330, 21, 21, 1287
3899, -9329, 20, 20, 1287
3901, -9330, 21, 21, 1287
3897, -9332, 22, 22, 1287
3894, -9331, 21, 21, 1287
3894, -9331, 21, 21, 1287
3897, -9331, 22, 22, 1287
3899, -9331, 21, 21, 1287
3899, -9331, 21, 21, 1287
3896, -9330, 23, 23, 1287
3898, -9331, 23, 23, 1287
3898, -9331, 23, 23, 1287
3898, -9331, 23, 23, 1287
3899, -9331, 23, 23, 1287
3899, -9331, 23, 23, 1287
3901, -9331, 23, 23, 1281
3901, -9331, 23, 23, 1281
3900, -9332, 23, 23, 1281
3901, -9330, 24, 24, 1281
3898, -9330, 23, 23, 1281
3898, -9330, 23, 23, 1281
3898, -9330, 24, 24, 1281
3900, -9331, 24, 24, 1281
3902, -9330, 24, 24, 1281
3902, -9330, 24, 24, 1281
3902, -9330, 25, 25, 1281
3902, -9330, 25, 25, 1281
3902, -9330, 24, 24, 1281
3902, -9330, 24, 24, 1281
3903, -9329, 24, 24, 1281
3903, -9329, 24, 24, 1281
3905, -9329, 25, 25, 1281
3902, -9330, 25, 25, 1281
3899, -9330, 25, 25, 1281
3899, -9330, 25, 25, 1281
3900, -9330, 25, 25, 1281
3900, -9329, 25, 25, 1281
3900, -9329, 25, 25, 1281
3901, -9330, 25, 25, 1281
3901, -9330, 25, 25, 1281
3903, -9330, 26, 26, 1275
3902, -9329, 25, 25, 1275
3902, -9329, 25, 25, 1275
3899, -9329, 25, 25, 1275
3901, -9330, 25, 25, 1275
3901, -9330, 25, 25, 1275
3901, -9330, 25, 25, 1275
3900, -9331, 25, 25, 1275
3904, -9329, 26, 26, 1275
3904, -9329, 26, 26, 1275
3901, -9328, 25, 25, 1275
3899, -9329, 26, 26, 1275
3899, -9329, 26, 26, 1275
3900, -9330, 26, 26, 1275
3899, -9330, 26, 26, 1275
3901, -9330, 27, 27, 1275
3902, -9329, 26, 26, 1275
3902, -9330, 26, 26, 1275
3904, -9329, 27, 27, 1275
3905, -9328, 26, 26, 1275
3905, -9328, 26, 26, 1275
3907, -9329, 27, 27, 1275
3905, -9328, 26, 26, 1275
3902, -9328, 27, 27, 1275
3902, -9328, 27, 27, 1275
3902, -9329, 26, 26, 1275
3901, -9329, 26, 26, 1275
3901, -9329, 26, 26, 1275
3902, -9330, 27, 27, 1279
3902, -9330, 27, 27, 1279
3900, -9329, 26, 26, 1279
3908, -9327, 28, 28, 1279
3908, -9327, 28, 28, 1279
4083, -9297, 153, 153, 1279
4083, -9297, 153, 153, 1279
4090, -9298, 211, 211, 1279
4088, -9299, 212, 212, 1279
4089, -9300, 212, 212, 1279
4088, -9299, 212, 212, 1279
4086, -9300, 211, 211, 1279
4085, -9300, 209, 209, 1279
4086, -9300, 209, 209, 1279
4083, -9300, 207, 207, 1279
4083, -9300, 207, 207, 1279
4082, -9301, 207, 207, 1279
4080, -9301, 204, 204, 1279
4080, -9301, 204, 204, 1279
4080, -9301, 204, 204, 1279
4079, -9302, 203, 203, 1279
4079, -9302, 203, 203, 1279
4079, -9302, 203, 203, 1279
4077, -9302, 202, 202, 1281
4078, -9301, 202, 202, 1281
4079, -9303, 202, 202, 1281
4077, -9303, 201, 201, 1281
4077, -9303, 201, 201, 1281
4077, -9302, 201, 201, 1281
4075, -9302, 200, 200, 1281
4076, -9302, 200, 200, 1281
4076, -9302, 200, 200, 1281
4076, -9302, 200, 200, 1281
4077, -9303, 200, 200, 1281
4077, -9303, 199, 199, 1281
4077, -9303, 199, 199, 1281
4076, -9303, 200, 200, 1281
4075, -9303, 199, 199, 1281
4074, -9302, 199, 199, 1281
4074, -9302, 199, 199, 1281
4075, -9303, 199, 199, 1281
4075, -9303, 199, 199, 1281
4076, -9302, 199, 199, 1281
4076, -9303, 199, 199, 1281
4076, -9302, 199, 199, 1281
4075, -9302, 198, 198, 1281
4075, -9304, 198, 198, 1281
4075, -9304, 198, 198, 1281
4074, -9303, 198, 198, 1285
4074, -9302, 198, 198, 1285
4073, -9303, 197, 197, 1285
4074, -9304, 197, 197, 1285
4074, -9303, 197, 197, 1285
4075, -9303, 197, 197, 1285
4073, -9303, 197, 197, 1285
4074, -9303, 198, 198, 1285
4073, -9302, 197, 197, 1285
4073, -9302, 197, 197, 1285
4073, -9302, 197, 197, 1285
4073, -9303, 197, 197, 1285
4073, -9303, 197, 197, 1285
4074, -9304, 197, 197, 1285
4074, -9304, 197, 197, 1285
4073, -9304, 197, 197, 1285
4072, -9303, 196, 196, 1285
4072, -9303, 196, 196, 1285
4072, -9303, 196, 196, 1285
4072, -9304, 196, 196, 1285
4072, -9304, 196, 196, 1285
4072, -9303, 196, 196, 1285
4073, -9303, 196, 196, 1285
4072, -9304, 196, 196, 1285
4072, -9304, 196, 196, 1285
4072, -9304, 196, 196, 1285
4072, -9304, 196, 196, 1285
4072, -9303, 195, 195, 1281
4072, -9303, 196, 196, 1281
4073, -9304, 196, 196, 1281
4072, -9304, 195, 195, 1281
4072, -9304, 195, 195, 1281
4072, -9304, 196, 196, 1281
4072, -9303, 196, 196, 1281
4072, -9304, 196, 196, 1281
4072, -9304, 196, 196, 1281
4072, -9304, 195, 195, 1281
4071, -9303, 195, 195, 1281
4072, -9303, 196, 196, 1281
4071, -9303, 195, 195, 1281
4071, -9303, 195, 195, 1281
4071, -9304, 195, 195, 1281
4071, -9304, 195, 195, 1281
4070, -9304, 195, 195, 1281
4070, -9304, 195, 195, 1281
4071, -9303, 195, 195, 1281
4072, -9303, 195, 195, 1281
4073, -9303, 195, 195, 1281
4071, -9303, 195, 195, 1281
4072, -9303, 195, 195, 1281
4072, -9303, 195, 195, 1281
4071, -9303, 195, 195, 1269
4071, -9303, 195, 195, 1269
4071, -9304, 195, 195, 1269
4071, -9304, 195, 195, 1269
4072, -9304, 195, 195, 1269
4072, -9303, 195, 195, 1269
4071, -9304, 195, 195, 1269
4071, -9304, 195, 195, 1269
4071, -9304, 194, 194, 1269
4071, -9304, 194, 194, 1269
4071, -9303, 194, 194, 1269
4071, -9303, 194, 194, 1269
4071, -9303, 194, 194, 1269
4071, -9303, 194, 194, 1269
4071, -9303, 194, 194, 1269
4071, -9303, 194, 194, 1269
4070, -9304, 194, 194, 1269
4070, -9303, 194, 194, 1269
4071, -9303, 194, 194, 1269
4071, -9303, 194, 194, 1269
4070, -9303, 194, 194, 1269
4071, -9303, 194, 194, 1269
4070, -9303, 194, 194, 1269
4070, -9303, 194, 194, 1269
4070, -9303, 194, 194, 1269
4070, -9302, 194, 194, 1279
4070, -9302, 194, 194, 1279
4070, -9303, 194, 194, 1279
4071, -9326, 194, 194, 1279
4071, -9326, 194, 194, 1279
3883, -9334, 4, 4, 1279
3883, -9334, 4, 4, 1279
3884, -9332, 7, 7, 1279
3886, -9332, 9, 9, 1279
3886, -9332, 9, 9, 1279
3886, -9332, 10, 10, 1279
3886, -9332, 10, 10, 1279
3886, -9331, 12, 12, 1279
3889, -9332, 13, 13, 1279
3891, -9330, 15, 15, 1279
3891, -9330, 15, 15, 1279
3894, -9330, 14, 14, 1279
3895, -9329, 16, 16, 1279
3895, -9329, 16, 16, 1279
3890, -9329, 16, 16, 1279
3893, -9329, 16, 16, 1279
3893, -9330, 17, 17, 1279
3891, -9329, 17, 17, 1279
3893, -9329, 18, 18, 1279
3893, -9329, 18, 18, 1279
3893, -9330, 18, 18, 1279
3895, -9329, 19, 19, 1283
3895, -9329, 19, 19, 1283
3894, -9329, 20, 20, 1283
3894, -9329, 20, 20, 1283
3894, -9330, 20, 20, 1283
3896, -9329, 21, 21, 1283
3896, -9329, 22, 22, 1283
3899, -9327, 21, 21, 1283
3899, -9327, 21, 21, 1283
3901, -9328, 22, 22, 1283
3901, -9328, 22, 22, 1283
3901, -9328, 21, 21, 1283
3902, -9327, 22, 22, 1283
3898, -9328, 22, 22, 1283
3898, -9328, 22, 22, 1283
3902, -9327, 23, 23, 1283
3902, -9327, 23, 23, 1283
3898, -9329, 24, 24, 1283
3902, -9328, 24, 24, 1283
3902, -9328, 24, 24, 1283
3901, -9328, 24, 24, 1283
3902, -9327, 24, 24, 1283
3901, -9327, 24, 24, 1283
3901, -9327, 24, 24, 1283
3901, -9328, 25, 25, 1271
3899, -9329, 25, 25, 1271
3901, -9328, 25, 25, 1271
3899, -9329, 24, 24, 1271
3899, -9329, 24, 24, 1271
3899, -9328, 25, 25, 1271
3899, -9328, 25, 25, 1271
3905, -9328, 26, 26, 1271
3904, -9328, 26, 26, 1271
3903, -9327, 25, 25, 1271
3904, -9328, 27, 27, 1271
3903, -9327, 25, 25, 1271
3903, -9327, 26, 26, 1271
3903, -9329, 26, 26, 1271
3903, -9327, 27, 27, 1271
3903, -9327, 27, 27, 1271
3906, -9327, 26, 26, 1271
3904, -9327, 28, 28, 1271
3904, -9327, 28, 28, 1271
3902, -9327, 26, 26, 1271
3902, -9327, 27, 27, 1271
3899, -9328, 27, 27, 1271
3901, -9328, 27, 27, 1285
3901, -9328, 28, 28, 1285
3901, -9328, 28, 28, 1285
3903, -9327, 27, 27, 1285
3904, -9328, 28, 28, 1285
3903, -9328, 28, 28, 1285
3906, -9327, 27, 27, 1285
3905, -9327, 27, 27, 1285
3907, -9326, 28, 28, 1285
3907, -9326, 28, 28, 1285
3905, -9327, 28, 28, 1285
3906, -9327, 28, 28, 1285
3905, -9327, 28, 28, 1285
3904, -9327, 29, 29, 1285
3901, -9327, 28, 28, 1285
3905, -9327, 28, 28, 1285
3905, -9327, 29, 29, 1285
3907, -9325, 28, 28, 1285
3904, -9326, 28, 28, 1285
3904, -9326, 28, 28, 1285
3905, -9327, 29, 29, 1285
3905, -9327, 29, 29, 1285
3903, -9327, 29, 29, 1285
3903, -9326, 28, 28, 1289
3904, -9327, 30, 30, 1289
3904, -9327, 30, 30, 1289
3905, -9327, 30, 30, 1289
3903, -9327, 29, 29, 1289
3903, -9327, 29, 29, 1289
3907, -9327, 29, 29, 1289
3907, -9326, 29, 29, 1289
3906, -9327, 29, 29, 1289
3908, -9326, 29, 29, 1289
4090, -9295, 211, 211, 1289
4091, -9295, 214, 214, 1289
4091, -9297, 214, 214, 1289
4091, -9296, 215, 215, 1289
4090, -9296, 213, 213, 1289
4087, -9298, 212, 212, 1289
4087, -9298, 211, 211, 1289
4085, -9298, 210, 210, 1289
4085, -9298, 210, 210, 1289
4084, -9298, 208, 208, 1281
4084, -9298, 208, 208, 1281
4084, -9299, 208, 208, 1281
4084, -9298, 208, 208, 1281
4082, -9298, 206, 206, 1281
4082, -9299, 206, 206, 1281
4082, -9299, 206, 206, 1281
4082, -9299, 206, 206, 1281
4083, -9299, 206, 206, 1281
4082, -9300, 205, 205, 1281
4082, -9300, 205, 205, 1281
4081, -9300, 205, 205, 1281
4081, -9299, 205, 205, 1281
4080, -9300, 205, 205, 1281
4081, -9300, 204, 204, 1281
4080, -9300, 204, 204, 1281
4079, -9301, 204, 204, 1281
4079, -9300, 203, 203, 1281
4079, -9300, 203, 203, 1281
4078, -9300, 203, 203, 1281
4078, -9300, 203, 203, 1281
4078, -9300, 202, 202, 1281
4078, -9300, 202, 202, 1281
4078, -9300, 202, 202, 1281
4077, -9300, 202, 202, 1281
4077, -9300, 202, 202, 1281
4078, -9299, 202, 202, 1281
4077, -9299, 201, 201, 1283
4077, -9300, 201, 201, 1283
4077, -9299, 201, 201, 1283
4077, -9299, 201, 201, 1283
4078, -9299, 201, 201, 1283
4077, -9300, 201, 201, 1283
4077, -9300, 201, 201, 1283
4077, -9301, 201, 201, 1283
4076, -9299, 200, 200, 1283
4076, -9300, 200, 200, 1283
4077, -9301, 200, 200, 1283
4077, -9300, 201, 201, 1283
4077, -9300, 201, 201, 1283
4076, -9300, 199, 199, 1283
4075, -9300, 199, 199, 1283
4076, -9301, 200, 200, 1283
4076, -9300, 199, 199, 1283
4076, -9300, 199, 199, 1283
4075, -9301, 199, 199, 1283
4075, -9301, 199, 199, 1283
4076, -9300, 199, 199, 1283
4076, -9300, 199, 199, 1283
4075, -9301, 199, 199, 1283
4075, -9301, 199, 199, 1283
4075, -9302, 199, 199, 1283
4076, -9301, 199, 199, 1283
4075, -9301, 199, 199, 1283
4076, -9301, 198, 198, 1283
4075, -9301, 198, 198, 1283
4075, -9301, 198, 198, 1283
4075, -9301, 198, 198, 1283
4075, -9300, 198, 198, 1283
4075, -9300, 198, 198, 1283
4075, -9301, 199, 199, 1283
4074, -9302, 198, 198, 1283
4075, -9301, 198, 198, 1283
4075, -9301, 198, 198, 1283
4074, -9301, 198, 198, 1283
4074, -9301, 198, 198, 1283
4075, -9301, 198, 198, 1283
4074, -9300, 198, 198, 1283
4074, -9300, 198, 198, 1283
4075, -9300, 198, 198, 1283
4075, -9300, 198, 198, 1283
4075, -9300, 199, 199, 1283
4074, -9300, 197, 197, 1283
4073, -9300, 198, 198, 1283
4074, -9300, 197, 197, 1283
4074, -9300, 197, 197, 1283
4074, -9300, 198, 198, 1283
4074, -9301, 198, 198, 1283
4074, -9300, 198, 198, 1283
4073, -9300, 197, 197, 1285
4074, -9300, 197, 197, 1285
4074, -9300, 197, 197, 1285
4075, -9300, 198, 198, 1285
4074, -9300, 198, 198, 1285
4073, -9301, 197, 197, 1285
4074, -9301, 198, 198, 1285
4074, -9301, 198, 198, 1285
4074, -9301, 198, 198, 1285
4075, -9300, 198, 198, 1285
4073, -9301, 197, 197, 1285
4073, -9300, 197, 197, 1285
4075, -9300, 197, 197, 1285
4074, -9300, 197, 197, 1285
4074, -9300, 197, 197, 1285
4075, -9299, 198, 198, 1285
4073, -9300, 197, 197, 1285
4074, -9300, 197, 197, 1285
4072, -9301, 197, 197, 1285
4073, -9301, 197, 197, 1285
4074, -9301, 197, 197, 1285
4074, -9301, 197, 197, 1285
4074, -9301, 197, 197, 1285
4072, -9300, 197, 197, 1285
4072, -9300, 197, 197, 1285
4072, -9301, 196, 196, 1287
4074, -9301, 197, 197, 1287
4074, -9301, 197, 197, 1287
4074, -9301, 197, 197, 1287
4073, -9301, 197, 197, 1287
4074, -9301, 196, 196, 1287
4074, -9301, 196, 196, 1287
4073, -9302, 197, 197, 1287
4073, -9301, 196, 196, 1287
4073, -9301, 197, 197, 1287
4073, -9300, 197, 197, 1287
4073, -9300, 197, 197, 1287
4073, -9302, 196, 196, 1287
4073, -9302, 196, 196, 1287
4073, -9300, 196, 196, 1287
4073, -9300, 196, 196, 1287
4073, -9301, 197, 197, 1287
4072, -9301, 197, 197, 1287
4073, -9301, 196, 196, 1287
4074, -9300, 197, 197, 1287
4074, -9300, 197, 197, 1287
4073, -9300, 197, 197, 1287
4073, -9301, 197, 197, 1287
4072, -9301, 196, 196, 1285
4072, -9301, 196, 196, 1285
4071, -9300, 195, 195, 1285
4073, -9301, 197, 197, 1285
4073, -9300, 197, 197, 1285
4073, -9300, 197, 197, 1285
4073, -9300, 196, 196, 1285
4073, -9299, 196, 196, 1285
4072, -9300, 196, 196, 1285
4074, -9301, 197, 197, 1285
4072, -9301, 196, 196, 1285
4073, -9300, 196, 196, 1285
4073, -9300, 196, 196, 1285
4073, -9301, 196, 196, 1285
4073, -9300, 196, 196, 1285
4073, -9300, 196, 196, 1285
4073, -9300, 196, 196, 1285
4073, -9301, 196, 196, 1285
4073, -9301, 196, 196, 1285
4072, -9301, 196, 196, 1285
4073, -9300, 196, 196, 1285
4073, -9300, 196, 196, 1285
4073, -9300, 197, 197, 1285
4072, -9300, 196, 196, 1285
4073, -9300, 197, 197, 1285
4073, -9300, 197, 197, 1285
4073, -9300, 196, 196, 1285
4072, -9301, 196, 196, 1285
4072, -9301, 196, 196, 1285
4073, -9301, 196, 196, 1285
4073, -9300, 196, 196, 1285
4071, -9301, 196, 196, 1285
4073, -9301, 196, 196, 1285
4073, -9301, 196, 196, 1285
4072, -9301, 196, 196, 1285
4073, -9300, 196, 196, 1285
4073, -9300, 196, 196, 1285
4073, -9300, 196, 196, 1285
4073, -9301, 197, 197, 1285
4073, -9301, 197, 197, 1285
4072, -9301, 196, 196, 1285
4073, -9300, 196, 196, 1285
4073, -9300, 196, 196, 1285
4074, -9299, 197, 197, 1285
4073, -9301, 197, 197, 1285
4073, -9300, 196, 196, 1285
4073, -9300, 196, 196, 1285
4073, -9300, 196, 196, 1285
4072, -9300, 196, 196, 1285
4073, -9300, 196, 196, 1285
4072, -9300, 196, 196, 1285
4073, -9300, 196, 196, 1285
4073, -9300, 196, 196, 1285
4073, -9300, 196, 196, 1285
4073, -9300, 196, 196, 1285
4071, -9299, 195, 195, 1285
4072, -9300, 196, 196, 1285
4072, -9300, 196, 196, 1285
4073, -9301, 196, 196, 1285
4072, -9301, 196, 196, 1285
4073, -9301, 196, 196, 1285
4072, -9300, 196, 196, 1285
4072, -9301, 196, 196, 1285
4073, -9301, 196, 196, 1285
4073, -9301, 196, 196, 1285
4072, -9301, 196, 196, 1285
4072, -9301, 196, 196, 1285
4073, -9300, 196, 196, 1285
4073, -9300, 196, 196, 1285
4073, -9300, 196, 196, 1285
4073, -9300, 197, 197, 1285
4073, -9301, 196, 196, 1285
4073, -9301, 196, 196, 1285
4073, -9300, 196, 196, 1285
4073, -9300, 196, 196, 1285
4072, -9299, 195, 195, 1285
4073, -9300, 196, 196, 1285
4073, -9300, 196, 196, 1285
4073, -9300, 196, 196, 1285
4072, -9299, 196, 196, 1285
4072, -9300, 196, 196, 1289
4073, -9300, 196, 196, 1289
4073, -9300, 196, 196, 1289
4073, -9300, 196, 196, 1289
4073, -9300, 196, 196, 1289
4072, -9300, 196, 196, 1289
4073, -9300, 196, 196, 1289
4073, -9300, 196, 196, 1289
4072, -9299, 196, 196, 1289
4072, -9299, 196, 196, 1289
4073, -9301, 195, 195, 1289
4072, -9300, 196, 196, 1289
4072, -9299, 195, 195, 1289
4072, -9301, 196, 196, 1289
4072, -9300, 195, 195, 1289
4073, -9300, 196, 196, 1289
4072, -9300, 196, 196, 1289
4072, -9300, 196, 196, 1289
4072, -9300, 196, 196, 1289
4071, -9300, 196, 196, 1289
4071, -9300, 196, 196, 1289
4073, -9300, 196, 196, 1289
4072, -9300, 196, 196, 1289
4073, -9300, 196, 196, 1291
4073, -9300, 196, 196, 1291
4073, -9301, 197, 197, 1291
4073, -9301, 197, 197, 1291
4073, -9301, 196, 196, 1291
4073, -9301, 197, 197, 1291
4074, -9301, 197, 197, 1291
4074, -9301, 197, 197, 1291
4074, -9301, 197, 197, 1291
4074, -9301, 197, 197, 1291
4073, -9301, 197, 197, 1291
4072, -9302, 196, 196, 1291
4072, -9301, 197, 197, 1291
4073, -9300, 196, 196, 1291
4072, -9301, 196, 196, 1291
4072, -9301, 196, 196, 1291
4073, -9302, 196, 196, 1291
4073, -9301, 197, 197, 1291
4074, -9301, 197, 197, 1291
4074, -9301, 197, 197, 1291
4074, -9301, 197, 197, 1291
4074, -9301, 197, 197, 1291
4072, -9301, 196, 196, 1291
4073, -9301, 197, 197, 1301
4072, -9302, 196, 196, 1301
4072, -9301, 196, 196, 1301
4073, -9300, 196, 196, 1301
4074, -9301, 197, 197, 1301
4073, -9300, 197, 197, 1301
4073, -9300, 197, 197, 1301
4073, -9301, 196, 196, 1301
4074, -9301, 197, 197, 1301
4074, -9301, 196, 196, 1301
4074, -9301, 196, 196, 1301
4073, -9301, 197, 197, 1301
4073, -9301, 197, 197, 1301
4073, -9301, 196, 196, 1301
4073, -9301, 196, 196, 1301
4073, -9301, 197, 197, 1301
4073, -9301, 197, 197, 1301
4073, -9300, 197, 197, 1301
4074, -9300, 197, 197, 1301
4074, -9301, 197, 197, 1301
4073, -9301, 196, 196, 1301
4072, -9301, 196, 196, 1301
4073, -9301, 196, 196, 1301
4074, -9301, 196, 196, 1301
4073, -9301, 196, 196, 1301
4073, -9301, 196, 196, 1301
4074, -9301, 197, 197, 1301
4073, -9301, 197, 197, 1301
4073, -9301, 197, 197, 1301
4074, -9300, 197, 197, 1301
4074, -9302, 197, 197, 1301
4074, -9300, 197, 197, 1301
4074, -9300, 197, 197, 1301
4074, -9300, 197, 197, 1301
4073, -9300, 197, 197, 1301
4073, -9300, 197, 197, 1301
4073, -9300, 196, 196, 1301
4073, -9300, 196, 196, 1301
4074, -9302, 197, 197, 1301
4074, -9301, 197, 197, 1301
4074, -9301, 197, 197, 1301
4073, -9301, 197, 197, 1301
4073, -9301, 197, 197, 1301
4074, -9301, 197, 197, 1301
4073, -9300, 196, 196, 1297
4073, -9300, 196, 196, 1297
4073, -9301, 197, 197, 1297
4072, -9301, 196, 196, 1297
4072, -9301, 196, 196, 1297
4072, -9300, 196, 196, 1297
4074, -9300, 197, 197, 1297
4073, -9300, 197, 197, 1297
4074, -9300, 197, 197, 1297
4073, -9300, 198, 198, 1297
4073, -9300, 198, 198, 1297
4073, -9300, 196, 196, 1297
4074, -9300, 197, 197, 1297
4074, -9300, 197, 197, 1297
4073, -9300, 197, 197, 1297
4074, -9300, 197, 197, 1297
4073, -9300, 197, 197, 1297
4074, -9300, 197, 197, 1297
4073, -9300, 197, 197, 1297
4073, -9300, 197, 197, 1297
4073, -9300, 197, 197, 1297
4074, -9300, 196, 196, 1297
4074, -9300, 197, 197, 1297
4073, -9301, 197, 197, 1297
4073, -9300, 197, 197, 1301
4073, -9300, 197, 197, 1301
4073, -9300, 197, 197, 1301
4074, -9300, 197, 197, 1301
4073, -9300, 197, 197, 1301
4074, -9300, 197, 197, 1301
4073, -9300, 197, 197, 1301
4073, -9300, 197, 197, 1301
4074, -9301, 197, 197, 1301
4074, -9300, 197, 197, 1301
4075, -9300, 197, 197, 1301
4074, -9299, 197, 197, 1301
4074, -9299, 197, 197, 1301
4073, -9300, 197, 197, 1301
4073, -9299, 198, 198, 1301
4074, -9299, 198, 198, 1301
4074, -9300, 198, 198, 1301
4074, -9300, 197, 197, 1301
4074, -9299, 197, 197, 1301
4074, -9299, 197, 197, 1301
4074, -9300, 197, 197, 1301
4074, -9300, 197, 197, 1301
4077, -9299, 198, 198, 1301
4076, -9300, 199, 199, 1301
4075, -9299, 199, 199, 1301
4067, -9302, 194, 194, 1301
4070, -9300, 192, 192, 1295
4069, -9300, 193, 193, 1295
4073, -9300, 196, 196, 1295
4073, -9299, 197, 197, 1295
4073, -9300, 197, 197, 1295
4074, -9299, 197, 197, 1295
4073, -9299, 197, 197, 1295
4073, -9300, 196, 196, 1295
4073, -9300, 196, 196, 1295
4074, -9298, 197, 197, 1295
4074, -9298, 197, 197, 1295
4074, -9299, 197, 197, 1295
4073, -9300, 197, 197, 1295
4073, -9299, 197, 197, 1295
4073, -9300, 197, 197, 1295
4075, -9300, 198, 198, 1295
4072, -9297, 197, 197, 1295
4071, -9298, 196, 196, 1295
4073, -9298, 196, 196, 1295
4074, -9298, 197, 197, 1295
4072, -9297, 196, 196, 1295
4073, -9297, 196, 196, 1287
4073, -9297, 197, 197, 1287
4073, -9297, 196, 196, 1287
4073, -9297, 197, 197, 1287
4073, -9297, 197, 197, 1287
4073, -9297, 197, 197, 1287
4073, -9297, 197, 197, 1287
4073, -9297, 196, 196, 1287
4073, -9298, 197, 197, 1287
4072, -9297, 196, 196, 1287
4072, -9297, 196, 196, 1287
4072, -9297, 196, 196, 1287
4072, -9299, 196, 196, 1287
4072, -9299, 196, 196, 1287
4075, -9297, 197, 197, 1287
4074, -9298, 196, 196, 1287
4074, -9298, 196, 196, 1287
4075, -9297, 197, 197, 1287
4075, -9298, 198, 198, 1287
4074, -9296, 198, 198, 1287
4074, -9296, 198, 198, 1287
4075, -9298, 198, 198, 1287
4075, -9297, 199, 199, 1287
4075, -9297, 198, 198, 1287
4075, -9297, 198, 198, 1287
4074, -9297, 198, 198, 1287
4075, -9297, 198, 198, 1293
4075, -9297, 198, 198, 1293
4074, -9298, 198, 198, 1293
4074, -9298, 198, 198, 1293
4076, -9298, 199, 199, 1293
4076, -9298, 199, 199, 1293
4074, -9297, 198, 198, 1293
4075, -9297, 198, 198, 1293
4074, -9298, 198, 198, 1293
4075, -9298, 198, 198, 1293
4074, -9298, 197, 197, 1293
4075, -9296, 198, 198, 1293
4075, -9297, 198, 198, 1293
4075, -9297, 198, 198, 1293
4075, -9297, 199, 199, 1293
4075, -9297, 198, 198, 1293
4074, -9297, 197, 197, 1293
4075, -9297, 198, 198, 1293
4075, -9297, 198, 198, 1293
4075, -9297, 198, 198, 1293
4075, -9296, 198, 198, 1293
4074, -9298, 198, 198, 1293
4075, -9297, 198, 198, 1293
4075, -9297, 199, 199, 1293
4073, -9298, 198, 198, 1289
4074, -9296, 198, 198, 1289
4076, -9297, 199, 199, 1289
4076, -9297, 199, 199, 1289
4075, -9297, 199, 199, 1289
4075, -9297, 199, 199, 1289
4075, -9298, 198, 198, 1289
4075, -9298, 198, 198, 1289
4075, -9296, 199, 199, 1289
4075, -9297, 198, 198, 1289
