4430, -8815, 553, 553, 6306
4430, -8813, 554, 554, 6306
4431, -8814, 554, 554, 6306
4430, -8812, 554, 554, 6306
4430, -8812, 554, 554, 6306
4430, -8814, 554, 554, 6306
4430, -8814, 554, 554, 6306
4431, -8814, 554, 554, 6306
4431, -8814, 554, 554, 6306
4430, -8816, 554, 554, 6340
4430, -8816, 554, 554, 6340
4431, -8813, 554, 554, 6340
4431, -8813, 554, 554, 6340
4431, -8813, 554, 554, 6340
4431, -8813, 554, 554, 6340
4431, -8813, 554, 554, 6340
4431, -8814, 555, 555, 6340
4432, -8813, 555, 555, 6340
4432, -8813, 555, 555, 6340
4432, -8814, 555, 555, 6340
4431, -8813, 555, 555, 6340
4431, -8813, 555, 555, 6340
4431, -8813, 555, 555, 6340
4433, -8813, 555, 555, 6340
4432, -8813, 556, 556, 6340
4432, -8813, 556, 556, 6340
4432, -8814, 555, 555, 6340
4433, -8813, 556, 556, 6340
4433, -8813, 556, 556, 6340
4433, -8813, 556, 556, 6340
4432, -8813, 556, 556, 6340
4433, -8813, 556, 556, 6340
4433, -8813, 556, 556, 6340
4432, -8812, 556, 556, 6340
4432, -8813, 556, 556, 6363
4432, -8813, 555, 555, 6363
4432, -8813, 556, 556, 6363
4433, -8812, 556, 556, 6363
4433, -8812, 556, 556, 6363
4433, -8813, 557, 557, 6363
4433, -8813, 557, 557, 6363
4433, -8812, 557, 557, 6363
4433, -8812, 557, 557, 6363
4434, -8812, 557, 557, 6363
4433, -8812, 557, 557, 6363
4433, -8812, 557, 557, 6363
4432, -8812, 556, 556, 6363
4433, -8813, 556, 556, 6363
4433, -8813, 556, 556, 6363
4433, -8812, 557, 557, 6363
4433, -8812, 556, 556, 6363
4434, -8812, 557, 557, 6363
4434, -8812, 557, 557, 6363
4432, -8811, 557, 557, 6363
4432, -8811, 557, 557, 6363
4434, -8812, 558, 558, 6363
4434, -8812, 557, 557, 6363
4435, -8811, 558, 558, 6363
4435, -8811, 558, 558, 6363
4434, -8812, 557, 557, 6363
4434, -8811, 558, 558, 6363
4434, -8811, 558, 558, 6363
4434, -8811, 558, 558, 6363
4434, -8811, 558, 558, 6363
4434, -8810, 558, 558, 6363
4435, -8810, 559, 559, 6363
4435, -8810, 559, 559, 6363
4435, -8811, 559, 559, 6363
4435, -8809, 559, 559, 6363
4435, -8810, 559, 559, 6363
4435, -8810, 559, 559, 6363
4436, -8810, 559, 559, 6363
4436, -8810, 559, 559, 6363
4434, -8810, 559, 559, 6363
4436, -8810, 559, 559, 6363
4435, -8810, 559, 559, 6363
4435, -8810, 559, 559, 6363
4436, -8810, 559, 559, 6363
4436, -8810, 559, 559, 6363
4436, -8809, 560, 560, 6363
4436, -8809, 560, 560, 6363
4436, -8809, 560, 560, 6363
4436, -8809, 560, 560, 6363
4436, -8808, 560, 560, 6357
4437, -8809, 560, 560, 6357
4437, -8809, 560, 560, 6357
4436, -8809, 560, 560, 6357
4436, -8809, 560, 560, 6357
4437, -8809, 561, 561, 6357
4437, -8809, 560, 560, 6357
4437, -8809, 560, 560, 6357
4438, -8808, 561, 561, 6357
4437, -8807, 561, 561, 6357
4437, -8807, 561, 561, 6357
4351, -8841, 539, 539, 6357
4345, -8824, 465, 465, 6357
4345, -8824, 465, 465, 6357
4339, -8822, 464, 464, 6357
4339, -8822, 464, 464, 6357
4339, -8823, 466, 466, 6357
4345, -8821, 467, 467, 6357
4348, -8822, 468, 468, 6357
4348, -8822, 468, 468, 6357
4344, -8821, 469, 469, 6357
4344, -8821, 469, 469, 6357
4348, -8821, 469, 469, 6357
4348, -8819, 470, 470, 6357
4350, -8819, 471, 471, 6357
4350, -8820, 471, 471, 6357
4350, -8819, 470, 470, 6357
4350, -8819, 471, 471, 6357
4347, -8820, 472, 472, 6357
4350, -8821, 473, 473, 6357
4352, -8819, 473, 473, 6357
4352, -8819, 473, 473, 6357
4349, -8819, 473, 473, 6357
4347, -8818, 473, 473, 6357
4347, -8818, 473, 473, 6357
4352, -8818, 474, 474, 6357
4353, -8818, 473, 473, 6357
4353, -8818, 474, 474, 6357
4349, -8818, 475, 475, 6357
4348, -8818, 474, 474, 6357
4348, -8818, 474, 474, 6357
4349, -8818, 474, 474, 6357
4349, -8818, 474, 474, 6357
4351, -8818, 476, 476, 6357
4351, -8818, 476, 476, 6357
4352, -8818, 475, 475, 6357
4355, -8817, 476, 476, 6353
4346, -8818, 476, 476, 6353
4349, -8819, 479, 479, 6353
4349, -8819, 479, 479, 6353
4347, -8818, 474, 474, 6353
4348, -8817, 476, 476, 6353
4348, -8817, 476, 476, 6353
4356, -8817, 476, 476, 6353
4357, -8816, 478, 478, 6353
4357, -8816, 477, 477, 6353
4357, -8815, 478, 478, 6353
4357, -8815, 478, 478, 6353
4359, -8815, 478, 478, 6353
4359, -8815, 478, 478, 6353
4355, -8815, 478, 478, 6353
4355, -8815, 478, 478, 6353
4358, -8815, 479, 479, 6353
4358, -8815, 479, 479, 6353
4357, -8814, 479, 479, 6353
4353, -8814, 480, 480, 6353
4355, -8815, 480, 480, 6353
4356, -8813, 480, 480, 6349
4358, -8813, 479, 479, 6349
4354, -8814, 479, 479, 6349
4355, -8814, 480, 480, 6349
4354, -8814, 480, 480, 6349
4354, -8814, 480, 480, 6349
4355, -8815, 480, 480, 6349
4354, -8813, 481, 481, 6349
4356, -8813, 482, 482, 6349
4356, -8813, 481, 481, 6349
4356, -8813, 480, 480, 6349
4356, -8813, 480, 480, 6349
4358, -8812, 481, 481, 6349
4358, -8812, 481, 481, 6349
4356, -8812, 482, 482, 6349
4356, -8812, 482, 482, 6349
4358, -8812, 482, 482, 6349
4361, -8812, 482, 482, 6349
4361, -8812, 482, 482, 6349
4356, -8812, 482, 482, 6349
4357, -8812, 482, 482, 6349
4362, -8812, 483, 483, 6357
4362, -8812, 483, 483, 6357
4359, -8811, 483, 483, 6357
4358, -8812, 482, 482, 6357
4357, -8811, 483, 483, 6357
4358, -8812, 483, 483, 6357
4359, -8813, 483, 483, 6357
4357, -8811, 484, 484, 6357
4358, -8811, 484, 484, 6357
4358, -8811, 484, 484, 6357
4359, -8811, 485, 485, 6357
4363, -8811, 485, 485, 6357
4362, -8810, 484, 484, 6357
4362, -8810, 484, 484, 6357
4359, -8810, 485, 485, 6357
4360, -8811, 485, 485, 6357
4363, -8810, 486, 486, 6357
4361, -8811, 485, 485, 6357
4364, -8809, 486, 486, 6357
4364, -8809, 486, 486, 6357
4466, -8794, 510, 510, 6351
4466, -8794, 510, 510, 6351
4458, -8795, 582, 582, 6351
4458, -8795, 582, 582, 6351
4457, -8795, 581, 581, 6351
4455, -8794, 580, 580, 6351
4455, -8794, 580, 580, 6351
4455, -8794, 578, 578, 6351
4455, -8794, 579, 579, 6351
4455, -8795, 578, 578, 6351
4455, -8795, 578, 578, 6351
4455, -8795, 578, 578, 6351
4455, -8795, 578, 578, 6351
4454, -8795, 577, 577, 6351
4454, -8795, 577, 577, 6351
4453, -8795, 577, 577, 6351
4453, -8795, 577, 577, 6351
4454, -8794, 577, 577, 6351
4453, -8795, 577, 577, 6351
4454, -8795, 577, 577, 6351
4454, -8795, 578, 578, 6351
4454, -8794, 578, 578, 6351
4454, -8794, 577, 577, 6351
4454, -8794, 578, 578, 6351
4454, -8794, 578, 578, 6351
4454, -8794, 578, 578, 6351
4454, -8794, 577, 577, 6351
4455, -8793, 577, 577, 6351
4453, -8794, 577, 577, 6351
4453, -8794, 577, 577, 6351
4455, -8793, 578, 578, 6351
4454, -8794, 577, 577, 6351
4454, -8794, 577, 577, 6351
4455, -8794, 578, 578, 6351
4454, -8794, 578, 578, 6351
4455, -8794, 578, 578, 6351
4453, -8792, 578, 578, 6351
4455, -8793, 578, 578, 6351
4454, -8793, 578, 578, 6351
4455, -8793, 578, 578, 6351
4454, -8793, 578, 578, 6351
4454, -8792, 578, 578, 6351
4455, -8793, 578, 578, 6351
4454, -8792, 578, 578, 6351
4454, -8793, 578, 578, 6351
4455, -8791, 578, 578, 6351
4455, -8791, 578, 578, 6351
4455, -8793, 578, 578, 6351
4455, -8793, 578, 578, 6351
4455, -8792, 578, 578, 6351
4455, -8792, 578, 578, 6351
4454, -8793, 578, 578, 6351
4456, -8792, 579, 579, 6351
4455, -8792, 579, 579, 6351
4455, -8792, 579, 579, 6351
4456, -8792, 579, 579, 6351
4456, -8792, 579, 579, 6351
4456, -8792, 579, 579, 6351
4455, -8791, 579, 579, 6351
4455, -8792, 579, 579, 6351
4455, -8792, 579, 579, 6351
4455, -8790, 579, 579, 6351
4456, -8790, 579, 579, 6351
4456, -8790, 580, 580, 6351
4456, -8791, 579, 579, 6351
4457, -8791, 580, 580, 6351
4457, -8791, 580, 580, 6351
4457, -8791, 580, 580, 6351
4457, -8791, 580, 580, 6351
4456, -8790, 580, 580, 6351
4456, -8790, 580, 580, 6351
4457, -8791, 580, 580, 6351
4456, -8789, 580, 580, 6351
4456, -8789, 580, 580, 6351
4458, -8789, 580, 580, 6351
4458, -8790, 581, 581, 6357
4457, -8790, 580, 580, 6357
4457, -8790, 580, 580, 6357
4456, -8788, 580, 580, 6357
4457, -8789, 581, 581, 6357
4457, -8789, 581, 581, 6357
4458, -8789, 581, 581, 6357
4457, -8789, 581, 581, 6357
4459, -8788, 582, 582, 6357
4457, -8788, 581, 581, 6357
4457, -8788, 581, 581, 6357
4458, -8789, 581, 581, 6357
4458, -8788, 582, 582, 6357
4458, -8788, 582, 582, 6357
4457, -8788, 581, 581, 6357
4457, -8787, 581, 581, 6357
4457, -8787, 581, 581, 6357
4459, -8787, 582, 582, 6357
4459, -8787, 582, 582, 6357
4459, -8787, 582, 582, 6357
4458, -8787, 582, 582, 6357
4460, -8787, 583, 583, 6357
4459, -8787, 583, 583, 6357
4459, -8787, 582, 582, 6357
4459, -8787, 582, 582, 6357
4460, -8787, 583, 583, 6351
4459, -8787, 582, 582, 6351
4459, -8786, 583, 583, 6351
4459, -8786, 583, 583, 6351
4459, -8787, 583, 583, 6351
4459, -8786, 583, 583, 6351
4461, -8788, 583, 583, 6351
4460, -8786, 583, 583, 6351
4460, -8786, 583, 583, 6351
4460, -8786, 584, 584, 6351
4459, -8786, 583, 583, 6351
4460, -8785, 583, 583, 6351
4460, -8786, 583, 583, 6351
4461, -8786, 584, 584, 6351
4460, -8785, 584, 584, 6351
4460, -8786, 584, 584, 6351
4460, -8784, 584, 584, 6351
4461, -8786, 584, 584, 6351
4460, -8785, 584, 584, 6351
4460, -8785, 584, 584, 6351
4460, -8785, 583, 583, 6351
4461, -8785, 584, 584, 6351
4460, -8785, 584, 584, 6351
4462, -8785, 585, 585, 6351
4461, -8785, 585, 585, 6351
4378, -8795, 518, 518, 6343
4378, -8795, 518, 518, 6343
4364, -8798, 482, 482, 6343
4366, -8798, 487, 487, 6343
4367, -8799, 490, 490, 6343
4368, -8798, 491, 491, 6343
4368, -8798, 491, 491, 6343
4371, -8797, 492, 492, 6343
4368, -8797, 492, 492, 6343
4368, -8797, 492, 492, 6343
4369, -8797, 494, 494, 6343
4367, -8797, 493, 493, 6343
4370, -8796, 494, 494, 6343
4368, -8797, 495, 495, 6343
4369, -8797, 494, 494, 6343
4373, -8797, 494, 494, 6343
4374, -8796, 495, 495, 6343
4375, -8796, 496, 496, 6343
4373, -8795, 496, 496, 6343
4373, -8795, 496, 496, 6343
4373, -8795, 496, 496, 6343
4374, -8795, 496, 496, 6343
4375, -8796, 496, 496, 6343
4372, -8795, 497, 497, 6343
4372, -8795, 497, 497, 6343
4371, -8796, 497, 497, 6343
4372, -8795, 498, 498, 6340
4374, -8795, 498, 498, 6340
4375, -8795, 499, 499, 6340
4375, -8795, 499, 499, 6340
4375, -8795, 498, 498, 6340
4376, -8793, 499, 499, 6340
4376, -8793, 499, 499, 6340
4376, -8795, 499, 499, 6340
4377, -8793, 499, 499, 6340
4377, -8795, 499, 499, 6340
4377, -8793, 499, 499, 6340
4378, -8794, 500, 500, 6340
4377, -8793, 500, 500, 6340
4379, -8792, 500, 500, 6340
4377, -8793, 500, 500, 6340
4377, -8793, 500, 500, 6340
4380, -8792, 501, 501, 6340
4377, -8793, 500, 500, 6340
4377, -8793, 500, 500, 6340
4377, -8792, 501, 501, 6340
4374, -8793, 501, 501, 6340
4375, -8793, 501, 501, 6340
4376, -8793, 501, 501, 6340
4379, -8793, 501, 501, 6340
4379, -8791, 501, 501, 6340
4379, -8791, 501, 501, 6340
4376, -8792, 502, 502, 6340
4376, -8792, 502, 502, 6340
4377, -8793, 502, 502, 6340
4376, -8791, 502, 502, 6340
4381, -8792, 503, 503, 6340
4381, -8792, 503, 503, 6340
4380, -8792, 502, 502, 6340
4380, -8791, 502, 502, 6340
4380, -8791, 503, 503, 6340
4380, -8791, 503, 503, 6340
4381, -8790, 503, 503, 6340
4381, -8790, 503, 503, 6340
4380, -8790, 503, 503, 6340
4381, -8789, 504, 504, 6340
4380, -8789, 503, 503, 6340
4380, -8790, 503, 503, 6340
4378, -8790, 503, 503, 6340
4379, -8791, 503, 503, 6340
4379, -8791, 503, 503, 6340
4379, -8790, 504, 504, 6340
4382, -8790, 504, 504, 6340
4383, -8789, 505, 505, 6340
4383, -8789, 505, 505, 6340
4383, -8789, 505, 505, 6340
4382, -8789, 504, 504, 6349
4383, -8789, 505, 505, 6349
4383, -8789, 505, 505, 6349
4383, -8788, 505, 505, 6349
4380, -8790, 505, 505, 6349
4380, -8790, 505, 505, 6349
4379, -8789, 505, 505, 6349
4381, -8789, 506, 506, 6349
4380, -8788, 505, 505, 6349
4380, -8788, 505, 505, 6349
4383, -8788, 506, 506, 6349
4383, -8788, 506, 506, 6349
4384, -8789, 506, 506, 6349
4384, -8787, 505, 505, 6349
4385, -8787, 506, 506, 6349
4382, -8787, 506, 506, 6349
4383, -8787, 507, 507, 6349
4383, -8787, 507, 507, 6349
4381, -8788, 506, 506, 6349
4381, -8789, 507, 507, 6349
4381, -8789, 507, 507, 6349
4382, -8788, 507, 507, 6349
4385, -8787, 508, 508, 6349
4385, -8787, 508, 508, 6349
4385, -8787, 507, 507, 6349
4386, -8787, 507, 507, 6349
4386, -8786, 508, 508, 6345
4383, -8787, 508, 508, 6345
4382, -8787, 507, 507, 6345
4383, -8787, 508, 508, 6345
4383, -8787, 508, 508, 6345
4383, -8786, 508, 508, 6345
4383, -8786, 508, 508, 6345
4382, -8787, 508, 508, 6345
4386, -8785, 509, 509, 6345
4386, -8786, 509, 509, 6345
4386, -8785, 508, 508, 6345
4393, -8786, 510, 510, 6345
4393, -8786, 510, 510, 6345
4484, -8771, 609, 609, 6345
4484, -8771, 609, 609, 6345
4482, -8771, 605, 605, 6345
4482, -8771, 605, 605, 6345
4478, -8770, 602, 602, 6345
4478, -8772, 601, 601, 6345
4478, -8772, 602, 602, 6345
4478, -8772, 602, 602, 6345
4478, -8771, 602, 602, 6345
4478, -8771, 601, 601, 6345
4477, -8771, 601, 601, 6345
4477, -8771, 601, 601, 6345
4477, -8771, 601, 601, 6345
4477, -8771, 601, 601, 6347
4477, -8771, 600, 600, 6347
4477, -8771, 601, 601, 6347
4477, -8771, 601, 601, 6347
4477, -8771, 601, 601, 6347
4476, -8770, 600, 600, 6347
4476, -8770, 600, 600, 6347
4477, -8770, 601, 601, 6347
4477, -8770, 600, 600, 6347
4477, -8771, 601, 601, 6347
4478, -8770, 601, 601, 6347
4478, -8770, 601, 601, 6347
4478, -8770, 601, 601, 6347
4478, -8771, 601, 601, 6347
4478, -8770, 601, 601, 6347
4478, -8770, 601, 601, 6347
4478, -8770, 601, 601, 6347
4477, -8771, 601, 601, 6347
4478, -8770, 601, 601, 6347
4477, -8770, 601, 601, 6347
4477, -8770, 601, 601, 6347
4478, -8770, 601, 601, 6347
4477, -8770, 601, 601, 6347
4477, -8770, 601, 601, 6347
4477, -8770, 601, 601, 6347
4477, -8769, 601, 601, 6347
4477, -8771, 601, 601, 6347
4477, -8770, 601, 601, 6347
4477, -8768, 601, 601, 6347
4477, -8769, 601, 601, 6347
4477, -8770, 601, 601, 6347
4478, -8769, 602, 602, 6347
4478, -8769, 601, 601, 6347
4478, -8768, 602, 602, 6347
4478, -8768, 602, 602, 6347
4478, -8769, 602, 602, 6347
4478, -8769, 602, 602, 6347
4478, -8769, 602, 602, 6347
4478, -8769, 601, 601, 6347
4478, -8770, 602, 602, 6347
4478, -8768, 602, 602, 6347
4478, -8768, 602, 602, 6347
4479, -8768, 601, 601, 6347
4479, -8768, 601, 601, 6347
4477, -8769, 601, 601, 6347
4479, -8768, 602, 602, 6347
4479, -8768, 602, 602, 6347
4478, -8768, 602, 602, 6347
4478, -8768, 602, 602, 6347
4478, -8768, 602, 602, 6347
4479, -8767, 602, 602, 6349
4478, -8767, 602, 602, 6349
4478, -8767, 602, 602, 6349
4479, -8767, 603, 603, 6349
4478, -8768, 602, 602, 6349
4478, -8768, 602, 602, 6349
4480, -8767, 603, 603, 6349
4478, -8767, 602, 602, 6349
4479, -8767, 603, 603, 6349
4479, -8767, 603, 603, 6349
4480, -8767, 603, 603, 6349
4479, -8767, 603, 603, 6349
4479, -8766, 603, 603, 6349
4479, -8766, 603, 603, 6349
4479, -8767, 602, 602, 6349
4479, -8768, 603, 603, 6349
4479, -8767, 603, 603, 6349
4479, -8767, 603, 603, 6349
4480, -8766, 603, 603, 6349
4480, -8766, 603, 603, 6349
4481, -8767, 604, 604, 6349
4480, -8767, 604, 604, 6349
4480, -8765, 604, 604, 6349
4480, -8766, 604, 604, 6345
4480, -8764, 604, 604, 6345
4480, -8764, 604, 604, 6345
4480, -8766, 604, 604, 6345
4480, -8765, 604, 604, 6345
4480, -8765, 604, 604, 6345
4480, -8765, 604, 604, 6345
4480, -8764, 604, 604, 6345
4482, -8765, 604, 604, 6345
4481, -8765, 604, 604, 6345
4482, -8765, 605, 605, 6345
4482, -8764, 605, 605, 6345
4481, -8764, 605, 605, 6345
4481, -8765, 605, 605, 6345
4481, -8764, 605, 605, 6345
4481, -8764, 605, 605, 6345
4482, -8765, 605, 605, 6345
4482, -8764, 605, 605, 6345
4482, -8764, 606, 606, 6345
4483, -8765, 606, 606, 6345
4482, -8765, 606, 606, 6345
4482, -8765, 606, 606, 6345
4481, -8764, 605, 605, 6345
4483, -8764, 605, 605, 6345
4482, -8764, 606, 606, 6345
4482, -8764, 606, 606, 6345
4483, -8764, 606, 606, 6345
4481, -8765, 606, 606, 6343
4481, -8765, 606, 606, 6343
4482, -8763, 606, 606, 6343
4482, -8764, 606, 606, 6343
4482, -8763, 606, 606, 6343
4484, -8763, 607, 607, 6343
4484, -8763, 607, 607, 6343
4482, -8763, 606, 606, 6343
4483, -8763, 607, 607, 6343
4483, -8763, 607, 607, 6343
4483, -8763, 606, 606, 6343
4482, -8764, 606, 606, 6343
4482, -8764, 606, 606, 6343
4352, -8767, 573, 573, 6343
4389, -8776, 509, 509, 6343
4389, -8776, 509, 509, 6343
4388, -8777, 512, 512, 6343
4393, -8775, 513, 513, 6343
4393, -8775, 513, 513, 6343
4393, -8774, 514, 514, 6343
4389, -8776, 514, 514, 6343
4390, -8776, 515, 515, 6343
4390, -8775, 516, 516, 6343
4390, -8775, 516, 516, 6343
4390, -8775, 515, 515, 6343
4394, -8775, 516, 516, 6343
4394, -8775, 516, 516, 6343
4394, -8774, 516, 516, 6343
4394, -8774, 518, 518, 6338
4392, -8775, 518, 518, 6338
4392, -8775, 518, 518, 6338
4391, -8774, 517, 517, 6338
4396, -8773, 518, 518, 6338
4396, -8773, 518, 518, 6338
4396, -8773, 518, 518, 6338
4396, -8773, 518, 518, 6338
4396, -8773, 519, 519, 6338
4397, -8773, 519, 519, 6338
4394, -8773, 519, 519, 6338
4396, -8772, 520, 520, 6338
4394, -8774, 520, 520, 6338
4394, -8774, 520, 520, 6338
4397, -8773, 520, 520, 6338
4397, -8772, 520, 520, 6338
4396, -8773, 519, 519, 6338
4398, -8772, 520, 520, 6338
4398, -8773, 520, 520, 6338
4401, -8772, 522, 522, 6338
4401, -8772, 522, 522, 6338
4400, -8772, 522, 522, 6338
4398, -8772, 521, 521, 6338
4395, -8772, 521, 521, 6338
4395, -8772, 522, 522, 6338
4396, -8772, 522, 522, 6338
4398, -8772, 522, 522, 6338
4397, -8770, 522, 522, 6336
4397, -8772, 522, 522, 6336
4398, -8771, 523, 523, 6336
4398, -8772, 522, 522, 6336
4400, -8771, 522, 522, 6336
4400, -8771, 522, 522, 6336
4399, -8770, 523, 523, 6336
4399, -8771, 524, 524, 6336
4397, -8771, 523, 523, 6336
4399, -8771, 524, 524, 6336
4401, -8771, 524, 524, 6336
4402, -8771, 523, 523, 6336
4402, -8771, 523, 523, 6336
4402, -8770, 524, 524, 6336
4402, -8771, 524, 524, 6336
4401, -8770, 525, 525, 6336
4402, -8770, 525, 525, 6336
4402, -8770, 525, 525, 6336
4404, -8770, 525, 525, 6336
4403, -8770, 525, 525, 6336
4403, -8770, 525, 525, 6336
4402, -8769, 526, 526, 6336
4402, -8769, 526, 526, 6336
4400, -8770, 525, 525, 6336
4401, -8769, 525, 525, 6343
4401, -8769, 525, 525, 6343
4402, -8770, 526, 526, 6343
4403, -8769, 526, 526, 6343
4404, -8769, 525, 525, 6343
4404, -8769, 525, 525, 6343
4403, -8769, 526, 526, 6343
4401, -8769, 526, 526, 6343
4402, -8769, 526, 526, 6343
4402, -8769, 526, 526, 6343
4401, -8769, 526, 526, 6343
4406, -8768, 527, 527, 6343
4406, -8768, 527, 527, 6343
4405, -8768, 527, 527, 6343
4403, -8768, 526, 526, 6343
4405, -8768, 527, 527, 6343
4404, -8767, 527, 527, 6343
4404, -8767, 527, 527, 6343
4402, -8768, 527, 527, 6343
4402, -8768, 527, 527, 6343
4404, -8768, 527, 527, 6343
4407, -8766, 528, 528, 6343
4407, -8766, 528, 528, 6343
4406, -8766, 528, 528, 6343
4405, -8764, 528, 528, 6343
4403, -8766, 528, 528, 6343
4403, -8766, 528, 528, 6343
4402, -8768, 528, 528, 6345
4402, -8767, 528, 528, 6345
4403, -8766, 528, 528, 6345
4403, -8766, 529, 529, 6345
4403, -8766, 528, 528, 6345
4408, -8767, 529, 529, 6345
4407, -8766, 528, 528, 6345
4407, -8766, 528, 528, 6345
4407, -8765, 529, 529, 6345
4407, -8766, 529, 529, 6345
4406, -8765, 529, 529, 6345
4406, -8765, 529, 529, 6345
4404, -8765, 529, 529, 6345
4405, -8765, 530, 530, 6345
4405, -8765, 530, 530, 6345
4404, -8765, 529, 529, 6345
4408, -8765, 530, 530, 6345
4408, -8764, 530, 530, 6345
4408, -8766, 529, 529, 6345
4408, -8766, 529, 529, 6345
4408, -8765, 530, 530, 6345
4413, -8748, 532, 532, 6345
4413, -8748, 532, 532, 6345
4502, -8751, 625, 625, 6345
4501, -8751, 625, 625, 6345
4500, -8751, 624, 624, 6345
4500, -8750, 624, 624, 6345
4500, -8751, 624, 624, 6345
4499, -8750, 623, 623, 6345
4499, -8750, 622, 622, 6345
4499, -8750, 622, 622, 6345
4498, -8750, 622, 622, 6345
4499, -8750, 622, 622, 6345
4499, -8750, 622, 622, 6345
4498, -8750, 622, 622, 6345
4499, -8749, 622, 622, 6345
4499, -8749, 622, 622, 6345
4499, -8750, 622, 622, 6345
4498, -8750, 622, 622, 6345
4498, -8749, 622, 622, 6345
4498, -8749, 622, 622, 6345
4498, -8750, 622, 622, 6345
4498, -8750, 622, 622, 6345
4498, -8749, 622, 622, 6345
4498, -8750, 621, 621, 6345
4498, -8750, 621, 621, 6345
4499, -8749, 622, 622, 6345
4499, -8749, 622, 622, 6345
4497, -8750, 621, 621, 6345
4497, -8750, 621, 621, 6345
4497, -8750, 621, 621, 6345
4499, -8749, 622, 622, 6345
4499, -8749, 622, 622, 6345
4498, -8750, 622, 622, 6345
4497, -8749, 622, 622, 6345
4498, -8749, 621, 621, 6345
4498, -8749, 622, 622, 6345
4497, -8749, 621, 621, 6345
4497, -8749, 621, 621, 6345
4498, -8749, 622, 622, 6345
4498, -8749, 622, 622, 6345
4498, -8749, 621, 621, 6345
4499, -8749, 622, 622, 6345
4498, -8749, 622, 622, 6345
4498, -8749, 622, 622, 6345
4498, -8748, 622, 622, 6345
4499, -8749, 622, 622, 6345
4498, -8748, 622, 622, 6345
4498, -8748, 622, 622, 6345
4499, -8748, 622, 622, 6345
4498, -8749, 622, 622, 6345
4498, -8748, 622, 622, 6345
4498, -8748, 622, 622, 6345
4498, -8748, 622, 622, 6345
4497, -8749, 622, 622, 6345
4498, -8747, 621, 621, 6345
4499, -8748, 622, 622, 6345
4499, -8747, 622, 622, 6345
4499, -8747, 622, 622, 6345
4497, -8747, 622, 622, 6345
4497, -8747, 622, 622, 6345
4499, -8748, 623, 623, 6345
4498, -8746, 622, 622, 6345
4498, -8746, 622, 622, 6345
4499, -8748, 623, 623, 6345
4499, -8748, 623, 623, 6345
4500, -8747, 623, 623, 6345
4499, -8747, 623, 623, 6345
4499, -8747, 623, 623, 6345
4500, -8747, 623, 623, 6345
4500, -8747, 623, 623, 6345
4500, -8747, 623, 623, 6345
4500, -8746, 624, 624, 6345
4500, -8746, 623, 623, 6345
4499, -8746, 623, 623, 6345
4499, -8747, 623, 623, 6345
4500, -8746, 624, 624, 6345
4499, -8746, 623, 623, 6345
4501, -8745, 624, 624, 6345
4499, -8746, 624, 624, 6340
4500, -8746, 624, 624, 6340
4500, -8745, 624, 624, 6340
4500, -8745, 624, 624, 6340
4500, -8745, 624, 624, 6340
4500, -8745, 624, 624, 6340
4500, -8745, 624, 624, 6340
4500, -8745, 623, 623, 6340
4500, -8745, 623, 623, 6340
4500, -8745, 624, 624, 6340
4500, -8745, 624, 624, 6340
4500, -8744, 624, 624, 6340
4499, -8745, 623, 623, 6340
4500, -8745, 623, 623, 6340
4501, -8744, 624, 624, 6340
4501, -8744, 624, 624, 6340
4500, -8745, 624, 624, 6340
4500, -8745, 624, 624, 6340
4501, -8744, 625, 625, 6340
4501, -8744, 624, 624, 6340
4501, -8744, 624, 624, 6340
4500, -8744, 624, 624, 6340
4501, -8744, 625, 625, 6340
4501, -8745, 626, 626, 6347
4500, -8743, 624, 624, 6347
4500, -8743, 624, 624, 6347
4501, -8743, 625, 625, 6347
4502, -8744, 625, 625, 6347
4502, -8744, 625, 625, 6347
4502, -8744, 626, 626, 6347
4502, -8744, 626, 626, 6347
4502, -8744, 626, 626, 6347
4502, -8743, 625, 625, 6347
4502, -8743, 626, 626, 6347
4502, -8744, 626, 626, 6347
4503, -8743, 626, 626, 6347
4503, -8743, 626, 626, 6347
4503, -8743, 626, 626, 6347
4503, -8742, 627, 627, 6347
4503, -8743, 626, 626, 6347
4503, -8743, 626, 626, 6347
4503, -8743, 626, 626, 6347
4503, -8743, 626, 626, 6347
4503, -8744, 627, 627, 6347
4502, -8742, 626, 626, 6347
4503, -8743, 626, 626, 6347
4503, -8742, 627, 627, 6347
4399, -8757, 531, 531, 6347
4399, -8757, 531, 531, 6347
4410, -8758, 532, 532, 6347
4411, -8756, 532, 532, 6347
4411, -8756, 532, 532, 6347
4409, -8756, 534, 534, 6347
4412, -8755, 535, 535, 6347
4412, -8755, 535, 535, 6347
4414, -8755, 536, 536, 6347
4414, -8755, 536, 536, 6347
4414, -8755, 536, 536, 6347
4414, -8754, 537, 537, 6347
4415, -8755, 538, 538, 6347
4414, -8754, 538, 538, 6347
4412, -8755, 538, 538, 6347
4412, -8755, 538, 538, 6347
4415, -8755, 538, 538, 6347
4415, -8755, 539, 539, 6347
4414, -8754, 538, 538, 6347
4416, -8754, 539, 539, 6347
4413, -8754, 539, 539, 6347
4413, -8754, 539, 539, 6347
4416, -8754, 539, 539, 6347
4418, -8753, 539, 539, 6347
4418, -8753, 539, 539, 6347
4415, -8753, 540, 540, 6347
4415, -8753, 540, 540, 6347
4415, -8752, 540, 540, 6347
4415, -8753, 540, 540, 6347
4415, -8754, 540, 540, 6347
4415, -8754, 540, 540, 6347
4419, -8754, 541, 541, 6347
4418, -8752, 540, 540, 6347
4418, -8752, 540, 540, 6347
4420, -8752, 541, 541, 6347
4419, -8752, 541, 541, 6347
4415, -8753, 541, 541, 6347
4415, -8753, 541, 541, 6347
4417, -8753, 542, 542, 6347
4418, -8753, 541, 541, 6347
4418, -8752, 541, 541, 6347
4418, -8752, 542, 542, 6347
4420, -8752, 542, 542, 6347
4420, -8752, 542, 542, 6347
4421, -8752, 542, 542, 6347
4421, -8751, 542, 542, 6347
4420, -8751, 542, 542, 6347
4417, -8752, 542, 542, 6347
4420, -8752, 543, 543, 6343
4420, -8752, 543, 543, 6343
4421, -8750, 543, 543, 6343
4421, -8750, 543, 543, 6343
4421, -8750, 543, 543, 6343
4421, -8750, 543, 543, 6343
4422, -8750, 544, 544, 6343
4421, -8750, 544, 544, 6343
4418, -8749, 544, 544, 6343
4418, -8749, 544, 544, 6343
4420, -8751, 544, 544, 6343
4420, -8751, 544, 544, 6343
4418, -8750, 544, 544, 6343
4421, -8750, 544, 544, 6343
4421, -8750, 544, 544, 6343
4424, -8750, 545, 545, 6343
4423, -8749, 544, 544, 6343
4421, -8750, 545, 545, 6343
4421, -8750, 545, 545, 6343
4421, -8750, 545, 545, 6343
4421, -8750, 545, 545, 6343
4424, -8749, 545, 545, 6343
4424, -8749, 545, 545, 6343
4424, -8749, 545, 545, 6343
4423, -8749, 546, 546, 6343
4421, -8750, 546, 546, 6349
4423, -8749, 546, 546, 6349
4423, -8749, 546, 546, 6349
4424, -8749, 546, 546, 6349
4422, -8749, 545, 545, 6349
4422, -8748, 545, 545, 6349
4422, -8748, 545, 545, 6349
4420, -8749, 546, 546, 6349
4420, -8749, 546, 546, 6349
4423, -8749, 547, 547, 6349
4424, -8748, 547, 547, 6349
4425, -8748, 546, 546, 6349
4425, -8748, 546, 546, 6349
4421, -8748, 546, 546, 6349
4421, -8748, 546, 546, 6349
4422, -8748, 547, 547, 6349
4422, -8748, 547, 547, 6349
4422, -8748, 547, 547, 6349
4425, -8749, 547, 547, 6349
4424, -8748, 548, 548, 6349
4427, -8747, 547, 547, 6349
4426, -8748, 547, 547, 6349
4427, -8747, 548, 548, 6349
4425, -8747, 548, 548, 6349
4424, -8747, 548, 548, 6349
4423, -8748, 548, 548, 6349
4423, -8748, 548, 548, 6347
4423, -8748, 548, 548, 6347
4423, -8748, 548, 548, 6347
4426, -8747, 548, 548, 6347
4426, -8747, 548, 548, 6347
4428, -8747, 549, 549, 6347
4426, -8747, 549, 549, 6347
4426, -8747, 549, 549, 6347
4426, -8747, 549, 549, 6347
4427, -8747, 551, 551, 6347
4525, -8732, 603, 603, 6347
4521, -8732, 646, 646, 6347
4521, -8732, 646, 646, 6347
4521, -8732, 645, 645, 6347
4519, -8732, 643, 643, 6347
4519, -8733, 642, 642, 6347
4518, -8732, 642, 642, 6347
4518, -8733, 641, 641, 6347
4517, -8732, 641, 641, 6347
4517, -8732, 641, 641, 6347
4516, -8732, 640, 640, 6347
4516, -8732, 640, 640, 6347
4517, -8733, 640, 640, 6351
4515, -8733, 639, 639, 6351
4515, -8733, 639, 639, 6351
4516, -8733, 639, 639, 6351
4516, -8733, 639, 639, 6351
4516, -8732, 640, 640, 6351
4517, -8733, 640, 640, 6351
4517, -8733, 640, 640, 6351
4517, -8732, 640, 640, 6351
4517, -8732, 640, 640, 6351
4517, -8732, 641, 641, 6351
4515, -8731, 639, 639, 6351
4516, -8732, 640, 640, 6351
4516, -8732, 640, 640, 6351
4517, -8733, 640, 640, 6351
4516, -8731, 640, 640, 6351
4517, -8732, 640, 640, 6351
4516, -8732, 640, 640, 6351
4516, -8732, 640, 640, 6351
4515, -8732, 640, 640, 6351
4515, -8732, 640, 640, 6351
4516, -8732, 640, 640, 6351
4517, -8732, 640, 640, 6351
4516, -8731, 640, 640, 6351
4516, -8731, 640, 640, 6351
4516, -8731, 640, 640, 6351
4515, -8732, 640, 640, 6349
4515, -8732, 640, 640, 6349
4516, -8729, 640, 640, 6349
4516, -8729, 640, 640, 6349
4516, -8731, 639, 639, 6349
4517, -8732, 640, 640, 6349
4516, -8731, 640, 640, 6349
4516, -8730, 640, 640, 6349
4517, -8730, 641, 641, 6349
4517, -8731, 640, 640, 6349
4517, -8730, 641, 641, 6349
4518, -8730, 641, 641, 6349
4517, -8730, 641, 641, 6349
4517, -8730, 640, 640, 6349
4517, -8730, 641, 641, 6349
4517, -8730, 641, 641, 6349
4516, -8731, 640, 640, 6349
4517, -8730, 641, 641, 6349
4517, -8730, 641, 641, 6349
4517, -8730, 641, 641, 6349
4518, -8730, 641, 641, 6349
4518, -8730, 641, 641, 6349
4518, -8729, 641, 641, 6349
4517, -8729, 641, 641, 6349
4517, -8729, 641, 641, 6349
4518, -8729, 641, 641, 6349
4517, -8730, 641, 641, 6351
4517, -8730, 641, 641, 6351
4517, -8730, 640, 640, 6351
4516, -8729, 640, 640, 6351
4517, -8730, 641, 641, 6351
4518, -8729, 641, 641, 6351
4518, -8729, 641, 641, 6351
4518, -8728, 642, 642, 6351
4517, -8730, 641, 641, 6351
4517, -8729, 641, 641, 6351
4517, -8728, 641, 641, 6351
4517, -8728, 641, 641, 6351
4518, -8728, 641, 641, 6351
4518, -8729, 641, 641, 6351
4518, -8729, 641, 641, 6351
4518, -8728, 641, 641, 6351
4519, -8729, 642, 642, 6351
4519, -8729, 642, 642, 6351
4517, -8728, 641, 641, 6351
4518, -8729, 642, 642, 6351
4518, -8729, 642, 642, 6351
4518, -8729, 642, 642, 6351
4518, -8728, 642, 642, 6351
4518, -8728, 642, 642, 6351
4519, -8729, 642, 642, 6351
4518, -8728, 642, 642, 6351
4518, -8728, 642, 642, 6351
4519, -8727, 642, 642, 6351
4520, -8728, 643, 643, 6351
4520, -8728, 643, 643, 6351
4520, -8727, 643, 643, 6351
4519, -8727, 642, 642, 6351
4520, -8727, 643, 643, 6351
4519, -8727, 643, 643, 6351
4519, -8727, 643, 643, 6351
4519, -8727, 643, 643, 6351
4519, -8727, 643, 643, 6351
4519, -8727, 643, 643, 6351
4520, -8726, 644, 644, 6351
4519, -8727, 643, 643, 6351
4520, -8727, 644, 644, 6351
4520, -8726, 643, 643, 6351
4521, -8727, 644, 644, 6351
4521, -8727, 644, 644, 6351
4520, -8726, 643, 643, 6351
4519, -8728, 643, 643, 6351
4519, -8726, 643, 643, 6351
4520, -8726, 643, 643, 6351
4520, -8725, 643, 643, 6351
4520, -8726, 644, 644, 6351
4520, -8726, 644, 644, 6351
4520, -8726, 644, 644, 6351
4520, -8726, 644, 644, 6351
4520, -8726, 644, 644, 6351
4520, -8726, 644, 644, 6351
4520, -8728, 644, 644, 6349
4519, -8726, 643, 643, 6349
4520, -8725, 644, 644, 6349
4520, -8725, 644, 644, 6349
4520, -8726, 644, 644, 6349
4521, -8726, 644, 644, 6349
4520, -8725, 644, 644, 6349
4521, -8726, 644, 644, 6349
4424, -8738, 520, 520, 6349
4426, -8739, 549, 549, 6349
4426, -8739, 549, 549, 6349
4424, -8739, 550, 550, 6349
4427, -8739, 551, 551, 6349
4427, -8739, 551, 551, 6349
4428, -8739, 552, 552, 6349
4428, -8739, 552, 552, 6349
4431, -8738, 552, 552, 6349
4430, -8737, 553, 553, 6349
4430, -8737, 553, 553, 6349
4432, -8738, 554, 554, 6349
4433, -8738, 554, 554, 6349
4428, -8739, 554, 554, 6349
4429, -8737, 554, 554, 6349
4430, -8738, 555, 555, 6349
4433, -8737, 555, 555, 6349
4434, -8739, 555, 555, 6349
4433, -8737, 555, 555, 6349
4433, -8737, 555, 555, 6349
4435, -8737, 555, 555, 6349
4435, -8737, 555, 555, 6349
4435, -8737, 556, 556, 6349
4433, -8737, 556, 556, 6349
4432, -8737, 556, 556, 6349
4432, -8737, 556, 556, 6349
4433, -8736, 557, 557, 6349
4432, -8737, 557, 557, 6349
4431, -8736, 556, 556, 6349
4432, -8737, 557, 557, 6349
4436, -8737, 557, 557, 6349
4436, -8737, 557, 557, 6349
4436, -8736, 558, 558, 6349
4435, -8736, 558, 558, 6349
4435, -8736, 558, 558, 6349
4432, -8735, 558, 558, 6349
4434, -8736, 558, 558, 6349
4437, -8735, 559, 559, 6349
4437, -8735, 559, 559, 6349
4437, -8735, 560, 560, 6351
4435, -8734, 559, 559, 6351
4433, -8736, 559, 559, 6351
4433, -8736, 559, 559, 6351
4433, -8737, 559, 559, 6351
4437, -8735, 560, 560, 6351
4437, -8735, 560, 560, 6351
4438, -8734, 560, 560, 6351
4436, -8735, 560, 560, 6351
4436, -8735, 560, 560, 6351
4435, -8733, 560, 560, 6351
4435, -8733, 560, 560, 6351
4435, -8734, 560, 560, 6351
4435, -8734, 560, 560, 6351
4438, -8733, 560, 560, 6351
4438, -8733, 561, 561, 6351
4438, -8733, 561, 561, 6351
4434, -8733, 561, 561, 6351
4434, -8733, 561, 561, 6351
4437, -8733, 560, 560, 6351
4435, -8733, 561, 561, 6351
4435, -8733, 561, 561, 6351
4438, -8733, 562, 562, 6351
4441, -8733, 562, 562, 6351
4441, -8733, 562, 562, 6351
4439, -8733, 562, 562, 6351
4439, -8733, 562, 562, 6351
4440, -8732, 562, 562, 6351
4437, -8733, 561, 561, 6351
4437, -8734, 562, 562, 6351
4437, -8734, 562, 562, 6351
4437, -8732, 562, 562, 6351
4438, -8733, 562, 562, 6351
4437, -8733, 562, 562, 6351
4437, -8733, 562, 562, 6351
4441, -8732, 562, 562, 6351
4441, -8731, 562, 562, 6351
4439, -8732, 562, 562, 6351
4439, -8732, 562, 562, 6351
4436, -8732, 562, 562, 6351
4436, -8732, 562, 562, 6351
4436, -8732, 562, 562, 6351
4438, -8732, 563, 563, 6351
4437, -8732, 562, 562, 6351
4440, -8732, 563, 563, 6351
4441, -8731, 564, 564, 6351
4441, -8731, 563, 563, 6351
4441, -8731, 563, 563, 6351
4442, -8732, 563, 563, 6351
4438, -8732, 563, 563, 6351
4438, -8732, 564, 564, 6345
4438, -8731, 564, 564, 6345
4441, -8732, 564, 564, 6345
4442, -8731, 564, 564, 6345
4442, -8731, 564, 564, 6345
4442, -8731, 564, 564, 6345
4443, -8731, 564, 564, 6345
4439, -8731, 564, 564, 6345
4440, -8732, 564, 564, 6345
4439, -8732, 564, 564, 6345
4439, -8732, 564, 564, 6345
4442, -8730, 564, 564, 6345
4441, -8730, 565, 565, 6345
4440, -8730, 565, 565, 6345
4440, -8730, 565, 565, 6345
4441, -8731, 565, 565, 6345
4441, -8731, 566, 566, 6345
4446, -8729, 566, 566, 6345
4443, -8730, 566, 566, 6345
4539, -8716, 663, 663, 6345
4539, -8716, 663, 663, 6345
4536, -8716, 660, 660, 6349
4535, -8717, 659, 659, 6349
4536, -8716, 659, 659, 6349
4534, -8716, 658, 658, 6349
4534, -8716, 658, 658, 6349
4534, -8716, 658, 658, 6349
4534, -8717, 658, 658, 6349
4534, -8716, 657, 657, 6349
4534, -8716, 657, 657, 6349
4533, -8716, 657, 657, 6349
4533, -8716, 657, 657, 6349
4533, -8717, 657, 657, 6349
4533, -8717, 657, 657, 6349
4532, -8716, 656, 656, 6349
4532, -8716, 656, 656, 6349
4533, -8716, 656, 656, 6349
4532, -8717, 656, 656, 6349
4533, -8716, 656, 656, 6349
4533, -8716, 656, 656, 6349
4533, -8716, 657, 657, 6349
4533, -8716, 657, 657, 6349
4534, -8716, 657, 657, 6349
4533, -8717, 656, 656, 6349
4533, -8717, 656, 656, 6349
4533, -8717, 656, 656, 6343
4533, -8717, 656, 656, 6343
4533, -8716, 656, 656, 6343
4533, -8715, 657, 657, 6343
4533, -8716, 657, 657, 6343
4533, -8716, 657, 657, 6343
4533, -8716, 657, 657, 6343
4534, -8715, 657, 657, 6343
4534, -8715, 657, 657, 6343
4532, -8716, 656, 656, 6343
4533, -8715, 656, 656, 6343
4532, -8715, 656, 656, 6343
4532, -8715, 656, 656, 6343
4532, -8716, 656, 656, 6343
4533, -8716, 657, 657, 6343
4533, -8715, 657, 657, 6343
4533, -8715, 657, 657, 6343
4533, -8716, 656, 656, 6343
4533, -8715, 656, 656, 6343
4533, -8715, 656, 656, 6343
4533, -8716, 656, 656, 6343
4533, -8716, 656, 656, 6343
4534, -8715, 657, 657, 6343
4533, -8716, 657, 657, 6349
4533, -8716, 657, 657, 6349
4533, -8716, 657, 657, 6349
4533, -8715, 657, 657, 6349
4533, -8715, 657, 657, 6349
4534, -8716, 657, 657, 6349
4534, -8716, 657, 657, 6349
4533, -8716, 657, 657, 6349
4534, -8715, 657, 657, 6349
4534, -8715, 657, 657, 6349
4534, -8715, 657, 657, 6349
4533, -8715, 657, 657, 6349
4534, -8714, 658, 658, 6349
4533, -8715, 657, 657, 6349
4533, -8715, 657, 657, 6349
4534, -8714, 657, 657, 6349
4534, -8714, 657, 657, 6349
4534, -8714, 657, 657, 6349
4533, -8714, 657, 657, 6349
4534, -8715, 657, 657, 6349
4534, -8714, 657, 657, 6349
4533, -8714, 656, 656, 6349
4535, -8714, 658, 658, 6349
4534, -8715, 658, 658, 6349
4534, -8715, 658, 658, 6349
4534, -8714, 657, 657, 6349
4534, -8714, 658, 658, 6349
4534, -8715, 658, 658, 6349
4534, -8713, 657, 657, 6349
4533, -8715, 657, 657, 6349
4534, -8715, 657, 657, 6349
4533, -8714, 657, 657, 6349
4534, -8714, 657, 657, 6349
4533, -8714, 657, 657, 6349
4533, -8713, 658, 658, 6349
4533, -8713, 658, 658, 6349
4534, -8714, 657, 657, 6349
4534, -8714, 658, 658, 6349
4534, -8714, 658, 658, 6349
4534, -8714, 657, 657, 6349
4535, -8714, 658, 658, 6349
4535, -8714, 658, 658, 6349
4534, -8713, 658, 658, 6349
4534, -8712, 658, 658, 6349
4534, -8714, 658, 658, 6349
4535, -8712, 658, 658, 6349
4535, -8712, 658, 658, 6349
4535, -8714, 658, 658, 6349
4535, -8714, 658, 658, 6349
4534, -8713, 658, 658, 6349
4534, -8713, 658, 658, 6349
4536, -8713, 659, 659, 6345
4536, -8713, 659, 659, 6345
4535, -8712, 659, 659, 6345
4535, -8712, 659, 659, 6345
4534, -8713, 658, 658, 6345
4535, -8712, 659, 659, 6345
4536, -8713, 659, 659, 6345
4535, -8713, 659, 659, 6345
4535, -8713, 659, 659, 6345
4535, -8712, 659, 659, 6345
4535, -8711, 659, 659, 6345
4535, -8711, 659, 659, 6345
4535, -8712, 658, 658, 6345
4535, -8712, 659, 659, 6345
4535, -8713, 659, 659, 6345
4536, -8712, 659, 659, 6345
4536, -8712, 659, 659, 6345
4536, -8712, 659, 659, 6345
4536, -8712, 659, 659, 6345
4536, -8712, 659, 659, 6345
4536, -8713, 659, 659, 6345
4536, -8712, 659, 659, 6345
4536, -8712, 659, 659, 6345
4536, -8712, 660, 660, 6345
4536, -8711, 660, 660, 6345
4537, -8712, 661, 661, 6347
4535, -8711, 659, 659, 6347
4310, -8737, 520, 520, 6347
4310, -8737, 520, 520, 6347
4375, -8735, 497, 497, 6347
4376, -8734, 498, 498, 6347
4379, -8734, 500, 500, 6347
4379, -8734, 500, 500, 6347
4379, -8733, 500, 500, 6347
4379, -8733, 500, 500, 6347
4378, -8733, 501, 501, 6347
4375, -8734, 502, 502, 6347
4375, -8734, 502, 502, 6347
4374, -8733, 502, 502, 6347
4375, -8733, 503, 503, 6347
4375, -8733, 503, 503, 6347
4381, -8733, 504, 504, 6347
4381, -8732, 504, 504, 6347
4381, -8732, 504, 504, 6347
4382, -8732, 504, 504, 6347
4384, -8733, 505, 505, 6347
4384, -8732, 505, 505, 6347
4386, -8732, 506, 506, 6347
4384, -8732, 507, 507, 6347
4382, -8732, 506, 506, 6347
4379, -8732, 507, 507, 6347
4379, -8732, 507, 507, 6347
4380, -8733, 507, 507, 6347
4386, -8732, 507, 507, 6347
4381, -8732, 508, 508, 6347
4387, -8731, 507, 507, 6347
4387, -8731, 507, 507, 6347
4386, -8731, 508, 508, 6347
4385, -8730, 507, 507, 6347
4385, -8730, 507, 507, 6347
4385, -8730, 508, 508, 6347
4385, -8730, 508, 508, 6347
4382, -8731, 508, 508, 6347
4382, -8731, 509, 509, 6347
4386, -8731, 509, 509, 6347
4387, -8731, 509, 509, 6347
4388, -8731, 510, 510, 6347
4388, -8730, 509, 509, 6347
4389, -8730, 510, 510, 6347
4389, -8730, 510, 510, 6347
4388, -8731, 510, 510, 6347
4388, -8731, 510, 510, 6347
4389, -8730, 510, 510, 6347
4385, -8730, 510, 510, 6347
4385, -8730, 510, 510, 6347
4384, -8730, 510, 510, 6347
4390, -8730, 510, 510, 6347
4390, -8730, 510, 510, 6347
4390, -8730, 511, 511, 6347
4390, -8729, 510, 510, 6347
4388, -8729, 511, 511, 6347
4384, -8730, 511, 511, 6347
4384, -8730, 511, 511, 6347
4385, -8730, 512, 512, 6347
4385, -8730, 512, 512, 6347
4384, -8729, 511, 511, 6347
4390, -8729, 512, 512, 6347
4390, -8729, 512, 512, 6347
4390, -8728, 511, 511, 6347
4390, -8728, 511, 511, 6347
4390, -8728, 512, 512, 6347
4391, -8728, 512, 512, 6347
4391, -8728, 512, 512, 6347
4390, -8729, 512, 512, 6347
4385, -8730, 513, 513, 6347
4385, -8729, 513, 513, 6347
4385, -8729, 513, 513, 6347
4385, -8729, 513, 513, 6347
4393, -8729, 513, 513, 6345
4393, -8729, 513, 513, 6345
4390, -8727, 513, 513, 6345
4390, -8727, 513, 513, 6345
4390, -8727, 513, 513, 6345
4385, -8728, 513, 513, 6345
4392, -8728, 514, 514, 6345
4392, -8728, 514, 514, 6345
4392, -8728, 514, 514, 6345
4392, -8727, 514, 514, 6345
4394, -8727, 514, 514, 6345
4394, -8727, 514, 514, 6345
4393, -8727, 515, 515, 6345
4394, -8726, 515, 515, 6345
4388, -8727, 514, 514, 6345
4387, -8727, 515, 515, 6345
4387, -8727, 515, 515, 6345
4390, -8727, 514, 514, 6345
4391, -8727, 515, 515, 6345
4392, -8728, 515, 515, 6345
4387, -8727, 515, 515, 6345
4387, -8727, 515, 515, 6345
4387, -8727, 515, 515, 6345
4394, -8727, 516, 516, 6345
4394, -8727, 516, 516, 6345
4394, -8727, 515, 515, 6345
4396, -8727, 517, 517, 6340
4394, -8727, 516, 516, 6340
4389, -8727, 516, 516, 6340
4389, -8727, 516, 516, 6340
4388, -8726, 516, 516, 6340
4388, -8726, 516, 516, 6340
4391, -8727, 517, 517, 6340
4397, -8726, 517, 517, 6340
4397, -8726, 517, 517, 6340
4398, -8725, 517, 517, 6340
4391, -8727, 517, 517, 6340
4391, -8727, 517, 517, 6340
4393, -8726, 517, 517, 6340
4400, -8725, 518, 518, 6340
4400, -8725, 518, 518, 6340
4569, -8699, 613, 613, 6340
4559, -8701, 684, 684, 6340
4559, -8701, 684, 684, 6340
4557, -8702, 681, 681, 6340
4556, -8702, 679, 679, 6340
4555, -8702, 679, 679, 6340
4555, -8702, 679, 679, 6340
4554, -8702, 678, 678, 6340
4553, -8702, 677, 677, 6340
4552, -8703, 676, 676, 6340
4553, -8702, 677, 677, 6353
4552, -8703, 676, 676, 6353
4551, -8703, 676, 676, 6353
4552, -8703, 676, 676, 6353
4552, -8703, 675, 675, 6353
4551, -8703, 675, 675, 6353
4551, -8703, 675, 675, 6353
4551, -8703, 675, 675, 6353
4551, -8703, 675, 675, 6353
4550, -8704, 674, 674, 6353
4550, -8704, 674, 674, 6353
4549, -8703, 673, 673, 6353
4550, -8704, 673, 673, 6353
4551, -8703, 674, 674, 6353
4550, -8703, 674, 674, 6353
4550, -8703, 674, 674, 6353
4550, -8702, 673, 673, 6353
4550, -8702, 673, 673, 6353
4549, -8703, 672, 672, 6353
4549, -8702, 673, 673, 6353
4549, -8703, 673, 673, 6353
4549, -8703, 673, 673, 6353
4549, -8702, 673, 673, 6353
4549, -8703, 673, 673, 6353
4550, -8702, 673, 673, 6353
4549, -8703, 673, 673, 6353
4549, -8703, 673, 673, 6353
4548, -8704, 673, 673, 6349
4550, -8703, 673, 673, 6349
4550, -8703, 673, 673, 6349
4549, -8703, 672, 672, 6349
4549, -8703, 673, 673, 6349
4549, -8703, 672, 672, 6349
4549, -8703, 672, 672, 6349
4549, -8704, 673, 673, 6349
4550, -8702, 673, 673, 6349
4550, -8702, 673, 673, 6349
4549, -8703, 673, 673, 6349
4549, -8703, 672, 672, 6349
4549, -8703, 672, 672, 6349
4549, -8703, 672, 672, 6349
4548, -8702, 672, 672, 6349
4548, -8702, 672, 672, 6349
4548, -8703, 672, 672, 6349
4548, -8703, 672, 672, 6349
4548, -8703, 672, 672, 6349
4548, -8703, 671, 671, 6349
4548, -8701, 672, 672, 6349
4548, -8702, 672, 672, 6349
4548, -8702, 672, 672, 6349
4548, -8702, 672, 672, 6349
4549, -8702, 672, 672, 6349
4549, -8702, 672, 672, 6349
4548, -8704, 673, 673, 6345
4548, -8702, 672, 672, 6345
4549, -8702, 672, 672, 6345
4549, -8702, 672, 672, 6345
4549, -8702, 672, 672, 6345
4549, -8701, 672, 672, 6345
4549, -8702, 672, 672, 6345
4549, -8702, 673, 673, 6345
4550, -8702, 672, 672, 6345
4549, -8702, 673, 673, 6345
4550, -8702, 672, 672, 6345
4549, -8702, 673, 673, 6345
4549, -8702, 673, 673, 6345
4549, -8702, 672, 672, 6345
4549, -8700, 672, 672, 6345
4548, -8701, 672, 672, 6345
4549, -8702, 673, 673, 6345
4549, -8701, 672, 672, 6345
4548, -8702, 672, 672, 6345
4549, -8702, 672, 672, 6345
4549, -8701, 673, 673, 6340
4549, -8701, 673, 673, 6340
4549, -8702, 673, 673, 6340
4549, -8702, 673, 673, 6340
4549, -8702, 673, 673, 6340
4549, -8702, 673, 673, 6340
4549, -8702, 673, 673, 6340
4550, -8702, 672, 672, 6340
4549, -8702, 672, 672, 6340
4549, -8702, 673, 673, 6340
4549, -8701, 673, 673, 6340
4549, -8701, 673, 673, 6340
4549, -8701, 673, 673, 6340
4549, -8701, 673, 673, 6340
4549, -8700, 673, 673, 6340
4549, -8701, 673, 673, 6340
4549, -8701, 673, 673, 6340
4549, -8701, 673, 673, 6340
4549, -8702, 673, 673, 6340
4551, -8700, 673, 673, 6340
4549, -8700, 673, 673, 6340
4550, -8701, 673, 673, 6340
4550, -8701, 673, 673, 6340
4550, -8701, 673, 673, 6340
4550, -8700, 673, 673, 6340
4550, -8701, 673, 673, 6340
4550, -8700, 673, 673, 6351
4549, -8701, 673, 673, 6351
4550, -8700, 673, 673, 6351
4549, -8701, 673, 673, 6351
4549, -8700, 673, 673, 6351
4550, -8701, 673, 673, 6351
4550, -8701, 673, 673, 6351
4550, -8701, 674, 674, 6351
4550, -8701, 674, 674, 6351
4550, -8700, 674, 674, 6351
4551, -8700, 674, 674, 6351
4551, -8700, 674, 674, 6351
4550, -8699, 673, 673, 6351
4419, -8725, 511, 511, 6351
4419, -8725, 511, 511, 6351
4387, -8724, 506, 506, 6351
4387, -8724, 506, 506, 6351
4386, -8724, 508, 508, 6351
4387, -8723, 510, 510, 6351
4387, -8723, 511, 511, 6351
4387, -8723, 511, 511, 6351
4388, -8721, 513, 513, 6351
4386, -8723, 513, 513, 6351
4387, -8723, 514, 514, 6351
4396, -8722, 516, 516, 6355
4396, -8722, 516, 516, 6355
4396, -8722, 516, 516, 6355
4396, -8723, 516, 516, 6355
4397, -8721, 517, 517, 6355
4397, -8721, 517, 517, 6355
4397, -8722, 517, 517, 6355
4392, -8721, 517, 517, 6355
4392, -8722, 518, 518, 6355
4392, -8721, 518, 518, 6355
4392, -8721, 518, 518, 6355
4398, -8721, 518, 518, 6355
4400, -8721, 519, 519, 6355
4397, -8721, 519, 519, 6355
4397, -8721, 519, 519, 6355
4398, -8721, 520, 520, 6355
4391, -8721, 520, 520, 6355
4397, -8720, 520, 520, 6355
4392, -8721, 520, 520, 6355
4394, -8720, 522, 522, 6355
4394, -8720, 522, 522, 6355
4394, -8721, 521, 521, 6355
4394, -8721, 522, 522, 6355
4399, -8721, 521, 521, 6355
4400, -8720, 522, 522, 6355
4399, -8720, 523, 523, 6355
4399, -8720, 523, 523, 6355
4397, -8721, 522, 522, 6355
4396, -8720, 522, 522, 6355
4395, -8720, 522, 522, 6355
4395, -8720, 522, 522, 6355
4396, -8721, 523, 523, 6355
4398, -8720, 523, 523, 6355
4403, -8720, 523, 523, 6355
4403, -8720, 522, 522, 6355
4402, -8719, 523, 523, 6355
4401, -8719, 524, 524, 6355
4401, -8719, 524, 524, 6355
4400, -8719, 524, 524, 6355
4395, -8719, 523, 523, 6355
4397, -8720, 524, 524, 6355
4402, -8719, 524, 524, 6355
4402, -8719, 524, 524, 6355
4403, -8720, 525, 525, 6355
4404, -8718, 525, 525, 6355
4404, -8718, 525, 525, 6355
4405, -8718, 525, 525, 6355
4405, -8718, 525, 525, 6355
4400, -8719, 526, 526, 6355
4405, -8719, 525, 525, 6353
4405, -8719, 525, 525, 6353
4405, -8719, 525, 525, 6353
4404, -8718, 524, 524, 6353
4398, -8719, 525, 525, 6353
4401, -8719, 526, 526, 6353
4401, -8718, 526, 526, 6353
4401, -8719, 525, 525, 6353
4403, -8718, 526, 526, 6353
4407, -8717, 526, 526, 6353
4407, -8717, 526, 526, 6353
4407, -8717, 527, 527, 6353
4401, -8718, 526, 526, 6353
4402, -8718, 527, 527, 6353
4400, -8718, 527, 527, 6353
4401, -8718, 527, 527, 6353
4401, -8718, 527, 527, 6353
4400, -8719, 526, 526, 6353
4407, -8717, 526, 526, 6353
4407, -8717, 526, 526, 6353
4406, -8718, 526, 526, 6353
4404, -8718, 527, 527, 6353
4404, -8718, 527, 527, 6353
4404, -8718, 528, 528, 6353
4403, -8718, 527, 527, 6353
4403, -8718, 527, 527, 6353
4408, -8716, 528, 528, 6353
4403, -8717, 528, 528, 6353
4404, -8717, 528, 528, 6353
4404, -8717, 528, 528, 6353
4401, -8717, 528, 528, 6353
4401, -8717, 528, 528, 6353
4408, -8716, 528, 528, 6353
4407, -8716, 528, 528, 6353
4408, -8717, 528, 528, 6353
4408, -8717, 528, 528, 6353
4408, -8717, 528, 528, 6353
4406, -8716, 528, 528, 6353
4400, -8716, 528, 528, 6353
4400, -8716, 528, 528, 6353
4404, -8717, 528, 528, 6353
4410, -8716, 529, 529, 6353
4410, -8716, 529, 529, 6353
4405, -8717, 529, 529, 6353
4404, -8715, 529, 529, 6353
4404, -8715, 529, 529, 6353
4402, -8716, 529, 529, 6357
4585, -8691, 590, 590, 6357
4576, -8692, 703, 703, 6357
4576, -8692, 703, 703, 6357
4570, -8692, 694, 694, 6357
4570, -8692, 694, 694, 6357
4568, -8692, 692, 692, 6357
4567, -8692, 691, 691, 6357
4567, -8692, 691, 691, 6357
4566, -8694, 689, 689, 6357
4566, -8694, 689, 689, 6357
4565, -8693, 689, 689, 6357
4565, -8694, 688, 688, 6357
4564, -8693, 688, 688, 6357
4564, -8693, 688, 688, 6357
4564, -8694, 687, 687, 6357
4564, -8694, 687, 687, 6357
4563, -8694, 686, 686, 6357
4563, -8694, 686, 686, 6357
4562, -8694, 686, 686, 6357
4562, -8694, 686, 686, 6357
4562, -8694, 686, 686, 6357
4562, -8694, 686, 686, 6357
4562, -8694, 685, 685, 6357
4562, -8694, 685, 685, 6357
4561, -8693, 685, 685, 6357
4561, -8693, 685, 685, 6357
4562, -8695, 685, 685, 6357
4561, -8695, 685, 685, 6357
4561, -8694, 685, 685, 6357
4561, -8694, 684, 684, 6357
4561, -8695, 684, 684, 6357
4561, -8694, 684, 684, 6357
4561, -8694, 684, 684, 6357
4561, -8694, 684, 684, 6357
4560, -8694, 684, 684, 6357
4560, -8694, 684, 684, 6357
4560, -8693, 684, 684, 6357
4560, -8693, 684, 684, 6357
4560, -8694, 684, 684, 6357
4560, -8694, 684, 684, 6357
4561, -8694, 684, 684, 6357
4560, -8694, 684, 684, 6357
4560, -8694, 684, 684, 6357
4560, -8694, 684, 684, 6357
4560, -8693, 683, 683, 6357
4560, -8693, 683, 683, 6357
4560, -8694, 683, 683, 6357
4560, -8693, 683, 683, 6357
4559, -8694, 683, 683, 6357
4558, -8695, 683, 683, 6365
4558, -8695, 683, 683, 6365
4559, -8693, 683, 683, 6365
4560, -8695, 683, 683, 6365
4560, -8694, 684, 684, 6365
4560, -8694, 684, 684, 6365
4560, -8694, 683, 683, 6365
4560, -8695, 683, 683, 6365
4560, -8695, 683, 683, 6365
4559, -8694, 683, 683, 6365
4559, -8694, 683, 683, 6365
4559, -8694, 683, 683, 6365
4559, -8694, 683, 683, 6365
4559, -8694, 683, 683, 6365
4559, -8694, 683, 683, 6365
4559, -8693, 683, 683, 6365
4559, -8693, 683, 683, 6365
4559, -8694, 683, 683, 6365
4559, -8693, 682, 682, 6365
4559, -8693, 682, 682, 6365
4559, -8693, 682, 682, 6365
4559, -8693, 682, 682, 6365
4559, -8693, 683, 683, 6365
4559, -8694, 682, 682, 6365
4559, -8692, 683, 683, 6365
4559, -8692, 683, 683, 6365
4559, -8694, 682, 682, 6365
4559, -8694, 682, 682, 6363
4559, -8694, 682, 682, 6363
4558, -8694, 682, 682, 6363
4558, -8694, 682, 682, 6363
4558, -8693, 682, 682, 6363
4559, -8693, 682, 682, 6363
4559, -8693, 682, 682, 6363
4559, -8694, 682, 682, 6363
4559, -8693, 683, 683, 6363
4559, -8693, 683, 683, 6363
4559, -8693, 683, 683, 6363
4560, -8693, 683, 683, 6363
4559, -8693, 683, 683, 6363
4559, -8693, 683, 683, 6363
4559, -8693, 683, 683, 6363
4559, -8693, 682, 682, 6363
4559, -8693, 682, 682, 6363
4559, -8693, 683, 683, 6363
4559, -8694, 683, 683, 6363
4559, -8693, 682, 682, 6363
4559, -8693, 683, 683, 6363
4559, -8693, 683, 683, 6363
4559, -8693, 683, 683, 6363
4559, -8692, 682, 682, 6363
4560, -8693, 683, 683, 6363
4560, -8693, 683, 683, 6363
4560, -8692, 683, 683, 6363
4560, -8692, 683, 683, 6363
4559, -8694, 683, 683, 6355
4559, -8692, 683, 683, 6355
4560, -8693, 683, 683, 6355
4559, -8694, 683, 683, 6355
4559, -8694, 683, 683, 6355
4559, -8693, 683, 683, 6355
4559, -8693, 683, 683, 6355
4559, -8693, 683, 683, 6355
4559, -8692, 682, 682, 6355
4559, -8693, 683, 683, 6355
4559, -8693, 683, 683, 6355
4560, -8693, 683, 683, 6355
4560, -8693, 683, 683, 6355
4559, -8693, 683, 683, 6355
4560, -8692, 683, 683, 6355
4559, -8692, 683, 683, 6355
4560, -8693, 683, 683, 6355
4559, -8693, 683, 683, 6355
4559, -8692, 683, 683, 6355
4560, -8692, 683, 683, 6355
4560, -8692, 683, 683, 6355
4560, -8692, 683, 683, 6355
4560, -8692, 684, 684, 6355
4559, -8691, 683, 683, 6355
4560, -8693, 683, 683, 6355
4562, -8692, 684, 684, 6357
4559, -8693, 683, 683, 6357
4390, -8717, 507, 507, 6357
4390, -8717, 507, 507, 6357
4392, -8716, 519, 519, 6357
4392, -8716, 519, 519, 6357
4394, -8716, 519, 519, 6357
4395, -8716, 522, 522, 6357
4395, -8715, 522, 522, 6357
4395, -8715, 522, 522, 6357
4399, -8717, 524, 524, 6357
4399, -8717, 524, 524, 6357
4400, -8715, 525, 525, 6357
4400, -8715, 525, 525, 6357
4401, -8715, 526, 526, 6357
4404, -8715, 526, 526, 6357
4404, -8715, 526, 526, 6357
4407, -8715, 527, 527, 6357
4402, -8714, 527, 527, 6357
4402, -8714, 527, 527, 6357
4404, -8714, 528, 528, 6357
4400, -8714, 527, 527, 6357
4400, -8714, 527, 527, 6357
4402, -8714, 528, 528, 6357
4408, -8713, 528, 528, 6357
4408, -8713, 528, 528, 6357
4409, -8712, 530, 530, 6355
4405, -8713, 529, 529, 6355
4405, -8713, 529, 529, 6355
4402, -8714, 529, 529, 6355
4402, -8714, 529, 529, 6355
4404, -8714, 530, 530, 6355
4409, -8713, 529, 529, 6355
4409, -8713, 529, 529, 6355
4410, -8713, 530, 530, 6355
4410, -8713, 530, 530, 6355
4407, -8712, 531, 531, 6355
4406, -8713, 531, 531, 6355
4404, -8714, 531, 531, 6355
4404, -8714, 531, 531, 6355
4403, -8713, 531, 531, 6355
4404, -8714, 531, 531, 6355
4405, -8713, 531, 531, 6355
4412, -8713, 532, 532, 6355
4412, -8712, 532, 532, 6355
4412, -8712, 532, 532, 6355
4412, -8712, 532, 532, 6355
4411, -8713, 531, 531, 6355
4413, -8712, 532, 532, 6355
4410, -8713, 532, 532, 6355
4410, -8713, 532, 532, 6355
4408, -8712, 533, 533, 6361
4408, -8712, 533, 533, 6361
4405, -8712, 533, 533, 6361
4407, -8713, 532, 532, 6361
4409, -8713, 533, 533, 6361
4409, -8713, 533, 533, 6361
4414, -8711, 533, 533, 6361
4414, -8712, 533, 533, 6361
4409, -8712, 533, 533, 6361
4409, -8712, 533, 533, 6361
4409, -8712, 533, 533, 6361
4406, -8712, 533, 533, 6361
4407, -8712, 534, 534, 6361
4413, -8712, 534, 534, 6361
4413, -8711, 534, 534, 6361
4413, -8711, 534, 534, 6361
4413, -8711, 534, 534, 6361
4413, -8712, 534, 534, 6361
4413, -8711, 535, 535, 6361
4412, -8711, 534, 534, 6361
4412, -8711, 534, 534, 6361
4406, -8712, 534, 534, 6361
4408, -8712, 535, 535, 6361
4412, -8711, 535, 535, 6361
4412, -8711, 535, 535, 6361
4415, -8710, 535, 535, 6359
4416, -8710, 537, 537, 6359
4414, -8710, 536, 536, 6359
4408, -8712, 536, 536, 6359
4408, -8712, 536, 536, 6359
4409, -8712, 536, 536, 6359
4409, -8712, 536, 536, 6359
4414, -8711, 536, 536, 6359
4414, -8711, 536, 536, 6359
4417, -8711, 536, 536, 6359
4410, -8711, 536, 536, 6359
4410, -8711, 536, 536, 6359
4409, -8710, 536, 536, 6359
4416, -8711, 536, 536, 6359
4409, -8711, 536, 536, 6359
4409, -8711, 537, 537, 6359
4409, -8711, 537, 537, 6359
4409, -8711, 536, 536, 6359
4409, -8711, 537, 537, 6359
4409, -8711, 537, 537, 6359
4415, -8711, 537, 537, 6359
4415, -8711, 537, 537, 6359
4418, -8710, 539, 539, 6353
4415, -8711, 537, 537, 6353
4416, -8711, 537, 537, 6353
4410, -8711, 537, 537, 6353
4411, -8711, 537, 537, 6353
4414, -8710, 538, 538, 6353
4415, -8711, 537, 537, 6353
4416, -8712, 537, 537, 6353
4416, -8712, 537, 537, 6353
4416, -8710, 537, 537, 6353
4417, -8711, 538, 538, 6353
4417, -8710, 538, 538, 6353
4418, -8711, 538, 538, 6353
4418, -8711, 538, 538, 6353
4578, -8686, 702, 702, 6353
4578, -8686, 702, 702, 6353
4577, -8687, 701, 701, 6353
4576, -8686, 699, 699, 6353
4575, -8686, 699, 699, 6353
4575, -8687, 698, 698, 6353
4574, -8686, 698, 698, 6353
4573, -8687, 697, 697, 6355
4572, -8687, 695, 695, 6355
4572, -8687, 695, 695, 6355
4572, -8687, 696, 696, 6355
4572, -8687, 696, 696, 6355
4571, -8687, 695, 695, 6355
4571, -8687, 695, 695, 6355
4570, -8686, 694, 694, 6355
4572, -8686, 695, 695, 6355
4570, -8688, 694, 694, 6355
4570, -8688, 694, 694, 6355
4571, -8687, 694, 694, 6355
4571, -8687, 694, 694, 6355
4571, -8688, 694, 694, 6355
4569, -8687, 694, 694, 6355
4569, -8687, 694, 694, 6355
4570, -8687, 693, 693, 6355
4570, -8688, 693, 693, 6355
4570, -8688, 694, 694, 6355
4570, -8688, 694, 694, 6355
4571, -8688, 693, 693, 6355
4571, -8688, 693, 693, 6355
4569, -8688, 693, 693, 6355
4569, -8688, 693, 693, 6355
4568, -8688, 692, 692, 6355
4569, -8687, 692, 692, 6355
4569, -8687, 692, 692, 6355
4570, -8687, 693, 693, 6359
4568, -8689, 692, 692, 6359
4568, -8688, 692, 692, 6359
4568, -8688, 692, 692, 6359
4569, -8688, 692, 692, 6359
4568, -8687, 692, 692, 6359
4569, -8688, 692, 692, 6359
4568, -8688, 692, 692, 6359
4568, -8688, 692, 692, 6359
4569, -8688, 692, 692, 6359
4569, -8688, 692, 692, 6359
4568, -8688, 691, 691, 6359
4567, -8688, 691, 691, 6359
4568, -8688, 691, 691, 6359
4568, -8688, 691, 691, 6359
4567, -8687, 691, 691, 6359
4567, -8687, 691, 691, 6359
4567, -8688, 691, 691, 6359
4568, -8688, 691, 691, 6359
4568, -8688, 692, 692, 6359
4568, -8688, 692, 692, 6359
4568, -8688, 692, 692, 6359
4568, -8687, 692, 692, 6359
4567, -8687, 691, 691, 6359
4568, -8687, 691, 691, 6359
4567, -8687, 690, 690, 6359
4566, -8689, 691, 691, 6365
4566, -8689, 691, 691, 6365
4567, -8687, 690, 690, 6365
4568, -8688, 691, 691, 6365
4567, -8688, 691, 691, 6365
4567, -8688, 691, 691, 6365
4567, -8687, 691, 691, 6365
4567, -8687, 690, 690, 6365
4567, -8687, 690, 690, 6365
4566, -8687, 691, 691, 6365
4567, -8687, 691, 691, 6365
4567, -8687, 691, 691, 6365
4567, -8687, 691, 691, 6365
4567, -8687, 691, 691, 6365
4567, -8687, 691, 691, 6365
4567, -8687, 691, 691, 6365
4567, -8686, 691, 691, 6365
4567, -8688, 691, 691, 6365
4567, -8687, 691, 691, 6365
4567, -8688, 691, 691, 6365
4566, -8688, 690, 690, 6365
4566, -8687, 690, 690, 6365
4566, -8688, 690, 690, 6365
4567, -8688, 690, 690, 6365
4567, -8688, 690, 690, 6365
4567, -8688, 690, 690, 6365
4567, -8687, 691, 691, 6365
4566, -8689, 691, 691, 6357
4566, -8688, 690, 690, 6357
4566, -8688, 690, 690, 6357
4566, -8688, 690, 690, 6357
4567, -8687, 691, 691, 6357
4568, -8687, 691, 691, 6357
4567, -8687, 691, 691, 6357
4568, -8688, 691, 691, 6357
4567, -8687, 691, 691, 6357
4567, -8686, 691, 691, 6357
4567, -8688, 690, 690, 6357
4567, -8688, 690, 690, 6357
4567, -8688, 690, 690, 6357
4567, -8687, 690, 690, 6357
4566, -8687, 690, 690, 6357
4566, -8687, 690, 690, 6357
4567, -8687, 691, 691, 6357
4567, -8687, 691, 691, 6357
4567, -8687, 691, 691, 6357
4567, -8687, 691, 691, 6357
4566, -8688, 690, 690, 6357
4567, -8687, 690, 690, 6357
4567, -8687, 691, 691, 6357
4567, -8687, 691, 691, 6357
4567, -8687, 691, 691, 6357
4566, -8687, 690, 690, 6357
4566, -8688, 690, 690, 6355
4566, -8688, 690, 690, 6355
4566, -8687, 690, 690, 6355
4565, -8687, 690, 690, 6355
4567, -8687, 690, 690, 6355
4566, -8688, 690, 690, 6355
4567, -8688, 691, 691, 6355
4566, -8688, 690, 690, 6355
4566, -8687, 689, 689, 6355
4566, -8687, 689, 689, 6355
4566, -8688, 690, 690, 6355
4566, -8688, 690, 690, 6355
4354, -8723, 578, 578, 6355
4400, -8711, 522, 522, 6355
4400, -8711, 522, 522, 6355
4407, -8710, 527, 527, 6355
4409, -8710, 528, 528, 6355
4409, -8710, 528, 528, 6355
4408, -8710, 528, 528, 6355
4407, -8709, 530, 530, 6355
4407, -8709, 530, 530, 6355
4406, -8709, 532, 532, 6355
4406, -8709, 532, 532, 6355
4407, -8709, 532, 532, 6355
4408, -8709, 533, 533, 6357
4410, -8709, 533, 533, 6357
4415, -8708, 534, 534, 6357
4415, -8708, 534, 534, 6357
4414, -8708, 534, 534, 6357
4410, -8708, 534, 534, 6357
4410, -8709, 535, 535, 6357
4408, -8709, 534, 534, 6357
4408, -8708, 535, 535, 6357
4408, -8708, 535, 535, 6357
4410, -8708, 535, 535, 6357
4416, -8708, 537, 537, 6357
4415, -8709, 535, 535, 6357
4414, -8708, 537, 537, 6357
4416, -8708, 537, 537, 6357
4412, -8709, 538, 538, 6357
4412, -8709, 538, 538, 6357
4413, -8708, 538, 538, 6357
4418, -8707, 538, 538, 6357
4418, -8707, 538, 538, 6357
4415, -8706, 537, 537, 6357
4414, -8708, 539, 539, 6355
4414, -8708, 539, 539, 6355
4413, -8708, 539, 539, 6355
4413, -8709, 539, 539, 6355
4414, -8708, 539, 539, 6355
4415, -8708, 539, 539, 6355
4415, -8708, 539, 539, 6355
4418, -8707, 538, 538, 6355
4418, -8707, 538, 538, 6355
4419, -8707, 539, 539, 6355
4414, -8708, 539, 539, 6355
4413, -8707, 539, 539, 6355
4413, -8708, 540, 540, 6355
4413, -8708, 540, 540, 6355
4414, -8708, 540, 540, 6355
4414, -8708, 540, 540, 6355
4418, -8706, 540, 540, 6355
4418, -8706, 540, 540, 6355
4419, -8706, 539, 539, 6355
4416, -8707, 540, 540, 6355
4416, -8707, 540, 540, 6355
4418, -8707, 541, 541, 6355
4417, -8707, 541, 541, 6355
4416, -8707, 540, 540, 6355
4414, -8708, 541, 541, 6355
4414, -8708, 541, 541, 6355
4413, -8708, 540, 540, 6355
4418, -8707, 540, 540, 6359
4420, -8706, 540, 540, 6359
4420, -8706, 540, 540, 6359
4421, -8707, 541, 541, 6359
4415, -8707, 542, 542, 6359
4416, -8708, 542, 542, 6359
4416, -8707, 542, 542, 6359
4416, -8707, 542, 542, 6359
4417, -8707, 542, 542, 6359
4420, -8706, 541, 541, 6359
4422, -8705, 542, 542, 6359
4422, -8705, 542, 542, 6359
4422, -8706, 542, 542, 6359
4421, -8706, 542, 542, 6359
4418, -8707, 542, 542, 6359
4416, -8707, 542, 542, 6359
4418, -8705, 543, 543, 6359
4418, -8707, 543, 543, 6359
4417, -8706, 543, 543, 6359
4417, -8706, 543, 543, 6359
4416, -8706, 543, 543, 6359
4416, -8706, 543, 543, 6355
4422, -8707, 543, 543, 6355
4422, -8707, 543, 543, 6355
4423, -8705, 543, 543, 6355
4421, -8706, 542, 542, 6355
4421, -8706, 542, 542, 6355
4422, -8706, 543, 543, 6355
4416, -8707, 543, 543, 6355
4416, -8706, 544, 544, 6355
4419, -8707, 543, 543, 6355
4420, -8706, 544, 544, 6355
4420, -8706, 544, 544, 6355
4424, -8706, 543, 543, 6355
4420, -8706, 544, 544, 6355
4420, -8706, 544, 544, 6355
4419, -8705, 544, 544, 6355
4419, -8705, 544, 544, 6355
4418, -8705, 543, 543, 6355
4417, -8705, 544, 544, 6355
4417, -8705, 544, 544, 6355
4418, -8706, 544, 544, 6355
4418, -8706, 544, 544, 6355
4419, -8707, 544, 544, 6355
4424, -8705, 544, 544, 6355
4421, -8705, 545, 545, 6355
4421, -8705, 545, 545, 6355
4413, -8703, 546, 546, 6355
4591, -8681, 717, 717, 6355
4591, -8681, 717, 717, 6355
4586, -8682, 711, 711, 6355
4585, -8681, 709, 709, 6355
4585, -8682, 708, 708, 6355
4583, -8682, 707, 707, 6355
4582, -8683, 705, 705, 6355
4582, -8683, 705, 705, 6355
4581, -8682, 704, 704, 6355
4579, -8682, 704, 704, 6355
4579, -8683, 703, 703, 6355
4579, -8682, 703, 703, 6355
4578, -8683, 702, 702, 6355
4578, -8683, 702, 702, 6355
4577, -8683, 701, 701, 6355
4577, -8683, 701, 701, 6355
4577, -8683, 701, 701, 6355
4576, -8684, 700, 700, 6355
4577, -8683, 700, 700, 6355
4577, -8683, 700, 700, 6355
4577, -8683, 700, 700, 6355
4576, -8683, 700, 700, 6355
4577, -8684, 700, 700, 6355
4577, -8684, 700, 700, 6355
4576, -8684, 700, 700, 6355
4576, -8684, 699, 699, 6357
4576, -8684, 699, 699, 6357
4576, -8684, 699, 699, 6357
4575, -8685, 699, 699, 6357
4575, -8685, 699, 699, 6357
4575, -8684, 699, 699, 6357
4574, -8683, 698, 698, 6357
4574, -8683, 698, 698, 6357
4575, -8684, 698, 698, 6357
4574, -8684, 698, 698, 6357
4575, -8684, 698, 698, 6357
4575, -8683, 698, 698, 6357
4574, -8684, 698, 698, 6357
4574, -8684, 697, 697, 6357
4574, -8684, 697, 697, 6357
4574, -8684, 697, 697, 6357
4574, -8684, 697, 697, 6357
4575, -8684, 698, 698, 6357
4573, -8683, 697, 697, 6357
4573, -8684, 697, 697, 6357
4574, -8684, 697, 697, 6357
4573, -8684, 697, 697, 6355
4573, -8684, 697, 697, 6355
4573, -8684, 697, 697, 6355
4574, -8684, 698, 698, 6355
4574, -8684, 698, 698, 6355
4573, -8683, 697, 697, 6355
4573, -8684, 697, 697, 6355
4573, -8684, 696, 696, 6355
4574, -8684, 697, 697, 6355
4572, -8684, 696, 696, 6355
4573, -8684, 696, 696, 6355
4572, -8685, 697, 697, 6355
4572, -8685, 697, 697, 6355
4573, -8684, 696, 696, 6355
4573, -8684, 696, 696, 6355
4572, -8684, 696, 696, 6355
4572, -8683, 696, 696, 6355
4572, -8684, 696, 696, 6355
4572, -8684, 696, 696, 6355
4573, -8685, 696, 696, 6355
4573, -8684, 696, 696, 6353
4573, -8684, 696, 696, 6353
4572, -8684, 696, 696, 6353
4573, -8685, 696, 696, 6353
4573, -8685, 696, 696, 6353
4572, -8684, 696, 696, 6353
4572, -8684, 696, 696, 6353
4572, -8684, 696, 696, 6353
4572, -8684, 696, 696, 6353
4573, -8684, 696, 696, 6353
4572, -8684, 696, 696, 6353
4572, -8684, 696, 696, 6353
4572, -8684, 696, 696, 6353
4573, -8684, 696, 696, 6353
4572, -8684, 695, 695, 6353
4571, -8684, 695, 695, 6353
4572, -8683, 696, 696, 6353
4572, -8683, 696, 696, 6353
4572, -8685, 696, 696, 6353
4571, -8684, 695, 695, 6353
4571, -8685, 696, 696, 6353
4571, -8685, 696, 696, 6353
4572, -8683, 696, 696, 6353
4572, -8683, 696, 696, 6353
4572, -8684, 696, 696, 6353
4572, -8683, 696, 696, 6353
4572, -8685, 696, 696, 6353
4572, -8684, 695, 695, 6353
4572, -8684, 696, 696, 6353
4572, -8684, 696, 696, 6353
4572, -8684, 696, 696, 6353
4573, -8684, 696, 696, 6353
4572, -8684, 696, 696, 6353
4572, -8684, 696, 696, 6353
4572, -8684, 695, 695, 6353
4572, -8683, 696, 696, 6353
4571, -8683, 696, 696, 6353
4571, -8684, 695, 695, 6353
4573, -8684, 696, 696, 6353
4571, -8683, 696, 696, 6353
4571, -8683, 696, 696, 6353
4572, -8684, 696, 696, 6353
4573, -8683, 696, 696, 6353
4573, -8683, 696, 696, 6353
4572, -8684, 695, 695, 6353
4572, -8684, 695, 695, 6353
4491, -8700, 675, 675, 6353
4399, -8709, 526, 526, 6353
4399, -8709, 526, 526, 6353
4405, -8708, 530, 530, 6353
4405, -8708, 530, 530, 6353
4408, -8707, 532, 532, 6353
4414, -8707, 534, 534, 6353
4412, -8707, 534, 534, 6353
4412, -8707, 534, 534, 6353
4413, -8707, 535, 535, 6353
4412, -8706, 536, 536, 6353
4410, -8708, 537, 537, 6353
4415, -8707, 538, 538, 6353
4415, -8707, 538, 538, 6353
4411, -8706, 538, 538, 6353
4418, -8707, 538, 538, 6353
4419, -8706, 540, 540, 6353
4419, -8706, 540, 540, 6353
4418, -8706, 539, 539, 6353
4418, -8706, 539, 539, 6353
4412, -8706, 540, 540, 6353
4414, -8706, 540, 540, 6353
4416, -8705, 541, 541, 6353
4416, -8705, 541, 541, 6353
4418, -8706, 541, 541, 6353
4420, -8705, 540, 540, 6353
4416, -8706, 541, 541, 6353
4416, -8706, 541, 541, 6353
4414, -8705, 541, 541, 6357
4414, -8706, 541, 541, 6357
4415, -8706, 542, 542, 6357
4419, -8706, 543, 543, 6357
4419, -8706, 543, 543, 6357
4422, -8706, 542, 542, 6357
4422, -8706, 542, 542, 6357
4417, -8705, 543, 543, 6357
4416, -8705, 542, 542, 6357
4416, -8705, 542, 542, 6357
4419, -8704, 542, 542, 6357
4416, -8706, 543, 543, 6357
4415, -8705, 543, 543, 6357
4419, -8705, 543, 543, 6357
4419, -8705, 543, 543, 6357
4420, -8705, 543, 543, 6357
4420, -8705, 543, 543, 6357
4420, -8706, 544, 544, 6357
4423, -8704, 544, 544, 6357
4419, -8704, 544, 544, 6357
4419, -8704, 544, 544, 6357
4418, -8705, 544, 544, 6357
4420, -8705, 545, 545, 6357
4417, -8705, 545, 545, 6353
4417, -8705, 545, 545, 6353
4416, -8705, 544, 544, 6353
4424, -8704, 545, 545, 6353
4424, -8704, 545, 545, 6353
4423, -8704, 544, 544, 6353
4424, -8703, 544, 544, 6353
4423, -8704, 545, 545, 6353
4422, -8704, 545, 545, 6353
4422, -8704, 545, 545, 6353
4417, -8704, 545, 545, 6353
4421, -8704, 545, 545, 6353
4421, -8704, 545, 545, 6353
4421, -8703, 545, 545, 6353
4424, -8703, 544, 544, 6353
4424, -8702, 545, 545, 6353
4426, -8703, 545, 545, 6353
4425, -8703, 546, 546, 6353
4425, -8703, 546, 546, 6353
4424, -8704, 545, 545, 6353
4424, -8703, 546, 546, 6353
4424, -8704, 546, 546, 6353
4419, -8704, 546, 546, 6353
4423, -8703, 546, 546, 6353
4423, -8703, 546, 546, 6353
4421, -8704, 547, 547, 6355
4421, -8704, 547, 547, 6355
4422, -8705, 546, 546, 6355
4422, -8705, 546, 546, 6355
4422, -8704, 547, 547, 6355
4425, -8703, 546, 546, 6355
4426, -8703, 547, 547, 6355
4426, -8702, 546, 546, 6355
4422, -8704, 547, 547, 6355
4424, -8703, 546, 546, 6355
4421, -8703, 547, 547, 6355
4421, -8703, 547, 547, 6355
4424, -8704, 547, 547, 6355
4424, -8704, 547, 547, 6355
4425, -8703, 547, 547, 6355
4425, -8703, 547, 547, 6355
4424, -8702, 547, 547, 6355
4426, -8703, 547, 547, 6355
4427, -8703, 547, 547, 6355
4427, -8703, 547, 547, 6355
4425, -8703, 547, 547, 6355
4421, -8702, 548, 548, 6355
4421, -8702, 548, 548, 6355
4425, -8703, 548, 548, 6355
4422, -8704, 548, 548, 6355
4426, -8704, 548, 548, 6355
4425, -8704, 547, 547, 6355
4425, -8703, 548, 548, 6355
4425, -8703, 548, 548, 6355
4425, -8703, 548, 548, 6355
4423, -8702, 547, 547, 6355
4423, -8702, 547, 547, 6355
4425, -8702, 549, 549, 6355
4438, -8702, 551, 551, 6355
4438, -8702, 551, 551, 6355
4600, -8679, 635, 635, 6355
4591, -8680, 715, 715, 6355
4588, -8680, 712, 712, 6355
4588, -8680, 711, 711, 6355
4586, -8679, 710, 710, 6355
4586, -8679, 710, 710, 6355
4585, -8680, 709, 709, 6355
4584, -8680, 708, 708, 6355
4584, -8681, 708, 708, 6355
4584, -8681, 708, 708, 6355
4583, -8680, 707, 707, 6355
4583, -8681, 707, 707, 6355
4583, -8680, 707, 707, 6357
4583, -8680, 707, 707, 6357
4581, -8682, 705, 705, 6357
4581, -8679, 705, 705, 6357
4581, -8679, 705, 705, 6357
4581, -8681, 704, 704, 6357
4581, -8681, 704, 704, 6357
4581, -8681, 704, 704, 6357
4580, -8681, 704, 704, 6357
4579, -8681, 703, 703, 6357
4580, -8681, 704, 704, 6357
4580, -8681, 704, 704, 6357
4579, -8681, 703, 703, 6357
4579, -8682, 703, 703, 6357
4578, -8681, 702, 702, 6357
4578, -8681, 702, 702, 6357
4578, -8681, 702, 702, 6357
4579, -8681, 702, 702, 6357
4578, -8681, 702, 702, 6357
4578, -8682, 702, 702, 6357
4578, -8682, 702, 702, 6357
4578, -8682, 702, 702, 6357
4578, -8682, 702, 702, 6357
4578, -8682, 701, 701, 6357
4578, -8681, 702, 702, 6357
4578, -8681, 702, 702, 6357
4577, -8683, 702, 702, 6355
4577, -8681, 701, 701, 6355
4578, -8681, 701, 701, 6355
4577, -8682, 701, 701, 6355
4577, -8682, 701, 701, 6355
4577, -8681, 701, 701, 6355
4577, -8682, 701, 701, 6355
4576, -8682, 701, 701, 6355
4577, -8682, 700, 700, 6355
4577, -8682, 701, 701, 6355
4578, -8682, 701, 701, 6355
4578, -8682, 701, 701, 6355
4578, -8683, 701, 701, 6355
4577, -8682, 700, 700, 6355
4576, -8682, 700, 700, 6355
4576, -8682, 700, 700, 6355
4577, -8682, 700, 700, 6355
4577, -8682, 701, 701, 6355
4577, -8681, 700, 700, 6355
4577, -8681, 700, 700, 6355
4577, -8682, 701, 701, 6355
4577, -8683, 701, 701, 6355
4577, -8682, 701, 701, 6355
4576, -8682, 700, 700, 6355
4576, -8682, 700, 700, 6355
4574, -8682, 699, 699, 6355
4574, -8682, 699, 699, 6355
4576, -8683, 699, 699, 6355
4576, -8682, 700, 700, 6355
4576, -8682, 700, 700, 6355
4576, -8682, 700, 700, 6355
4575, -8682, 699, 699, 6355
4575, -8682, 699, 699, 6355
4576, -8682, 699, 699, 6355
4575, -8682, 699, 699, 6355
4575, -8682, 699, 699, 6355
4576, -8682, 700, 700, 6355
4575, -8683, 699, 699, 6355
4575, -8683, 699, 699, 6355
4576, -8682, 699, 699, 6355
4576, -8683, 699, 699, 6355
4575, -8681, 699, 699, 6355
4575, -8681, 699, 699, 6355
4575, -8682, 699, 699, 6355
4575, -8682, 699, 699, 6355
4575, -8683, 699, 699, 6355
4575, -8682, 699, 699, 6355
4575, -8681, 699, 699, 6355
4577, -8681, 699, 699, 6355
4577, -8681, 699, 699, 6355
4576, -8682, 699, 699, 6355
4575, -8683, 700, 700, 6353
4576, -8682, 699, 699, 6353
4575, -8682, 699, 699, 6353
4575, -8682, 698, 698, 6353
4575, -8683, 699, 699, 6353
4575, -8683, 699, 699, 6353
4577, -8682, 700, 700, 6353
4575, -8682, 699, 699, 6353
4575, -8682, 699, 699, 6353
4576, -8682, 699, 699, 6353
4576, -8681, 700, 700, 6353
4575, -8682, 699, 699, 6353
4575, -8682, 699, 699, 6353
4575, -8682, 699, 699, 6353
4575, -8682, 699, 699, 6353
4575, -8683, 698, 698, 6353
4576, -8682, 699, 699, 6353
4576, -8682, 699, 699, 6353
4575, -8681, 699, 699, 6353
4575, -8682, 699, 699, 6353
4575, -8682, 699, 699, 6353
4575, -8682, 699, 699, 6353
4575, -8682, 699, 699, 6353
4576, -8682, 699, 699, 6353
4575, -8684, 699, 699, 6351
4575, -8684, 699, 699, 6351
4576, -8682, 699, 699, 6351
4575, -8682, 699, 699, 6351
4575, -8681, 699, 699, 6351
4576, -8682, 699, 699, 6351
4576, -8682, 699, 699, 6351
4576, -8682, 699, 699, 6351
4576, -8682, 699, 699, 6351
4576, -8682, 699, 699, 6351
4575, -8682, 699, 699, 6351
4575, -8683, 699, 699, 6351
4576, -8683, 699, 699, 6351
4576, -8683, 698, 698, 6351
4576, -8683, 698, 698, 6351
4575, -8682, 699, 699, 6351
4575, -8682, 699, 699, 6351
4575, -8682, 699, 699, 6351
4574, -8682, 698, 698, 6351
4576, -8682, 699, 699, 6351
4575, -8683, 698, 698, 6351
4575, -8682, 699, 699, 6351
4575, -8682, 699, 699, 6351
4574, -8682, 698, 698, 6351
4574, -8682, 698, 698, 6351
4575, -8682, 698, 698, 6351
4575, -8682, 698, 698, 6351
4574, -8682, 698, 698, 6351
4575, -8682, 698, 698, 6359
4575, -8682, 698, 698, 6359
4574, -8682, 698, 698, 6359
4574, -8682, 698, 698, 6359
4575, -8681, 698, 698, 6359
4574, -8682, 698, 698, 6359
4574, -8682, 698, 698, 6359
4574, -8682, 698, 698, 6359
4574, -8683, 698, 698, 6359
4574, -8683, 698, 698, 6359
4574, -8683, 698, 698, 6359
4574, -8683, 698, 698, 6359
4575, -8682, 698, 698, 6359
4574, -8683, 698, 698, 6359
4575, -8683, 698, 698, 6359
4575, -8683, 698, 698, 6359
4574, -8682, 698, 698, 6359
4574, -8683, 698, 698, 6359
4574, -8683, 698, 698, 6359
4575, -8683, 698, 698, 6359
4575, -8683, 698, 698, 6359
4574, -8684, 697, 697, 6359
4574, -8684, 697, 697, 6359
4575, -8683, 698, 698, 6359
4574, -8683, 697, 697, 6363
4573, -8683, 697, 697, 6363
4573, -8683, 697, 697, 6363
4574, -8682, 698, 698, 6363
4574, -8683, 698, 698, 6363
4574, -8683, 698, 698, 6363
4574, -8682, 697, 697, 6363
4574, -8682, 698, 698, 6363
4574, -8683, 698, 698, 6363
4574, -8683, 698, 698, 6363
4574, -8682, 697, 697, 6363
4574, -8683, 698, 698, 6363
4574, -8683, 698, 698, 6363
4574, -8683, 698, 698, 6363
4574, -8682, 698, 698, 6363
4574, -8683, 697, 697, 6363
4573, -8682, 697, 697, 6363
4575, -8682, 698, 698, 6363
4575, -8682, 698, 698, 6363
4575, -8682, 698, 698, 6363
4574, -8682, 697, 697, 6363
4574, -8683, 697, 697, 6363
4574, -8683, 697, 697, 6363
4574, -8683, 698, 698, 6363
4573, -8682, 697, 697, 6363
4575, -8682, 698, 698, 6363
4574, -8683, 697, 697, 6363
4573, -8683, 697, 697, 6363
4573, -8683, 697, 697, 6363
4574, -8682, 698, 698, 6363
4574, -8682, 698, 698, 6363
4574, -8682, 697, 697, 6363
4574, -8682, 697, 697, 6363
4573, -8683, 697, 697, 6363
4575, -8682, 698, 698, 6363
4575, -8683, 698, 698, 6363
4574, -8682, 698, 698, 6363
4574, -8683, 698, 698, 6363
4574, -8683, 698, 698, 6363
4575, -8682, 697, 697, 6363
4574, -8682, 697, 697, 6363
4574, -8682, 697, 697, 6363
4574, -8682, 697, 697, 6363
4574, -8682, 697, 697, 6363
4574, -8684, 697, 697, 6363
4574, -8682, 697, 697, 6363
4574, -8682, 697, 697, 6363
4574, -8683, 697, 697, 6363
4573, -8683, 697, 697, 6363
4574, -8682, 697, 697, 6363
4574, -8682, 697, 697, 6363
4574, -8682, 698, 698, 6363
4574, -8682, 697, 697, 6363
4574, -8683, 697, 697, 6363
4573, -8682, 697, 697, 6363
4573, -8682, 697, 697, 6363
4574, -8683, 697, 697, 6363
4574, -8682, 697, 697, 6363
4574, -8682, 697, 697, 6363
4574, -8682, 697, 697, 6363
4574, -8682, 697, 697, 6363
4574, -8683, 698, 698, 6363
4573, -8682, 697, 697, 6363
4573, -8682, 697, 697, 6363
4574, -8682, 697, 697, 6363
4574, -8682, 697, 697, 6363
4574, -8682, 698, 698, 6363
4574, -8682, 697, 697, 6363
4573, -8682, 697, 697, 6363
4573, -8682, 697, 697, 6363
4573, -8681, 697, 697, 6363
4573, -8683, 697, 697, 6357
4573, -8682, 697, 697, 6357
4574, -8682, 697, 697, 6357
4574, -8682, 697, 697, 6357
4574, -8682, 697, 697, 6357
4574, -8682, 697, 697, 6357
4574, -8682, 697, 697, 6357
4573, -8682, 697, 697, 6357
4574, -8682, 697, 697, 6357
4574, -8682, 697, 697, 6357
4573, -8683, 697, 697, 6357
4574, -8683, 697, 697, 6357
4573, -8681, 697, 697, 6357
4573, -8682, 697, 697, 6357
4574, -8682, 698, 698, 6357
4574, -8683, 697, 697, 6357
4574, -8683, 697, 697, 6357
4574, -8683, 697, 697, 6357
4573, -8682, 697, 697, 6357
4573, -8682, 697, 697, 6357
4574, -8682, 697, 697, 6357
4574, -8682, 697, 697, 6357
4573, -8682, 697, 697, 6357
4573, -8682, 697, 697, 6357
4573, -8683, 697, 697, 6357
4573, -8682, 697, 697, 6357
4573, -8682, 697, 697, 6357
4573, -8682, 697, 697, 6355
4574, -8682, 697, 697, 6355
4574, -8682, 697, 697, 6355
4574, -8682, 697, 697, 6355
4574, -8682, 697, 697, 6355
4574, -8682, 697, 697, 6355
4573, -8682, 697, 697, 6355
4573, -8682, 697, 697, 6355
4574, -8683, 697, 697, 6355
4573, -8682, 697, 697, 6355
4573, -8683, 697, 697, 6355
4573, -8683, 697, 697, 6355
4573, -8683, 697, 697, 6355
4574, -8683, 697, 697, 6355
4574, -8683, 697, 697, 6355
4573, -8683, 698, 698, 6355
4574, -8682, 697, 697, 6355
4574, -8683, 697, 697, 6355
4574, -8683, 697, 697, 6355
4574, -8682, 698, 698, 6355
4574, -8683, 698, 698, 6355
4575, -8682, 698, 698, 6355
4575, -8682, 698, 698, 6355
4573, -8683, 697, 697, 6349
4574, -8683, 697, 697, 6349
4573, -8682, 697, 697, 6349
4573, -8682, 697, 697, 6349
4573, -8682, 697, 697, 6349
4573, -8682, 697, 697, 6349
4573, -8683, 697, 697, 6349
4575, -8683, 698, 698, 6349
4575, -8683, 698, 698, 6349
4574, -8682, 697, 697, 6349
4573, -8683, 697, 697, 6349
4574, -8682, 697, 697, 6349
4574, -8682, 697, 697, 6349
4574, -8683, 697, 697, 6349
4574, -8683, 697, 697, 6349
4573, -8684, 697, 697, 6349
4573, -8684, 697, 697, 6349
4574, -8684, 697, 697, 6349
4573, -8683, 697, 697, 6349
4574, -8683, 697, 697, 6349
4573, -8683, 697, 697, 6349
4573, -8683, 697, 697, 6349
4573, -8683, 697, 697, 6349
4574, -8682, 697, 697, 6349
4574, -8682, 697, 697, 6349
4572, -8683, 697, 697, 6347
4573, -8683, 696, 696, 6347
4573, -8683, 697, 697, 6347
4573, -8683, 697, 697, 6347
4573, -8683, 697, 697, 6347
4574, -8682, 697, 697, 6347
4573, -8683, 697, 697, 6347
4572, -8682, 697, 697, 6347
4574, -8682, 697, 697, 6347
4574, -8682, 697, 697, 6347
4573, -8683, 697, 697, 6347
4572, -8683, 696, 696, 6347
4574, -8682, 697, 697, 6347
4574, -8682, 697, 697, 6347
4574, -8682, 697, 697, 6347
4573, -8683, 697, 697, 6347
4574, -8683, 696, 696, 6347
4573, -8682, 697, 697, 6347
4574, -8682, 697, 697, 6347
4573, -8683, 697, 697, 6347
4573, -8684, 697, 697, 6347
4573, -8682, 696, 696, 6347
4573, -8682, 696, 696, 6347
4572, -8683, 696, 696, 6351
4572, -8683, 696, 696, 6351
4573, -8682, 696, 696, 6351
4574, -8683, 697, 697, 6351
4572, -8682, 696, 696, 6351
4572, -8682, 696, 696, 6351
4573, -8683, 697, 697, 6351
4573, -8683, 697, 697, 6351
4573, -8684, 697, 697, 6351
4574, -8683, 697, 697, 6351
4572, -8682, 696, 696, 6351
4574, -8683, 697, 697, 6351
4574, -8683, 697, 697, 6351
4573, -8683, 696, 696, 6351
4573, -8683, 696, 696, 6351
4573, -8682, 696, 696, 6351
4572, -8683, 696, 696, 6351
4573, -8682, 697, 697, 6351
4572, -8683, 696, 696, 6351
4572, -8683, 696, 696, 6351
4572, -8683, 696, 696, 6351
4572, -8683, 696, 696, 6351
4573, -8683, 696, 696, 6351
4573, -8682, 697, 697, 6351
4574, -8683, 697, 697, 6345
4574, -8683, 697, 697, 6345
4573, -8684, 696, 696, 6345
4573, -8684, 697, 697, 6345
4573, -8683, 697, 697, 6345
4573, -8683, 697, 697, 6345
4573, -8683, 697, 697, 6345
4573, -8683, 697, 697, 6345
4573, -8683, 697, 697, 6345
4574, -8684, 697, 697, 6345
4573, -8682, 696, 696, 6345
4573, -8684, 696, 696, 6345
4573, -8684, 696, 696, 6345
4574, -8683, 696, 696, 6345
4574, -8683, 697, 697, 6345
4573, -8683, 697, 697, 6345
4573, -8683, 697, 697, 6345
4573, -8683, 697, 697, 6345
4572, -8683, 696, 696, 6345
4573, -8682, 697, 697, 6345
4573, -8683, 697, 697, 6345
4573, -8683, 697, 697, 6345
4573, -8683, 697, 697, 6345
4572, -8683, 696, 696, 6345
4572, -8683, 696, 696, 6345
4575, -8683, 697, 697, 6357
4573, -8683, 696, 696, 6357
4573, -8683, 697, 697, 6357
4573, -8683, 697, 697, 6357
4573, -8683, 697, 697, 6357
4573, -8683, 697, 697, 6357
4573, -8683, 697, 697, 6357
4573, -8683, 697, 697, 6357
4573, -8683, 697, 697, 6357
4572, -8683, 696, 696, 6357
4573, -8683, 696, 696, 6357
4572, -8683, 696, 696, 6357
4572, -8683, 696, 696, 6357
4573, -8683, 696, 696, 6357
4573, -8683, 696, 696, 6357
4574, -8683, 697, 697, 6357
4573, -8683, 697, 697, 6357
4573, -8683, 697, 697, 6357
4573, -8683, 697, 697, 6357
4573, -8683, 696, 696, 6357
4573, -8683, 696, 696, 6357
4573, -8684, 696, 696, 6357
4573, -8684, 696, 696, 6357
4573, -8683, 697, 697, 6357
4573, -8683, 696, 696, 6357
4573, -8683, 696, 696, 6357
4572, -8683, 696, 696, 6349
4572, -8683, 696, 696, 6349
4574, -8683, 696, 696, 6349
4573, -8684, 696, 696, 6349
4573, -8684, 697, 697, 6349
4573, -8683, 697, 697, 6349
4573, -8684, 696, 696, 6349
4574, -8684, 697, 697, 6349
4573, -8683, 697, 697, 6349
4573, -8683, 697, 697, 6349
4573, -8683, 697, 697, 6349
4574, -8683, 697, 697, 6349
4573, -8684, 697, 697, 6349
4573, -8684, 697, 697, 6349
4574, -8683, 698, 698, 6349
4573, -8683, 696, 696, 6349
4573, -8683, 696, 696, 6349
4573, -8682, 697, 697, 6349
4573, -8683, 697, 697, 6349
4573, -8683, 697, 697, 6349
4574, -8684, 697, 697, 6349
4573, -8683, 697, 697, 6349
4573, -8683, 697, 697, 6349
4574, -8683, 697, 697, 6349
4572, -8684, 696, 696, 6351
4573, -8684, 697, 697, 6351
4573, -8684, 697, 697, 6351
4574, -8683, 697, 697, 6351
4574, -8683, 697, 697, 6351
4573, -8684, 696, 696, 6351
4573, -8683, 697, 697, 6351
4573, -8683, 697, 697, 6351
4573, -8683, 697, 697, 6351
4572, -8683, 696, 696, 6351
4572, -8683, 696, 696, 6351
4572, -8684, 697, 697, 6351
4572, -8684, 697, 697, 6351
4572, -8683, 696, 696, 6351
4573, -8683, 697, 697, 6351
4573, -8683, 697, 697, 6351
4574, -8684, 697, 697, 6351
4574, -8683, 697, 697, 6351
4574, -8684, 697, 697, 6351
4574, -8683, 697, 697, 6351
4573, -8684, 697, 697, 6351
4574, -8683, 697, 697, 6351
4573, -8683, 697, 697, 6351
4573, -8684, 697, 697, 6351
4573, -8684, 697, 697, 6351
4572, -8684, 696, 696, 6357
4572, -8685, 696, 696, 6357
4572, -8685, 696, 696, 6357
4573, -8684, 696, 696, 6357
4573, -8683, 697, 697, 6357
4573, -8684, 697, 697, 6357
4573, -8684, 697, 697, 6357
4573, -8684, 697, 697, 6357
4574, -8683, 697, 697, 6357
4573, -8684, 696, 696, 6357
4573, -8683, 697, 697, 6357
4573, -8683, 697, 697, 6357
4574, -8684, 697, 697, 6357
4573, -8684, 696, 696, 6357
4573, -8684, 697, 697, 6357
4573, -8684, 697, 697, 6357
4572, -8684, 696, 696, 6357
4572, -8684, 696, 696, 6357
4574, -8684, 697, 697, 6357
4573, -8683, 697, 697, 6357
4573, -8683, 697, 697, 6357
4573, -8684, 697, 697, 6357
4574, -8683, 697, 697, 6357
4573, -8684, 697, 697, 6357
4573, -8684, 697, 697, 6357
4573, -8684, 697, 697, 6355
4573, -8683, 697, 697, 6355
4573, -8683, 697, 697, 6355
4573, -8684, 697, 697, 6355
4573, -8684, 696, 696, 6355
4573, -8684, 697, 697, 6355
4574, -8684, 697, 697, 6355
4574, -8684, 697, 697, 6355
4572, -8684, 696, 696, 6355
4572, -8684, 696, 696, 6355
4573, -8684, 697, 697, 6355
4573, -8684, 697, 697, 6355
4572, -8685, 696, 696, 6355
4571, -8684, 696, 696, 6355
4573, -8684, 696, 696, 6355
4573, -8684, 696, 696, 6355
4572, -8685, 697, 697, 6355
4573, -8683, 696, 696, 6355
4573, -8683, 696, 696, 6355
4573, -8683, 697, 697, 6355
4573, -8683, 697, 697, 6355
4573, -8685, 697, 697, 6351
4572, -8684, 696, 696, 6351
4573, -8683, 697, 697, 6351
4573, -8683, 697, 697, 6351
4573, -8683, 697, 697, 6351
4572, -8684, 696, 696, 6351
4572, -8685, 696, 696, 6351
4573, -8684, 697, 697, 6351
4573, -8684, 697, 697, 6351
4572, -8683, 696, 696, 6351
4573, -8683, 696, 696, 6351
4573, -8683, 696, 696, 6351
4573, -8683, 696, 696, 6351
4573, -8683, 696, 696, 6351
4573, -8683, 696, 696, 6351
4573, -8683, 697, 697, 6351
4572, -8684, 696, 696, 6351
4573, -8684, 696, 696, 6351
4573, -8684, 696, 696, 6351
4572, -8684, 696, 696, 6351
4573, -8684, 696, 696, 6351
4573, -8684, 696, 696, 6351
4573, -8683, 697, 697, 6351
4573, -8685, 696, 696, 6351
4573, -8683, 697, 697, 6351
4572, -8684, 696, 696, 6351
4573, -8685, 697, 697, 6355
4572, -8684, 696, 696, 6355
4573, -8685, 696, 696, 6355
4572, -8685, 696, 696, 6355
4572, -8685, 696, 696, 6355
4573, -8684, 696, 696, 6355
4573, -8684, 697, 697, 6355
4573, -8684, 696, 696, 6355
4573, -8684, 696, 696, 6355
4573, -8683, 696, 696, 6355
4573, -8684, 696, 696, 6355
4573, -8685, 697, 697, 6355
4573, -8685, 696, 696, 6355
4573, -8685, 696, 696, 6355
4573, -8685, 696, 696, 6355
4573, -8685, 697, 697, 6355
4573, -8685, 696, 696, 6355
4573, -8685, 696, 696, 6355
4572, -8684, 696, 696, 6355
4572, -8684, 696, 696, 6355
4573, -8685, 697, 697, 6355
4574, -8684, 697, 697, 6355
4573, -8685, 697, 697, 6355
4572, -8685, 697, 697, 6355
4573, -8685, 696, 696, 6355
4573, -8685, 697, 697, 6355
4573, -8685, 696, 696, 6361
4573, -8685, 696, 696, 6361
4572, -8685, 696, 696, 6361
4572, -8685, 696, 696, 6361
4572, -8684, 696, 696, 6361
4572, -8684, 696, 696, 6361
4573, -8685, 697, 697, 6361
4573, -8685, 697, 697, 6361
4574, -8685, 697, 697, 6361
4573, -8685, 697, 697, 6361
4573, -8684, 697, 697, 6361
4572, -8685, 697, 697, 6361
4573, -8684, 697, 697, 6361
4572, -8684, 696, 696, 6361
4572, -8684, 696, 696, 6361
4572, -8685, 696, 696, 6361
4572, -8685, 696, 696, 6361
4572, -8684, 696, 696, 6361
4573, -8684, 696, 696, 6361
4573, -8684, 696, 696, 6361
4573, -8685, 697, 697, 6361
4573, -8685, 697, 697, 6361
4573, -8686, 696, 696, 6361
4573, -8686, 696, 696, 6361
4572, -8685, 696, 696, 6357
4572, -8685, 696, 696, 6357
4572, -8685, 696, 696, 6357
4572, -8685, 696, 696, 6357
4572, -8684, 696, 696, 6357
4572, -8684, 696, 696, 6357
4573, -8685, 697, 697, 6357
4573, -8685, 697, 697, 6357
4573, -8685, 696, 696, 6357
4573, -8685, 697, 697, 6357
4573, -8685, 697, 697, 6357
4573, -8686, 697, 697, 6357
4573, -8686, 696, 696, 6357
4573, -8686, 696, 696, 6357
4573, -8685, 696, 696, 6357
4573, -8685, 697, 697, 6357
4573, -8685, 696, 696, 6357
4574, -8685, 697, 697, 6357
4572, -8686, 696, 696, 6357
4572, -8686, 696, 696, 6357
4572, -8686, 696, 696, 6357
4572, -8685, 696, 696, 6357
4572, -8685, 696, 696, 6357
4573, -8686, 696, 696, 6357
4573, -8685, 697, 697, 6357
4573, -8685, 697, 697, 6357
4573, -8687, 697, 697, 6359
4573, -8687, 697, 697, 6359
4573, -8685, 696, 696, 6359
4573, -8686, 696, 696, 6359
4573, -8686, 696, 696, 6359
4574, -8686, 697, 697, 6359
4572, -8685, 697, 697, 6359
4573, -8686, 697, 697, 6359
4573, -8686, 697, 697, 6359
4574, -8686, 696, 696, 6359
4574, -8686, 696, 696, 6359
4573, -8686, 697, 697, 6359
4574, -8684, 697, 697, 6359
4573, -8685, 697, 697, 6359
4574, -8685, 697, 697, 6359
4573, -8685, 697, 697, 6359
4573, -8686, 697, 697, 6359
4573, -8686, 696, 696, 6359
4572, -8686, 696, 696, 6359
4573, -8686, 697, 697, 6359
4573, -8686, 697, 697, 6359
4573, -8686, 696, 696, 6359
4572, -8686, 696, 696, 6359
4574, -8686, 697, 697, 6359
4574, -8686, 697, 697, 6359
4574, -8686, 697, 697, 6359
4573, -8686, 697, 697, 6365
4573, -8686, 696, 696, 6365
4573, -8686, 696, 696, 6365
4573, -8686, 697, 697, 6365
4572, -8686, 697, 697, 6365
4572, -8686, 697, 697, 6365
4572, -8686, 696, 696, 6365
4573, -8686, 697, 697, 6365
4573, -8686, 697, 697, 6365
4573, -8686, 696, 696, 6365
4573, -8686, 696, 696, 6365
4573, -8685, 696, 696, 6365
4573, -8686, 697, 697, 6365
4572, -8686, 697, 697, 6365
4572, -8686, 697, 697, 6365
4573, -8685, 696, 696, 6365
4573, -8685, 697, 697, 6365
4573, -8685, 697, 697, 6365
4572, -8686, 696, 696, 6365
4573, -8685, 696, 696, 6365
4572, -8685, 696, 696, 6365
4574, -8686, 697, 697, 6365
4572, -8687, 696, 696, 6367
4572, -8687, 696, 696, 6367
4573, -8685, 696, 696, 6367
4573, -8686, 697, 697, 6367
4573, -8685, 697, 697, 6367
4573, -8686, 696, 696, 6367
4573, -8685, 696, 696, 6367
4572, -8685, 696, 696, 6367
4572, -8685, 696, 696, 6367
4573, -8685, 697, 697, 6367
4573, -8685, 696, 696, 6367
4573, -8685, 696, 696, 6367
4572, -8686, 696, 696, 6367
4573, -8686, 696, 696, 6367
4572, -8685, 696, 696, 6367
4572, -8685, 696, 696, 6367
4573, -8685, 696, 696, 6367
4573, -8685, 696, 696, 6367
4572, -8686, 696, 696, 6367
4572, -8686, 696, 696, 6367
4572, -8685, 696, 696, 6367
4573, -8685, 696, 696, 6367
4572, -8685, 696, 696, 6367
4572, -8685, 696, 696, 6367
4572, -8685, 696, 696, 6367
4572, -8685, 696, 696, 6367
4573, -8686, 696, 696, 6367
4573, -8686, 696, 696, 6367
4572, -8686, 696, 696, 6367
4572, -8686, 696, 696, 6367
4573, -8685, 697, 697, 6367
4573, -8686, 697, 697, 6367
4572, -8685, 696, 696, 6367
4573, -8685, 696, 696, 6367
4573, -8685, 696, 696, 6367
4573, -8686, 696, 696, 6367
4573, -8686, 697, 697, 6367
4573, -8686, 697, 697, 6367
4573, -8686, 697, 697, 6367
4573, -8685, 697, 697, 6367
4572, -8686, 696, 696, 6367
4572, -8686, 696, 696, 6367
4573, -8685, 696, 696, 6367
4573, -8685, 696, 696, 6367
4573, -8686, 697, 697, 6367
4573, -8686, 697, 697, 6367
4573, -8686, 696, 696, 6367
4573, -8686, 696, 696, 6367
4573, -8686, 696, 696, 6367
4573, -8685, 696, 696, 6367
4573, -8685, 696, 696, 6367
4572, -8687, 696, 696, 6365
4572, -8687, 696, 696, 6365
4572, -8686, 696, 696, 6365
4572, -8686, 696, 696, 6365
4572, -8686, 696, 696, 6365
4572, -8686, 696, 696, 6365
4573, -8687, 696, 696, 6365
4573, -8687, 696, 696, 6365
4572, -8686, 696, 696, 6365
4573, -8686, 697, 697, 6365
4573, -8686, 697, 697, 6365
4572, -8686, 696, 696, 6365
4572, -8687, 696, 696, 6365
4572, -8687, 696, 696, 6365
4573, -8686, 696, 696, 6365
4572, -8687, 696, 696, 6365
4573, -8686, 696, 696, 6365
4572, -8687, 696, 696, 6365
4573, -8688, 696, 696, 6365
4573, -8688, 696, 696, 6365
4573, -8686, 696, 696, 6365
4572, -8686, 696, 696, 6365
4572, -8686, 696, 696, 6373
4573, -8687, 696, 696, 6373
4572, -8686, 696, 696, 6373
4572, -8686, 696, 696, 6373
4572, -8686, 696, 696, 6373
4572, -8686, 696, 696, 6373
4572, -8686, 696, 696, 6373
4572, -8686, 696, 696, 6373
4573, -8686, 696, 696, 6373
4572, -8687, 696, 696, 6373
4573, -8686, 696, 696, 6373
4573, -8686, 696, 696, 6373
4571, -8687, 695, 695, 6373
4572, -8686, 695, 695, 6373
4573, -8686, 696, 696, 6373
4573, -8686, 696, 696, 6373
4572, -8687, 696, 696, 6373
4573, -8687, 696, 696, 6373
4573, -8686, 696, 696, 6373
4573, -8686, 696, 696, 6373
4572, -8687, 696, 696, 6373
4572, -8687, 696, 696, 6373
4573, -8686, 696, 696, 6373
4573, -8686, 696, 696, 6373
4571, -8687, 697, 697, 6367
4573, -8687, 696, 696, 6367
4573, -8687, 696, 696, 6367
4574, -8686, 696, 696, 6367
4572, -8687, 696, 696, 6367
4572, -8687, 696, 696, 6367
4572, -8687, 696, 696, 6367
4572, -8686, 696, 696, 6367
4573, -8685, 696, 696, 6367
4573, -8687, 696, 696, 6367
4572, -8686, 696, 696, 6367
4572, -8686, 696, 696, 6367
4572, -8687, 696, 696, 6367
4572, -8687, 696, 696, 6367
4572, -8686, 696, 696, 6367
4572, -8687, 696, 696, 6367
4572, -8687, 696, 696, 6367
4572, -8686, 696, 696, 6367
4572, -8686, 696, 696, 6367
4572, -8686, 696, 696, 6367
4573, -8686, 696, 696, 6367
4572, -8686, 696, 696, 6367
4572, -8686, 696, 696, 6367
4572, -8686, 696, 696, 6367
4571, -8686, 695, 695, 6367
4572, -8686, 695, 695, 6367
4573, -8686, 696, 696, 6361
4571, -8688, 696, 696, 6361
4572, -8687, 696, 696, 6361
4571, -8687, 695, 695, 6361
4572, -8687, 695, 695, 6361
4572, -8687, 695, 695, 6361
4571, -8687, 695, 695, 6361
4571, -8687, 695, 695, 6361
4571, -8687, 695, 695, 6361
4573, -8687, 696, 696, 6361
4571, -8687, 695, 695, 6361
4572, -8687, 696, 696, 6361
4572, -8687, 696, 696, 6361
4572, -8686, 696, 696, 6361
4572, -8688, 695, 695, 6361
4572, -8688, 695, 695, 6361
4572, -8687, 696, 696, 6361
4572, -8687, 696, 696, 6361
4572, -8687, 696, 696, 6361
4572, -8686, 696, 696, 6361
4572, -8686, 696, 696, 6361
4572, -8687, 695, 695, 6361
4572, -8687, 695, 695, 6361
4572, -8687, 695, 695, 6361
4571, -8688, 696, 696, 6365
4572, -8687, 695, 695, 6365
4571, -8687, 696, 696, 6365
4572, -8687, 696, 696, 6365
4572, -8687, 696, 696, 6365
4572, -8689, 695, 695, 6365
4572, -8687, 696, 696, 6365
4572, -8687, 696, 696, 6365
4572, -8687, 695, 695, 6365
4572, -8688, 696, 696, 6365
4572, -8688, 696, 696, 6365
4572, -8688, 696, 696, 6365
4572, -8688, 696, 696, 6365
4572, -8688, 696, 696, 6365
4573, -8687, 696, 696, 6365
4572, -8687, 696, 696, 6365
4572, -8688, 696, 696, 6365
4573, -8687, 696, 696, 6365
4573, -8687, 696, 696, 6365
4572, -8687, 696, 696, 6365
4572, -8687, 695, 695, 6365
4572, -8688, 696, 696, 6365
4572, -8688, 695, 695, 6365
4571, -8688, 695, 695, 6365
4572, -8688, 695, 695, 6365
4572, -8688, 695, 695, 6365
4572, -8688, 695, 695, 6367
4572, -8688, 695, 695, 6367
4571, -8688, 695, 695, 6367
4571, -8688, 695, 695, 6367
4571, -8688, 695, 695, 6367
4572, -8689, 695, 695, 6367
4570, -8687, 694, 694, 6367
4571, -8688, 695, 695, 6367
4572, -8687, 695, 695, 6367
4572, -8687, 695, 695, 6367
4573, -8688, 695, 695, 6367
4571, -8688, 695, 695, 6367
4571, -8689, 695, 695, 6367
4572, -8687, 695, 695, 6367
4572, -8687, 695, 695, 6367
4571, -8688, 695, 695, 6367
4571, -8688, 695, 695, 6367
4573, -8687, 696, 696, 6367
4573, -8688, 696, 696, 6367
4572, -8688, 696, 696, 6367
4571, -8688, 695, 695, 6367
4571, -8688, 695, 695, 6367
4571, -8687, 695, 695, 6367
4571, -8688, 695, 695, 6367
4571, -8688, 695, 695, 6367
4571, -8688, 695, 695, 6367
4571, -8688, 695, 695, 6367
4571, -8689, 695, 695, 6371
4570, -8690, 694, 694, 6371
4571, -8689, 694, 694, 6371
4572, -8688, 695, 695, 6371
4572, -8688, 695, 695, 6371
4570, -8689, 694, 694, 6371
