4147, -9239, 270, 270, 2074
4146, -9239, 270, 270, 2074
4146, -9239, 270, 270, 2074
4146, -9238, 269, 269, 2074
4146, -9238, 269, 269, 2074
4147, -9239, 270, 270, 2074
4146, -9239, 269, 269, 2074
4146, -9239, 269, 269, 2074
4146, -9240, 270, 270, 2074
4146, -9240, 270, 270, 2074
4145, -9239, 269, 269, 2074
4146, -9238, 269, 269, 2074
4146, -9239, 270, 270, 2074
4146, -9239, 270, 270, 2074
4146, -9239, 269, 269, 2074
4146, -9239, 270, 270, 2074
4146, -9239, 270, 270, 2074
4146, -9239, 270, 270, 2107
4145, -9239, 269, 269, 2107
4145, -9239, 269, 269, 2107
4146, -9239, 269, 269, 2107
4145, -9239, 269, 269, 2107
4145, -9239, 269, 269, 2107
4146, -9239, 270, 270, 2107
4146, -9239, 270, 270, 2107
4147, -9241, 269, 269, 2107
4147, -9241, 269, 269, 2107
4145, -9240, 269, 269, 2107
4145, -9240, 269, 269, 2107
4147, -9241, 269, 269, 2107
4147, -9240, 270, 270, 2107
4147, -9240, 270, 270, 2107
4146, -9239, 269, 269, 2107
4148, -9240, 270, 270, 2107
4145, -9239, 269, 269, 2107
4147, -9239, 270, 270, 2107
4147, -9239, 270, 270, 2107
4146, -9240, 270, 270, 2107
4146, -9240, 270, 270, 2107
4145, -9240, 269, 269, 2107
4146, -9240, 269, 269, 2107
4145, -9239, 269, 269, 2107
4146, -9240, 270, 270, 2107
4145, -9240, 269, 269, 2123
4147, -9240, 270, 270, 2123
4147, -9240, 270, 270, 2123
4145, -9240, 270, 270, 2123
4148, -9241, 271, 271, 2123
4144, -9240, 269, 269, 2123
4146, -9240, 269, 269, 2123
4146, -9239, 269, 269, 2123
4145, -9240, 269, 269, 2123
4147, -9240, 270, 270, 2123
4147, -9240, 270, 270, 2123
4146, -9240, 269, 269, 2123
4146, -9239, 270, 270, 2123
4146, -9239, 270, 270, 2123
4146, -9240, 270, 270, 2123
4146, -9240, 270, 270, 2123
4146, -9239, 270, 270, 2123
4146, -9239, 270, 270, 2123
4147, -9240, 270, 270, 2123
4145, -9240, 269, 269, 2123
4145, -9240, 269, 269, 2123
4145, -9239, 270, 270, 2123
4145, -9239, 270, 270, 2123
4145, -9241, 269, 269, 2123
4146, -9241, 270, 270, 2134
4146, -9240, 269, 269, 2134
4146, -9240, 269, 269, 2134
4145, -9239, 269, 269, 2134
4146, -9240, 269, 269, 2134
4146, -9240, 269, 269, 2134
4146, -9239, 269, 269, 2134
4145, -9239, 269, 269, 2134
4147, -9239, 269, 269, 2134
4147, -9240, 270, 270, 2134
4147, -9240, 270, 270, 2134
4146, -9240, 269, 269, 2134
4146, -9240, 269, 269, 2134
4146, -9240, 270, 270, 2134
4146, -9240, 270, 270, 2134
4146, -9240, 269, 269, 2134
4146, -9240, 270, 270, 2134
4146, -9240, 270, 270, 2134
4146, -9240, 270, 270, 2134
4147, -9240, 270, 270, 2134
4147, -9240, 270, 270, 2134
4147, -9240, 270, 270, 2134
4146, -9241, 270, 270, 2134
4146, -9241, 270, 270, 2134
4146, -9240, 270, 270, 2134
4146, -9239, 269, 269, 2134
4146, -9240, 270, 270, 2134
4146, -9240, 270, 270, 2134
4146, -9241, 269, 269, 2126
4146, -9241, 269, 269, 2126
4146, -9240, 269, 269, 2126
4147, -9241, 270, 270, 2126
4145, -9240, 269, 269, 2126
4146, -9240, 269, 269, 2126
4144, -9239, 269, 269, 2126
4059, -9263, 217, 217, 2126
4048, -9254, 165, 165, 2126
4048, -9254, 165, 165, 2126
4049, -9254, 172, 172, 2126
4047, -9255, 172, 172, 2126
4047, -9255, 172, 172, 2126
4048, -9255, 172, 172, 2126
4051, -9256, 174, 174, 2126
4049, -9254, 174, 174, 2126
4055, -9254, 176, 176, 2126
4055, -9254, 176, 176, 2126
4052, -9254, 175, 175, 2126
4051, -9254, 175, 175, 2126
4051, -9254, 175, 175, 2126
4052, -9254, 176, 176, 2126
4052, -9254, 176, 176, 2126
4051, -9254, 176, 176, 2126
4052, -9254, 176, 176, 2119
4051, -9253, 176, 176, 2119
4052, -9254, 177, 177, 2119
4054, -9255, 177, 177, 2119
4055, -9253, 178, 178, 2119
4055, -9253, 178, 178, 2119
4057, -9254, 178, 178, 2119
4055, -9254, 178, 178, 2119
4054, -9254, 178, 178, 2119
4055, -9254, 179, 179, 2119
4054, -9254, 178, 178, 2119
4055, -9254, 179, 179, 2119
4055, -9254, 179, 179, 2119
4056, -9254, 179, 179, 2119
4056, -9252, 178, 178, 2119
4054, -9254, 179, 179, 2119
4054, -9254, 179, 179, 2119
4054, -9254, 178, 178, 2119
4054, -9254, 178, 178, 2119
4055, -9253, 178, 178, 2119
4055, -9253, 178, 178, 2119
4057, -9253, 179, 179, 2119
4055, -9252, 179, 179, 2119
4057, -9252, 179, 179, 2119
4056, -9253, 179, 179, 2117
4055, -9252, 179, 179, 2117
4053, -9253, 179, 179, 2117
4056, -9253, 178, 178, 2117
4056, -9253, 178, 178, 2117
4055, -9254, 179, 179, 2117
4058, -9254, 179, 179, 2117
4058, -9254, 179, 179, 2117
4057, -9254, 179, 179, 2117
4056, -9252, 178, 178, 2117
4058, -9253, 179, 179, 2117
4054, -9253, 180, 180, 2117
4054, -9253, 178, 178, 2117
4054, -9253, 179, 179, 2117
4056, -9253, 179, 179, 2117
4056, -9253, 179, 179, 2117
4058, -9253, 180, 180, 2117
4057, -9253, 179, 179, 2117
4057, -9253, 180, 180, 2117
4057, -9253, 180, 180, 2117
4054, -9252, 179, 179, 2117
4054, -9252, 179, 179, 2117
4054, -9253, 179, 179, 2117
4054, -9253, 179, 179, 2117
4055, -9253, 180, 180, 2117
4056, -9254, 179, 179, 2117
4059, -9252, 180, 180, 2117
4059, -9252, 180, 180, 2117
4057, -9253, 180, 180, 2117
4057, -9251, 180, 180, 2117
4057, -9253, 179, 179, 2117
4058, -9252, 180, 180, 2117
4058, -9251, 179, 179, 2117
4057, -9253, 180, 180, 2117
4057, -9253, 180, 180, 2117
4057, -9253, 180, 180, 2117
4054, -9253, 180, 180, 2117
4056, -9254, 180, 180, 2117
4056, -9254, 180, 180, 2117
4056, -9254, 179, 179, 2117
4057, -9252, 179, 179, 2117
4056, -9254, 180, 180, 2117
4056, -9254, 180, 180, 2117
4056, -9252, 179, 179, 2117
4054, -9254, 179, 179, 2117
4054, -9253, 180, 180, 2117
4058, -9254, 180, 180, 2117
4055, -9253, 179, 179, 2117
4058, -9253, 179, 179, 2117
4059, -9252, 180, 180, 2117
4056, -9252, 180, 180, 2107
4055, -9253, 179, 179, 2107
4058, -9253, 180, 180, 2107
4054, -9254, 180, 180, 2107
4054, -9254, 180, 180, 2107
4055, -9254, 180, 180, 2107
4055, -9254, 180, 180, 2107
4055, -9254, 180, 180, 2107
4058, -9253, 179, 179, 2107
4059, -9253, 181, 181, 2107
4057, -9252, 179, 179, 2107
4056, -9253, 180, 180, 2107
4056, -9253, 180, 180, 2107
4057, -9252, 180, 180, 2107
4055, -9254, 180, 180, 2107
4055, -9254, 180, 180, 2107
4054, -9252, 179, 179, 2107
4057, -9253, 180, 180, 2107
4058, -9253, 179, 179, 2107
4056, -9252, 180, 180, 2107
4056, -9252, 180, 180, 2107
4056, -9253, 179, 179, 2107
4064, -9252, 179, 179, 2107
4158, -9237, 206, 206, 2107
4153, -9239, 277, 277, 2107
4153, -9239, 277, 277, 2107
4153, -9239, 276, 276, 2107
4151, -9239, 274, 274, 2109
4150, -9240, 274, 274, 2109
4148, -9240, 272, 272, 2109
4148, -9240, 272, 272, 2109
4150, -9239, 273, 273, 2109
4149, -9239, 272, 272, 2109
4149, -9239, 273, 273, 2109
4148, -9239, 271, 271, 2109
4148, -9239, 272, 272, 2109
4148, -9239, 271, 271, 2109
4147, -9239, 271, 271, 2109
4147, -9239, 271, 271, 2109
4148, -9241, 271, 271, 2109
4146, -9240, 270, 270, 2109
4145, -9240, 270, 270, 2109
4145, -9240, 270, 270, 2109
4147, -9240, 270, 270, 2109
4147, -9241, 270, 270, 2109
4145, -9240, 270, 270, 2109
4146, -9240, 270, 270, 2109
4146, -9240, 270, 270, 2109
4145, -9240, 269, 269, 2109
4144, -9240, 269, 269, 2109
4146, -9240, 269, 269, 2097
4146, -9240, 269, 269, 2097
4145, -9240, 269, 269, 2097
4145, -9241, 269, 269, 2097
4145, -9241, 269, 269, 2097
4146, -9240, 269, 269, 2097
4145, -9241, 269, 269, 2097
4145, -9241, 269, 269, 2097
4145, -9240, 269, 269, 2097
4145, -9240, 269, 269, 2097
4144, -9240, 269, 269, 2097
4145, -9241, 269, 269, 2097
4146, -9241, 268, 268, 2097
4146, -9239, 269, 269, 2097
4146, -9239, 269, 269, 2097
4146, -9240, 269, 269, 2097
4145, -9241, 269, 269, 2097
4145, -9241, 269, 269, 2097
4145, -9242, 268, 268, 2097
4145, -9240, 268, 268, 2097
4145, -9241, 268, 268, 2097
4144, -9239, 268, 268, 2097
4144, -9240, 267, 267, 2097
4144, -9240, 267, 267, 2097
4146, -9240, 268, 268, 2097
4144, -9241, 268, 268, 2097
4145, -9240, 268, 268, 2097
4144, -9240, 268, 268, 2097
4144, -9240, 268, 268, 2107
4144, -9240, 268, 268, 2107
4144, -9240, 268, 268, 2107
4143, -9241, 268, 268, 2107
4146, -9241, 268, 268, 2107
4146, -9241, 268, 268, 2107
4144, -9241, 268, 268, 2107
4144, -9241, 268, 268, 2107
4144, -9240, 268, 268, 2107
4144, -9240, 268, 268, 2107
4144, -9241, 268, 268, 2107
4145, -9242, 268, 268, 2107
4144, -9241, 268, 268, 2107
4144, -9241, 268, 268, 2107
4144, -9241, 268, 268, 2107
4145, -9241, 268, 268, 2107
4145, -9241, 268, 268, 2107
4144, -9240, 268, 268, 2107
4143, -9241, 267, 267, 2107
4145, -9240, 267, 267, 2107
4144, -9241, 267, 267, 2107
4144, -9241, 267, 267, 2107
4144, -9242, 268, 268, 2107
4143, -9241, 267, 267, 2107
4143, -9241, 267, 267, 2107
4145, -9241, 268, 268, 2113
4145, -9241, 268, 268, 2113
4144, -9241, 268, 268, 2113
4143, -9241, 267, 267, 2113
4144, -9240, 267, 267, 2113
4144, -9240, 267, 267, 2113
4144, -9241, 268, 268, 2113
4144, -9241, 268, 268, 2113
4144, -9241, 268, 268, 2113
4143, -9240, 268, 268, 2113
4144, -9241, 268, 268, 2113
4144, -9241, 268, 268, 2113
4145, -9241, 268, 268, 2113
4145, -9241, 268, 268, 2113
4143, -9241, 268, 268, 2113
4145, -9241, 267, 267, 2113
4145, -9241, 267, 267, 2113
4143, -9241, 268, 268, 2113
4143, -9241, 268, 268, 2113
4144, -9241, 268, 268, 2113
4144, -9242, 267, 267, 2113
4144, -9241, 268, 268, 2113
4143, -9241, 267, 267, 2113
4143, -9241, 267, 267, 2113
4143, -9241, 267, 267, 2113
4144, -9240, 268, 268, 2113
4144, -9240, 268, 268, 2113
4144, -9241, 268, 268, 2107
4144, -9241, 267, 267, 2107
4144, -9241, 267, 267, 2107
4144, -9241, 267, 267, 2107
4143, -9242, 267, 267, 2107
4143, -9242, 267, 267, 2107
4145, -9242, 268, 268, 2107
4145, -9242, 268, 268, 2107
4144, -9241, 267, 267, 2107
4144, -9241, 267, 267, 2107
4143, -9241, 267, 267, 2107
4144, -9241, 268, 268, 2107
4145, -9241, 267, 267, 2107
4144, -9241, 267, 267, 2107
4144, -9241, 267, 267, 2107
4143, -9242, 267, 267, 2107
4143, -9242, 267, 267, 2107
4144, -9241, 267, 267, 2107
4144, -9241, 268, 268, 2107
4123, -9271, 243, 243, 2107
4040, -9256, 167, 167, 2107
4040, -9256, 167, 167, 2107
4046, -9255, 169, 169, 2107
4046, -9255, 169, 169, 2107
4050, -9255, 171, 171, 2107
4050, -9255, 171, 171, 2107
4050, -9255, 173, 173, 2105
4051, -9256, 173, 173, 2105
4052, -9255, 174, 174, 2105
4052, -9255, 174, 174, 2105
4050, -9255, 174, 174, 2105
4050, -9255, 174, 174, 2105
4052, -9255, 175, 175, 2105
4048, -9254, 175, 175, 2105
4053, -9254, 176, 176, 2105
4053, -9254, 176, 176, 2105
4052, -9255, 176, 176, 2105
4053, -9254, 175, 175, 2105
4053, -9254, 176, 176, 2105
4051, -9255, 175, 175, 2105
4051, -9255, 175, 175, 2105
4053, -9254, 175, 175, 2105
4053, -9254, 175, 175, 2105
4055, -9255, 176, 176, 2105
4054, -9254, 176, 176, 2105
4052, -9254, 176, 176, 2105
4052, -9254, 176, 176, 2105
4052, -9255, 177, 177, 2105
4050, -9254, 176, 176, 2105
4054, -9254, 177, 177, 2105
4051, -9254, 177, 177, 2105
4055, -9254, 177, 177, 2109
4055, -9254, 177, 177, 2109
4053, -9254, 177, 177, 2109
4053, -9254, 177, 177, 2109
4052, -9253, 177, 177, 2109
4052, -9253, 177, 177, 2109
4054, -9254, 177, 177, 2109
4055, -9255, 179, 179, 2109
4055, -9254, 177, 177, 2109
4056, -9253, 178, 178, 2109
4055, -9254, 177, 177, 2109
4055, -9254, 177, 177, 2109
4055, -9255, 177, 177, 2109
4053, -9254, 178, 178, 2109
4053, -9254, 177, 177, 2109
4054, -9254, 178, 178, 2109
4053, -9254, 178, 178, 2109
4055, -9254, 177, 177, 2109
4056, -9254, 177, 177, 2109
4057, -9253, 178, 178, 2109
4055, -9254, 178, 178, 2109
4056, -9254, 178, 178, 2109
4055, -9254, 178, 178, 2109
4054, -9252, 178, 178, 2105
4056, -9253, 178, 178, 2105
4053, -9254, 179, 179, 2105
4053, -9254, 179, 179, 2105
4055, -9253, 178, 178, 2105
4056, -9253, 178, 178, 2105
4056, -9254, 178, 178, 2105
4054, -9253, 178, 178, 2105
4052, -9255, 178, 178, 2105
4052, -9255, 178, 178, 2105
4055, -9255, 178, 178, 2105
4056, -9254, 178, 178, 2105
4056, -9254, 178, 178, 2105
4055, -9253, 179, 179, 2105
4056, -9253, 178, 178, 2105
4056, -9254, 178, 178, 2105
4058, -9254, 179, 179, 2105
4058, -9254, 179, 179, 2105
4057, -9254, 178, 178, 2105
4057, -9254, 178, 178, 2105
4054, -9253, 179, 179, 2105
4054, -9253, 179, 179, 2105
4052, -9253, 178, 178, 2095
4056, -9254, 179, 179, 2095
4056, -9254, 179, 179, 2095
4054, -9254, 179, 179, 2095
4057, -9253, 178, 178, 2095
4058, -9253, 179, 179, 2095
4055, -9254, 178, 178, 2095
4055, -9254, 179, 179, 2095
4055, -9254, 179, 179, 2095
4055, -9254, 179, 179, 2095
4055, -9254, 180, 180, 2095
4051, -9254, 178, 178, 2095
4051, -9254, 178, 178, 2095
4054, -9254, 179, 179, 2095
4056, -9254, 178, 178, 2095
4056, -9254, 178, 178, 2095
4056, -9253, 179, 179, 2095
4055, -9253, 178, 178, 2095
4056, -9254, 179, 179, 2095
4052, -9254, 178, 178, 2095
4054, -9254, 179, 179, 2095
4053, -9253, 178, 178, 2095
4055, -9255, 179, 179, 2095
4053, -9254, 179, 179, 2095
4056, -9253, 178, 178, 2095
4056, -9253, 179, 179, 2095
4054, -9253, 179, 179, 2103
4053, -9254, 179, 179, 2103
4053, -9254, 179, 179, 2103
4053, -9253, 178, 178, 2103
4055, -9254, 179, 179, 2103
4051, -9254, 179, 179, 2103
4157, -9238, 259, 259, 2103
4157, -9238, 259, 259, 2103
4151, -9238, 276, 276, 2103
4150, -9239, 275, 275, 2103
4150, -9239, 275, 275, 2103
4149, -9239, 273, 273, 2103
4149, -9239, 273, 273, 2103
4149, -9240, 273, 273, 2103
4148, -9240, 272, 272, 2103
4149, -9240, 271, 271, 2103
4149, -9240, 271, 271, 2103
4148, -9241, 271, 271, 2103
4148, -9241, 271, 271, 2103
4148, -9240, 271, 271, 2103
4147, -9241, 269, 269, 2103
4146, -9240, 269, 269, 2103
4146, -9240, 270, 270, 2103
4146, -9240, 269, 269, 2103
4146, -9240, 269, 269, 2103
4145, -9239, 269, 269, 2103
4145, -9240, 268, 268, 2107
4145, -9240, 268, 268, 2107
4145, -9241, 268, 268, 2107
4145, -9241, 269, 269, 2107
4146, -9241, 269, 269, 2107
4145, -9240, 269, 269, 2107
4146, -9240, 269, 269, 2107
4145, -9241, 268, 268, 2107
4145, -9241, 268, 268, 2107
4143, -9240, 268, 268, 2107
4145, -9241, 268, 268, 2107
4145, -9242, 268, 268, 2107
4144, -9241, 269, 269, 2107
4143, -9240, 267, 267, 2107
4144, -9241, 268, 268, 2107
4144, -9241, 268, 268, 2107
4144, -9242, 268, 268, 2107
4144, -9241, 267, 267, 2107
4144, -9242, 268, 268, 2107
4143, -9242, 267, 267, 2107
4144, -9241, 267, 267, 2107
4144, -9241, 267, 267, 2107
4144, -9241, 268, 268, 2107
4144, -9241, 267, 267, 2107
4143, -9242, 267, 267, 2107
4143, -9242, 267, 267, 2107
4144, -9240, 267, 267, 2107
4144, -9240, 267, 267, 2107
4144, -9242, 267, 267, 2107
4143, -9241, 267, 267, 2107
4145, -9241, 267, 267, 2107
4145, -9241, 267, 267, 2107
4144, -9242, 267, 267, 2107
4143, -9241, 267, 267, 2107
4143, -9241, 267, 267, 2107
4143, -9241, 267, 267, 2107
4143, -9241, 267, 267, 2107
4143, -9241, 267, 267, 2107
4144, -9241, 267, 267, 2107
4143, -9241, 267, 267, 2107
4143, -9242, 267, 267, 2107
4144, -9242, 267, 267, 2107
4144, -9242, 267, 267, 2107
4144, -9241, 267, 267, 2107
4142, -9242, 267, 267, 2107
4143, -9241, 266, 266, 2107
4142, -9240, 266, 266, 2097
4143, -9241, 266, 266, 2097
4143, -9241, 267, 267, 2097
4143, -9241, 267, 267, 2097
4143, -9241, 267, 267, 2097
4143, -9241, 266, 266, 2097
4142, -9241, 266, 266, 2097
4142, -9242, 266, 266, 2097
4143, -9243, 266, 266, 2097
4143, -9242, 266, 266, 2097
4143, -9242, 267, 267, 2097
4143, -9241, 267, 267, 2097
4143, -9241, 267, 267, 2097
4143, -9242, 266, 266, 2097
4144, -9241, 267, 267, 2097
4143, -9242, 267, 267, 2097
4143, -9242, 267, 267, 2097
4144, -9242, 267, 267, 2097
4143, -9241, 267, 267, 2097
4143, -9241, 267, 267, 2097
4142, -9241, 266, 266, 2097
4144, -9241, 266, 266, 2097
4143, -9241, 266, 266, 2097
4143, -9241, 267, 267, 2097
4143, -9242, 267, 267, 2097
4144, -9241, 267, 267, 2105
4144, -9242, 267, 267, 2105
4143, -9242, 266, 266, 2105
4142, -9242, 266, 266, 2105
4143, -9242, 266, 266, 2105
4143, -9242, 266, 266, 2105
4142, -9242, 266, 266, 2105
4143, -9241, 267, 267, 2105
4143, -9241, 267, 267, 2105
4142, -9243, 266, 266, 2105
4142, -9241, 266, 266, 2105
4142, -9241, 266, 266, 2105
4143, -9242, 266, 266, 2105
4143, -9241, 266, 266, 2105
4143, -9241, 266, 266, 2105
4144, -9242, 267, 267, 2105
4144, -9242, 267, 267, 2105
4144, -9242, 267, 267, 2105
4144, -9241, 266, 266, 2105
4142, -9241, 266, 266, 2105
4142, -9241, 266, 266, 2105
4143, -9241, 266, 266, 2105
4144, -9242, 266, 266, 2105
4143, -9242, 266, 266, 2105
4143, -9242, 266, 266, 2105
4143, -9242, 266, 266, 2105
4143, -9242, 267, 267, 2107
4144, -9241, 268, 268, 2107
4143, -9241, 267, 267, 2107
4003, -9253, 144, 144, 2107
4003, -9253, 144, 144, 2107
4043, -9257, 167, 167, 2107
4047, -9257, 170, 170, 2107
4047, -9257, 170, 170, 2107
4044, -9255, 170, 170, 2107
4048, -9256, 173, 173, 2107
4048, -9256, 173, 173, 2107
4049, -9255, 172, 172, 2107
4049, -9255, 172, 172, 2107
4051, -9255, 173, 173, 2107
4049, -9254, 174, 174, 2107
4049, -9254, 174, 174, 2107
4050, -9255, 174, 174, 2107
4048, -9254, 174, 174, 2107
4048, -9254, 174, 174, 2107
4052, -9255, 175, 175, 2107
4051, -9254, 176, 176, 2107
4053, -9255, 176, 176, 2107
4053, -9255, 176, 176, 2107
4053, -9254, 175, 175, 2107
4052, -9255, 176, 176, 2107
4052, -9255, 176, 176, 2107
4052, -9255, 176, 176, 2107
4052, -9255, 176, 176, 2107
4052, -9255, 176, 176, 2103
4054, -9255, 176, 176, 2103
4053, -9256, 177, 177, 2103
4052, -9256, 177, 177, 2103
4052, -9256, 177, 177, 2103
4052, -9254, 177, 177, 2103
4055, -9254, 177, 177, 2103
4051, -9255, 177, 177, 2103
4054, -9255, 177, 177, 2103
4054, -9255, 177, 177, 2103
4052, -9254, 177, 177, 2103
4053, -9255, 177, 177, 2103
4053, -9255, 177, 177, 2103
4052, -9254, 177, 177, 2103
4052, -9254, 178, 178, 2103
4052, -9254, 178, 178, 2103
4054, -9254, 176, 176, 2103
4053, -9255, 177, 177, 2103
4053, -9255, 177, 177, 2103
4054, -9254, 178, 178, 2103
4053, -9255, 177, 177, 2103
4054, -9254, 178, 178, 2103
4053, -9254, 178, 178, 2103
4054, -9254, 178, 178, 2103
4053, -9254, 178, 178, 2103
4054, -9255, 177, 177, 2103
4054, -9253, 178, 178, 2103
4054, -9253, 178, 178, 2103
4056, -9254, 178, 178, 2103
4054, -9254, 178, 178, 2103
4054, -9254, 178, 178, 2103
4056, -9253, 178, 178, 2103
4054, -9254, 177, 177, 2103
4054, -9254, 177, 177, 2103
4053, -9254, 178, 178, 2103
4051, -9254, 177, 177, 2103
4052, -9254, 177, 177, 2103
4055, -9254, 178, 178, 2103
4053, -9254, 179, 179, 2103
4056, -9254, 179, 179, 2103
4056, -9254, 179, 179, 2103
4054, -9255, 177, 177, 2103
4056, -9255, 179, 179, 2103
4054, -9253, 178, 178, 2103
4056, -9254, 178, 178, 2103
4056, -9254, 179, 179, 2103
4055, -9253, 179, 179, 2101
4054, -9254, 178, 178, 2101
4054, -9253, 178, 178, 2101
4054, -9253, 178, 178, 2101
4052, -9254, 178, 178, 2101
4055, -9254, 178, 178, 2101
4056, -9254, 178, 178, 2101
4056, -9255, 177, 177, 2101
4056, -9254, 178, 178, 2101
4057, -9254, 179, 179, 2101
4057, -9254, 179, 179, 2101
4057, -9254, 179, 179, 2101
4057, -9254, 178, 178, 2101
4057, -9254, 178, 178, 2101
4053, -9254, 178, 178, 2101
4053, -9254, 178, 178, 2101
4053, -9254, 178, 178, 2101
4053, -9254, 178, 178, 2101
4052, -9254, 178, 178, 2101
4053, -9254, 178, 178, 2101
4056, -9254, 179, 179, 2101
4054, -9254, 178, 178, 2101
4054, -9254, 179, 179, 2101
4056, -9254, 178, 178, 2101
4055, -9253, 177, 177, 2107
4055, -9253, 177, 177, 2107
4056, -9254, 178, 178, 2107
4056, -9254, 178, 178, 2107
4056, -9253, 179, 179, 2107
4057, -9255, 179, 179, 2107
4055, -9253, 178, 178, 2107
4056, -9254, 178, 178, 2107
4055, -9255, 179, 179, 2107
4055, -9254, 178, 178, 2107
4055, -9254, 178, 178, 2107
4054, -9253, 178, 178, 2107
4054, -9253, 178, 178, 2107
4055, -9254, 178, 178, 2107
4057, -9254, 179, 179, 2107
4052, -9253, 177, 177, 2107
4155, -9238, 280, 280, 2107
4155, -9238, 280, 280, 2107
4153, -9238, 277, 277, 2107
4151, -9239, 275, 275, 2107
4150, -9240, 274, 274, 2107
4148, -9240, 272, 272, 2107
4148, -9240, 272, 272, 2107
4149, -9240, 272, 272, 2107
4148, -9241, 271, 271, 2107
4148, -9241, 271, 271, 2107
4147, -9240, 271, 271, 2107
4146, -9241, 270, 270, 2109
4147, -9241, 270, 270, 2109
4145, -9241, 269, 269, 2109
4146, -9241, 270, 270, 2109
4144, -9240, 268, 268, 2109
4144, -9240, 268, 268, 2109
4145, -9241, 269, 269, 2109
4145, -9241, 269, 269, 2109
4145, -9241, 269, 269, 2109
4145, -9241, 268, 268, 2109
4145, -9241, 268, 268, 2109
4145, -9242, 268, 268, 2109
4145, -9242, 268, 268, 2109
4145, -9242, 268, 268, 2109
4144, -9241, 268, 268, 2109
4144, -9242, 268, 268, 2109
4144, -9243, 268, 268, 2109
4145, -9242, 268, 268, 2109
4143, -9242, 268, 268, 2109
4144, -9242, 267, 267, 2109
4144, -9242, 267, 267, 2109
4143, -9242, 267, 267, 2109
4144, -9241, 267, 267, 2109
4144, -9242, 267, 267, 2109
4144, -9242, 267, 267, 2109
4144, -9242, 267, 267, 2105
4144, -9242, 267, 267, 2105
4144, -9243, 267, 267, 2105
4144, -9243, 267, 267, 2105
4144, -9242, 267, 267, 2105
4144, -9243, 268, 268, 2105
4144, -9243, 268, 268, 2105
4144, -9241, 267, 267, 2105
4144, -9241, 267, 267, 2105
4142, -9242, 267, 267, 2105
4142, -9242, 267, 267, 2105
4142, -9241, 267, 267, 2105
4143, -9242, 267, 267, 2105
4143, -9241, 267, 267, 2105
4143, -9241, 267, 267, 2105
4144, -9242, 267, 267, 2105
4144, -9241, 267, 267, 2105
4144, -9241, 267, 267, 2105
4142, -9242, 266, 266, 2105
4142, -9242, 266, 266, 2105
4142, -9242, 267, 267, 2105
4142, -9242, 267, 267, 2105
4143, -9241, 266, 266, 2105
4143, -9242, 266, 266, 2105
4143, -9242, 266, 266, 2105
4143, -9242, 267, 267, 2105
4144, -9242, 267, 267, 2105
4144, -9242, 267, 267, 2105
4144, -9242, 267, 267, 2105
4143, -9242, 267, 267, 2105
4143, -9242, 266, 266, 2105
4144, -9242, 267, 267, 2105
4144, -9242, 267, 267, 2105
4143, -9242, 267, 267, 2105
4143, -9242, 267, 267, 2105
4142, -9242, 266, 266, 2105
4144, -9242, 267, 267, 2105
4142, -9242, 267, 267, 2105
4143, -9242, 267, 267, 2105
4143, -9242, 267, 267, 2105
4143, -9243, 267, 267, 2105
4144, -9242, 267, 267, 2105
4144, -9242, 266, 266, 2105
4144, -9242, 266, 266, 2105
4144, -9242, 267, 267, 2105
4143, -9242, 266, 266, 2105
4143, -9242, 266, 266, 2105
4143, -9242, 266, 266, 2105
4144, -9242, 267, 267, 2105
4142, -9242, 266, 266, 2105
4143, -9242, 266, 266, 2103
4143, -9241, 266, 266, 2103
4143, -9241, 266, 266, 2103
4142, -9241, 266, 266, 2103
4143, -9242, 266, 266, 2103
4143, -9242, 266, 266, 2103
4144, -9242, 267, 267, 2103
4142, -9241, 266, 266, 2103
4142, -9241, 266, 266, 2103
4145, -9242, 267, 267, 2103
4145, -9242, 267, 267, 2103
4143, -9241, 267, 267, 2103
4143, -9242, 267, 267, 2103
4142, -9242, 266, 266, 2103
4142, -9242, 266, 266, 2103
4143, -9241, 267, 267, 2103
4142, -9242, 266, 266, 2103
4142, -9242, 266, 266, 2103
4142, -9242, 266, 266, 2103
4142, -9242, 266, 266, 2103
4142, -9242, 266, 266, 2103
4142, -9242, 266, 266, 2103
4142, -9242, 266, 266, 2103
4143, -9242, 267, 267, 2103
4142, -9242, 266, 266, 2103
4143, -9242, 266, 266, 2103
4142, -9242, 266, 266, 2103
4144, -9243, 266, 266, 2103
4143, -9242, 267, 267, 2113
4142, -9242, 266, 266, 2113
4144, -9242, 267, 267, 2113
4143, -9242, 266, 266, 2113
4143, -9242, 266, 266, 2113
4143, -9242, 267, 267, 2113
4143, -9242, 267, 267, 2113
4143, -9242, 267, 267, 2113
4144, -9242, 267, 267, 2113
4143, -9242, 266, 266, 2113
4143, -9242, 266, 266, 2113
4143, -9242, 266, 266, 2113
4143, -9242, 266, 266, 2113
3953, -9259, 220, 220, 2113
4043, -9257, 162, 162, 2113
4043, -9257, 162, 162, 2113
4046, -9258, 171, 171, 2113
4046, -9258, 171, 171, 2113
4045, -9258, 170, 170, 2113
4050, -9256, 172, 172, 2113
4050, -9256, 172, 172, 2113
4050, -9255, 172, 172, 2113
4052, -9255, 173, 173, 2113
4048, -9256, 173, 173, 2113
4050, -9256, 174, 174, 2113
4050, -9256, 174, 174, 2113
4049, -9255, 174, 174, 2113
4051, -9256, 175, 175, 2099
4052, -9256, 175, 175, 2099
4054, -9256, 175, 175, 2099
4051, -9256, 176, 176, 2099
4051, -9256, 176, 176, 2099
4052, -9256, 176, 176, 2099
4052, -9256, 176, 176, 2099
4051, -9255, 176, 176, 2099
4051, -9255, 176, 176, 2099
4054, -9256, 177, 177, 2099
4054, -9256, 177, 177, 2099
4051, -9255, 175, 175, 2099
4052, -9256, 177, 177, 2099
4052, -9256, 177, 177, 2099
4051, -9256, 175, 175, 2099
4052, -9255, 177, 177, 2099
4052, -9255, 177, 177, 2099
4053, -9256, 177, 177, 2099
4055, -9254, 177, 177, 2099
4054, -9256, 177, 177, 2099
4054, -9255, 176, 176, 2099
4053, -9255, 177, 177, 2099
4052, -9254, 176, 176, 2099
4053, -9254, 177, 177, 2099
4055, -9255, 177, 177, 2107
4054, -9255, 177, 177, 2107
4054, -9255, 177, 177, 2107
4055, -9255, 178, 178, 2107
4053, -9256, 177, 177, 2107
4051, -9255, 178, 178, 2107
4053, -9255, 177, 177, 2107
4055, -9255, 178, 178, 2107
4055, -9255, 178, 178, 2107
4055, -9255, 177, 177, 2107
4054, -9255, 177, 177, 2107
4052, -9255, 177, 177, 2107
4052, -9255, 177, 177, 2107
4052, -9256, 177, 177, 2107
4052, -9256, 177, 177, 2107
4053, -9255, 177, 177, 2107
4053, -9255, 177, 177, 2107
4055, -9255, 177, 177, 2107
4055, -9255, 177, 177, 2107
4054, -9254, 177, 177, 2107
4056, -9255, 177, 177, 2107
4055, -9255, 178, 178, 2107
4055, -9255, 178, 178, 2107
4052, -9255, 177, 177, 2107
4052, -9255, 177, 177, 2107
4052, -9255, 177, 177, 2107
4055, -9255, 178, 178, 2107
4055, -9255, 178, 178, 2107
4055, -9255, 177, 177, 2107
4056, -9255, 178, 178, 2107
4052, -9254, 177, 177, 2107
4052, -9254, 177, 177, 2107
4053, -9255, 178, 178, 2107
4054, -9254, 178, 178, 2107
4055, -9254, 177, 177, 2107
4056, -9255, 177, 177, 2107
4056, -9255, 177, 177, 2107
4054, -9254, 177, 177, 2107
4056, -9254, 178, 178, 2107
4053, -9254, 177, 177, 2107
4056, -9254, 178, 178, 2107
4056, -9254, 178, 178, 2107
4054, -9254, 178, 178, 2107
4053, -9255, 178, 178, 2107
4053, -9255, 178, 178, 2107
4053, -9256, 177, 177, 2107
4053, -9256, 177, 177, 2107
4055, -9254, 177, 177, 2107
4054, -9255, 177, 177, 2107
4055, -9254, 177, 177, 2107
4053, -9254, 177, 177, 2107
4053, -9256, 178, 178, 2107
4053, -9256, 178, 178, 2107
4053, -9256, 177, 177, 2107
4053, -9256, 177, 177, 2107
4052, -9255, 178, 178, 2107
4053, -9255, 177, 177, 2107
4053, -9255, 177, 177, 2107
4055, -9255, 178, 178, 2107
4054, -9255, 178, 178, 2107
4054, -9255, 177, 177, 2107
4052, -9255, 178, 178, 2107
4052, -9255, 178, 178, 2107
4054, -9254, 177, 177, 2107
4056, -9254, 178, 178, 2107
4055, -9254, 178, 178, 2107
4053, -9254, 177, 177, 2107
4054, -9254, 177, 177, 2107
4054, -9255, 178, 178, 2107
4051, -9255, 177, 177, 2107
4154, -9237, 203, 203, 2105
4154, -9237, 203, 203, 2105
4150, -9240, 274, 274, 2105
4150, -9240, 274, 274, 2105
4149, -9241, 272, 272, 2105
4149, -9241, 272, 272, 2105
4146, -9241, 271, 271, 2105
4147, -9240, 271, 271, 2105
4147, -9240, 271, 271, 2105
4146, -9240, 269, 269, 2105
4146, -9241, 270, 270, 2105
4147, -9242, 270, 270, 2105
4145, -9241, 269, 269, 2105
4145, -9241, 269, 269, 2105
4145, -9241, 268, 268, 2105
4145, -9241, 269, 269, 2105
4145, -9241, 269, 269, 2105
4144, -9241, 268, 268, 2105
4143, -9241, 268, 268, 2105
4145, -9241, 268, 268, 2105
4145, -9242, 268, 268, 2105
4144, -9241, 268, 268, 2105
4144, -9241, 268, 268, 2105
4145, -9241, 268, 268, 2105
4144, -9243, 268, 268, 2105
4144, -9243, 268, 268, 2105
4145, -9242, 268, 268, 2113
4145, -9242, 268, 268, 2113
4143, -9242, 267, 267, 2113
4144, -9242, 267, 267, 2113
4143, -9243, 266, 266, 2113
4143, -9243, 266, 266, 2113
4142, -9243, 266, 266, 2113
4144, -9242, 267, 267, 2113
4143, -9242, 267, 267, 2113
4143, -9242, 267, 267, 2113
4142, -9242, 267, 267, 2113
4142, -9242, 267, 267, 2113
4144, -9242, 267, 267, 2113
4142, -9242, 266, 266, 2113
4142, -9242, 266, 266, 2113
4142, -9242, 266, 266, 2113
4142, -9242, 266, 266, 2113
4144, -9243, 267, 267, 2113
4141, -9243, 266, 266, 2113
4141, -9242, 266, 266, 2113
4141, -9242, 266, 266, 2113
4143, -9242, 266, 266, 2113
4144, -9243, 267, 267, 2113
4143, -9243, 266, 266, 2113
4143, -9243, 266, 266, 2113
4142, -9243, 266, 266, 2107
4142, -9243, 266, 266, 2107
4142, -9243, 266, 266, 2107
4141, -9243, 265, 265, 2107
4142, -9243, 265, 265, 2107
4144, -9243, 266, 266, 2107
4142, -9242, 266, 266, 2107
4142, -9242, 266, 266, 2107
4142, -9242, 266, 266, 2107
4142, -9243, 266, 266, 2107
4143, -9243, 266, 266, 2107
4142, -9242, 266, 266, 2107
4142, -9242, 266, 266, 2107
4144, -9243, 267, 267, 2107
4143, -9242, 266, 266, 2107
4143, -9242, 266, 266, 2107
4142, -9242, 266, 266, 2107
4141, -9242, 266, 266, 2107
4143, -9243, 266, 266, 2107
4143, -9243, 266, 266, 2107
4143, -9243, 267, 267, 2107
4141, -9243, 265, 265, 2107
4141, -9242, 265, 265, 2107
4142, -9243, 266, 266, 2107
4142, -9243, 265, 265, 2113
4141, -9244, 265, 265, 2113
4141, -9244, 265, 265, 2113
4142, -9244, 265, 265, 2113
4142, -9243, 266, 266, 2113
4143, -9243, 266, 266, 2113
4143, -9242, 266, 266, 2113
4142, -9243, 266, 266, 2113
4142, -9243, 266, 266, 2113
4143, -9243, 266, 266, 2113
4141, -9243, 266, 266, 2113
4141, -9243, 265, 265, 2113
4141, -9243, 265, 265, 2113
4142, -9243, 265, 265, 2113
4143, -9243, 266, 266, 2113
4142, -9243, 265, 265, 2113
4142, -9242, 266, 266, 2113
4141, -9243, 266, 266, 2113
4141, -9243, 266, 266, 2113
4143, -9243, 266, 266, 2113
4143, -9243, 266, 266, 2113
4143, -9243, 266, 266, 2113
4142, -9242, 266, 266, 2113
4142, -9243, 266, 266, 2113
4143, -9243, 265, 265, 2113
4143, -9243, 265, 265, 2113
4142, -9243, 266, 266, 2113
4142, -9242, 266, 266, 2107
4141, -9244, 265, 265, 2107
4141, -9243, 265, 265, 2107
4141, -9243, 265, 265, 2107
4142, -9243, 265, 265, 2107
4142, -9243, 265, 265, 2107
4142, -9243, 265, 265, 2107
4141, -9243, 265, 265, 2107
4142, -9243, 265, 265, 2107
4142, -9243, 265, 265, 2107
4141, -9243, 265, 265, 2107
4141, -9243, 265, 265, 2107
4140, -9243, 264, 264, 2107
4140, -9243, 264, 264, 2107
4142, -9242, 265, 265, 2107
4141, -9242, 265, 265, 2107
4142, -9243, 265, 265, 2107
4142, -9242, 265, 265, 2107
4142, -9244, 265, 265, 2107
4142, -9243, 265, 265, 2107
4143, -9243, 265, 265, 2107
4142, -9243, 265, 265, 2107
4143, -9242, 266, 266, 2107
4004, -9253, 132, 132, 2107
4004, -9253, 132, 132, 2107
4046, -9257, 167, 167, 2107
4046, -9257, 167, 167, 2107
4045, -9256, 169, 169, 2107
4045, -9256, 169, 169, 2107
4047, -9257, 171, 171, 2107
4047, -9257, 171, 171, 2107
4046, -9256, 171, 171, 2107
4049, -9255, 172, 172, 2107
4050, -9256, 173, 173, 2107
4047, -9256, 173, 173, 2107
4053, -9256, 173, 173, 2107
4052, -9256, 174, 174, 2107
4052, -9256, 174, 174, 2107
4052, -9256, 174, 174, 2107
4053, -9255, 175, 175, 2107
4053, -9255, 175, 175, 2107
4049, -9256, 174, 174, 2107
4049, -9255, 174, 174, 2107
4049, -9255, 174, 174, 2107
4052, -9256, 176, 176, 2107
4052, -9256, 176, 176, 2107
4053, -9255, 176, 176, 2107
4054, -9255, 176, 176, 2107
4054, -9255, 176, 176, 2107
4053, -9255, 176, 176, 2105
4053, -9255, 175, 175, 2105
4053, -9256, 176, 176, 2105
4053, -9256, 176, 176, 2105
4053, -9255, 176, 176, 2105
4050, -9255, 175, 175, 2105
4050, -9255, 175, 175, 2105
4052, -9256, 176, 176, 2105
4050, -9256, 176, 176, 2105
4054, -9255, 176, 176, 2105
4051, -9255, 176, 176, 2105
4051, -9255, 176, 176, 2105
4052, -9256, 176, 176, 2105
4051, -9255, 176, 176, 2105
4054, -9255, 177, 177, 2105
4053, -9256, 176, 176, 2105
4055, -9255, 176, 176, 2105
4055, -9255, 176, 176, 2105
4051, -9255, 176, 176, 2105
4050, -9256, 175, 175, 2105
4050, -9256, 175, 175, 2105
4053, -9256, 177, 177, 2105
4052, -9255, 177, 177, 2105
4051, -9255, 176, 176, 2105
4051, -9256, 176, 176, 2105
4053, -9256, 176, 176, 2105
4052, -9256, 176, 176, 2119
4052, -9255, 176, 176, 2119
4053, -9255, 176, 176, 2119
4053, -9255, 176, 176, 2119
4053, -9255, 176, 176, 2119
4053, -9255, 177, 177, 2119
4053, -9255, 177, 177, 2119
4052, -9255, 177, 177, 2119
4051, -9255, 175, 175, 2119
4051, -9255, 175, 175, 2119
4053, -9256, 177, 177, 2119
4055, -9256, 177, 177, 2119
4053, -9256, 176, 176, 2119
4053, -9255, 176, 176, 2119
4051, -9256, 176, 176, 2119
4051, -9256, 176, 176, 2119
4053, -9256, 177, 177, 2119
4052, -9256, 177, 177, 2119
4055, -9254, 177, 177, 2119
4053, -9255, 176, 176, 2119
4052, -9255, 176, 176, 2119
4052, -9255, 176, 176, 2119
4052, -9255, 176, 176, 2119
4053, -9255, 177, 177, 2119
4051, -9255, 176, 176, 2119
4050, -9254, 176, 176, 2113
4053, -9255, 177, 177, 2113
4053, -9255, 177, 177, 2113
4054, -9254, 177, 177, 2113
4055, -9255, 177, 177, 2113
4055, -9255, 177, 177, 2113
4054, -9255, 176, 176, 2113
4054, -9255, 176, 176, 2113
4054, -9255, 177, 177, 2113
4053, -9255, 176, 176, 2113
4053, -9255, 176, 176, 2113
4054, -9255, 178, 178, 2113
4055, -9255, 176, 176, 2113
4054, -9255, 177, 177, 2113
4053, -9254, 177, 177, 2113
4050, -9255, 176, 176, 2113
4050, -9255, 176, 176, 2113
4052, -9255, 178, 178, 2113
4054, -9255, 176, 176, 2113
4054, -9255, 178, 178, 2113
4053, -9255, 177, 177, 2113
4053, -9255, 177, 177, 2113
4054, -9255, 177, 177, 2113
4056, -9255, 177, 177, 2113
4053, -9255, 177, 177, 2113
4051, -9255, 177, 177, 2105
4053, -9255, 177, 177, 2105
4053, -9255, 177, 177, 2105
4054, -9255, 177, 177, 2105
4054, -9255, 177, 177, 2105
4055, -9255, 177, 177, 2105
4053, -9255, 177, 177, 2105
4053, -9255, 177, 177, 2105
4057, -9257, 178, 178, 2105
4057, -9256, 179, 179, 2105
4057, -9256, 179, 179, 2105
4154, -9239, 254, 254, 2105
4149, -9240, 274, 274, 2105
4149, -9240, 274, 274, 2105
4150, -9240, 273, 273, 2105
4147, -9242, 272, 272, 2105
4147, -9242, 272, 272, 2105
4146, -9242, 270, 270, 2105
4146, -9241, 269, 269, 2105
4147, -9241, 270, 270, 2105
4147, -9241, 270, 270, 2105
4145, -9240, 268, 268, 2105
4145, -9240, 268, 268, 2105
4143, -9242, 268, 268, 2105
4145, -9241, 268, 268, 2105
4145, -9242, 267, 267, 2105
4144, -9242, 268, 268, 2111
4144, -9242, 268, 268, 2111
4143, -9241, 267, 267, 2111
4142, -9242, 267, 267, 2111
4142, -9242, 267, 267, 2111
4143, -9242, 267, 267, 2111
4143, -9242, 267, 267, 2111
4143, -9242, 267, 267, 2111
4143, -9242, 267, 267, 2111
4143, -9242, 267, 267, 2111
4144, -9242, 267, 267, 2111
4142, -9243, 266, 266, 2111
4142, -9243, 266, 266, 2111
4144, -9243, 266, 266, 2111
4143, -9243, 266, 266, 2111
4142, -9243, 266, 266, 2111
4142, -9243, 266, 266, 2111
4142, -9243, 266, 266, 2111
4142, -9243, 266, 266, 2111
4143, -9243, 266, 266, 2111
4143, -9243, 266, 266, 2111
4142, -9243, 266, 266, 2111
4142, -9243, 266, 266, 2111
4142, -9242, 266, 266, 2111
4142, -9243, 265, 265, 2111
4141, -9242, 265, 265, 2111
4141, -9242, 265, 265, 2111
4142, -9242, 266, 266, 2121
4142, -9242, 266, 266, 2121
4142, -9242, 266, 266, 2121
4143, -9242, 266, 266, 2121
4143, -9242, 266, 266, 2121
4143, -9242, 266, 266, 2121
4142, -9243, 266, 266, 2121
4142, -9243, 266, 266, 2121
4142, -9242, 266, 266, 2121
4142, -9243, 265, 265, 2121
4142, -9243, 265, 265, 2121
4141, -9243, 265, 265, 2121
4142, -9242, 265, 265, 2121
4142, -9242, 265, 265, 2121
4140, -9243, 264, 264, 2121
4141, -9243, 265, 265, 2121
4142, -9242, 265, 265, 2121
4142, -9243, 265, 265, 2121
4142, -9243, 265, 265, 2121
4142, -9243, 265, 265, 2121
4141, -9242, 265, 265, 2121
4141, -9242, 265, 265, 2121
4141, -9243, 265, 265, 2121
4142, -9242, 265, 265, 2121
4143, -9243, 266, 266, 2121
4143, -9243, 266, 266, 2121
4141, -9242, 265, 265, 2117
4141, -9244, 265, 265, 2117
4141, -9244, 265, 265, 2117
4142, -9243, 266, 266, 2117
4142, -9243, 265, 265, 2117
4142, -9243, 265, 265, 2117
4142, -9244, 265, 265, 2117
4142, -9243, 266, 266, 2117
4142, -9243, 266, 266, 2117
4141, -9242, 265, 265, 2117
4142, -9243, 266, 266, 2117
4141, -9243, 265, 265, 2117
4141, -9244, 265, 265, 2117
4141, -9244, 265, 265, 2117
4141, -9243, 265, 265, 2117
4141, -9242, 265, 265, 2117
4142, -9243, 266, 266, 2117
4142, -9243, 266, 266, 2117
4141, -9243, 265, 265, 2117
4140, -9243, 264, 264, 2117
4141, -9242, 265, 265, 2117
4141, -9242, 265, 265, 2117
4141, -9244, 265, 265, 2117
4141, -9244, 265, 265, 2117
4141, -9244, 265, 265, 2117
4141, -9243, 265, 265, 2121
4141, -9243, 265, 265, 2121
4142, -9243, 265, 265, 2121
4141, -9244, 265, 265, 2121
4142, -9243, 265, 265, 2121
4141, -9243, 265, 265, 2121
4142, -9244, 265, 265, 2121
4142, -9243, 265, 265, 2121
4142, -9243, 265, 265, 2121
4141, -9243, 264, 264, 2121
4142, -9243, 265, 265, 2121
4141, -9243, 264, 264, 2121
4141, -9243, 264, 264, 2121
4141, -9244, 265, 265, 2121
4141, -9244, 265, 265, 2121
4143, -9242, 266, 266, 2121
4142, -9243, 265, 265, 2121
4142, -9243, 265, 265, 2121
4141, -9244, 265, 265, 2121
4142, -9243, 265, 265, 2121
4142, -9243, 265, 265, 2121
4142, -9243, 265, 265, 2121
4142, -9243, 265, 265, 2121
4142, -9243, 266, 266, 2121
4142, -9244, 265, 265, 2121
4142, -9244, 265, 265, 2121
4141, -9243, 265, 265, 2113
4141, -9243, 265, 265, 2113
4142, -9243, 265, 265, 2113
4141, -9243, 265, 265, 2113
4141, -9243, 265, 265, 2113
4141, -9243, 265, 265, 2113
4142, -9243, 266, 266, 2113
4141, -9243, 265, 265, 2113
4141, -9243, 265, 265, 2113
4140, -9243, 265, 265, 2113
4142, -9243, 265, 265, 2113
3945, -9272, 48, 48, 2113
3945, -9272, 48, 48, 2113
3961, -9269, 86, 86, 2113
3961, -9269, 86, 86, 2113
3962, -9269, 88, 88, 2113
3969, -9267, 94, 94, 2113
3969, -9267, 94, 94, 2113
3972, -9267, 95, 95, 2113
3969, -9267, 95, 95, 2113
3974, -9267, 97, 97, 2115
3974, -9267, 97, 97, 2115
3976, -9268, 96, 96, 2115
3975, -9267, 97, 97, 2115
3976, -9268, 97, 97, 2115
3974, -9267, 99, 99, 2115
3971, -9267, 99, 99, 2115
3975, -9266, 99, 99, 2115
3975, -9266, 99, 99, 2115
3979, -9266, 100, 100, 2115
3978, -9267, 99, 99, 2115
3976, -9266, 99, 99, 2115
3973, -9267, 99, 99, 2115
3973, -9267, 100, 100, 2115
3973, -9267, 100, 100, 2115
3974, -9267, 100, 100, 2115
3976, -9267, 100, 100, 2115
3976, -9268, 100, 100, 2115
3977, -9266, 101, 101, 2115
3977, -9266, 101, 101, 2115
3979, -9265, 100, 100, 2115
3980, -9266, 100, 100, 2115
3976, -9267, 101, 101, 2121
3976, -9267, 101, 101, 2121
3974, -9268, 101, 101, 2121
3974, -9267, 100, 100, 2121
3979, -9267, 101, 101, 2121
3979, -9267, 101, 101, 2121
3979, -9266, 100, 100, 2121
3976, -9267, 100, 100, 2121
3976, -9267, 100, 100, 2121
3976, -9266, 100, 100, 2121
3975, -9268, 101, 101, 2121
3975, -9268, 101, 101, 2121
3975, -9267, 100, 100, 2121
3978, -9267, 101, 101, 2121
3980, -9265, 100, 100, 2121
3981, -9266, 101, 101, 2121
3975, -9266, 101, 101, 2121
3975, -9266, 101, 101, 2121
3976, -9266, 102, 102, 2121
3976, -9266, 102, 102, 2121
3976, -9267, 101, 101, 2121
3976, -9267, 102, 102, 2121
3976, -9267, 102, 102, 2121
3980, -9266, 102, 102, 2121
3980, -9266, 102, 102, 2121
3981, -9266, 102, 102, 2121
3979, -9267, 101, 101, 2121
3979, -9267, 101, 101, 2121
3977, -9265, 102, 102, 2117
3975, -9267, 101, 101, 2117
3975, -9267, 101, 101, 2117
3976, -9266, 102, 102, 2117
3981, -9267, 101, 101, 2117
3981, -9267, 101, 101, 2117
3980, -9267, 102, 102, 2117
3980, -9265, 101, 101, 2117
3980, -9266, 102, 102, 2117
3980, -9266, 101, 101, 2117
3979, -9265, 102, 102, 2117
3976, -9266, 102, 102, 2117
3976, -9266, 102, 102, 2117
3977, -9266, 102, 102, 2117
3976, -9266, 102, 102, 2117
3977, -9266, 102, 102, 2117
3977, -9266, 102, 102, 2117
3978, -9267, 103, 103, 2117
3982, -9265, 102, 102, 2117
3982, -9265, 102, 102, 2117
3980, -9266, 101, 101, 2117
3981, -9266, 102, 102, 2117
3980, -9266, 102, 102, 2117
3978, -9266, 102, 102, 2117
3980, -9265, 103, 103, 2117
3979, -9266, 102, 102, 2117
3977, -9266, 102, 102, 2117
3975, -9266, 102, 102, 2117
3975, -9266, 102, 102, 2117
3976, -9267, 103, 103, 2117
3976, -9267, 103, 103, 2117
3976, -9267, 102, 102, 2117
3978, -9266, 102, 102, 2117
3978, -9266, 102, 102, 2117
3982, -9266, 103, 103, 2117
3983, -9266, 102, 102, 2117
3981, -9266, 103, 103, 2117
3981, -9265, 102, 102, 2117
3977, -9266, 103, 103, 2117
3977, -9266, 103, 103, 2117
3975, -9267, 103, 103, 2117
3977, -9266, 102, 102, 2117
3977, -9266, 103, 103, 2117
3977, -9267, 103, 103, 2117
3975, -9267, 102, 102, 2117
4155, -9235, 149, 149, 2123
4156, -9240, 281, 281, 2123
4154, -9240, 279, 279, 2123
4151, -9241, 275, 275, 2123
4151, -9241, 275, 275, 2123
4149, -9240, 274, 274, 2123
4149, -9240, 273, 273, 2123
4148, -9241, 272, 272, 2123
4148, -9241, 272, 272, 2123
4147, -9241, 271, 271, 2123
4147, -9241, 271, 271, 2123
4146, -9241, 270, 270, 2123
4146, -9241, 270, 270, 2123
4145, -9242, 270, 270, 2123
4146, -9242, 270, 270, 2123
4146, -9242, 270, 270, 2123
4146, -9241, 269, 269, 2123
4144, -9241, 269, 269, 2123
4144, -9242, 268, 268, 2123
4144, -9242, 268, 268, 2123
4145, -9242, 269, 269, 2123
4145, -9243, 268, 268, 2123
4145, -9243, 268, 268, 2123
4144, -9243, 267, 267, 2123
4143, -9242, 267, 267, 2130
4143, -9242, 267, 267, 2130
4143, -9243, 267, 267, 2130
4144, -9242, 268, 268, 2130
4144, -9241, 268, 268, 2130
4144, -9242, 267, 267, 2130
4144, -9242, 267, 267, 2130
4144, -9242, 267, 267, 2130
4143, -9242, 266, 266, 2130
4142, -9242, 266, 266, 2130
4143, -9242, 266, 266, 2130
4143, -9242, 266, 266, 2130
4142, -9243, 266, 266, 2130
4143, -9242, 266, 266, 2130
4143, -9243, 266, 266, 2130
4143, -9243, 266, 266, 2130
4142, -9242, 266, 266, 2130
4142, -9243, 266, 266, 2130
4142, -9242, 265, 265, 2130
4142, -9242, 265, 265, 2130
4142, -9242, 265, 265, 2130
4143, -9242, 266, 266, 2130
4143, -9242, 266, 266, 2130
4143, -9242, 266, 266, 2130
4142, -9242, 266, 266, 2130
4142, -9242, 266, 266, 2130
4141, -9242, 265, 265, 2115
4141, -9242, 265, 265, 2115
4142, -9243, 265, 265, 2115
4142, -9244, 266, 266, 2115
4142, -9244, 266, 266, 2115
4142, -9243, 265, 265, 2115
4142, -9243, 265, 265, 2115
4140, -9243, 265, 265, 2115
4140, -9243, 265, 265, 2115
4140, -9243, 265, 265, 2115
4142, -9244, 265, 265, 2115
4142, -9243, 265, 265, 2115
4141, -9244, 265, 265, 2115
4141, -9242, 265, 265, 2115
4142, -9243, 265, 265, 2115
4141, -9244, 265, 265, 2115
4141, -9243, 265, 265, 2115
4141, -9243, 265, 265, 2115
4140, -9243, 264, 264, 2115
4141, -9243, 264, 264, 2115
4141, -9242, 265, 265, 2115
4141, -9243, 264, 264, 2115
4141, -9243, 264, 264, 2115
4140, -9244, 264, 264, 2115
4141, -9243, 265, 265, 2115
4141, -9243, 265, 265, 2115
4140, -9243, 265, 265, 2115
4140, -9243, 264, 264, 2123
4140, -9243, 264, 264, 2123
4140, -9243, 264, 264, 2123
4140, -9243, 264, 264, 2123
4140, -9243, 264, 264, 2123
4141, -9242, 264, 264, 2123
4141, -9242, 264, 264, 2123
4139, -9242, 264, 264, 2123
4140, -9243, 264, 264, 2123
4140, -9243, 264, 264, 2123
4140, -9244, 264, 264, 2123
4140, -9243, 264, 264, 2123
4140, -9243, 264, 264, 2123
4141, -9244, 265, 265, 2123
4141, -9244, 264, 264, 2123
4141, -9244, 264, 264, 2123
4139, -9244, 263, 263, 2123
4140, -9243, 264, 264, 2123
4140, -9243, 264, 264, 2123
4140, -9244, 263, 263, 2123
4141, -9244, 264, 264, 2123
4141, -9245, 264, 264, 2123
4140, -9244, 264, 264, 2123
4140, -9243, 263, 263, 2123
4140, -9243, 263, 263, 2123
4139, -9243, 263, 263, 2123
4140, -9243, 264, 264, 2119
4140, -9243, 264, 264, 2119
4139, -9242, 263, 263, 2119
4140, -9244, 264, 264, 2119
4141, -9244, 264, 264, 2119
4141, -9244, 264, 264, 2119
4139, -9243, 264, 264, 2119
4139, -9243, 264, 264, 2119
4141, -9242, 264, 264, 2119
4141, -9244, 264, 264, 2119
4141, -9244, 264, 264, 2119
4141, -9244, 264, 264, 2119
4139, -9244, 264, 264, 2119
4140, -9244, 264, 264, 2119
4140, -9243, 263, 263, 2119
4141, -9243, 264, 264, 2119
4139, -9244, 264, 264, 2119
4139, -9244, 264, 264, 2119
4140, -9243, 264, 264, 2119
4139, -9242, 263, 263, 2119
4140, -9243, 264, 264, 2119
4140, -9243, 264, 264, 2119
4141, -9244, 264, 264, 2119
4139, -9244, 264, 264, 2119
4139, -9285, 263, 263, 2119
3962, -9271, 79, 79, 2119
3962, -9271, 79, 79, 2119
3967, -9269, 89, 89, 2123
3967, -9268, 89, 89, 2123
3968, -9268, 92, 92, 2123
3968, -9268, 92, 92, 2123
3966, -9268, 92, 92, 2123
3967, -9269, 94, 94, 2123
3971, -9267, 94, 94, 2123
3971, -9267, 94, 94, 2123
3971, -9268, 95, 95, 2123
3969, -9268, 95, 95, 2123
3974, -9268, 96, 96, 2123
3974, -9266, 97, 97, 2123
3974, -9267, 97, 97, 2123
3974, -9267, 97, 97, 2123
3973, -9267, 98, 98, 2123
3972, -9267, 98, 98, 2123
3971, -9268, 98, 98, 2123
3973, -9267, 98, 98, 2123
3971, -9268, 99, 99, 2123
3976, -9268, 98, 98, 2123
3979, -9267, 100, 100, 2132
3979, -9267, 100, 100, 2132
3977, -9267, 100, 100, 2132
3973, -9266, 99, 99, 2132
3974, -9268, 99, 99, 2132
3974, -9268, 99, 99, 2132
3973, -9267, 100, 100, 2132
3979, -9267, 100, 100, 2132
3979, -9267, 100, 100, 2132
3980, -9266, 100, 100, 2132
3978, -9266, 99, 99, 2132
3978, -9266, 99, 99, 2132
3979, -9266, 100, 100, 2132
3979, -9266, 100, 100, 2132
3978, -9266, 100, 100, 2132
3974, -9266, 100, 100, 2132
3974, -9266, 100, 100, 2132
3974, -9267, 100, 100, 2132
3975, -9267, 100, 100, 2132
3976, -9268, 101, 101, 2132
3979, -9266, 100, 100, 2132
3979, -9266, 100, 100, 2132
3979, -9267, 100, 100, 2132
3976, -9266, 101, 101, 2132
3976, -9266, 101, 101, 2132
3977, -9267, 101, 101, 2132
3975, -9267, 101, 101, 2132
3975, -9267, 101, 101, 2132
3975, -9268, 101, 101, 2132
3975, -9268, 101, 101, 2132
3974, -9268, 101, 101, 2132
3980, -9266, 100, 100, 2132
3980, -9266, 100, 100, 2132
3980, -9267, 101, 101, 2132
3976, -9267, 100, 100, 2132
3975, -9267, 101, 101, 2132
3975, -9267, 101, 101, 2132
3976, -9267, 102, 102, 2132
3976, -9267, 102, 102, 2132
3975, -9266, 101, 101, 2132
3978, -9266, 101, 101, 2132
3978, -9266, 101, 101, 2132
3981, -9266, 101, 101, 2132
3977, -9267, 101, 101, 2132
3977, -9267, 101, 101, 2132
3978, -9267, 101, 101, 2132
3981, -9266, 102, 102, 2126
3979, -9267, 101, 101, 2126
3980, -9268, 102, 102, 2126
3978, -9266, 101, 101, 2126
3978, -9266, 101, 101, 2126
3978, -9266, 102, 102, 2126
3978, -9266, 102, 102, 2126
3977, -9266, 102, 102, 2126
3977, -9266, 102, 102, 2126
3976, -9267, 102, 102, 2126
3975, -9267, 102, 102, 2126
3978, -9266, 101, 101, 2126
3978, -9266, 102, 102, 2126
3976, -9267, 102, 102, 2126
3977, -9267, 103, 103, 2126
3975, -9266, 101, 101, 2126
3976, -9267, 103, 103, 2126
3976, -9267, 103, 103, 2126
3975, -9267, 102, 102, 2126
3981, -9267, 102, 102, 2126
3979, -9267, 102, 102, 2126
3979, -9267, 102, 102, 2126
3980, -9266, 101, 101, 2126
3980, -9266, 101, 101, 2126
3979, -9267, 103, 103, 2126
3981, -9265, 102, 102, 2126
3979, -9266, 102, 102, 2126
3979, -9266, 102, 102, 2126
3996, -9267, 105, 105, 2126
4163, -9237, 287, 287, 2126
4163, -9237, 287, 287, 2126
4157, -9239, 281, 281, 2126
4154, -9240, 279, 279, 2126
4150, -9240, 275, 275, 2126
4150, -9240, 275, 275, 2126
4152, -9241, 275, 275, 2126
4149, -9241, 274, 274, 2126
4149, -9240, 272, 272, 2126
4148, -9241, 272, 272, 2126
4148, -9241, 272, 272, 2126
4147, -9241, 272, 272, 2126
4147, -9242, 271, 271, 2126
4145, -9241, 269, 269, 2126
4145, -9241, 269, 269, 2126
4145, -9242, 269, 269, 2126
4145, -9243, 269, 269, 2126
4146, -9242, 269, 269, 2128
4145, -9242, 269, 269, 2128
4145, -9242, 269, 269, 2128
4144, -9242, 268, 268, 2128
4144, -9243, 268, 268, 2128
4144, -9243, 268, 268, 2128
4144, -9242, 268, 268, 2128
4143, -9243, 267, 267, 2128
4143, -9243, 267, 267, 2128
4143, -9243, 267, 267, 2128
4143, -9243, 266, 266, 2128
4142, -9243, 266, 266, 2128
4142, -9243, 266, 266, 2128
4144, -9243, 268, 268, 2128
4142, -9243, 266, 266, 2128
4142, -9243, 266, 266, 2128
4143, -9244, 266, 266, 2128
4143, -9244, 266, 266, 2128
4142, -9243, 266, 266, 2128
4143, -9243, 266, 266, 2128
4143, -9243, 266, 266, 2128
4143, -9243, 266, 266, 2128
4140, -9243, 265, 265, 2128
4140, -9243, 265, 265, 2128
4141, -9244, 265, 265, 2123
4141, -9244, 265, 265, 2123
4142, -9243, 265, 265, 2123
4143, -9243, 266, 266, 2123
4142, -9243, 266, 266, 2123
4141, -9243, 265, 265, 2123
4141, -9243, 265, 265, 2123
4141, -9243, 264, 264, 2123
4141, -9243, 265, 265, 2123
4141, -9243, 265, 265, 2123
4141, -9243, 265, 265, 2123
4141, -9243, 265, 265, 2123
4141, -9243, 265, 265, 2123
4141, -9243, 265, 265, 2123
4140, -9244, 264, 264, 2123
4140, -9244, 264, 264, 2123
4141, -9243, 265, 265, 2123
4140, -9244, 265, 265, 2123
4140, -9243, 264, 264, 2123
4140, -9243, 264, 264, 2123
4140, -9244, 264, 264, 2123
4140, -9243, 264, 264, 2130
4140, -9243, 264, 264, 2130
4142, -9244, 264, 264, 2130
4140, -9244, 264, 264, 2130
4140, -9244, 264, 264, 2130
4140, -9244, 264, 264, 2130
4142, -9244, 265, 265, 2130
4142, -9243, 264, 264, 2130
4142, -9243, 264, 264, 2130
4139, -9243, 263, 263, 2130
4141, -9243, 263, 263, 2130
4141, -9243, 263, 263, 2130
4142, -9244, 265, 265, 2130
4139, -9244, 264, 264, 2130
4139, -9244, 264, 264, 2130
4141, -9245, 265, 265, 2130
4139, -9244, 264, 264, 2130
4139, -9244, 264, 264, 2130
4142, -9244, 264, 264, 2130
4141, -9244, 265, 265, 2130
4141, -9244, 264, 264, 2130
4141, -9244, 264, 264, 2130
4140, -9244, 264, 264, 2130
4139, -9244, 264, 264, 2130
4139, -9244, 264, 264, 2130
4140, -9245, 263, 263, 2126
4140, -9244, 264, 264, 2126
4140, -9244, 264, 264, 2126
4140, -9244, 264, 264, 2126
4140, -9245, 264, 264, 2126
4141, -9244, 264, 264, 2126
4141, -9244, 264, 264, 2126
4141, -9244, 264, 264, 2126
4140, -9244, 264, 264, 2126
4140, -9243, 264, 264, 2126
4140, -9244, 264, 264, 2126
4140, -9244, 264, 264, 2126
4140, -9244, 264, 264, 2126
4140, -9244, 264, 264, 2126
4139, -9244, 263, 263, 2126
4139, -9244, 263, 263, 2126
4139, -9244, 263, 263, 2126
4139, -9245, 264, 264, 2126
4140, -9244, 263, 263, 2126
4140, -9244, 264, 264, 2126
4140, -9244, 264, 264, 2126
4140, -9244, 263, 263, 2126
4139, -9244, 263, 263, 2128
4140, -9245, 263, 263, 2128
4139, -9244, 263, 263, 2128
4141, -9244, 263, 263, 2128
4141, -9244, 263, 263, 2128
4139, -9245, 263, 263, 2128
4140, -9244, 263, 263, 2128
3939, -9272, 94, 94, 2128
3939, -9272, 94, 94, 2128
3959, -9271, 81, 81, 2128
3959, -9271, 81, 81, 2128
3965, -9269, 86, 86, 2128
3965, -9269, 86, 86, 2128
3966, -9268, 88, 88, 2128
3969, -9269, 90, 90, 2128
3964, -9271, 91, 91, 2128
3969, -9269, 93, 93, 2128
3969, -9269, 93, 93, 2128
3970, -9269, 95, 95, 2128
3972, -9269, 96, 96, 2128
3972, -9269, 96, 96, 2128
3971, -9269, 95, 95, 2128
3976, -9268, 95, 95, 2128
3974, -9267, 96, 96, 2128
3974, -9267, 96, 96, 2128
3970, -9267, 96, 96, 2126
3970, -9267, 96, 96, 2126
3970, -9268, 97, 97, 2126
3975, -9268, 98, 98, 2126
3974, -9268, 98, 98, 2126
3977, -9267, 98, 98, 2126
3975, -9268, 98, 98, 2126
3975, -9267, 98, 98, 2126
3975, -9267, 98, 98, 2126
3974, -9267, 98, 98, 2126
3974, -9268, 99, 99, 2126
3976, -9268, 98, 98, 2126
3979, -9267, 100, 100, 2126
3979, -9267, 100, 100, 2126
3973, -9266, 99, 99, 2126
3973, -9267, 99, 99, 2126
3973, -9267, 99, 99, 2126
3971, -9267, 99, 99, 2126
3977, -9266, 98, 98, 2126
3977, -9266, 100, 100, 2126
3979, -9267, 99, 99, 2126
3979, -9267, 99, 99, 2126
3978, -9266, 100, 100, 2126
3974, -9268, 100, 100, 2126
3974, -9267, 100, 100, 2134
3974, -9267, 100, 100, 2134
3977, -9268, 100, 100, 2134
3978, -9267, 100, 100, 2134
3976, -9267, 100, 100, 2134
3981, -9266, 100, 100, 2134
3979, -9266, 101, 101, 2134
3979, -9266, 101, 101, 2134
3975, -9266, 100, 100, 2134
3977, -9267, 101, 101, 2134
3974, -9267, 100, 100, 2134
3979, -9267, 101, 101, 2134
3979, -9267, 101, 101, 2134
3977, -9267, 100, 100, 2134
3977, -9267, 100, 100, 2134
3978, -9267, 100, 100, 2134
3978, -9267, 100, 100, 2134
3980, -9267, 101, 101, 2134
3980, -9267, 101, 101, 2134
3980, -9268, 101, 101, 2134
3980, -9268, 101, 101, 2134
3980, -9267, 100, 100, 2134
3978, -9266, 101, 101, 2134
3978, -9266, 100, 100, 2134
3976, -9266, 102, 102, 2121
3976, -9266, 102, 102, 2121
3976, -9266, 101, 101, 2121
3976, -9267, 101, 101, 2121
3980, -9266, 100, 100, 2121
3980, -9266, 100, 100, 2121
3980, -9266, 102, 102, 2121
3980, -9266, 101, 101, 2121
3980, -9266, 101, 101, 2121
3979, -9265, 102, 102, 2121
3974, -9266, 101, 101, 2121
3975, -9267, 101, 101, 2121
3974, -9266, 101, 101, 2121
3974, -9266, 101, 101, 2121
3978, -9265, 100, 100, 2121
3978, -9265, 100, 100, 2121
3977, -9265, 101, 101, 2121
3975, -9266, 101, 101, 2121
3974, -9267, 101, 101, 2121
3977, -9266, 101, 101, 2121
3981, -9267, 102, 102, 2121
3981, -9267, 102, 102, 2121
3981, -9266, 101, 101, 2121
3976, -9266, 101, 101, 2121
3976, -9266, 101, 101, 2121
3977, -9266, 102, 102, 2126
3974, -9267, 101, 101, 2126
3975, -9266, 101, 101, 2126
3975, -9266, 101, 101, 2126
3978, -9267, 101, 101, 2126
3981, -9267, 102, 102, 2126
3981, -9267, 102, 102, 2126
3980, -9267, 101, 101, 2126
3980, -9267, 101, 101, 2126
3979, -9266, 100, 100, 2126
3979, -9266, 100, 100, 2126
3983, -9266, 102, 102, 2126
3977, -9266, 101, 101, 2126
3977, -9267, 101, 101, 2126
3977, -9267, 101, 101, 2126
3977, -9267, 101, 101, 2126
3977, -9267, 101, 101, 2126
3976, -9267, 102, 102, 2126
3975, -9267, 101, 101, 2126
4164, -9236, 192, 192, 2126
4161, -9239, 285, 285, 2126
4161, -9239, 285, 285, 2126
4157, -9239, 282, 282, 2126
4153, -9240, 277, 277, 2126
4152, -9240, 276, 276, 2126
4152, -9240, 276, 276, 2126
4150, -9241, 274, 274, 2126
4149, -9241, 274, 274, 2136
4148, -9242, 272, 272, 2136
4148, -9242, 272, 272, 2136
4148, -9242, 271, 271, 2136
4148, -9242, 271, 271, 2136
4146, -9242, 270, 270, 2136
4146, -9242, 269, 269, 2136
4145, -9242, 269, 269, 2136
4145, -9242, 269, 269, 2136
4145, -9242, 269, 269, 2136
4145, -9243, 268, 268, 2136
4143, -9242, 268, 268, 2136
4145, -9242, 268, 269, 2136
4145, -9242, 268, 268, 2136
4144, -9243, 268, 268, 2136
4144, -9243, 268, 268, 2136
4144, -9243, 268, 268, 2136
4143, -9243, 267, 267, 2136
4144, -9242, 267, 267, 2136
4144, -9242, 267, 267, 2136
4143, -9243, 266, 266, 2136
4144, -9243, 266, 266, 2136
4143, -9243, 266, 266, 2136
4142, -9243, 266, 266, 2136
4142, -9243, 266, 266, 2136
4141, -9243, 266, 266, 2134
4143, -9243, 266, 266, 2134
4142, -9244, 266, 266, 2134
4142, -9244, 266, 266, 2134
4141, -9243, 265, 265, 2134
4141, -9243, 265, 265, 2134
4143, -9243, 266, 266, 2134
4141, -9243, 266, 266, 2134
4141, -9243, 266, 266, 2134
4143, -9244, 266, 266, 2134
4141, -9243, 265, 265, 2134
4141, -9243, 265, 265, 2134
4143, -9243, 265, 265, 2134
4141, -9244, 265, 265, 2134
4141, -9243, 264, 264, 2134
4141, -9243, 264, 264, 2134
4140, -9243, 264, 264, 2134
4142, -9243, 265, 265, 2134
4142, -9244, 265, 265, 2134
4140, -9243, 264, 264, 2134
4140, -9244, 264, 264, 2134
4140, -9244, 264, 264, 2134
4141, -9244, 264, 264, 2134
4140, -9244, 264, 264, 2132
4140, -9244, 264, 264, 2132
4141, -9243, 264, 264, 2132
4140, -9245, 264, 264, 2132
4141, -9244, 265, 265, 2132
4141, -9244, 265, 265, 2132
4140, -9244, 264, 264, 2132
4141, -9245, 264, 264, 2132
4141, -9245, 264, 264, 2132
4140, -9245, 264, 264, 2132
4141, -9244, 265, 265, 2132
4141, -9244, 265, 265, 2132
4140, -9245, 264, 264, 2132
4140, -9245, 264, 264, 2132
4140, -9244, 264, 264, 2132
4140, -9244, 264, 264, 2132
4139, -9244, 263, 263, 2132
4141, -9244, 263, 263, 2132
4140, -9244, 263, 263, 2132
4139, -9244, 263, 263, 2132
4140, -9244, 263, 263, 2132
4141, -9244, 264, 264, 2132
4140, -9245, 264, 264, 2132
4140, -9245, 264, 264, 2132
4140, -9245, 263, 263, 2132
4139, -9245, 263, 263, 2130
4139, -9245, 263, 263, 2130
4140, -9244, 263, 263, 2130
4140, -9244, 263, 263, 2130
4139, -9244, 262, 262, 2130
4139, -9245, 263, 263, 2130
4139, -9245, 263, 263, 2130
4139, -9243, 263, 263, 2130
4140, -9244, 263, 263, 2130
4139, -9245, 263, 263, 2130
4139, -9245, 263, 263, 2130
4139, -9244, 263, 263, 2130
4139, -9244, 263, 263, 2130
4139, -9244, 263, 263, 2130
4139, -9244, 263, 263, 2130
4139, -9245, 263, 263, 2130
4139, -9245, 263, 263, 2130
4139, -9245, 263, 263, 2130
4139, -9244, 263, 263, 2130
4139, -9245, 263, 263, 2130
4140, -9245, 263, 263, 2130
4139, -9245, 263, 263, 2130
4139, -9245, 263, 263, 2130
4139, -9244, 263, 263, 2130
4139, -9244, 262, 262, 2126
4139, -9244, 262, 262, 2126
4138, -9245, 262, 262, 2126
4139, -9244, 263, 263, 2126
4139, -9244, 263, 263, 2126
4139, -9244, 263, 263, 2126
4139, -9245, 262, 262, 2126
4138, -9244, 262, 262, 2126
4139, -9244, 262, 262, 2126
4139, -9245, 262, 262, 2126
4139, -9245, 262, 262, 2126
4139, -9244, 262, 262, 2126
4139, -9244, 263, 263, 2126
4139, -9243, 263, 263, 2126
4138, -9243, 263, 263, 2126
4139, -9244, 263, 263, 2126
3947, -9276, 125, 125, 2126
3947, -9276, 125, 125, 2126
3959, -9271, 81, 81, 2126
3958, -9272, 83, 83, 2126
3958, -9272, 83, 83, 2126
3962, -9271, 88, 88, 2126
3962, -9271, 88, 88, 2126
3963, -9270, 89, 89, 2126
3970, -9268, 91, 91, 2126
3970, -9269, 92, 92, 2132
3970, -9270, 92, 92, 2132
3970, -9270, 92, 92, 2132
3969, -9268, 93, 93, 2132
3969, -9268, 93, 93, 2132
3972, -9268, 94, 94, 2132
3972, -9268, 94, 94, 2132
3973, -9268, 94, 94, 2132
3976, -9267, 96, 96, 2132
3976, -9267, 96, 96, 2132
3974, -9267, 95, 95, 2132
3974, -9267, 95, 95, 2132
3974, -9268, 96, 96, 2132
3971, -9267, 97, 97, 2132
3970, -9268, 96, 96, 2132
3975, -9267, 97, 97, 2132
3975, -9267, 97, 97, 2132
3977, -9267, 97, 97, 2132
3976, -9267, 97, 97, 2132
3978, -9268, 98, 98, 2132
3978, -9268, 98, 98, 2132
3975, -9268, 98, 98, 2132
3971, -9267, 98, 98, 2132
3971, -9267, 98, 98, 2132
3971, -9268, 98, 98, 2130
3971, -9268, 98, 98, 2130
3973, -9268, 98, 98, 2130
3977, -9267, 98, 98, 2130
3978, -9268, 99, 99, 2130
3973, -9267, 99, 99, 2130
3971, -9268, 98, 98, 2130
3971, -9268, 98, 98, 2130
3972, -9268, 99, 99, 2130
3977, -9267, 99, 99, 2130
3977, -9267, 99, 99, 2130
3977, -9268, 100, 100, 2130
3978, -9267, 98, 98, 2130
3976, -9268, 99, 99, 2130
3976, -9267, 99, 99, 2130
3977, -9268, 99, 99, 2130
3977, -9268, 99, 99, 2130
3975, -9268, 99, 99, 2130
3976, -9268, 99, 99, 2130
3979, -9267, 99, 99, 2130
3979, -9267, 99, 99, 2130
3979, -9267, 100, 100, 2130
3979, -9267, 100, 100, 2130
3975, -9267, 100, 100, 2130
3973, -9267, 99, 99, 2130
3973, -9267, 99, 99, 2130
3975, -9269, 100, 100, 2130
3976, -9267, 100, 100, 2130
3976, -9267, 100, 100, 2130
3979, -9267, 100, 100, 2130
3977, -9266, 101, 101, 2130
3977, -9266, 101, 101, 2130
3976, -9267, 100, 100, 2130
3976, -9267, 100, 100, 2130
3974, -9268, 99, 99, 2130
3974, -9268, 99, 99, 2130
3974, -9268, 100, 100, 2130
3977, -9267, 100, 100, 2130
3978, -9267, 100, 100, 2130
3977, -9267, 100, 100, 2130
3979, -9266, 100, 100, 2130
3975, -9267, 100, 100, 2130
3974, -9268, 100, 100, 2130
3974, -9268, 100, 100, 2130
3975, -9269, 100, 100, 2130
3978, -9267, 100, 100, 2130
3978, -9267, 100, 100, 2130
3979, -9267, 100, 100, 2130
3976, -9266, 101, 101, 2126
3975, -9267, 100, 100, 2126
3975, -9267, 100, 100, 2126
3975, -9267, 101, 101, 2126
3975, -9267, 100, 100, 2126
3975, -9267, 100, 100, 2126
3975, -9267, 101, 101, 2126
3975, -9267, 101, 101, 2126
3978, -9266, 101, 101, 2126
3978, -9266, 100, 100, 2126
3974, -9267, 101, 101, 2126
3974, -9267, 101, 101, 2126
3974, -9267, 101, 101, 2126
3974, -9268, 100, 100, 2126
3978, -9267, 100, 100, 2126
3978, -9267, 100, 100, 2126
3979, -9267, 100, 100, 2126
3977, -9267, 100, 100, 2126
3977, -9267, 100, 100, 2126
3974, -9268, 101, 101, 2126
3974, -9267, 100, 100, 2126
3974, -9267, 100, 100, 2126
3978, -9267, 100, 100, 2126
3979, -9266, 99, 99, 2126
3979, -9266, 99, 99, 2126
3981, -9266, 102, 102, 2126
3981, -9266, 102, 102, 2126
3979, -9267, 101, 101, 2126
3978, -9267, 100, 100, 2126
4163, -9238, 196, 196, 2126
4163, -9238, 196, 196, 2126
4157, -9240, 282, 282, 2126
4157, -9240, 282, 282, 2126
4150, -9241, 274, 274, 2126
4150, -9242, 273, 273, 2126
4148, -9242, 272, 272, 2126
4147, -9241, 271, 271, 2126
4146, -9243, 270, 270, 2126
4145, -9242, 269, 269, 2126
4144, -9243, 269, 269, 2126
4144, -9242, 268, 268, 2126
4145, -9243, 268, 268, 2126
4145, -9243, 268, 268, 2126
4144, -9243, 268, 268, 2126
4144, -9242, 267, 267, 2126
4143, -9242, 267, 267, 2126
4144, -9244, 267, 267, 2126
4143, -9244, 267, 267, 2126
4143, -9243, 267, 267, 2126
4142, -9243, 266, 266, 2123
4142, -9244, 266, 266, 2123
4142, -9244, 266, 266, 2123
4142, -9244, 266, 266, 2123
4143, -9244, 266, 266, 2123
4142, -9244, 266, 266, 2123
4142, -9244, 266, 266, 2123
4141, -9244, 266, 266, 2123
4142, -9244, 265, 265, 2123
4142, -9244, 265, 265, 2123
4141, -9244, 265, 265, 2123
4141, -9244, 265, 265, 2123
4139, -9245, 264, 264, 2123
4139, -9245, 264, 264, 2123
4141, -9245, 264, 264, 2123
4140, -9244, 265, 265, 2123
4140, -9244, 265, 265, 2123
4140, -9243, 265, 265, 2123
4142, -9244, 265, 265, 2123
4141, -9243, 265, 265, 2123
4141, -9243, 265, 265, 2123
4140, -9243, 264, 264, 2123
4140, -9243, 264, 264, 2123
4141, -9244, 264, 264, 2123
4141, -9244, 264, 264, 2123
4140, -9244, 264, 264, 2123
4140, -9245, 264, 264, 2126
4140, -9245, 264, 264, 2126
4141, -9244, 264, 264, 2126
4140, -9244, 264, 264, 2126
4140, -9244, 263, 263, 2126
4140, -9244, 263, 263, 2126
4139, -9243, 263, 263, 2126
4140, -9244, 264, 264, 2126
4139, -9245, 264, 264, 2126
4140, -9244, 264, 264, 2126
4138, -9244, 262, 262, 2126
4139, -9244, 263, 263, 2126
4139, -9244, 263, 263, 2126
4139, -9244, 263, 263, 2126
4140, -9245, 263, 263, 2126
4138, -9245, 263, 263, 2126
4138, -9245, 263, 263, 2126
4140, -9244, 263, 263, 2126
4140, -9244, 263, 263, 2126
4139, -9245, 263, 263, 2126
4139, -9244, 263, 263, 2126
4139, -9243, 263, 263, 2126
4139, -9245, 262, 262, 2126
4139, -9245, 262, 262, 2126
4139, -9244, 262, 262, 2126
4139, -9245, 263, 263, 2123
4139, -9245, 263, 263, 2123
4139, -9245, 262, 262, 2123
4138, -9244, 263, 263, 2123
4139, -9245, 263, 263, 2123
4139, -9245, 263, 263, 2123
4139, -9245, 263, 263, 2123
4139, -9245, 263, 263, 2123
4139, -9244, 263, 263, 2123
4138, -9245, 262, 262, 2123
4138, -9245, 262, 262, 2123
4140, -9245, 263, 263, 2123
4140, -9245, 263, 263, 2123
4138, -9245, 263, 263, 2123
4138, -9245, 263, 263, 2123
4140, -9245, 263, 263, 2123
4139, -9244, 263, 263, 2123
4139, -9244, 263, 263, 2123
4138, -9246, 263, 263, 2123
4139, -9244, 262, 262, 2123
4139, -9245, 263, 263, 2123
4139, -9245, 263, 263, 2123
4139, -9245, 263, 263, 2123
4139, -9243, 262, 262, 2123
4139, -9243, 262, 262, 2123
4139, -9245, 263, 263, 2123
4139, -9245, 263, 263, 2123
4139, -9245, 262, 262, 2123
4138, -9245, 262, 262, 2123
4138, -9245, 262, 262, 2123
4139, -9245, 262, 262, 2123
4139, -9245, 263, 263, 2123
4139, -9245, 263, 263, 2123
4139, -9245, 263, 263, 2123
4139, -9244, 263, 263, 2123
4139, -9245, 262, 262, 2123
4138, -9244, 262, 262, 2123
4139, -9244, 263, 263, 2123
4139, -9244, 263, 263, 2123
4138, -9245, 263, 263, 2123
4138, -9246, 262, 262, 2123
4138, -9246, 262, 262, 2123
4139, -9245, 262, 262, 2123
4138, -9245, 262, 262, 2123
4138, -9245, 262, 262, 2123
4138, -9245, 262, 262, 2123
4138, -9245, 262, 262, 2123
4138, -9245, 262, 262, 2123
4138, -9245, 262, 262, 2123
4138, -9244, 262, 262, 2123
4138, -9244, 262, 262, 2123
4138, -9246, 261, 261, 2123
4139, -9245, 262, 262, 2123
4140, -9245, 262, 262, 2128
4140, -9245, 262, 262, 2128
3929, -9276, 159, 159, 2128
3950, -9273, 76, 76, 2128
3962, -9272, 79, 79, 2128
3964, -9271, 83, 83, 2128
3966, -9271, 86, 86, 2128
3967, -9270, 88, 88, 2128
3967, -9270, 88, 88, 2128
3963, -9269, 90, 90, 2128
3967, -9270, 91, 91, 2128
3967, -9270, 91, 91, 2128
3968, -9270, 92, 92, 2128
3972, -9269, 93, 93, 2128
3972, -9269, 93, 93, 2128
3973, -9269, 94, 94, 2128
3969, -9268, 94, 94, 2128
3976, -9268, 95, 95, 2128
3976, -9268, 95, 95, 2128
3971, -9268, 95, 95, 2128
3973, -9269, 96, 96, 2128
3971, -9268, 95, 95, 2128
3971, -9268, 95, 95, 2128
3970, -9268, 96, 96, 2128
3971, -9267, 96, 96, 2128
3975, -9268, 97, 97, 2128
3974, -9268, 96, 96, 2128
3976, -9268, 97, 97, 2128
3976, -9268, 97, 97, 2128
3975, -9268, 97, 97, 2128
3977, -9268, 97, 97, 2128
3972, -9268, 98, 98, 2128
3972, -9268, 98, 98, 2128
3974, -9269, 98, 98, 2128
3974, -9269, 98, 98, 2128
3971, -9268, 97, 97, 2128
3973, -9268, 98, 98, 2128
3972, -9269, 98, 98, 2128
3972, -9269, 98, 98, 2128
3977, -9268, 99, 99, 2128
3976, -9268, 98, 98, 2128
3972, -9269, 98, 98, 2128
3972, -9269, 98, 98, 2128
3977, -9268, 98, 98, 2128
3977, -9268, 98, 98, 2128
3978, -9267, 99, 99, 2128
3975, -9268, 98, 98, 2128
3976, -9267, 98, 98, 2128
3974, -9267, 99, 99, 2130
3974, -9267, 99, 99, 2130
3974, -9268, 99, 99, 2130
3974, -9268, 99, 99, 2130
3978, -9267, 100, 100, 2130
3977, -9267, 99, 99, 2130
3978, -9266, 100, 100, 2130
3978, -9266, 100, 100, 2130
3974, -9268, 99, 99, 2130
3974, -9268, 99, 99, 2130
3974, -9268, 99, 99, 2130
3975, -9269, 99, 99, 2130
3975, -9269, 99, 99, 2130
3979, -9267, 99, 99, 2130
3979, -9267, 99, 99, 2130
3979, -9266, 100, 100, 2130
3977, -9267, 100, 100, 2130
3977, -9267, 100, 100, 2130
3975, -9267, 99, 99, 2130
3973, -9268, 99, 99, 2130
3973, -9268, 99, 99, 2130
3977, -9267, 100, 100, 2130
3975, -9267, 99, 99, 2130
3979, -9267, 100, 100, 2130
3979, -9267, 100, 100, 2130
3979, -9267, 100, 100, 2130
3979, -9267, 100, 100, 2130
3978, -9267, 100, 100, 2130
3977, -9266, 99, 99, 2130
3977, -9267, 100, 100, 2130
3977, -9267, 100, 100, 2130
3974, -9267, 100, 100, 2130
3974, -9267, 100, 100, 2130
3976, -9268, 100, 100, 2130
3977, -9267, 100, 100, 2130
3976, -9268, 100, 100, 2130
3974, -9267, 100, 100, 2130
3977, -9267, 100, 100, 2130
3977, -9267, 100, 100, 2130
3979, -9267, 100, 100, 2130
3979, -9266, 99, 99, 2130
3974, -9267, 100, 100, 2130
3974, -9268, 100, 100, 2130
3974, -9268, 100, 100, 2130
3974, -9267, 100, 100, 2130
3977, -9267, 100, 100, 2130
3980, -9267, 100, 100, 2130
3980, -9267, 100, 100, 2130
3975, -9267, 100, 100, 2130
3973, -9267, 100, 100, 2130
3974, -9267, 100, 100, 2128
3974, -9268, 100, 100, 2128
3974, -9268, 100, 100, 2128
3977, -9267, 100, 100, 2128
3976, -9268, 99, 99, 2128
3980, -9267, 101, 101, 2128
3980, -9267, 101, 101, 2128
4162, -9237, 152, 152, 2128
4162, -9237, 152, 152, 2128
4156, -9240, 281, 281, 2128
4156, -9240, 281, 281, 2128
4153, -9240, 277, 277, 2128
4153, -9240, 277, 277, 2128
4151, -9241, 275, 275, 2128
4147, -9241, 271, 271, 2128
4147, -9241, 271, 271, 2128
4146, -9243, 271, 271, 2128
4146, -9243, 270, 270, 2128
4146, -9243, 270, 270, 2128
4146, -9244, 269, 269, 2130
4146, -9242, 269, 269, 2130
4143, -9242, 268, 268, 2130
4143, -9242, 268, 268, 2130
4144, -9243, 268, 268, 2130
4144, -9243, 268, 268, 2130
4144, -9244, 267, 267, 2130
4142, -9243, 267, 267, 2130
4143, -9244, 266, 266, 2130
4142, -9244, 266, 266, 2130
4142, -9244, 266, 266, 2130
4143, -9243, 266, 266, 2130
4143, -9244, 266, 266, 2130
4143, -9244, 266, 266, 2130
4143, -9243, 266, 266, 2130
4141, -9244, 265, 265, 2130
4142, -9243, 266, 266, 2130
4141, -9244, 265, 265, 2130
4141, -9244, 265, 265, 2130
4142, -9244, 265, 265, 2130
4142, -9244, 265, 265, 2130
4140, -9243, 265, 265, 2130
4141, -9244, 265, 265, 2130
4143, -9243, 265, 265, 2130
4139, -9244, 264, 264, 2130
4139, -9244, 264, 264, 2130
4140, -9243, 264, 264, 2130
4141, -9244, 264, 264, 2130
4141, -9244, 264, 264, 2128
4140, -9244, 264, 264, 2128
4140, -9244, 264, 264, 2128
4142, -9244, 264, 264, 2128
4140, -9244, 264, 264, 2128
4140, -9245, 264, 264, 2128
4140, -9245, 264, 264, 2128
4139, -9243, 263, 263, 2128
4139, -9244, 264, 264, 2128
4140, -9245, 263, 263, 2128
4141, -9244, 264, 264, 2128
4140, -9246, 263, 263, 2128
4138, -9245, 263, 263, 2128
4140, -9244, 264, 264, 2128
4140, -9244, 264, 264, 2128
4139, -9244, 263, 263, 2128
4139, -9244, 264, 264, 2128
4140, -9244, 263, 263, 2128
4140, -9245, 263, 263, 2128
4138, -9245, 263, 263, 2128
4140, -9245, 263, 263, 2128
4139, -9245, 263, 263, 2128
4139, -9244, 263, 263, 2128
4139, -9245, 263, 263, 2123
4139, -9244, 263, 263, 2123
4139, -9244, 263, 263, 2123
4140, -9245, 263, 263, 2123
4140, -9245, 263, 263, 2123
4139, -9245, 263, 263, 2123
4140, -9244, 263, 263, 2123
4140, -9244, 263, 263, 2123
4139, -9245, 262, 262, 2123
4139, -9245, 262, 262, 2123
4139, -9245, 263, 263, 2123
4138, -9244, 262, 262, 2123
4138, -9244, 262, 262, 2123
4140, -9245, 263, 263, 2123
4140, -9244, 264, 264, 2123
4140, -9245, 263, 263, 2123
4138, -9245, 262, 262, 2123
4138, -9245, 262, 262, 2123
4139, -9244, 263, 263, 2123
4139, -9245, 263, 263, 2123
4139, -9245, 263, 263, 2123
4139, -9245, 263, 263, 2123
4139, -9245, 263, 263, 2123
4138, -9245, 263, 263, 2123
4139, -9244, 263, 263, 2130
4139, -9244, 262, 262, 2130
4139, -9244, 262, 262, 2130
4139, -9244, 262, 262, 2130
4139, -9244, 262, 262, 2130
4138, -9245, 262, 262, 2130
4138, -9245, 262, 262, 2130
4138, -9244, 262, 262, 2130
4139, -9245, 262, 262, 2130
4139, -9245, 262, 262, 2130
4139, -9245, 263, 263, 2130
4139, -9245, 263, 263, 2130
4139, -9245, 262, 262, 2130
4138, -9244, 262, 262, 2130
4138, -9244, 262, 262, 2130
4139, -9244, 262, 262, 2130
4139, -9244, 263, 263, 2130
4138, -9245, 262, 262, 2130
4138, -9245, 262, 262, 2130
4140, -9245, 263, 263, 2130
4140, -9245, 263, 263, 2130
4140, -9245, 263, 263, 2130
4139, -9245, 263, 263, 2130
4138, -9246, 261, 261, 2130
4138, -9245, 262, 262, 2130
4138, -9245, 262, 262, 2130
4138, -9244, 262, 262, 2130
4139, -9245, 262, 262, 2130
4139, -9245, 262, 262, 2130
4139, -9246, 262, 262, 2134
4139, -9246, 262, 262, 2134
4137, -9245, 261, 261, 2134
4139, -9245, 262, 262, 2134
4140, -9245, 263, 263, 2134
4139, -9244, 262, 262, 2134
4139, -9245, 262, 262, 2134
4139, -9245, 262, 262, 2134
4138, -9244, 262, 262, 2134
4138, -9244, 262, 262, 2134
4137, -9245, 261, 261, 2134
4138, -9245, 262, 262, 2134
4138, -9244, 262, 262, 2134
4138, -9244, 262, 262, 2134
4138, -9245, 262, 262, 2134
4138, -9245, 262, 262, 2134
4138, -9244, 262, 262, 2134
4140, -9245, 263, 263, 2134
4140, -9245, 263, 263, 2134
4138, -9245, 262, 262, 2134
4138, -9245, 262, 262, 2134
4138, -9245, 262, 262, 2134
4137, -9245, 262, 262, 2134
4137, -9245, 262, 262, 2134
4139, -9245, 262, 262, 2132
4139, -9244, 262, 262, 2132
4138, -9245, 262, 262, 2132
4138, -9245, 262, 262, 2132
4138, -9245, 262, 262, 2132
4138, -9245, 261, 261, 2132
4138, -9245, 262, 262, 2132
4138, -9245, 262, 262, 2132
4137, -9245, 261, 261, 2132
4139, -9244, 262, 262, 2132
4139, -9244, 262, 262, 2132
4138, -9245, 262, 262, 2132
4138, -9245, 262, 262, 2132
4138, -9244, 262, 262, 2132
4138, -9244, 261, 261, 2132
4138, -9244, 262, 262, 2132
4139, -9245, 262, 262, 2132
4139, -9245, 262, 262, 2132
4139, -9245, 262, 262, 2132
4138, -9245, 262, 262, 2132
4138, -9245, 262, 262, 2132
4138, -9245, 262, 262, 2132
4138, -9245, 262, 262, 2132
4138, -9245, 262, 262, 2136
4138, -9245, 262, 262, 2136
4138, -9244, 261, 261, 2136
4138, -9244, 262, 262, 2136
4138, -9244, 262, 262, 2136
4138, -9244, 262, 262, 2136
4138, -9245, 261, 261, 2136
4138, -9245, 261, 261, 2136
4138, -9245, 261, 261, 2136
4138, -9245, 261, 261, 2136
4137, -9245, 261, 261, 2136
4137, -9245, 261, 261, 2136
4139, -9245, 262, 262, 2136
4138, -9244, 261, 261, 2136
4138, -9245, 261, 261, 2136
4138, -9245, 261, 261, 2136
4139, -9245, 261, 261, 2136
4138, -9245, 262, 262, 2136
4138, -9245, 262, 262, 2136
