5915, -7090, 2038, 2038, 5056
5916, -7091, 2039, 2039, 5056
5916, -7091, 2039, 2039, 5056
5915, -7091, 2039, 2039, 5056
5915, -7091, 2039, 2039, 5056
5916, -7091, 2039, 2039, 5056
5916, -7091, 2039, 2039, 5056
5914, -7091, 2039, 2039, 5083
5914, -7091, 2039, 2039, 5083
5916, -7091, 2040, 2040, 5083
5916, -7091, 2040, 2040, 5083
5916, -7091, 2040, 2040, 5083
5916, -7091, 2039, 2039, 5083
5916, -7091, 2039, 2039, 5083
5916, -7091, 2040, 2040, 5083
5916, -7090, 2040, 2040, 5083
5916, -7091, 2040, 2040, 5083
5916, -7091, 2039, 2039, 5083
5916, -7091, 2039, 2039, 5083
5916, -7092, 2040, 2040, 5083
5916, -7092, 2040, 2040, 5083
5917, -7091, 2040, 2040, 5083
5916, -7092, 2040, 2040, 5083
5916, -7091, 2040, 2040, 5083
5915, -7092, 2039, 2039, 5083
5915, -7092, 2039, 2039, 5083
5917, -7091, 2040, 2040, 5083
5916, -7091, 2040, 2040, 5083
5916, -7091, 2040, 2040, 5083
5917, -7092, 2040, 2040, 5083
5916, -7092, 2040, 2040, 5105
5916, -7092, 2040, 2040, 5105
5916, -7091, 2040, 2040, 5105
5916, -7091, 2040, 2040, 5105
5917, -7091, 2040, 2040, 5105
5916, -7091, 2040, 2040, 5105
5916, -7091, 2040, 2040, 5105
5916, -7092, 2040, 2040, 5105
5917, -7091, 2040, 2040, 5105
5916, -7091, 2039, 2039, 5105
5916, -7091, 2040, 2040, 5105
5916, -7091, 2040, 2040, 5105
5916, -7091, 2039, 2039, 5105
5916, -7092, 2040, 2040, 5105
5916, -7092, 2040, 2040, 5105
5915, -7092, 2039, 2039, 5105
5916, -7090, 2039, 2039, 5105
5916, -7092, 2039, 2039, 5105
5916, -7091, 2040, 2040, 5105
5916, -7091, 2040, 2040, 5105
5916, -7091, 2040, 2040, 5105
5916, -7091, 2040, 2040, 5105
5916, -7090, 2040, 2040, 5105
5917, -7091, 2040, 2040, 5105
5916, -7091, 2040, 2040, 5105
5916, -7091, 2040, 2040, 5107
5915, -7091, 2040, 2040, 5107
5917, -7091, 2040, 2040, 5107
5916, -7091, 2040, 2040, 5107
5916, -7091, 2040, 2040, 5107
5917, -7091, 2040, 2040, 5107
5916, -7090, 2040, 2040, 5107
5916, -7090, 2040, 2040, 5107
5916, -7091, 2040, 2040, 5107
5917, -7091, 2040, 2040, 5107
5916, -7090, 2040, 2040, 5107
5917, -7091, 2041, 2041, 5107
5916, -7090, 2040, 2040, 5107
5916, -7089, 2041, 2041, 5107
5917, -7089, 2040, 2040, 5107
5918, -7090, 2041, 2041, 5107
5918, -7090, 2041, 2041, 5107
5917, -7089, 2041, 2041, 5107
5916, -7089, 2041, 2041, 5107
5917, -7090, 2041, 2041, 5107
5918, -7090, 2041, 2041, 5107
5917, -7089, 2040, 2040, 5101
5917, -7089, 2040, 2040, 5101
5915, -7090, 2040, 2040, 5101
5918, -7090, 2040, 2040, 5101
5918, -7090, 2041, 2041, 5101
5917, -7090, 2041, 2041, 5101
5918, -7089, 2041, 2041, 5101
5917, -7090, 2041, 2041, 5101
5918, -7090, 2041, 2041, 5101
5917, -7090, 2041, 2041, 5101
5917, -7089, 2041, 2041, 5101
5918, -7090, 2041, 2041, 5101
5918, -7091, 2041, 2041, 5101
5917, -7090, 2041, 2041, 5101
5917, -7090, 2041, 2041, 5101
5917, -7089, 2041, 2041, 5101
5801, -7106, 1934, 1934, 5101
5801, -7106, 1934, 1934, 5101
5819, -7105, 1940, 1940, 5101
5819, -7105, 1940, 1940, 5101
5818, -7105, 1941, 1941, 5101
5818, -7105, 1941, 1941, 5101
5820, -7104, 1942, 1942, 5101
5820, -7105, 1942, 1942, 5101
5820, -7104, 1943, 1943, 5101
5820, -7104, 1943, 1943, 5101
5818, -7105, 1943, 1943, 5101
5818, -7105, 1943, 1943, 5101
5819, -7106, 1943, 1943, 5101
5820, -7105, 1943, 1943, 5101
5820, -7105, 1943, 1943, 5101
5823, -7104, 1943, 1943, 5101
5822, -7105, 1944, 1944, 5101
5820, -7104, 1944, 1944, 5101
5822, -7103, 1944, 1944, 5101
5818, -7105, 1943, 1943, 5101
5818, -7105, 1943, 1943, 5101
5821, -7104, 1944, 1944, 5101
5818, -7104, 1944, 1944, 5101
5818, -7104, 1943, 1943, 5101
5818, -7105, 1944, 1944, 5101
5820, -7104, 1944, 1944, 5101
5820, -7104, 1944, 1944, 5101
5820, -7104, 1944, 1944, 5101
5823, -7103, 1944, 1944, 5101
5820, -7104, 1944, 1944, 5101
5820, -7104, 1944, 1944, 5101
5819, -7105, 1944, 1944, 5101
5822, -7104, 1945, 1945, 5101
5822, -7104, 1945, 1945, 5101
5822, -7104, 1945, 1945, 5101
5822, -7104, 1945, 1945, 5101
5824, -7104, 1945, 1945, 5085
5824, -7104, 1945, 1945, 5085
5823, -7104, 1944, 1944, 5085
5823, -7104, 1944, 1944, 5085
5823, -7104, 1945, 1945, 5085
5821, -7103, 1945, 1945, 5085
5821, -7103, 1945, 1945, 5085
5820, -7104, 1945, 1945, 5085
5819, -7104, 1945, 1945, 5085
5820, -7105, 1945, 1945, 5085
5820, -7105, 1945, 1945, 5085
5821, -7104, 1946, 1946, 5085
5821, -7104, 1946, 1946, 5085
5824, -7104, 1946, 1946, 5085
5824, -7103, 1946, 1946, 5085
5824, -7103, 1946, 1946, 5085
5823, -7103, 1946, 1946, 5085
5821, -7103, 1945, 1945, 5085
5823, -7102, 1946, 1946, 5085
5821, -7104, 1945, 1945, 5085
5821, -7104, 1945, 1945, 5085
5822, -7103, 1945, 1945, 5085
5820, -7104, 1946, 1946, 5085
5822, -7103, 1946, 1946, 5085
5820, -7105, 1946, 1946, 5085
5819, -7105, 1946, 1946, 5085
5821, -7104, 1946, 1946, 5087
5824, -7103, 1946, 1946, 5087
5825, -7104, 1946, 1946, 5087
5822, -7103, 1946, 1946, 5087
5822, -7103, 1946, 1946, 5087
5822, -7103, 1946, 1946, 5087
5821, -7103, 1947, 1947, 5087
5821, -7104, 1946, 1946, 5087
5824, -7104, 1947, 1947, 5087
5825, -7103, 1946, 1946, 5087
5825, -7103, 1946, 1946, 5087
5825, -7103, 1946, 1946, 5087
5825, -7103, 1946, 1946, 5087
5820, -7103, 1946, 1946, 5087
5825, -7102, 1947, 1947, 5087
5824, -7103, 1947, 1947, 5087
5824, -7103, 1947, 1947, 5087
5824, -7103, 1947, 1947, 5087
5821, -7103, 1947, 1947, 5087
5822, -7104, 1947, 1947, 5087
5821, -7103, 1947, 1947, 5087
5823, -7103, 1947, 1947, 5087
5823, -7103, 1947, 1947, 5087
5823, -7103, 1947, 1947, 5087
5823, -7103, 1947, 1947, 5087
5826, -7102, 1947, 1947, 5087
5826, -7103, 1948, 1948, 5081
5825, -7103, 1947, 1947, 5081
5825, -7102, 1947, 1947, 5081
5822, -7103, 1947, 1947, 5081
5821, -7104, 1947, 1947, 5081
5821, -7102, 1948, 1948, 5081
5821, -7104, 1947, 1947, 5081
5824, -7103, 1948, 1948, 5081
5824, -7103, 1948, 1948, 5081
5823, -7103, 1947, 1947, 5081
5824, -7103, 1947, 1947, 5081
5825, -7103, 1948, 1948, 5081
5826, -7102, 1948, 1948, 5081
5825, -7103, 1947, 1947, 5081
5826, -7103, 1948, 1948, 5081
5827, -7102, 1948, 1948, 5081
5823, -7104, 1948, 1948, 5081
5823, -7104, 1948, 1948, 5081
5825, -7103, 1948, 1948, 5081
5825, -7103, 1947, 1947, 5081
5825, -7102, 1948, 1948, 5081
5824, -7102, 1948, 1948, 5081
5825, -7101, 1948, 1948, 5081
5824, -7095, 1950, 1950, 5081
5927, -7087, 2026, 2026, 5081
5924, -7087, 2049, 2049, 5081
5922, -7088, 2046, 2046, 5081
5922, -7089, 2046, 2046, 5081
5922, -7089, 2046, 2046, 5081
5922, -7087, 2046, 2046, 5081
5922, -7089, 2046, 2046, 5081
5921, -7087, 2045, 2045, 5081
5921, -7087, 2045, 2045, 5081
5922, -7087, 2045, 2045, 5081
5922, -7088, 2046, 2046, 5081
5922, -7089, 2046, 2046, 5081
5921, -7088, 2045, 2045, 5081
5922, -7088, 2045, 2045, 5081
5922, -7087, 2045, 2045, 5081
5922, -7087, 2045, 2045, 5081
5921, -7087, 2045, 2045, 5081
5921, -7088, 2045, 2045, 5081
5921, -7088, 2045, 2045, 5081
5922, -7088, 2045, 2045, 5081
5922, -7089, 2045, 2045, 5081
5921, -7088, 2046, 2046, 5081
5922, -7087, 2045, 2045, 5081
5922, -7088, 2046, 2046, 5081
5922, -7088, 2046, 2046, 5081
5921, -7088, 2045, 2045, 5085
5921, -7087, 2045, 2045, 5085
5923, -7088, 2045, 2045, 5085
5922, -7087, 2046, 2046, 5085
5922, -7088, 2045, 2045, 5085
5922, -7088, 2045, 2045, 5085
5921, -7087, 2045, 2045, 5085
5923, -7088, 2045, 2045, 5085
5923, -7089, 2045, 2045, 5085
5921, -7087, 2046, 2046, 5085
5922, -7088, 2045, 2045, 5085
5922, -7088, 2045, 2045, 5085
5921, -7088, 2045, 2045, 5085
5921, -7088, 2045, 2045, 5085
5921, -7088, 2045, 2045, 5085
5921, -7088, 2045, 2045, 5085
5922, -7087, 2045, 2045, 5085
5922, -7087, 2045, 2045, 5085
5922, -7087, 2045, 2045, 5085
5922, -7087, 2045, 2045, 5085
5921, -7087, 2046, 2046, 5085
5922, -7087, 2045, 2045, 5077
5922, -7088, 2045, 2045, 5077
5922, -7088, 2045, 2045, 5077
5921, -7087, 2045, 2045, 5077
5921, -7087, 2045, 2045, 5077
5923, -7087, 2046, 2046, 5077
5922, -7089, 2046, 2046, 5077
5922, -7089, 2046, 2046, 5077
5922, -7087, 2046, 2046, 5077
5922, -7086, 2046, 2046, 5077
5921, -7088, 2045, 2045, 5077
5922, -7087, 2046, 2046, 5077
5922, -7087, 2046, 2046, 5077
5921, -7087, 2045, 2045, 5077
5922, -7087, 2045, 2045, 5077
5922, -7087, 2045, 2045, 5077
5922, -7087, 2046, 2046, 5077
5922, -7087, 2045, 2045, 5077
5922, -7087, 2045, 2045, 5077
5922, -7087, 2045, 2045, 5077
5922, -7086, 2046, 2046, 5077
5922, -7086, 2046, 2046, 5077
5922, -7087, 2046, 2046, 5077
5921, -7088, 2045, 2045, 5085
5921, -7088, 2045, 2045, 5085
5922, -7087, 2046, 2046, 5085
5922, -7087, 2046, 2046, 5085
5921, -7087, 2045, 2045, 5085
5921, -7087, 2045, 2045, 5085
5921, -7087, 2045, 2045, 5085
5922, -7087, 2045, 2045, 5085
5923, -7087, 2046, 2046, 5085
5922, -7087, 2046, 2046, 5085
5922, -7086, 2046, 2046, 5085
5922, -7087, 2045, 2045, 5085
5922, -7087, 2046, 2046, 5085
5922, -7087, 2046, 2046, 5085
5923, -7086, 2046, 2046, 5085
5922, -7087, 2046, 2046, 5085
5922, -7086, 2046, 2046, 5085
5922, -7086, 2046, 2046, 5085
5922, -7087, 2045, 2045, 5085
5922, -7087, 2045, 2045, 5085
5922, -7087, 2046, 2046, 5085
5923, -7086, 2046, 2046, 5085
5923, -7087, 2046, 2046, 5085
5923, -7087, 2046, 2046, 5085
5922, -7086, 2045, 2045, 5085
5922, -7087, 2046, 2046, 5079
5922, -7086, 2045, 2045, 5079
5922, -7086, 2046, 2046, 5079
5922, -7086, 2046, 2046, 5079
5922, -7086, 2046, 2046, 5079
5922, -7086, 2046, 2046, 5079
5923, -7087, 2046, 2046, 5079
5923, -7087, 2046, 2046, 5079
5923, -7086, 2046, 2046, 5079
5923, -7086, 2046, 2046, 5079
5922, -7087, 2046, 2046, 5079
5921, -7087, 2045, 2045, 5079
5922, -7086, 2046, 2046, 5079
5922, -7086, 2046, 2046, 5079
5922, -7085, 2046, 2046, 5079
5922, -7085, 2046, 2046, 5079
5923, -7087, 2046, 2046, 5079
5922, -7086, 2046, 2046, 5079
5922, -7086, 2046, 2046, 5079
5922, -7086, 2045, 2045, 5079
5922, -7086, 2046, 2046, 5079
5922, -7086, 2046, 2046, 5079
5923, -7088, 2046, 2046, 5079
5923, -7092, 2046, 2046, 5085
5823, -7102, 1927, 1927, 5085
5820, -7101, 1945, 1945, 5085
5825, -7101, 1947, 1947, 5085
5825, -7101, 1946, 1946, 5085
5825, -7101, 1946, 1946, 5085
5826, -7099, 1947, 1947, 5085
5826, -7099, 1948, 1948, 5085
5825, -7101, 1947, 1947, 5085
5825, -7101, 1947, 1947, 5085
5825, -7100, 1948, 1948, 5085
5822, -7101, 1948, 1948, 5085
5822, -7101, 1948, 1948, 5085
5824, -7100, 1948, 1948, 5085
5827, -7100, 1949, 1949, 5085
5827, -7100, 1949, 1949, 5085
5824, -7101, 1948, 1948, 5085
5825, -7101, 1950, 1950, 5085
5823, -7101, 1949, 1949, 5085
5827, -7101, 1950, 1950, 5085
5827, -7101, 1950, 1950, 5085
5826, -7101, 1949, 1949, 5085
5829, -7100, 1950, 1950, 5085
5829, -7100, 1950, 1950, 5085
5826, -7100, 1950, 1950, 5085
5827, -7101, 1950, 1950, 5081
5827, -7100, 1950, 1950, 5081
5823, -7101, 1950, 1950, 5081
5824, -7101, 1949, 1949, 5081
5824, -7100, 1950, 1950, 5081
5824, -7100, 1950, 1950, 5081
5827, -7100, 1950, 1950, 5081
5827, -7100, 1950, 1950, 5081
5828, -7101, 1950, 1950, 5081
5829, -7100, 1951, 1951, 5081
5827, -7099, 1950, 1950, 5081
5828, -7100, 1950, 1950, 5081
5828, -7100, 1950, 1950, 5081
5824, -7100, 1950, 1950, 5081
5825, -7100, 1949, 1949, 5081
5825, -7101, 1950, 1950, 5081
5825, -7100, 1950, 1950, 5081
5825, -7100, 1950, 1950, 5081
5826, -7101, 1950, 1950, 5081
5826, -7101, 1950, 1950, 5081
5829, -7099, 1950, 1950, 5081
5828, -7100, 1950, 1950, 5081
5828, -7100, 1950, 1950, 5081
5829, -7100, 1950, 1950, 5081
5826, -7100, 1950, 1950, 5081
5826, -7100, 1950, 1950, 5081
5823, -7100, 1950, 1950, 5081
5824, -7101, 1950, 1950, 5079
5825, -7101, 1950, 1950, 5079
5825, -7101, 1951, 1951, 5079
5827, -7100, 1951, 1951, 5079
5827, -7101, 1950, 1950, 5079
5825, -7101, 1951, 1951, 5079
5826, -7100, 1951, 1951, 5079
5825, -7101, 1950, 1950, 5079
5825, -7101, 1950, 1950, 5079
5824, -7101, 1951, 1951, 5079
5827, -7100, 1951, 1951, 5079
5827, -7100, 1951, 1951, 5079
5829, -7100, 1951, 1951, 5079
5828, -7100, 1950, 1950, 5079
5830, -7100, 1950, 1950, 5079
5828, -7099, 1951, 1951, 5079
5825, -7100, 1950, 1950, 5079
5824, -7101, 1950, 1950, 5079
5827, -7100, 1951, 1951, 5079
5830, -7100, 1951, 1951, 5079
5830, -7100, 1951, 1951, 5079
5830, -7099, 1951, 1951, 5077
5828, -7099, 1950, 1950, 5077
5825, -7100, 1951, 1951, 5077
5825, -7100, 1951, 1951, 5077
5825, -7100, 1950, 1950, 5077
5826, -7101, 1951, 1951, 5077
5826, -7101, 1951, 1951, 5077
5824, -7100, 1951, 1951, 5077
5828, -7101, 1951, 1951, 5077
5828, -7100, 1950, 1950, 5077
5828, -7101, 1950, 1950, 5077
5829, -7100, 1951, 1951, 5077
5829, -7100, 1951, 1951, 5077
5826, -7100, 1951, 1951, 5077
5826, -7101, 1951, 1951, 5077
5826, -7101, 1951, 1951, 5077
5826, -7100, 1951, 1951, 5077
5826, -7100, 1951, 1951, 5077
5826, -7100, 1951, 1951, 5077
5826, -7100, 1950, 1950, 5077
5826, -7100, 1951, 1951, 5077
5826, -7100, 1951, 1951, 5077
5830, -7099, 1951, 1951, 5077
5826, -7100, 1951, 1951, 5077
5829, -7099, 1950, 1950, 5077
5826, -7100, 1951, 1951, 5077
5826, -7100, 1951, 1951, 5077
5826, -7101, 1952, 1952, 5077
5827, -7100, 1951, 1951, 5077
5827, -7100, 1951, 1951, 5077
5827, -7099, 1951, 1951, 5077
5827, -7100, 1951, 1951, 5077
5826, -7100, 1952, 1952, 5077
5827, -7100, 1952, 1952, 5077
5826, -7100, 1952, 1952, 5077
5829, -7100, 1952, 1952, 5077
5819, -7100, 1949, 1949, 5077
5826, -7084, 1955, 1955, 5077
5927, -7085, 2052, 2052, 5077
5927, -7085, 2052, 2052, 5077
5927, -7086, 2051, 2051, 5077
5926, -7085, 2050, 2050, 5077
5926, -7085, 2050, 2050, 5077
5926, -7087, 2050, 2050, 5077
5926, -7085, 2049, 2049, 5077
5926, -7086, 2049, 2049, 5077
5925, -7086, 2049, 2049, 5077
5925, -7086, 2049, 2049, 5077
5925, -7085, 2049, 2049, 5077
5925, -7086, 2048, 2048, 5077
5925, -7086, 2048, 2048, 5077
5925, -7086, 2049, 2049, 5079
5925, -7085, 2048, 2048, 5079
5925, -7086, 2048, 2048, 5079
5924, -7086, 2048, 2048, 5079
5924, -7086, 2048, 2048, 5079
5925, -7087, 2048, 2048, 5079
5925, -7085, 2049, 2049, 5079
5924, -7086, 2048, 2048, 5079
5924, -7086, 2048, 2048, 5079
5926, -7086, 2049, 2049, 5079
5926, -7086, 2049, 2049, 5079
5924, -7086, 2049, 2049, 5079
5924, -7086, 2049, 2049, 5079
5925, -7086, 2049, 2049, 5079
5925, -7085, 2049, 2049, 5079
5924, -7087, 2048, 2048, 5079
5925, -7086, 2048, 2048, 5079
5925, -7086, 2048, 2048, 5079
5924, -7086, 2048, 2048, 5079
5925, -7085, 2049, 2049, 5079
5925, -7085, 2049, 2049, 5079
5925, -7086, 2049, 2049, 5079
5925, -7086, 2048, 2048, 5079
5925, -7086, 2048, 2048, 5079
5925, -7085, 2048, 2048, 5079
5925, -7085, 2048, 2048, 5079
5926, -7086, 2049, 2049, 5077
5924, -7085, 2048, 2048, 5077
5924, -7085, 2048, 2048, 5077
5924, -7085, 2048, 2048, 5077
5924, -7085, 2048, 2048, 5077
5925, -7086, 2048, 2048, 5077
5924, -7085, 2048, 2048, 5077
5926, -7086, 2048, 2048, 5077
5925, -7086, 2048, 2048, 5077
5924, -7086, 2048, 2048, 5077
5924, -7087, 2048, 2048, 5077
5924, -7087, 2048, 2048, 5077
5924, -7086, 2048, 2048, 5077
5924, -7086, 2048, 2048, 5077
5924, -7086, 2048, 2048, 5077
5924, -7086, 2048, 2048, 5077
5924, -7086, 2048, 2048, 5077
5925, -7086, 2048, 2048, 5077
5925, -7086, 2048, 2048, 5077
5924, -7087, 2048, 2048, 5077
5925, -7085, 2048, 2048, 5077
5925, -7085, 2048, 2048, 5077
5924, -7085, 2048, 2048, 5077
5924, -7086, 2048, 2048, 5077
5923, -7086, 2048, 2048, 5077
5924, -7086, 2048, 2048, 5072
5924, -7086, 2048, 2048, 5072
5924, -7086, 2048, 2048, 5072
5924, -7086, 2048, 2048, 5072
5925, -7085, 2049, 2049, 5072
5924, -7086, 2048, 2048, 5072
5924, -7086, 2048, 2048, 5072
5924, -7085, 2048, 2048, 5072
5925, -7086, 2048, 2048, 5072
5925, -7086, 2048, 2048, 5072
5925, -7086, 2048, 2048, 5072
5924, -7086, 2048, 2048, 5072
5924, -7085, 2048, 2048, 5072
5924, -7085, 2048, 2048, 5072
5925, -7085, 2048, 2048, 5072
5924, -7086, 2048, 2048, 5072
5924, -7086, 2048, 2048, 5072
5925, -7086, 2048, 2048, 5072
5925, -7085, 2048, 2048, 5072
5924, -7085, 2048, 2048, 5072
5925, -7086, 2048, 2048, 5072
5924, -7085, 2048, 2048, 5072
5925, -7085, 2048, 2048, 5072
5925, -7086, 2048, 2048, 5072
5925, -7086, 2048, 2048, 5072
5925, -7086, 2048, 2048, 5072
5925, -7086, 2049, 2049, 5075
5925, -7086, 2049, 2049, 5075
5925, -7086, 2048, 2048, 5075
5925, -7086, 2049, 2049, 5075
5925, -7086, 2048, 2048, 5075
5925, -7086, 2048, 2048, 5075
5925, -7086, 2048, 2048, 5075
5925, -7086, 2049, 2049, 5075
5924, -7086, 2048, 2048, 5075
5924, -7086, 2048, 2048, 5075
5925, -7086, 2048, 2048, 5075
5925, -7086, 2048, 2048, 5075
5924, -7086, 2048, 2048, 5075
5924, -7086, 2048, 2048, 5075
5925, -7086, 2048, 2048, 5075
5924, -7085, 2048, 2048, 5075
5924, -7085, 2048, 2048, 5075
5924, -7086, 2048, 2048, 5075
5924, -7085, 2048, 2048, 5075
5924, -7087, 2048, 2048, 5075
5924, -7086, 2048, 2048, 5075
5924, -7086, 2048, 2048, 5075
5924, -7086, 2048, 2048, 5075
5925, -7086, 2048, 2048, 5075
5925, -7086, 2048, 2048, 5075
5925, -7086, 2049, 2049, 5075
5925, -7086, 2049, 2049, 5075
5925, -7085, 2048, 2048, 5075
5924, -7086, 2048, 2048, 5075
5924, -7086, 2048, 2048, 5075
5924, -7086, 2048, 2048, 5075
5723, -7090, 1997, 1997, 5075
5832, -7101, 1940, 1940, 5075
5823, -7101, 1948, 1948, 5075
5822, -7101, 1948, 1948, 5075
5825, -7100, 1948, 1948, 5075
5825, -7100, 1948, 1948, 5075
5827, -7101, 1950, 1950, 5075
5827, -7100, 1950, 1950, 5075
5827, -7100, 1949, 1949, 5075
5829, -7100, 1950, 1950, 5075
5826, -7100, 1951, 1951, 5075
5826, -7100, 1951, 1951, 5075
5826, -7100, 1951, 1951, 5075
5824, -7101, 1950, 1950, 5075
5828, -7100, 1951, 1951, 5079
5828, -7100, 1951, 1951, 5079
5830, -7100, 1951, 1951, 5079
5829, -7100, 1950, 1950, 5079
5827, -7100, 1951, 1951, 5079
5825, -7100, 1950, 1950, 5079
5826, -7101, 1950, 1950, 5079
5826, -7101, 1950, 1950, 5079
5825, -7101, 1950, 1950, 5079
5825, -7101, 1950, 1950, 5079
5825, -7101, 1951, 1951, 5079
5826, -7101, 1951, 1951, 5079
5826, -7101, 1951, 1951, 5079
5828, -7101, 1951, 1951, 5079
5828, -7100, 1950, 1950, 5079
5831, -7100, 1952, 1952, 5079
5831, -7100, 1952, 1952, 5079
5828, -7101, 1951, 1951, 5079
5829, -7101, 1952, 1952, 5079
5830, -7100, 1951, 1951, 5079
5830, -7100, 1951, 1951, 5079
5830, -7100, 1951, 1951, 5079
5826, -7100, 1951, 1951, 5079
5826, -7100, 1951, 1951, 5079
5826, -7102, 1951, 1951, 5079
5826, -7101, 1951, 1951, 5079
5828, -7101, 1952, 1952, 5081
5828, -7101, 1951, 1951, 5081
5829, -7101, 1951, 1951, 5081
5830, -7101, 1951, 1951, 5081
5827, -7101, 1951, 1951, 5081
5827, -7101, 1951, 1951, 5081
5826, -7101, 1952, 1952, 5081
5830, -7101, 1952, 1952, 5081
5831, -7100, 1952, 1952, 5081
5830, -7101, 1952, 1952, 5081
5829, -7100, 1951, 1951, 5081
5827, -7101, 1952, 1952, 5081
5829, -7100, 1951, 1951, 5081
5826, -7101, 1951, 1951, 5081
5825, -7102, 1951, 1951, 5081
5828, -7102, 1952, 1952, 5081
5828, -7101, 1952, 1952, 5081
5831, -7101, 1952, 1952, 5081
5831, -7102, 1952, 1952, 5081
5832, -7101, 1952, 1952, 5081
5831, -7100, 1952, 1952, 5081
5828, -7102, 1952, 1952, 5081
5827, -7101, 1952, 1952, 5081
5830, -7100, 1953, 1953, 5079
5830, -7101, 1952, 1952, 5079
5828, -7101, 1951, 1951, 5079
5828, -7101, 1951, 1951, 5079
5826, -7101, 1951, 1951, 5079
5827, -7102, 1952, 1952, 5079
5827, -7101, 1952, 1952, 5079
5829, -7101, 1952, 1952, 5079
5829, -7101, 1952, 1952, 5079
5830, -7102, 1951, 1951, 5079
5830, -7100, 1952, 1952, 5079
5830, -7100, 1952, 1952, 5079
5831, -7100, 1952, 1952, 5079
5831, -7100, 1952, 1952, 5079
5829, -7100, 1951, 1951, 5079
5829, -7100, 1951, 1951, 5079
5830, -7101, 1952, 1952, 5079
5827, -7102, 1952, 1952, 5079
5830, -7101, 1952, 1952, 5079
5826, -7101, 1952, 1952, 5079
5826, -7102, 1952, 1952, 5079
5825, -7102, 1951, 1951, 5079
5826, -7101, 1951, 1951, 5079
5826, -7102, 1951, 1951, 5077
5830, -7102, 1951, 1951, 5077
5830, -7101, 1951, 1951, 5077
5830, -7101, 1951, 1951, 5077
5828, -7102, 1952, 1952, 5077
5825, -7101, 1951, 1951, 5077
5826, -7101, 1952, 1952, 5077
5826, -7102, 1952, 1952, 5077
5830, -7101, 1952, 1952, 5077
5829, -7101, 1952, 1952, 5077
5830, -7101, 1952, 1952, 5077
5829, -7100, 1952, 1952, 5077
5829, -7100, 1952, 1952, 5077
5830, -7100, 1951, 1951, 5077
5827, -7102, 1952, 1952, 5077
5827, -7102, 1952, 1952, 5077
5826, -7101, 1952, 1952, 5077
5827, -7102, 1952, 1952, 5077
5828, -7102, 1952, 1952, 5077
5828, -7102, 1952, 1952, 5077
5832, -7101, 1953, 1953, 5077
5832, -7101, 1953, 1953, 5077
5828, -7102, 1953, 1953, 5077
5931, -7087, 2015, 2015, 5077
5926, -7088, 2051, 2051, 5079
5926, -7088, 2051, 2051, 5079
5927, -7088, 2050, 2050, 5079
5925, -7087, 2049, 2049, 5079
5926, -7087, 2050, 2050, 5079
5926, -7087, 2050, 2050, 5079
5925, -7088, 2049, 2049, 5079
5925, -7087, 2049, 2049, 5079
5925, -7087, 2049, 2049, 5079
5925, -7088, 2048, 2048, 5079
5925, -7088, 2048, 2048, 5079
5925, -7088, 2048, 2048, 5079
5925, -7088, 2049, 2049, 5079
5925, -7087, 2048, 2048, 5079
5925, -7088, 2048, 2048, 5079
5925, -7090, 2048, 2048, 5079
5925, -7089, 2048, 2048, 5079
5925, -7089, 2048, 2048, 5079
5925, -7088, 2048, 2048, 5079
5925, -7088, 2048, 2048, 5079
5925, -7088, 2048, 2048, 5079
5924, -7088, 2048, 2048, 5079
5925, -7088, 2049, 2049, 5079
5925, -7089, 2048, 2048, 5075
5925, -7089, 2048, 2048, 5075
5925, -7089, 2048, 2048, 5075
5925, -7089, 2048, 2048, 5075
5925, -7089, 2048, 2048, 5075
5925, -7089, 2048, 2048, 5075
5925, -7089, 2048, 2048, 5075
5925, -7088, 2048, 2048, 5075
5925, -7088, 2048, 2048, 5075
5924, -7089, 2048, 2048, 5075
5924, -7088, 2048, 2048, 5075
5924, -7089, 2048, 2048, 5075
5925, -7089, 2048, 2048, 5075
5925, -7089, 2048, 2048, 5075
5924, -7089, 2048, 2048, 5075
5924, -7088, 2048, 2048, 5075
5925, -7089, 2048, 2048, 5075
5924, -7089, 2048, 2048, 5075
5925, -7089, 2048, 2048, 5075
5925, -7089, 2048, 2048, 5075
5924, -7090, 2048, 2048, 5075
5924, -7089, 2048, 2048, 5075
5925, -7089, 2048, 2048, 5075
5924, -7090, 2048, 2048, 5075
5924, -7089, 2048, 2048, 5081
5926, -7090, 2048, 2048, 5081
5925, -7089, 2048, 2048, 5081
5925, -7089, 2048, 2048, 5081
5924, -7089, 2048, 2048, 5081
5924, -7089, 2048, 2048, 5081
5924, -7090, 2047, 2047, 5081
5924, -7088, 2048, 2048, 5081
5926, -7089, 2048, 2048, 5081
5926, -7089, 2048, 2048, 5081
5925, -7089, 2048, 2048, 5081
5925, -7088, 2048, 2048, 5081
5924, -7090, 2048, 2048, 5081
5924, -7089, 2048, 2048, 5081
5924, -7089, 2048, 2048, 5081
5924, -7089, 2048, 2048, 5081
5924, -7089, 2048, 2048, 5081
5924, -7089, 2048, 2048, 5081
5924, -7089, 2048, 2048, 5081
5924, -7089, 2048, 2048, 5081
5924, -7090, 2048, 2048, 5081
5925, -7090, 2048, 2048, 5081
5923, -7089, 2047, 2047, 5081
5924, -7089, 2048, 2048, 5081
5924, -7089, 2048, 2048, 5081
5925, -7089, 2048, 2048, 5083
5924, -7089, 2048, 2048, 5083
5924, -7089, 2047, 2047, 5083
5924, -7090, 2048, 2048, 5083
5924, -7089, 2047, 2047, 5083
5924, -7089, 2047, 2047, 5083
5924, -7090, 2047, 2047, 5083
5923, -7089, 2047, 2047, 5083
5924, -7091, 2047, 2047, 5083
5924, -7090, 2047, 2047, 5083
5924, -7090, 2048, 2048, 5083
5924, -7090, 2048, 2048, 5083
5923, -7091, 2047, 2047, 5083
5924, -7091, 2047, 2047, 5083
5923, -7089, 2047, 2047, 5083
5924, -7090, 2047, 2047, 5083
5924, -7090, 2047, 2047, 5083
5923, -7090, 2047, 2047, 5083
5923, -7090, 2047, 2047, 5083
5923, -7091, 2047, 2047, 5083
5923, -7091, 2047, 2047, 5083
5922, -7089, 2047, 2047, 5083
5924, -7090, 2047, 2047, 5079
5923, -7090, 2047, 2047, 5079
5923, -7090, 2046, 2046, 5079
5922, -7090, 2046, 2046, 5079
5923, -7091, 2047, 2047, 5079
5923, -7091, 2047, 2047, 5079
5923, -7090, 2046, 2046, 5079
5924, -7090, 2047, 2047, 5079
5924, -7090, 2047, 2047, 5079
5923, -7090, 2047, 2047, 5079
5923, -7091, 2047, 2047, 5079
5923, -7090, 2047, 2047, 5079
5923, -7091, 2047, 2047, 5079
5923, -7091, 2047, 2047, 5079
5923, -7092, 2047, 2047, 5079
5923, -7091, 2047, 2047, 5079
5922, -7090, 2046, 2046, 5079
5923, -7091, 2046, 2046, 5079
5923, -7091, 2046, 2046, 5079
5922, -7091, 2047, 2047, 5079
5923, -7091, 2046, 2046, 5079
5923, -7091, 2046, 2046, 5079
5923, -7091, 2046, 2046, 5079
5923, -7089, 2047, 2047, 5079
5821, -7104, 1944, 1944, 5079
5823, -7105, 1947, 1947, 5083
5823, -7105, 1947, 1947, 5083
5822, -7106, 1947, 1947, 5083
5823, -7106, 1948, 1948, 5083
5826, -7106, 1948, 1948, 5083
5826, -7106, 1948, 1948, 5083
5826, -7106, 1948, 1948, 5083
5823, -7106, 1948, 1948, 5083
5823, -7106, 1948, 1948, 5083
5823, -7106, 1948, 1948, 5083
5824, -7106, 1949, 1949, 5083
5827, -7105, 1949, 1949, 5083
5827, -7105, 1949, 1949, 5083
5827, -7104, 1948, 1948, 5083
5827, -7105, 1948, 1948, 5083
5827, -7106, 1948, 1948, 5083
5825, -7106, 1949, 1949, 5083
5823, -7106, 1949, 1949, 5083
5823, -7105, 1949, 1949, 5083
5823, -7105, 1949, 1949, 5083
5824, -7107, 1949, 1949, 5083
5829, -7105, 1951, 1951, 5083
5829, -7105, 1951, 1951, 5083
5827, -7106, 1949, 1949, 5083
5827, -7105, 1949, 1949, 5083
5827, -7106, 1949, 1949, 5083
5826, -7106, 1949, 1949, 5083
5827, -7106, 1949, 1949, 5083
5824, -7106, 1949, 1949, 5083
5823, -7107, 1949, 1949, 5083
5823, -7105, 1949, 1949, 5083
5823, -7105, 1949, 1949, 5083
5823, -7107, 1949, 1949, 5083
5824, -7106, 1949, 1949, 5083
5827, -7105, 1948, 1948, 5083
5826, -7106, 1949, 1949, 5083
5826, -7106, 1949, 1949, 5083
5827, -7106, 1949, 1949, 5083
5827, -7106, 1949, 1949, 5083
5824, -7107, 1949, 1949, 5083
5824, -7107, 1949, 1949, 5083
5824, -7107, 1949, 1949, 5083
5822, -7108, 1949, 1949, 5083
5824, -7108, 1949, 1949, 5083
5826, -7106, 1948, 1948, 5083
5826, -7106, 1948, 1948, 5083
5823, -7108, 1948, 1948, 5081
5827, -7107, 1948, 1948, 5081
5828, -7106, 1949, 1949, 5081
5826, -7107, 1948, 1948, 5081
5823, -7107, 1949, 1949, 5081
5823, -7107, 1949, 1949, 5081
5823, -7107, 1949, 1949, 5081
5823, -7107, 1949, 1949, 5081
5823, -7107, 1949, 1949, 5081
5826, -7107, 1948, 1948, 5081
5826, -7107, 1948, 1948, 5081
5827, -7108, 1949, 1949, 5081
5826, -7107, 1949, 1949, 5081
5828, -7108, 1949, 1949, 5081
5822, -7107, 1948, 1948, 5081
5822, -7108, 1948, 1948, 5081
5822, -7108, 1948, 1948, 5081
5824, -7108, 1949, 1949, 5081
5823, -7107, 1948, 1948, 5081
5823, -7107, 1948, 1948, 5081
5824, -7108, 1949, 1949, 5081
5824, -7108, 1949, 1949, 5081
5825, -7108, 1949, 1949, 5081
5825, -7109, 1949, 1949, 5081
5827, -7108, 1948, 1948, 5081
5827, -7108, 1948, 1948, 5081
5828, -7107, 1949, 1949, 5081
5826, -7107, 1949, 1949, 5087
5826, -7107, 1949, 1949, 5087
5826, -7107, 1948, 1948, 5087
5824, -7108, 1949, 1949, 5087
5825, -7107, 1949, 1949, 5087
5825, -7107, 1949, 1949, 5087
5824, -7107, 1949, 1949, 5087
5825, -7109, 1949, 1949, 5087
5822, -7108, 1949, 1949, 5087
5822, -7108, 1948, 1948, 5087
5826, -7108, 1948, 1948, 5087
5827, -7108, 1949, 1949, 5087
5826, -7108, 1948, 1948, 5087
5826, -7108, 1948, 1948, 5087
5825, -7108, 1948, 1948, 5087
5825, -7108, 1948, 1948, 5087
5827, -7108, 1949, 1949, 5087
5827, -7108, 1949, 1949, 5087
5825, -7108, 1948, 1948, 5087
5823, -7108, 1948, 1948, 5087
5823, -7109, 1948, 1948, 5087
5823, -7109, 1948, 1948, 5087
5822, -7108, 1948, 1948, 5087
5822, -7108, 1948, 1948, 5087
5823, -7108, 1948, 1948, 5087
5825, -7108, 1948, 1948, 5087
5823, -7107, 1948, 1948, 5087
5826, -7108, 1949, 1949, 5087
5825, -7108, 1948, 1948, 5087
5825, -7108, 1948, 1948, 5087
5826, -7108, 1949, 1949, 5087
5822, -7109, 1948, 1948, 5087
5822, -7109, 1948, 1948, 5087
5818, -7108, 1948, 1948, 5087
5818, -7108, 1948, 1948, 5087
5830, -7093, 1950, 1950, 5087
5924, -7095, 2048, 2048, 5087
5924, -7095, 2048, 2048, 5087
5923, -7094, 2047, 2047, 5087
5923, -7095, 2046, 2046, 5087
5923, -7094, 2047, 2047, 5087
5923, -7094, 2046, 2046, 5087
5923, -7094, 2046, 2046, 5087
5921, -7095, 2045, 2045, 5087
5921, -7095, 2045, 2045, 5087
5921, -7095, 2044, 2044, 5087
5921, -7095, 2045, 2045, 5087
5921, -7095, 2045, 2045, 5087
5920, -7094, 2045, 2045, 5087
5921, -7095, 2045, 2045, 5083
5921, -7095, 2045, 2045, 5083
5921, -7096, 2045, 2045, 5083
5921, -7096, 2045, 2045, 5083
5921, -7095, 2045, 2045, 5083
5920, -7096, 2044, 2044, 5083
5920, -7096, 2044, 2044, 5083
5920, -7096, 2044, 2044, 5083
5921, -7095, 2044, 2044, 5083
5921, -7097, 2044, 2044, 5083
5919, -7096, 2044, 2044, 5083
5919, -7096, 2044, 2044, 5083
5920, -7097, 2044, 2044, 5083
5920, -7096, 2044, 2044, 5083
5920, -7096, 2044, 2044, 5083
5920, -7096, 2044, 2044, 5083
5921, -7097, 2044, 2044, 5083
5920, -7096, 2044, 2044, 5083
5919, -7097, 2043, 2043, 5083
5920, -7096, 2043, 2043, 5083
5920, -7096, 2043, 2043, 5083
5919, -7097, 2043, 2043, 5083
5919, -7097, 2043, 2043, 5083
5920, -7097, 2043, 2043, 5083
5919, -7096, 2043, 2043, 5083
5919, -7098, 2043, 2043, 5087
5919, -7096, 2043, 2043, 5087
5919, -7097, 2043, 2043, 5087
5919, -7097, 2043, 2043, 5087
5920, -7098, 2043, 2043, 5087
5920, -7098, 2043, 2043, 5087
5919, -7097, 2043, 2043, 5087
5920, -7098, 2043, 2043, 5087
5919, -7098, 2043, 2043, 5087
5919, -7097, 2043, 2043, 5087
5919, -7097, 2043, 2043, 5087
5919, -7097, 2043, 2043, 5087
5919, -7097, 2042, 2042, 5087
5920, -7098, 2043, 2043, 5087
5920, -7098, 2043, 2043, 5087
5919, -7098, 2042, 2042, 5087
5919, -7097, 2043, 2043, 5087
5919, -7097, 2043, 2043, 5087
5919, -7098, 2043, 2043, 5087
5919, -7098, 2043, 2043, 5087
5919, -7099, 2042, 2042, 5087
5919, -7098, 2042, 2042, 5087
5919, -7098, 2042, 2042, 5087
5919, -7098, 2042, 2042, 5087
5919, -7098, 2042, 2042, 5087
5918, -7098, 2042, 2042, 5079
5918, -7098, 2042, 2042, 5079
5918, -7098, 2042, 2042, 5079
5918, -7098, 2042, 2042, 5079
5918, -7098, 2042, 2042, 5079
5919, -7098, 2042, 2042, 5079
5918, -7098, 2042, 2042, 5079
5918, -7098, 2042, 2042, 5079
5918, -7098, 2041, 2041, 5079
5918, -7098, 2041, 2041, 5079
5917, -7099, 2041, 2041, 5079
5918, -7098, 2041, 2041, 5079
5917, -7099, 2041, 2041, 5079
5917, -7099, 2041, 2041, 5079
5919, -7098, 2041, 2041, 5079
5918, -7099, 2041, 2041, 5079
5918, -7098, 2042, 2042, 5079
5916, -7098, 2041, 2041, 5079
5918, -7099, 2041, 2041, 5079
5919, -7100, 2042, 2042, 5079
5918, -7099, 2041, 2041, 5079
5918, -7099, 2041, 2041, 5079
5917, -7099, 2041, 2041, 5079
5917, -7099, 2041, 2041, 5079
5918, -7099, 2041, 2041, 5087
5917, -7099, 2040, 2040, 5087
5917, -7098, 2041, 2041, 5087
5918, -7099, 2041, 2041, 5087
5918, -7100, 2041, 2041, 5087
5916, -7099, 2041, 2041, 5087
5916, -7099, 2041, 2041, 5087
5918, -7098, 2042, 2042, 5087
5917, -7099, 2041, 2041, 5087
5917, -7100, 2041, 2041, 5087
5917, -7100, 2041, 2041, 5087
5918, -7099, 2041, 2041, 5087
5918, -7100, 2041, 2041, 5087
5918, -7100, 2041, 2041, 5087
5917, -7100, 2041, 2041, 5087
5917, -7099, 2041, 2041, 5087
5917, -7100, 2041, 2041, 5087
5917, -7100, 2041, 2041, 5087
5917, -7100, 2040, 2040, 5087
5917, -7100, 2040, 2040, 5087
5917, -7101, 2040, 2040, 5087
5917, -7100, 2041, 2041, 5087
5917, -7100, 2040, 2040, 5087
5916, -7100, 2040, 2040, 5089
5916, -7100, 2040, 2040, 5089
5917, -7100, 2040, 2040, 5089
5917, -7100, 2040, 2040, 5089
5917, -7099, 2040, 2040, 5089
5917, -7100, 2040, 2040, 5089
5916, -7101, 2040, 2040, 5089
5916, -7116, 2040, 2040, 5089
5916, -7116, 2040, 2040, 5089
5801, -7118, 1934, 1934, 5089
5815, -7115, 1939, 1939, 5089
5815, -7115, 1939, 1939, 5089
5815, -7115, 1941, 1941, 5089
5817, -7115, 1942, 1942, 5089
5818, -7116, 1941, 1941, 5089
5818, -7116, 1941, 1941, 5089
5815, -7115, 1942, 1942, 5089
5815, -7116, 1942, 1942, 5089
5815, -7115, 1941, 1941, 5089
5816, -7115, 1942, 1942, 5089
5818, -7115, 1942, 1942, 5089
5820, -7115, 1942, 1942, 5089
5818, -7116, 1942, 1942, 5085
5818, -7116, 1942, 1942, 5085
5816, -7116, 1942, 1942, 5085
5816, -7116, 1942, 1942, 5085
5816, -7117, 1942, 1942, 5085
5819, -7116, 1941, 1941, 5085
5820, -7115, 1943, 1943, 5085
5820, -7115, 1943, 1943, 5085
5821, -7116, 1942, 1942, 5085
5820, -7116, 1942, 1942, 5085
5820, -7116, 1942, 1942, 5085
5816, -7116, 1942, 1942, 5085
5816, -7116, 1942, 1942, 5085
5821, -7116, 1942, 1942, 5085
5821, -7116, 1943, 1943, 5085
5820, -7117, 1942, 1942, 5085
5821, -7116, 1942, 1942, 5085
5821, -7116, 1942, 1942, 5085
5821, -7117, 1943, 1943, 5085
5819, -7116, 1942, 1942, 5085
5820, -7117, 1943, 1943, 5085
5819, -7116, 1943, 1943, 5085
5820, -7117, 1941, 1941, 5083
5821, -7117, 1942, 1942, 5083
5818, -7117, 1942, 1942, 5083
5821, -7116, 1942, 1942, 5083
5819, -7116, 1942, 1942, 5083
5819, -7116, 1942, 1942, 5083
5815, -7117, 1942, 1942, 5083
5816, -7118, 1942, 1942, 5083
5816, -7118, 1942, 1942, 5083
5816, -7117, 1942, 1942, 5083
5815, -7117, 1941, 1941, 5083
5815, -7118, 1942, 1942, 5083
5815, -7118, 1942, 1942, 5083
5816, -7119, 1942, 1942, 5083
5817, -7118, 1941, 1941, 5083
5819, -7118, 1940, 1940, 5083
5819, -7118, 1940, 1940, 5083
5818, -7117, 1940, 1940, 5083
5819, -7117, 1941, 1941, 5083
5818, -7118, 1940, 1940, 5083
5818, -7117, 1940, 1940, 5083
5814, -7119, 1941, 1941, 5083
5815, -7120, 1941, 1941, 5083
5815, -7120, 1941, 1941, 5083
5816, -7119, 1941, 1941, 5083
5820, -7118, 1941, 1941, 5083
5817, -7117, 1941, 1941, 5083
5817, -7117, 1941, 1941, 5083
5818, -7118, 1940, 1940, 5083
5815, -7118, 1941, 1941, 5083
5815, -7119, 1940, 1940, 5083
5816, -7118, 1941, 1941, 5083
5815, -7119, 1941, 1941, 5083
5817, -7119, 1941, 1941, 5083
5817, -7119, 1941, 1941, 5083
5818, -7118, 1940, 1940, 5083
5819, -7119, 1941, 1941, 5083
5818, -7119, 1940, 1940, 5083
5815, -7118, 1940, 1940, 5083
5818, -7118, 1941, 1941, 5083
5818, -7119, 1940, 1940, 5083
5818, -7119, 1940, 1940, 5083
5819, -7119, 1941, 1941, 5083
5815, -7119, 1940, 1940, 5083
5815, -7119, 1940, 1940, 5083
5816, -7119, 1941, 1941, 5083
5814, -7119, 1940, 1940, 5083
5816, -7119, 1940, 1940, 5089
5817, -7119, 1940, 1940, 5089
5817, -7119, 1940, 1940, 5089
5816, -7119, 1940, 1940, 5089
5820, -7119, 1940, 1940, 5089
5820, -7119, 1940, 1940, 5089
5819, -7120, 1940, 1940, 5089
5818, -7119, 1939, 1939, 5089
5816, -7120, 1940, 1940, 5089
5813, -7120, 1940, 1940, 5089
5813, -7120, 1940, 1940, 5089
5814, -7120, 1939, 1939, 5089
5814, -7120, 1939, 1939, 5089
5815, -7121, 1940, 1940, 5089
5817, -7121, 1940, 1940, 5089
5816, -7121, 1939, 1939, 5089
5817, -7120, 1940, 1940, 5089
5817, -7120, 1940, 1940, 5089
5818, -7121, 1939, 1939, 5089
5818, -7121, 1939, 1939, 5089
5817, -7120, 1939, 1939, 5089
5805, -7120, 1938, 1938, 5089
5920, -7105, 1989, 1989, 5089
5917, -7107, 2041, 2041, 5089
5914, -7106, 2038, 2038, 5089
5914, -7106, 2038, 2038, 5089
5913, -7107, 2037, 2037, 5085
5913, -7107, 2037, 2037, 5085
5913, -7107, 2037, 2037, 5085
5913, -7106, 2037, 2037, 5085
5913, -7107, 2036, 2036, 5085
5913, -7107, 2036, 2036, 5085
5912, -7108, 2035, 2035, 5085
5912, -7108, 2035, 2035, 5085
5913, -7107, 2036, 2036, 5085
5912, -7108, 2036, 2036, 5085
5912, -7108, 2036, 2036, 5085
5912, -7107, 2036, 2036, 5085
5912, -7107, 2036, 2036, 5085
5912, -7107, 2036, 2036, 5085
5912, -7107, 2036, 2036, 5085
5912, -7108, 2035, 2035, 5085
5911, -7108, 2035, 2035, 5085
5911, -7108, 2035, 2035, 5085
5912, -7109, 2035, 2035, 5085
5912, -7108, 2035, 2035, 5085
5911, -7109, 2035, 2035, 5085
5911, -7109, 2035, 2035, 5085
5910, -7108, 2035, 2035, 5085
5911, -7109, 2034, 2034, 5085
5911, -7108, 2035, 2035, 5085
5912, -7108, 2035, 2035, 5085
5911, -7109, 2035, 2035, 5087
5911, -7108, 2035, 2035, 5087
5910, -7109, 2034, 2034, 5087
5911, -7109, 2034, 2034, 5087
5910, -7109, 2034, 2034, 5087
5910, -7109, 2034, 2034, 5087
5910, -7109, 2034, 2034, 5087
5910, -7109, 2034, 2034, 5087
5911, -7109, 2034, 2034, 5087
5910, -7108, 2034, 2034, 5087
5910, -7108, 2034, 2034, 5087
5911, -7110, 2034, 2034, 5087
5910, -7109, 2034, 2034, 5087
5911, -7110, 2034, 2034, 5087
5911, -7109, 2034, 2034, 5087
5911, -7110, 2034, 2034, 5087
5910, -7110, 2034, 2034, 5087
5909, -7110, 2033, 2033, 5087
5909, -7110, 2033, 2033, 5087
5910, -7109, 2034, 2034, 5087
5909, -7110, 2033, 2033, 5087
5910, -7109, 2033, 2033, 5087
5909, -7109, 2033, 2033, 5087
5909, -7110, 2033, 2033, 5087
5910, -7110, 2033, 2033, 5087
5910, -7110, 2033, 2033, 5087
5910, -7110, 2033, 2033, 5087
5909, -7110, 2033, 2033, 5087
5910, -7110, 2033, 2033, 5087
5909, -7111, 2033, 2033, 5087
5909, -7110, 2033, 2033, 5087
5908, -7111, 2033, 2033, 5087
5909, -7111, 2033, 2033, 5087
5909, -7111, 2033, 2033, 5087
5910, -7112, 2033, 2033, 5087
5909, -7111, 2033, 2033, 5087
5909, -7111, 2033, 2033, 5087
5910, -7111, 2033, 2033, 5087
5909, -7112, 2033, 2033, 5087
5909, -7111, 2033, 2033, 5087
5909, -7112, 2033, 2033, 5087
5909, -7112, 2033, 2033, 5087
5908, -7111, 2032, 2032, 5087
5908, -7111, 2032, 2032, 5087
5908, -7112, 2032, 2032, 5087
5908, -7112, 2032, 2032, 5087
5908, -7112, 2032, 2032, 5087
5908, -7111, 2031, 2031, 5087
5908, -7111, 2031, 2031, 5087
5909, -7112, 2032, 2032, 5083
5909, -7112, 2032, 2032, 5083
5908, -7112, 2032, 2032, 5083
5908, -7111, 2032, 2032, 5083
5908, -7112, 2032, 2032, 5083
5908, -7112, 2032, 2032, 5083
5908, -7112, 2031, 2031, 5083
5907, -7112, 2031, 2031, 5083
5908, -7112, 2031, 2031, 5083
5908, -7112, 2031, 2031, 5083
5908, -7112, 2031, 2031, 5083
5907, -7112, 2031, 2031, 5083
5907, -7113, 2031, 2031, 5083
5907, -7112, 2031, 2031, 5083
5907, -7112, 2031, 2031, 5083
5907, -7114, 2030, 2030, 5083
5907, -7112, 2030, 2030, 5083
5907, -7113, 2030, 2030, 5083
5906, -7112, 2030, 2030, 5083
5906, -7112, 2030, 2030, 5083
5906, -7113, 2030, 2030, 5083
5906, -7113, 2030, 2030, 5083
5907, -7113, 2030, 2030, 5083
5907, -7113, 2030, 2030, 5083
5906, -7113, 2030, 2030, 5083
5906, -7113, 2030, 2030, 5083
5906, -7113, 2030, 2030, 5083
5906, -7114, 2030, 2030, 5083
5907, -7113, 2030, 2030, 5083
5906, -7115, 2030, 2030, 5083
5906, -7114, 2030, 2030, 5083
5907, -7115, 2030, 2030, 5083
5906, -7114, 2030, 2030, 5083
5906, -7113, 2030, 2030, 5083
5906, -7115, 2030, 2030, 5083
5906, -7115, 2030, 2030, 5083
5906, -7115, 2030, 2030, 5083
5906, -7114, 2030, 2030, 5083
5906, -7114, 2030, 2030, 5083
5906, -7114, 2030, 2030, 5083
5906, -7114, 2030, 2030, 5083
5905, -7114, 2029, 2029, 5083
5905, -7115, 2029, 2029, 5083
5905, -7115, 2029, 2029, 5083
5906, -7115, 2030, 2030, 5083
5906, -7115, 2030, 2030, 5083
5904, -7116, 2029, 2029, 5083
5905, -7114, 2029, 2029, 5083
5905, -7114, 2029, 2029, 5083
5906, -7115, 2029, 2029, 5089
5906, -7115, 2029, 2029, 5089
5810, -7159, 2005, 2005, 5089
5703, -7139, 1836, 1836, 5089
5725, -7141, 1850, 1850, 5089
5725, -7141, 1850, 1850, 5089
5724, -7142, 1851, 1851, 5089
5724, -7141, 1852, 1852, 5089
5726, -7142, 1853, 1853, 5089
5726, -7142, 1853, 1853, 5089
5731, -7141, 1853, 1853, 5089
5726, -7141, 1853, 1853, 5089
5732, -7142, 1853, 1853, 5089
5734, -7141, 1855, 1855, 5089
5733, -7141, 1854, 1854, 5089
5732, -7141, 1853, 1853, 5089
5732, -7141, 1854, 1854, 5089
5728, -7141, 1854, 1854, 5089
5732, -7141, 1854, 1854, 5089
5732, -7141, 1855, 1855, 5089
5730, -7141, 1854, 1854, 5089
5728, -7142, 1855, 1855, 5089
5728, -7142, 1855, 1855, 5089
5730, -7142, 1855, 1855, 5089
5728, -7142, 1855, 1855, 5089
5732, -7142, 1855, 1855, 5089
5732, -7142, 1855, 1855, 5089
5732, -7142, 1855, 1855, 5089
5735, -7141, 1856, 1856, 5089
5736, -7142, 1856, 1856, 5089
5735, -7142, 1855, 1855, 5089
5735, -7142, 1855, 1855, 5089
5735, -7142, 1855, 1855, 5089
5735, -7141, 1855, 1855, 5089
5735, -7141, 1855, 1855, 5089
5730, -7143, 1855, 1855, 5089
5730, -7141, 1855, 1855, 5089
5729, -7143, 1855, 1855, 5089
5729, -7143, 1855, 1855, 5089
5734, -7143, 1855, 1855, 5089
5734, -7143, 1855, 1855, 5089
5733, -7143, 1855, 1855, 5089
5733, -7143, 1855, 1855, 5089
5733, -7143, 1855, 1855, 5089
5728, -7143, 1855, 1855, 5089
5729, -7143, 1856, 1856, 5089
5731, -7143, 1856, 1856, 5089
5728, -7144, 1855, 1855, 5089
5727, -7143, 1855, 1855, 5089
5727, -7144, 1855, 1855, 5089
5728, -7143, 1855, 1855, 5089
5731, -7144, 1855, 1855, 5089
5730, -7142, 1854, 1854, 5087
5730, -7142, 1854, 1854, 5087
5736, -7143, 1855, 1855, 5087
5733, -7142, 1855, 1855, 5087
5733, -7142, 1855, 1855, 5087
5733, -7143, 1854, 1854, 5087
5732, -7144, 1854, 1854, 5087
5730, -7144, 1854, 1854, 5087
5730, -7144, 1854, 1854, 5087
5727, -7144, 1854, 1854, 5087
5727, -7145, 1855, 1855, 5087
5727, -7144, 1855, 1855, 5087
5727, -7145, 1855, 1855, 5087
5732, -7145, 1854, 1854, 5087
5732, -7145, 1854, 1854, 5087
5732, -7145, 1854, 1854, 5087
5733, -7144, 1854, 1854, 5087
5734, -7145, 1855, 1855, 5087
5734, -7145, 1854, 1854, 5087
5733, -7146, 1854, 1854, 5087
5733, -7146, 1854, 1854, 5087
5732, -7145, 1854, 1854, 5087
5732, -7145, 1854, 1854, 5087
5732, -7144, 1854, 1854, 5087
5732, -7144, 1853, 1853, 5087
5727, -7146, 1854, 1854, 5087
5729, -7145, 1853, 1853, 5089
5727, -7146, 1854, 1854, 5089
5733, -7146, 1854, 1854, 5089
5733, -7146, 1854, 1854, 5089
5733, -7146, 1854, 1854, 5089
5733, -7146, 1854, 1854, 5089
5728, -7146, 1853, 1853, 5089
5734, -7145, 1853, 1853, 5089
5729, -7146, 1854, 1854, 5089
5730, -7146, 1854, 1854, 5089
5726, -7146, 1854, 1854, 5089
5730, -7147, 1854, 1854, 5089
5726, -7147, 1853, 1853, 5089
5731, -7146, 1854, 1854, 5089
5731, -7147, 1853, 1853, 5089
5730, -7147, 1853, 1853, 5089
5734, -7147, 1854, 1854, 5089
5734, -7146, 1854, 1854, 5089
5734, -7146, 1854, 1854, 5089
5727, -7147, 1853, 1853, 5089
5727, -7147, 1853, 1853, 5089
5727, -7147, 1853, 1853, 5089
5727, -7147, 1853, 1853, 5089
5726, -7146, 1853, 1853, 5089
5725, -7146, 1853, 1853, 5089
5726, -7147, 1852, 1852, 5089
5726, -7147, 1852, 1852, 5089
5729, -7147, 1853, 1853, 5089
5732, -7148, 1853, 1853, 5089
5730, -7147, 1853, 1853, 5089
5733, -7147, 1853, 1853, 5089
5733, -7147, 1853, 1853, 5089
5727, -7148, 1853, 1853, 5089
5726, -7148, 1852, 1852, 5089
5726, -7148, 1853, 1853, 5089
5730, -7147, 1852, 1852, 5089
5730, -7147, 1852, 1852, 5089
5726, -7148, 1853, 1853, 5089
5722, -7147, 1854, 1854, 5089
5722, -7147, 1854, 1854, 5089
5911, -7122, 1991, 1991, 5089
5911, -7122, 1991, 1991, 5089
5907, -7123, 2032, 2032, 5089
5906, -7122, 2030, 2030, 5089
5905, -7123, 2029, 2029, 5089
5905, -7124, 2028, 2028, 5089
5903, -7124, 2027, 2027, 5089
5903, -7124, 2027, 2027, 5089
5903, -7124, 2026, 2026, 5089
5903, -7124, 2026, 2026, 5089
5903, -7125, 2026, 2026, 5089
5903, -7125, 2026, 2026, 5089
5903, -7124, 2026, 2026, 5089
5901, -7125, 2025, 2025, 5089
5901, -7125, 2025, 2025, 5089
5901, -7124, 2025, 2025, 5089
5901, -7124, 2025, 2025, 5089
5901, -7124, 2024, 2024, 5089
5901, -7126, 2024, 2024, 5089
5901, -7126, 2024, 2024, 5089
5901, -7125, 2024, 2024, 5089
5900, -7125, 2024, 2024, 5089
5900, -7126, 2024, 2024, 5089
5899, -7125, 2023, 2023, 5089
5899, -7125, 2023, 2023, 5089
5900, -7125, 2023, 2023, 5089
5900, -7125, 2023, 2023, 5089
5899, -7125, 2023, 2023, 5089
5899, -7126, 2023, 2023, 5089
5898, -7126, 2022, 2022, 5089
5899, -7125, 2023, 2023, 5089
5899, -7126, 2022, 2022, 5089
5898, -7125, 2022, 2022, 5089
5899, -7127, 2022, 2022, 5089
5899, -7125, 2022, 2022, 5089
5899, -7127, 2022, 2022, 5089
5898, -7127, 2021, 2021, 5089
5898, -7127, 2022, 2022, 5093
5898, -7127, 2022, 2022, 5093
5898, -7127, 2021, 2021, 5093
5897, -7127, 2021, 2021, 5093
5897, -7127, 2021, 2021, 5093
5898, -7127, 2021, 2021, 5093
5898, -7126, 2022, 2022, 5093
5898, -7126, 2022, 2022, 5093
5897, -7128, 2021, 2021, 5093
5897, -7128, 2021, 2021, 5093
5897, -7126, 2021, 2021, 5093
5898, -7128, 2021, 2021, 5093
5897, -7127, 2021, 2021, 5093
5899, -7127, 2021, 2021, 5093
5897, -7128, 2021, 2021, 5093
5897, -7128, 2020, 2020, 5093
5897, -7128, 2020, 2020, 5093
5897, -7128, 2020, 2020, 5093
5897, -7128, 2020, 2020, 5093
5896, -7128, 2020, 2020, 5093
5896, -7127, 2020, 2020, 5093
5896, -7128, 2020, 2020, 5093
5896, -7128, 2020, 2020, 5093
5896, -7129, 2019, 2019, 5093
5897, -7129, 2020, 2020, 5093
5897, -7129, 2020, 2020, 5093
5896, -7129, 2020, 2020, 5093
5896, -7129, 2020, 2020, 5093
5896, -7129, 2020, 2020, 5087
5896, -7129, 2020, 2020, 5087
5896, -7128, 2019, 2019, 5087
5896, -7129, 2019, 2019, 5087
5896, -7128, 2019, 2019, 5087
5895, -7129, 2019, 2019, 5087
5896, -7129, 2019, 2019, 5087
5895, -7129, 2019, 2019, 5087
5895, -7129, 2019, 2019, 5087
5895, -7129, 2019, 2019, 5087
5896, -7129, 2019, 2019, 5087
5895, -7129, 2018, 2018, 5087
5895, -7129, 2018, 2018, 5087
5895, -7129, 2019, 2019, 5087
5894, -7129, 2018, 2018, 5087
5895, -7130, 2019, 2019, 5087
5894, -7130, 2019, 2019, 5087
5894, -7130, 2018, 2018, 5087
5894, -7131, 2018, 2018, 5087
5893, -7131, 2017, 2017, 5087
5894, -7130, 2018, 2018, 5083
5894, -7130, 2018, 2018, 5083
5893, -7131, 2017, 2017, 5083
5894, -7131, 2017, 2017, 5083
5894, -7131, 2017, 2017, 5083
5893, -7131, 2017, 2017, 5083
5894, -7132, 2017, 2017, 5083
5892, -7131, 2016, 2016, 5083
5893, -7131, 2016, 2016, 5083
5893, -7131, 2017, 2017, 5083
5893, -7131, 2017, 2017, 5083
5893, -7131, 2017, 2017, 5083
5893, -7131, 2017, 2017, 5083
5893, -7131, 2017, 2017, 5083
5892, -7132, 2016, 2016, 5083
5892, -7132, 2016, 2016, 5083
5893, -7132, 2017, 2017, 5083
5893, -7133, 2016, 2016, 5083
5892, -7132, 2016, 2016, 5083
5892, -7132, 2016, 2016, 5083
5893, -7133, 2016, 2016, 5083
5893, -7132, 2016, 2016, 5083
5892, -7133, 2016, 2016, 5083
5892, -7133, 2016, 2016, 5083
5892, -7134, 2016, 2016, 5083
5892, -7133, 2016, 2016, 5083
5893, -7134, 2016, 2016, 5083
5892, -7134, 2016, 2016, 5083
5892, -7134, 2016, 2016, 5093
5891, -7133, 2015, 2015, 5093
5893, -7134, 2015, 2015, 5093
5891, -7133, 2015, 2015, 5093
5891, -7133, 2015, 2015, 5093
5890, -7134, 2014, 2014, 5093
5890, -7134, 2014, 2014, 5093
5891, -7134, 2015, 2015, 5093
5891, -7134, 2015, 2015, 5093
5891, -7134, 2014, 2014, 5093
5652, -7186, 1955, 1955, 5093
5716, -7157, 1846, 1846, 5093
5716, -7157, 1846, 1846, 5093
5712, -7160, 1836, 1836, 5093
5712, -7160, 1836, 1836, 5093
5710, -7159, 1836, 1836, 5093
5711, -7161, 1838, 1838, 5093
5713, -7160, 1838, 1838, 5093
5714, -7160, 1839, 1839, 5093
5715, -7160, 1839, 1839, 5093
5719, -7159, 1839, 1839, 5093
5722, -7160, 1840, 1840, 5093
5715, -7159, 1840, 1840, 5091
5715, -7159, 1840, 1840, 5091
5715, -7160, 1841, 1841, 5091
5714, -7160, 1840, 1840, 5091
5714, -7160, 1840, 1840, 5091
5714, -7160, 1840, 1840, 5091
5716, -7161, 1840, 1840, 5091
5715, -7161, 1840, 1840, 5091
5717, -7160, 1840, 1840, 5091
5717, -7160, 1840, 1840, 5091
5717, -7161, 1840, 1840, 5091
5721, -7160, 1840, 1840, 5091
5715, -7160, 1840, 1840, 5091
5715, -7160, 1840, 1840, 5091
5715, -7160, 1840, 1840, 5091
5715, -7161, 1840, 1840, 5091
5713, -7162, 1840, 1840, 5091
5715, -7162, 1840, 1840, 5091
5713, -7162, 1840, 1840, 5091
5714, -7161, 1840, 1840, 5091
5714, -7162, 1840, 1840, 5091
5714, -7162, 1840, 1840, 5091
5714, -7162, 1840, 1840, 5091
5714, -7162, 1840, 1840, 5091
5720, -7162, 1840, 1840, 5091
5720, -7162, 1840, 1840, 5091
5722, -7162, 1841, 1841, 5085
5714, -7162, 1839, 1839, 5085
5714, -7162, 1839, 1839, 5085
5714, -7162, 1840, 1840, 5085
5713, -7163, 1840, 1840, 5085
5715, -7163, 1840, 1840, 5085
5715, -7163, 1840, 1840, 5085
5719, -7162, 1839, 1839, 5085
5717, -7162, 1840, 1840, 5085
5717, -7162, 1840, 1840, 5085
5716, -7163, 1839, 1839, 5085
5712, -7164, 1840, 1840, 5085
5714, -7163, 1840, 1840, 5085
5712, -7163, 1840, 1840, 5085
5713, -7164, 1840, 1840, 5085
5717, -7163, 1840, 1840, 5085
5719, -7164, 1839, 1839, 5085
5719, -7164, 1839, 1839, 5085
5719, -7164, 1839, 1839, 5085
5718, -7163, 1839, 1839, 5085
5717, -7163, 1839, 1839, 5085
5712, -7164, 1838, 1838, 5093
5712, -7164, 1838, 1838, 5093
5710, -7164, 1839, 1839, 5093
5712, -7165, 1839, 1839, 5093
5711, -7165, 1839, 1839, 5093
5711, -7166, 1838, 1838, 5093
5718, -7164, 1839, 1839, 5093
5718, -7166, 1839, 1839, 5093
5717, -7164, 1838, 1838, 5093
5716, -7165, 1838, 1838, 5093
5711, -7166, 1838, 1838, 5093
5711, -7166, 1838, 1838, 5093
5710, -7166, 1839, 1839, 5093
5710, -7166, 1839, 1839, 5093
5710, -7166, 1838, 1838, 5093
5714, -7166, 1839, 1839, 5093
5713, -7166, 1838, 1838, 5093
5718, -7166, 1838, 1838, 5093
5719, -7165, 1838, 1838, 5093
5718, -7165, 1838, 1838, 5093
5718, -7165, 1839, 1839, 5093
5718, -7165, 1839, 1839, 5093
5717, -7165, 1838, 1838, 5093
5717, -7165, 1837, 1837, 5093
5712, -7165, 1838, 1838, 5093
5712, -7165, 1838, 1838, 5093
5711, -7166, 1838, 1838, 5093
5713, -7166, 1837, 1837, 5091
5714, -7167, 1838, 1838, 5091
5714, -7166, 1837, 1837, 5091
5718, -7166, 1837, 1837, 5091
5718, -7165, 1837, 1837, 5091
5713, -7167, 1837, 1837, 5091
5713, -7167, 1837, 1837, 5091
5711, -7167, 1837, 1837, 5091
5710, -7167, 1838, 1838, 5091
5710, -7167, 1838, 1838, 5091
5710, -7167, 1837, 1837, 5091
5710, -7167, 1837, 1837, 5091
5711, -7168, 1837, 1837, 5091
5711, -7168, 1837, 1837, 5091
5712, -7169, 1837, 1837, 5091
5712, -7169, 1838, 1838, 5091
5712, -7169, 1837, 1837, 5091
5717, -7168, 1837, 1837, 5091
5717, -7167, 1837, 1837, 5091
5716, -7169, 1837, 1837, 5091
5716, -7169, 1837, 1837, 5091
5714, -7168, 1837, 1837, 5091
5714, -7168, 1837, 1837, 5091
5713, -7168, 1837, 1837, 5091
5712, -7168, 1836, 1836, 5091
5718, -7165, 1841, 1841, 5091
5718, -7167, 1839, 1839, 5091
5891, -7143, 2016, 2016, 5101
5891, -7143, 2016, 2016, 5101
5888, -7143, 2013, 2013, 5101
5888, -7143, 2013, 2013, 5101
5888, -7144, 2012, 2012, 5101
5887, -7144, 2011, 2011, 5101
5887, -7144, 2011, 2011, 5101
5886, -7144, 2010, 2010, 5101
5886, -7144, 2010, 2010, 5101
5886, -7145, 2010, 2010, 5101
5886, -7145, 2009, 2009, 5101
5885, -7144, 2009, 2009, 5101
5884, -7145, 2008, 2008, 5101
5885, -7145, 2009, 2009, 5101
5885, -7145, 2009, 2009, 5101
5884, -7146, 2008, 2008, 5101
5884, -7146, 2008, 2008, 5101
5883, -7146, 2007, 2007, 5101
5883, -7146, 2007, 2007, 5101
5884, -7146, 2007, 2007, 5101
5884, -7146, 2007, 2007, 5101
5884, -7146, 2007, 2007, 5101
5883, -7146, 2007, 2007, 5101
5883, -7146, 2007, 2007, 5101
5882, -7147, 2006, 2006, 5109
5882, -7147, 2006, 2006, 5109
5883, -7148, 2006, 2006, 5109
5882, -7146, 2006, 2006, 5109
5882, -7146, 2006, 2006, 5109
5882, -7147, 2006, 2006, 5109
5882, -7146, 2006, 2006, 5109
5882, -7146, 2006, 2006, 5109
5882, -7146, 2005, 2005, 5109
5882, -7146, 2006, 2006, 5109
5881, -7147, 2005, 2005, 5109
5881, -7148, 2005, 2005, 5109
5881, -7148, 2004, 2004, 5109
5880, -7148, 2004, 2004, 5109
5881, -7147, 2004, 2004, 5109
5880, -7149, 2004, 2004, 5109
5880, -7148, 2004, 2004, 5109
5880, -7148, 2004, 2004, 5109
5880, -7149, 2004, 2004, 5109
5880, -7149, 2004, 2004, 5109
5880, -7149, 2004, 2004, 5109
5880, -7148, 2003, 2003, 5109
5880, -7150, 2004, 2004, 5105
5880, -7150, 2004, 2004, 5105
5880, -7150, 2004, 2004, 5105
5879, -7149, 2003, 2003, 5105
5880, -7149, 2003, 2003, 5105
5880, -7149, 2003, 2003, 5105
5880, -7150, 2003, 2003, 5105
5878, -7150, 2003, 2003, 5105
5878, -7150, 2002, 2002, 5105
5878, -7150, 2002, 2002, 5105
5878, -7150, 2002, 2002, 5105
5879, -7149, 2002, 2002, 5105
5879, -7151, 2002, 2002, 5105
5878, -7151, 2002, 2002, 5105
5878, -7151, 2002, 2002, 5105
5878, -7150, 2002, 2002, 5105
5878, -7150, 2002, 2002, 5105
5878, -7151, 2002, 2002, 5105
5878, -7151, 2002, 2002, 5105
5877, -7151, 2001, 2001, 5105
5878, -7150, 2002, 2002, 5105
5878, -7152, 2001, 2001, 5105
5878, -7151, 2002, 2002, 5105
5878, -7151, 2002, 2002, 5105
5877, -7153, 2001, 2001, 5099
5878, -7152, 2001, 2001, 5099
5878, -7152, 2001, 2001, 5099
5878, -7152, 2001, 2001, 5099
5878, -7152, 2001, 2001, 5099
5877, -7152, 2001, 2001, 5099
5877, -7153, 2000, 2000, 5099
5877, -7152, 2001, 2001, 5099
5877, -7152, 2001, 2001, 5099
5876, -7153, 2000, 2000, 5099
5877, -7154, 2000, 2000, 5099
5876, -7153, 1999, 1999, 5099
5876, -7153, 1999, 1999, 5099
5876, -7152, 2000, 2000, 5099
5876, -7153, 2000, 2000, 5099
5876, -7153, 2000, 2000, 5099
5876, -7154, 1999, 1999, 5099
5876, -7154, 1999, 1999, 5099
5875, -7154, 1999, 1999, 5099
5875, -7154, 1999, 1999, 5099
5875, -7154, 1999, 1999, 5099
5876, -7154, 1999, 1999, 5099
5875, -7154, 1999, 1999, 5099
5876, -7154, 1999, 1999, 5099
5875, -7155, 1999, 1999, 5099
5874, -7154, 1998, 1998, 5103
5875, -7154, 1998, 1998, 5103
5875, -7155, 1998, 1998, 5103
5875, -7153, 1999, 1999, 5103
5874, -7154, 1998, 1998, 5103
5874, -7155, 1998, 1998, 5103
5874, -7155, 1998, 1998, 5103
5874, -7155, 1998, 1998, 5103
5874, -7155, 1998, 1998, 5103
5874, -7155, 1998, 1998, 5103
5874, -7155, 1998, 1998, 5103
5874, -7155, 1997, 1997, 5103
5873, -7156, 1998, 1998, 5103
5873, -7155, 1997, 1997, 5103
5874, -7156, 1997, 1997, 5103
5874, -7155, 1997, 1997, 5103
5874, -7155, 1997, 1997, 5103
5874, -7155, 1998, 1998, 5103
5874, -7156, 1997, 1997, 5103
5873, -7156, 1997, 1997, 5103
5873, -7157, 1997, 1997, 5103
5874, -7156, 1997, 1997, 5103
5873, -7157, 1997, 1997, 5103
5874, -7157, 1997, 1997, 5103
5873, -7157, 1997, 1997, 5103
5773, -7186, 1891, 1891, 5103
5688, -7183, 1816, 1816, 5093
5688, -7183, 1816, 1816, 5093
5693, -7182, 1819, 1819, 5093
5693, -7182, 1819, 1819, 5093
5700, -7182, 1821, 1821, 5093
5700, -7182, 1821, 1821, 5093
5699, -7182, 1821, 1821, 5093
5701, -7182, 1822, 1822, 5093
5701, -7182, 1822, 1822, 5093
5698, -7182, 1821, 1821, 5093
5700, -7182, 1822, 1822, 5093
5700, -7182, 1822, 1822, 5093
5699, -7183, 1822, 1822, 5093
5699, -7183, 1822, 1822, 5093
5699, -7183, 1822, 1822, 5093
5694, -7183, 1822, 1822, 5093
5695, -7183, 1822, 1822, 5093
5695, -7182, 1822, 1822, 5093
5695, -7182, 1822, 1822, 5093
5699, -7183, 1822, 1822, 5093
5699, -7184, 1822, 1822, 5093
5702, -7182, 1822, 1822, 5093
5703, -7182, 1823, 1823, 5093
5702, -7182, 1822, 1822, 5093
5702, -7182, 1822, 1822, 5093
5701, -7183, 1822, 1822, 5093
5697, -7184, 1822, 1822, 5093
5696, -7183, 1823, 1823, 5093
5694, -7184, 1822, 1822, 5093
5698, -7184, 1822, 1822, 5093
5698, -7183, 1822, 1822, 5093
5694, -7184, 1822, 1822, 5093
5700, -7184, 1822, 1822, 5093
5701, -7184, 1822, 1822, 5093
5701, -7184, 1822, 1822, 5093
5701, -7184, 1821, 1821, 5093
5694, -7185, 1822, 1822, 5093
5694, -7185, 1822, 1822, 5093
5696, -7185, 1821, 1821, 5093
5695, -7185, 1821, 1821, 5093
5695, -7185, 1821, 1821, 5093
5696, -7185, 1821, 1821, 5093
5698, -7185, 1821, 1821, 5093
5694, -7186, 1821, 1821, 5093
5694, -7185, 1821, 1821, 5093
5693, -7186, 1821, 1821, 5093
5694, -7186, 1821, 1821, 5093
5694, -7186, 1821, 1821, 5093
5698, -7186, 1821, 1821, 5093
5698, -7186, 1821, 1821, 5093
5701, -7185, 1821, 1821, 5093
5699, -7186, 1821, 1821, 5091
5699, -7186, 1821, 1821, 5091
5698, -7186, 1821, 1821, 5091
5698, -7187, 1820, 1820, 5091
5692, -7188, 1820, 1820, 5091
5696, -7187, 1820, 1820, 5091
5696, -7187, 1820, 1820, 5091
5696, -7187, 1819, 1819, 5091
5698, -7187, 1820, 1820, 5091
5698, -7187, 1820, 1820, 5091
5699, -7186, 1820, 1820, 5091
5697, -7188, 1819, 1819, 5091
5697, -7188, 1819, 1819, 5091
5699, -7188, 1820, 1820, 5091
5699, -7188, 1820, 1820, 5091
5699, -7188, 1820, 1820, 5091
5700, -7187, 1820, 1820, 5091
5698, -7187, 1819, 1819, 5091
5698, -7187, 1819, 1819, 5091
5698, -7188, 1820, 1820, 5091
5693, -7188, 1820, 1820, 5091
5692, -7188, 1819, 1819, 5091
5694, -7188, 1819, 1819, 5091
5694, -7189, 1819, 1819, 5091
5698, -7188, 1819, 1819, 5091
5699, -7188, 1819, 1819, 5091
5698, -7188, 1819, 1819, 5101
5699, -7188, 1820, 1820, 5101
5697, -7189, 1818, 1818, 5101
5692, -7189, 1818, 1818, 5101
5692, -7189, 1818, 1818, 5101
5693, -7190, 1819, 1819, 5101
5691, -7190, 1819, 1819, 5101
5691, -7190, 1819, 1819, 5101
5694, -7189, 1818, 1818, 5101
5694, -7189, 1818, 1818, 5101
5695, -7190, 1819, 1819, 5101
5692, -7190, 1819, 1819, 5101
5693, -7191, 1819, 1819, 5101
5692, -7190, 1818, 1818, 5101
5697, -7190, 1818, 1818, 5101
5696, -7191, 1818, 1818, 5101
5698, -7190, 1818, 1819, 5101
5697, -7190, 1818, 1818, 5101
5697, -7189, 1819, 1819, 5101
5690, -7190, 1818, 1818, 5101
5691, -7191, 1818, 1818, 5101
5692, -7192, 1818, 1818, 5101
5691, -7191, 1818, 1818, 5101
5693, -7191, 1818, 1818, 5101
5693, -7192, 1818, 1818, 5101
5693, -7192, 1818, 1818, 5101
5696, -7191, 1818, 1818, 5091
5696, -7191, 1817, 1817, 5091
5697, -7192, 1817, 1817, 5091
5697, -7192, 1817, 1817, 5091
5697, -7192, 1817, 1817, 5091
5695, -7191, 1817, 1817, 5091
5694, -7191, 1817, 1817, 5091
5697, -7192, 1817, 1817, 5091
5710, -7192, 1817, 1817, 5091
5710, -7192, 1817, 1817, 5091
5886, -7164, 1865, 1865, 5091
5874, -7167, 2000, 2000, 5091
5872, -7168, 1996, 1996, 5091
5870, -7167, 1994, 1994, 5091
5868, -7168, 1992, 1992, 5091
5868, -7168, 1992, 1992, 5091
5868, -7167, 1992, 1992, 5091
5867, -7169, 1991, 1991, 5091
5867, -7168, 1990, 1990, 5091
5867, -7169, 1990, 1990, 5091
5866, -7170, 1989, 1989, 5091
5866, -7170, 1989, 1989, 5091
5866, -7169, 1990, 1990, 5091
5865, -7169, 1989, 1989, 5091
5866, -7169, 1989, 1989, 5095
5866, -7169, 1989, 1989, 5095
5864, -7170, 1989, 1989, 5095
5865, -7170, 1989, 1989, 5095
5865, -7170, 1988, 1988, 5095
5865, -7169, 1988, 1988, 5095
5864, -7170, 1988, 1988, 5095
5864, -7171, 1987, 1987, 5095
5864, -7171, 1987, 1987, 5095
5863, -7170, 1987, 1987, 5095
5864, -7171, 1987, 1987, 5095
5864, -7170, 1987, 1987, 5095
5863, -7171, 1987, 1987, 5095
5863, -7170, 1987, 1987, 5095
5864, -7171, 1987, 1987, 5095
5864, -7171, 1987, 1987, 5095
5861, -7171, 1985, 1985, 5095
5863, -7171, 1986, 1986, 5095
5863, -7171, 1986, 1986, 5095
5862, -7170, 1986, 1986, 5095
5863, -7171, 1986, 1986, 5095
5862, -7173, 1986, 1986, 5095
5862, -7172, 1986, 1986, 5095
5861, -7172, 1985, 1985, 5095
5861, -7172, 1985, 1985, 5095
5861, -7172, 1985, 1985, 5095
5861, -7172, 1985, 1985, 5095
5862, -7172, 1985, 1985, 5101
5862, -7172, 1985, 1985, 5101
5860, -7172, 1984, 1984, 5101
5860, -7172, 1984, 1984, 5101
5861, -7172, 1984, 1984, 5101
5861, -7172, 1984, 1984, 5101
5862, -7173, 1985, 1985, 5101
5862, -7173, 1985, 1985, 5101
5861, -7174, 1984, 1984, 5101
5860, -7173, 1984, 1984, 5101
5860, -7173, 1984, 1984, 5101
5860, -7173, 1984, 1984, 5101
5861, -7174, 1984, 1984, 5101
5861, -7174, 1984, 1984, 5101
5860, -7174, 1983, 1983, 5101
5859, -7173, 1983, 1983, 5101
5859, -7173, 1983, 1983, 5101
5859, -7172, 1983, 1983, 5101
5859, -7172, 1983, 1983, 5101
5860, -7174, 1983, 1983, 5101
5858, -7174, 1982, 1982, 5101
5859, -7174, 1983, 1983, 5101
5859, -7174, 1983, 1983, 5101
5859, -7174, 1982, 1982, 5101
5859, -7174, 1982, 1982, 5101
5858, -7175, 1981, 1981, 5101
5859, -7175, 1982, 1982, 5101
5858, -7175, 1981, 1981, 5097
5858, -7175, 1981, 1981, 5097
5858, -7175, 1982, 1982, 5097
5857, -7176, 1981, 1981, 5097
5857, -7176, 1981, 1981, 5097
5857, -7175, 1981, 1981, 5097
5857, -7176, 1981, 1981, 5097
5857, -7176, 1980, 1980, 5097
5858, -7177, 1981, 1981, 5097
5858, -7177, 1981, 1981, 5097
5857, -7175, 1981, 1981, 5097
5856, -7176, 1980, 1980, 5097
5857, -7176, 1981, 1981, 5097
5857, -7176, 1981, 1981, 5097
5857, -7177, 1980, 1980, 5097
5857, -7177, 1980, 1980, 5097
5856, -7176, 1979, 1979, 5097
5856, -7176, 1979, 1979, 5097
5856, -7177, 1980, 1980, 5097
5857, -7177, 1980, 1980, 5097
5856, -7177, 1980, 1980, 5097
5856, -7177, 1980, 1980, 5097
5856, -7176, 1980, 1980, 5097
5856, -7177, 1980, 1980, 5097
5855, -7178, 1979, 1979, 5097
5855, -7178, 1979, 1979, 5097
5855, -7178, 1979, 1979, 5097
5856, -7178, 1979, 1979, 5097
5856, -7178, 1979, 1979, 5097
5855, -7177, 1978, 1978, 5097
5855, -7179, 1978, 1978, 5097
5855, -7179, 1978, 1978, 5097
5855, -7178, 1979, 1979, 5097
5855, -7178, 1979, 1979, 5097
5855, -7179, 1978, 1978, 5097
5855, -7177, 1978, 1978, 5097
5854, -7179, 1978, 1978, 5097
5854, -7180, 1978, 1978, 5097
5854, -7180, 1978, 1978, 5097
5854, -7180, 1978, 1978, 5097
5854, -7179, 1978, 1978, 5097
5855, -7179, 1978, 1978, 5097
5853, -7180, 1977, 1977, 5097
5853, -7180, 1977, 1977, 5097
5854, -7180, 1977, 1977, 5097
5854, -7179, 1977, 1977, 5097
5854, -7180, 1978, 1978, 5097
5854, -7180, 1978, 1978, 5097
5853, -7181, 1976, 1976, 5097
5854, -7180, 1977, 1977, 5097
5853, -7180, 1977, 1977, 5097
5853, -7181, 1977, 1977, 5097
5853, -7181, 1977, 1977, 5097
5854, -7180, 1977, 1977, 5097
5853, -7180, 1977, 1977, 5097
5852, -7180, 1976, 1976, 5097
5852, -7180, 1976, 1976, 5097
5853, -7181, 1976, 1976, 5097
5853, -7181, 1977, 1977, 5097
5852, -7181, 1976, 1976, 5097
5852, -7181, 1976, 1976, 5097
5851, -7181, 1975, 1975, 5097
5852, -7182, 1976, 1976, 5097
5852, -7217, 1975, 1975, 5097
5676, -7208, 1797, 1797, 5097
5679, -7208, 1799, 1799, 5097
5680, -7207, 1799, 1799, 5097
5680, -7207, 1800, 1800, 5097
5679, -7207, 1800, 1800, 5097
5679, -7207, 1800, 1800, 5097
5678, -7207, 1801, 1801, 5097
5680, -7207, 1800, 1800, 5097
5681, -7207, 1800, 1800, 5097
5680, -7207, 1801, 1801, 5097
5681, -7207, 1800, 1800, 5097
5678, -7209, 1801, 1801, 5097
5679, -7208, 1802, 1802, 5103
5679, -7208, 1801, 1801, 5103
5674, -7209, 1801, 1801, 5103
5678, -7208, 1801, 1801, 5103
5673, -7210, 1801, 1801, 5103
5675, -7210, 1801, 1801, 5103
5675, -7210, 1801, 1801, 5103
5679, -7209, 1801, 1801, 5103
5674, -7209, 1801, 1801, 5103
5674, -7209, 1801, 1801, 5103
5674, -7211, 1801, 1801, 5103
5679, -7209, 1800, 1800, 5103
5678, -7210, 1800, 1800, 5103
5679, -7209, 1800, 1800, 5103
5679, -7209, 1800, 1800, 5103
5675, -7210, 1801, 1801, 5103
5681, -7209, 1801, 1801, 5103
5681, -7209, 1801, 1801, 5103
5677, -7209, 1800, 1800, 5103
5672, -7211, 1800, 1800, 5103
5672, -7211, 1800, 1800, 5103
5673, -7210, 1801, 1801, 5103
5671, -7211, 1800, 1800, 5103
5673, -7211, 1799, 1799, 5099
5679, -7211, 1800, 1800, 5099
5680, -7212, 1800, 1800, 5099
5678, -7211, 1799, 1799, 5099
5680, -7212, 1799, 1799, 5099
5676, -7211, 1800, 1800, 5099
5676, -7211, 1800, 1800, 5099
5674, -7211, 1799, 1799, 5099
5671, -7213, 1799, 1799, 5099
5678, -7212, 1799, 1799, 5099
5673, -7212, 1799, 1799, 5099
5672, -7213, 1798, 1798, 5099
5672, -7213, 1798, 1798, 5099
5673, -7213, 1799, 1799, 5099
5679, -7212, 1799, 1799, 5099
5679, -7212, 1799, 1799, 5099
5679, -7213, 1799, 1799, 5099
5676, -7211, 1799, 1799, 5099
5676, -7211, 1799, 1799, 5099
5676, -7212, 1798, 1798, 5099
5678, -7213, 1797, 1797, 5099
5678, -7213, 1797, 1797, 5099
5676, -7213, 1798, 1798, 5099
5672, -7214, 1798, 1798, 5095
5672, -7214, 1798, 1798, 5095
5672, -7214, 1798, 1798, 5095
5672, -7213, 1798, 1798, 5095
5672, -7215, 1798, 1798, 5095
5676, -7213, 1797, 1797, 5095
5679, -7213, 1798, 1798, 5095
5674, -7214, 1798, 1798, 5095
5674, -7214, 1798, 1798, 5095
5670, -7215, 1797, 1797, 5095
5671, -7215, 1797, 1797, 5095
5670, -7215, 1797, 1797, 5095
5673, -7214, 1797, 1797, 5095
5674, -7216, 1797, 1797, 5095
5674, -7216, 1797, 1797, 5095
5676, -7215, 1797, 1797, 5095
5670, -7215, 1797, 1797, 5095
5670, -7215, 1797, 1797, 5095
5670, -7215, 1797, 1797, 5095
5669, -7217, 1796, 1796, 5095
5669, -7217, 1796, 1796, 5095
5670, -7216, 1797, 1797, 5095
5676, -7216, 1797, 1797, 5095
5675, -7215, 1796, 1796, 5095
5675, -7215, 1796, 1796, 5095
5670, -7215, 1796, 1796, 5095
5672, -7216, 1797, 1797, 5095
5672, -7216, 1796, 1796, 5095
5672, -7216, 1796, 1796, 5095
5671, -7217, 1797, 1797, 5095
5669, -7218, 1796, 1796, 5095
5669, -7218, 1796, 1796, 5095
5675, -7217, 1796, 1796, 5095
5674, -7217, 1796, 1796, 5095
5674, -7217, 1796, 1796, 5095
5672, -7217, 1795, 1795, 5095
5672, -7217, 1795, 1795, 5095
5672, -7217, 1795, 1795, 5095
5667, -7218, 1794, 1794, 5095
5668, -7218, 1794, 1794, 5095
5668, -7218, 1794, 1794, 5095
5670, -7219, 1794, 1794, 5095
5670, -7217, 1795, 1795, 5095
5687, -7219, 1798, 1798, 5095
5857, -7192, 1887, 1887, 5095
5849, -7194, 1973, 1973, 5095
5849, -7194, 1973, 1973, 5095
5846, -7194, 1971, 1971, 5101
5846, -7194, 1969, 1969, 5101
5846, -7194, 1969, 1969, 5101
5846, -7194, 1969, 1969, 5101
5844, -7194, 1968, 1968, 5101
5844, -7195, 1967, 1967, 5101
5844, -7195, 1967, 1967, 5101
5843, -7195, 1967, 1967, 5101
5843, -7195, 1967, 1967, 5101
5843, -7195, 1966, 1966, 5101
5843, -7195, 1967, 1967, 5101
5843, -7195, 1966, 1966, 5101
5842, -7196, 1966, 1966, 5101
5842, -7196, 1966, 1966, 5101
5842, -7196, 1965, 1965, 5101
5842, -7196, 1965, 1965, 5101
5841, -7197, 1965, 1965, 5101
5841, -7196, 1965, 1965, 5101
5841, -7196, 1965, 1965, 5101
5840, -7197, 1964, 1964, 5101
5840, -7197, 1964, 1964, 5101
5840, -7197, 1964, 1964, 5101
5840, -7196, 1964, 1964, 5101
5840, -7196, 1964, 1964, 5101
5840, -7198, 1964, 1964, 5101
5840, -7197, 1963, 1963, 5097
5840, -7198, 1963, 1963, 5097
5840, -7198, 1963, 1963, 5097
5840, -7198, 1963, 1963, 5097
5839, -7199, 1962, 1962, 5097
5839, -7199, 1962, 1962, 5097
5839, -7198, 1963, 1963, 5097
5839, -7198, 1962, 1962, 5097
5839, -7199, 1962, 1962, 5097
5838, -7199, 1962, 1962, 5097
5839, -7199, 1962, 1962, 5097
5839, -7199, 1962, 1962, 5097
5838, -7200, 1962, 1962, 5097
5837, -7198, 1961, 1961, 5097
5837, -7198, 1961, 1961, 5097
5837, -7199, 1961, 1961, 5097
5837, -7199, 1961, 1961, 5097
5837, -7200, 1961, 1961, 5097
5837, -7200, 1961, 1961, 5097
5837, -7199, 1960, 1960, 5097
5837, -7201, 1961, 1961, 5097
5837, -7200, 1960, 1960, 5097
5837, -7200, 1960, 1960, 5097
5836, -7200, 1960, 1960, 5097
5837, -7201, 1960, 1960, 5097
5836, -7201, 1960, 1960, 5091
5836, -7201, 1960, 1960, 5091
5836, -7201, 1960, 1960, 5091
5835, -7202, 1959, 1959, 5091
5836, -7201, 1959, 1959, 5091
5836, -7201, 1959, 1959, 5091
5836, -7201, 1959, 1959, 5091
5836, -7202, 1959, 1959, 5091
5835, -7201, 1959, 1959, 5091
5835, -7201, 1959, 1959, 5091
5835, -7202, 1959, 1959, 5091
5835, -7202, 1958, 1958, 5091
5835, -7202, 1959, 1959, 5091
5836, -7202, 1959, 1959, 5091
5835, -7202, 1958, 1958, 5091
5835, -7203, 1958, 1958, 5091
5833, -7203, 1957, 1957, 5091
5834, -7203, 1957, 1957, 5091
5834, -7203, 1957, 1957, 5091
5833, -7203, 1957, 1957, 5091
5833, -7204, 1957, 1957, 5091
5833, -7203, 1957, 1957, 5091
5834, -7204, 1956, 1956, 5095
5833, -7205, 1957, 1957, 5095
5833, -7204, 1956, 1956, 5095
5833, -7204, 1956, 1956, 5095
5832, -7204, 1956, 1956, 5095
5832, -7204, 1956, 1956, 5095
5833, -7204, 1956, 1956, 5095
5832, -7204, 1956, 1956, 5095
5832, -7205, 1956, 1956, 5095
5832, -7205, 1955, 1955, 5095
5832, -7205, 1956, 1956, 5095
5832, -7205, 1956, 1956, 5095
5831, -7205, 1955, 1955, 5095
5831, -7205, 1955, 1955, 5095
5832, -7205, 1955, 1955, 5095
5831, -7206, 1955, 1955, 5095
5831, -7206, 1955, 1955, 5095
5831, -7206, 1955, 1955, 5095
5831, -7206, 1955, 1955, 5095
5831, -7206, 1955, 1955, 5095
5831, -7206, 1954, 1954, 5095
5830, -7206, 1954, 1954, 5095
5830, -7206, 1954, 1954, 5095
5830, -7206, 1954, 1954, 5095
5830, -7207, 1954, 1954, 5097
5829, -7206, 1953, 1953, 5097
5830, -7207, 1954, 1954, 5097
5830, -7207, 1954, 1954, 5097
5830, -7207, 1953, 1953, 5097
5830, -7207, 1953, 1953, 5097
5829, -7207, 1953, 1953, 5097
5829, -7207, 1953, 1953, 5097
5829, -7207, 1953, 1953, 5097
5828, -7208, 1952, 1952, 5097
5830, -7208, 1953, 1953, 5097
5829, -7208, 1952, 1952, 5097
5829, -7208, 1952, 1952, 5097
5828, -7208, 1952, 1952, 5097
5828, -7208, 1952, 1952, 5097
5828, -7207, 1952, 1952, 5097
5828, -7208, 1952, 1952, 5097
5827, -7208, 1951, 1951, 5097
5827, -7208, 1951, 1951, 5097
5828, -7209, 1951, 1951, 5097
5828, -7209, 1952, 1952, 5097
5828, -7209, 1951, 1951, 5097
5828, -7209, 1951, 1951, 5097
5676, -7236, 1789, 1789, 5097
5647, -7234, 1770, 1770, 5097
5647, -7234, 1770, 1770, 5097
5651, -7234, 1774, 1774, 5097
5647, -7235, 1775, 1775, 5091
5646, -7235, 1775, 1775, 5091
5646, -7236, 1775, 1775, 5091
5651, -7235, 1775, 1775, 5091
5651, -7235, 1775, 1775, 5091
5656, -7235, 1776, 1776, 5091
5655, -7234, 1775, 1775, 5091
5650, -7236, 1776, 1776, 5091
5651, -7236, 1777, 1777, 5091
5649, -7236, 1776, 1776, 5091
5651, -7236, 1777, 1777, 5091
5650, -7238, 1777, 1777, 5091
5650, -7238, 1777, 1777, 5091
5650, -7236, 1777, 1777, 5091
5656, -7236, 1776, 1776, 5091
5656, -7236, 1776, 1776, 5091
5656, -7235, 1776, 1776, 5091
5655, -7236, 1777, 1777, 5091
5650, -7236, 1777, 1777, 5091
5650, -7238, 1777, 1777, 5091
5650, -7237, 1777, 1777, 5091
5650, -7237, 1776, 1776, 5099
5650, -7237, 1776, 1776, 5099
5651, -7238, 1777, 1777, 5099
5655, -7236, 1776, 1776, 5099
5658, -7236, 1777, 1777, 5099
5654, -7237, 1777, 1777, 5099
5654, -7237, 1777, 1777, 5099
5655, -7237, 1776, 1776, 5099
5656, -7237, 1776, 1776, 5099
5653, -7238, 1776, 1776, 5099
5653, -7238, 1776, 1776, 5099
5652, -7238, 1776, 1776, 5099
5649, -7238, 1777, 1777, 5099
5653, -7239, 1776, 1776, 5099
5653, -7239, 1776, 1776, 5099
5653, -7238, 1775, 1775, 5099
5652, -7239, 1776, 1776, 5099
5656, -7238, 1775, 1775, 5099
5656, -7238, 1775, 1775, 5099
5651, -7238, 1776, 1776, 5099
5650, -7239, 1775, 1775, 5099
5650, -7239, 1776, 1776, 5099
5648, -7239, 1775, 1775, 5099
5648, -7240, 1775, 1775, 5099
5648, -7240, 1775, 1775, 5099
5654, -7239, 1775, 1775, 5099
5652, -7239, 1774, 1774, 5091
5652, -7239, 1774, 1774, 5091
5654, -7240, 1775, 1775, 5091
5653, -7240, 1775, 1775, 5091
5653, -7240, 1775, 1775, 5091
5647, -7240, 1774, 1774, 5091
5648, -7240, 1774, 1774, 5091
5648, -7241, 1775, 1775, 5091
5649, -7240, 1774, 1774, 5091
5649, -7240, 1774, 1774, 5091
5654, -7240, 1774, 1774, 5091
5651, -7241, 1774, 1774, 5091
5651, -7241, 1774, 1774, 5091
5651, -7241, 1774, 1774, 5091
5651, -7241, 1774, 1774, 5091
5646, -7242, 1773, 1773, 5091
5647, -7242, 1773, 1773, 5091
5647, -7242, 1773, 1773, 5091
5646, -7243, 1774, 1774, 5091
5650, -7242, 1773, 1773, 5091
5650, -7242, 1773, 1773, 5091
5653, -7241, 1773, 1773, 5091
5652, -7241, 1773, 1773, 5091
5647, -7242, 1773, 1773, 5091
5648, -7242, 1773, 1773, 5091
5648, -7242, 1773, 1773, 5091
5646, -7242, 1773, 1773, 5091
5647, -7243, 1773, 1773, 5091
5652, -7243, 1773, 1773, 5091
5649, -7243, 1772, 1772, 5087
5652, -7242, 1772, 1772, 5087
5651, -7242, 1772, 1772, 5087
5646, -7243, 1772, 1772, 5087
5646, -7242, 1772, 1772, 5087
5645, -7243, 1772, 1772, 5087
5645, -7244, 1772, 1772, 5087
5645, -7245, 1772, 1772, 5087
5652, -7243, 1772, 1772, 5087
5652, -7243, 1772, 1772, 5087
5650, -7243, 1772, 1772, 5087
5652, -7244, 1771, 1771, 5087
5652, -7244, 1771, 1771, 5087
5646, -7245, 1771, 1771, 5087
5646, -7245, 1771, 1771, 5087
5646, -7244, 1771, 1771, 5087
5651, -7244, 1771, 1771, 5087
5646, -7245, 1771, 1771, 5087
5644, -7245, 1771, 1771, 5087
5643, -7246, 1770, 1770, 5087
5649, -7245, 1770, 1770, 5087
5649, -7245, 1770, 1770, 5093
5644, -7246, 1770, 1770, 5093
5644, -7247, 1770, 1770, 5093
5644, -7247, 1770, 1770, 5093
5642, -7246, 1769, 1769, 5093
5642, -7246, 1769, 1769, 5093
5834, -7220, 1868, 1868, 5093
5834, -7220, 1868, 1868, 5093
5826, -7222, 1951, 1951, 5093
5823, -7221, 1947, 1947, 5093
5822, -7222, 1946, 1946, 5093
5820, -7221, 1944, 1944, 5093
5820, -7221, 1944, 1944, 5093
5820, -7223, 1944, 1944, 5093
5819, -7222, 1943, 1943, 5093
5819, -7223, 1942, 1942, 5093
5819, -7223, 1942, 1942, 5093
5818, -7223, 1942, 1942, 5093
5818, -7223, 1942, 1942, 5093
5817, -7225, 1941, 1941, 5093
5818, -7224, 1941, 1941, 5093
5816, -7223, 1940, 1940, 5093
5816, -7223, 1940, 1940, 5093
5816, -7224, 1940, 1940, 5093
5815, -7225, 1940, 1940, 5093
5816, -7225, 1940, 1940, 5093
5816, -7225, 1940, 1940, 5093
5816, -7225, 1939, 1939, 5093
5816, -7225, 1939, 1939, 5093
5816, -7225, 1939, 1939, 5093
5815, -7225, 1939, 1939, 5093
5815, -7225, 1939, 1939, 5093
5815, -7226, 1939, 1939, 5093
5815, -7225, 1939, 1939, 5093
5815, -7227, 1939, 1939, 5093
5815, -7225, 1939, 1939, 5093
5815, -7227, 1939, 1939, 5093
5815, -7227, 1939, 1939, 5093
5814, -7226, 1938, 1938, 5093
5814, -7226, 1938, 1938, 5093
5813, -7226, 1937, 1937, 5093
5814, -7226, 1937, 1937, 5093
5813, -7227, 1937, 1937, 5093
5813, -7227, 1937, 1937, 5093
5813, -7227, 1937, 1937, 5093
5814, -7227, 1937, 1937, 5093
5813, -7228, 1936, 1936, 5093
5813, -7228, 1936, 1936, 5093
5814, -7228, 1937, 1937, 5093
5813, -7226, 1937, 1937, 5095
5812, -7228, 1936, 1936, 5095
5812, -7228, 1936, 1936, 5095
5812, -7228, 1936, 1936, 5095
5812, -7227, 1936, 1936, 5095
5811, -7228, 1936, 1936, 5095
5811, -7228, 1935, 1935, 5095
5811, -7228, 1935, 1935, 5095
5811, -7229, 1935, 1935, 5095
5811, -7228, 1935, 1935, 5095
5811, -7228, 1935, 1935, 5095
5811, -7229, 1935, 1935, 5095
5811, -7229, 1935, 1935, 5095
5811, -7229, 1935, 1935, 5095
5810, -7230, 1934, 1934, 5095
5810, -7230, 1934, 1934, 5095
5810, -7229, 1934, 1934, 5095
5810, -7229, 1934, 1934, 5095
5809, -7230, 1933, 1933, 5095
5809, -7230, 1933, 1933, 5095
5809, -7230, 1933, 1933, 5095
5809, -7229, 1933, 1933, 5095
5810, -7230, 1933, 1933, 5095
5809, -7231, 1933, 1933, 5095
5809, -7232, 1933, 1933, 5097
5809, -7232, 1933, 1933, 5097
5809, -7230, 1933, 1933, 5097
5809, -7231, 1933, 1933, 5097
5809, -7231, 1933, 1933, 5097
5808, -7232, 1932, 1932, 5097
5809, -7232, 1932, 1932, 5097
5809, -7232, 1932, 1932, 5097
5808, -7231, 1932, 1932, 5097
5808, -7232, 1931, 1931, 5097
5808, -7232, 1931, 1931, 5097
5807, -7232, 1931, 1931, 5097
5808, -7232, 1931, 1931, 5097
5807, -7232, 1931, 1931, 5097
5807, -7232, 1931, 1931, 5097
5808, -7233, 1931, 1931, 5097
5808, -7233, 1931, 1931, 5097
5808, -7233, 1931, 1931, 5097
5808, -7233, 1932, 1932, 5097
5807, -7233, 1931, 1931, 5097
5808, -7233, 1930, 1930, 5097
5806, -7232, 1930, 1930, 5097
5806, -7232, 1930, 1930, 5097
5806, -7233, 1930, 1930, 5097
5807, -7234, 1930, 1930, 5097
5807, -7233, 1930, 1930, 5097
5807, -7233, 1930, 1930, 5097
5805, -7234, 1929, 1929, 5097
5806, -7235, 1930, 1930, 5097
5806, -7234, 1929, 1929, 5097
5806, -7235, 1930, 1930, 5097
5806, -7235, 1930, 1930, 5097
5806, -7234, 1930, 1930, 5097
5806, -7234, 1929, 1929, 5097
5805, -7234, 1929, 1929, 5097
5805, -7235, 1929, 1929, 5097
5805, -7235, 1928, 1928, 5097
5805, -7235, 1929, 1929, 5097
5805, -7235, 1928, 1928, 5097
5805, -7235, 1928, 1928, 5097
5805, -7235, 1928, 1928, 5097
5805, -7235, 1929, 1929, 5097
5804, -7235, 1928, 1928, 5097
5805, -7236, 1928, 1928, 5097
5805, -7236, 1928, 1928, 5097
5804, -7236, 1927, 1927, 5097
5804, -7236, 1927, 1927, 5097
5804, -7236, 1927, 1927, 5097
5804, -7236, 1927, 1927, 5097
5804, -7237, 1927, 1927, 5097
5803, -7237, 1927, 1927, 5097
5803, -7237, 1927, 1927, 5097
5802, -7237, 1926, 1926, 5097
5802, -7237, 1926, 1926, 5099
5802, -7237, 1926, 1926, 5099
5803, -7237, 1926, 1926, 5099
5802, -7238, 1926, 1926, 5099
5802, -7238, 1925, 1925, 5099
5801, -7238, 1925, 1925, 5099
5801, -7238, 1925, 1925, 5099
5802, -7238, 1925, 1925, 5099
5802, -7239, 1925, 1925, 5099
5802, -7238, 1926, 1926, 5099
5801, -7239, 1925, 1925, 5099
5801, -7239, 1925, 1925, 5099
5801, -7238, 1925, 1925, 5099
5801, -7239, 1925, 1925, 5099
5801, -7240, 1925, 1925, 5099
5800, -7239, 1924, 1924, 5099
5800, -7240, 1924, 1924, 5099
5800, -7239, 1923, 1923, 5099
5800, -7239, 1923, 1923, 5099
5800, -7239, 1923, 1923, 5099
5800, -7239, 1924, 1924, 5099
5799, -7239, 1923, 1923, 5099
5799, -7240, 1923, 1923, 5099
5800, -7240, 1923, 1923, 5101
5799, -7241, 1923, 1923, 5101
5799, -7241, 1923, 1923, 5101
5799, -7240, 1923, 1923, 5101
5799, -7240, 1923, 1923, 5101
5798, -7241, 1922, 1922, 5101
5798, -7241, 1922, 1922, 5101
5798, -7242, 1922, 1922, 5101
5798, -7242, 1922, 1922, 5101
5799, -7241, 1922, 1922, 5101
5798, -7241, 1922, 1922, 5101
5799, -7241, 1921, 1921, 5101
5799, -7241, 1921, 1921, 5101
5797, -7242, 1922, 1922, 5101
5798, -7242, 1921, 1921, 5101
5798, -7241, 1922, 1922, 5101
5798, -7243, 1921, 1921, 5101
5798, -7243, 1921, 1921, 5101
5798, -7243, 1921, 1921, 5101
5797, -7243, 1921, 1921, 5101
5797, -7243, 1920, 1920, 5101
5797, -7243, 1920, 1920, 5095
5797, -7243, 1920, 1920, 5095
5796, -7244, 1920, 1920, 5095
5796, -7244, 1920, 1920, 5095
5796, -7244, 1920, 1920, 5095
5797, -7243, 1919, 1919, 5095
5797, -7243, 1919, 1919, 5095
5796, -7244, 1920, 1920, 5095
5796, -7244, 1919, 1919, 5095
5796, -7244, 1919, 1919, 5095
5795, -7244, 1919, 1919, 5095
5795, -7244, 1919, 1919, 5095
5796, -7245, 1919, 1919, 5095
5795, -7244, 1919, 1919, 5095
5795, -7244, 1919, 1919, 5095
5795, -7245, 1919, 1919, 5095
5795, -7245, 1918, 1918, 5095
5794, -7244, 1918, 1918, 5095
5795, -7245, 1918, 1918, 5095
5795, -7245, 1918, 1918, 5095
5795, -7245, 1918, 1918, 5095
5794, -7245, 1918, 1918, 5095
5795, -7245, 1918, 1918, 5095
5793, -7246, 1917, 1917, 5095
5794, -7246, 1917, 1917, 5095
5794, -7246, 1917, 1917, 5095
5795, -7246, 1918, 1918, 5095
5794, -7247, 1918, 1918, 5091
5794, -7247, 1918, 1918, 5091
5794, -7247, 1917, 1917, 5091
5794, -7247, 1917, 1917, 5091
5794, -7247, 1917, 1917, 5091
5792, -7246, 1917, 1917, 5091
5793, -7247, 1917, 1917, 5091
5793, -7247, 1917, 1917, 5091
5793, -7247, 1916, 1916, 5091
5793, -7248, 1917, 1917, 5091
5792, -7247, 1916, 1916, 5091
5793, -7249, 1916, 1916, 5091
5793, -7249, 1916, 1916, 5091
5793, -7249, 1917, 1917, 5091
5792, -7248, 1916, 1916, 5091
5792, -7250, 1916, 1916, 5091
5792, -7250, 1916, 1916, 5091
5792, -7250, 1915, 1915, 5091
5791, -7248, 1916, 1916, 5091
5791, -7249, 1914, 1914, 5091
5790, -7250, 1914, 1914, 5091
5792, -7249, 1915, 1915, 5091
5791, -7250, 1914, 1914, 5091
5791, -7250, 1914, 1914, 5091
5791, -7251, 1915, 1915, 5095
5791, -7251, 1915, 1915, 5095
5790, -7250, 1914, 1914, 5095
5789, -7251, 1914, 1914, 5095
5789, -7251, 1914, 1914, 5095
5790, -7251, 1914, 1914, 5095
5790, -7251, 1914, 1914, 5095
5790, -7251, 1913, 1913, 5095
5790, -7252, 1913, 1913, 5095
5790, -7252, 1913, 1913, 5095
5790, -7250, 1913, 1913, 5095
5789, -7251, 1913, 1913, 5095
5789, -7251, 1913, 1913, 5095
5790, -7252, 1913, 1913, 5095
5790, -7252, 1913, 1913, 5095
5789, -7252, 1913, 1913, 5095
5789, -7252, 1913, 1913, 5095
5788, -7252, 1913, 1913, 5095
5789, -7252, 1913, 1913, 5095
5789, -7252, 1912, 1912, 5095
5789, -7252, 1913, 1913, 5095
5789, -7252, 1913, 1913, 5095
5789, -7253, 1913, 1913, 5095
5788, -7252, 1912, 1912, 5095
5788, -7253, 1912, 1912, 5095
5789, -7252, 1912, 1912, 5095
5788, -7253, 1911, 1911, 5095
5788, -7253, 1912, 1912, 5095
5788, -7253, 1911, 1911, 5095
5788, -7253, 1911, 1911, 5095
5788, -7254, 1911, 1911, 5095
5788, -7253, 1911, 1911, 5095
5788, -7253, 1912, 1912, 5095
5787, -7254, 1911, 1911, 5095
5787, -7254, 1911, 1911, 5095
5787, -7253, 1910, 1910, 5095
5786, -7254, 1911, 1911, 5095
5786, -7255, 1910, 1910, 5095
5787, -7255, 1910, 1910, 5095
5786, -7255, 1910, 1910, 5095
5786, -7255, 1910, 1910, 5095
5786, -7256, 1909, 1909, 5095
5786, -7256, 1909, 1909, 5095
5785, -7256, 1909, 1909, 5095
5785, -7256, 1909, 1909, 5095
5785, -7256, 1909, 1909, 5095
5785, -7257, 1909, 1909, 5095
5785, -7257, 1909, 1909, 5095
5785, -7257, 1909, 1909, 5095
5784, -7256, 1908, 1908, 5095
5784, -7256, 1908, 1908, 5095
5783, -7257, 1908, 1908, 5095
5784, -7257, 1908, 1908, 5095
5785, -7257, 1908, 1908, 5095
5784, -7257, 1907, 1907, 5095
5784, -7257, 1907, 1907, 5095
5784, -7258, 1907, 1907, 5095
5784, -7258, 1907, 1907, 5095
5783, -7257, 1907, 1907, 5095
5783, -7258, 1907, 1907, 5095
5783, -7259, 1907, 1907, 5095
5783, -7259, 1907, 1907, 5095
5783, -7259, 1907, 1907, 5095
5783, -7259, 1907, 1907, 5095
5783, -7258, 1907, 1907, 5095
5783, -7259, 1907, 1907, 5095
5783, -7259, 1907, 1907, 5095
5783, -7259, 1906, 1906, 5095
5783, -7259, 1906, 1906, 5095
5782, -7259, 1906, 1906, 5095
5782, -7260, 1906, 1906, 5095
5782, -7260, 1906, 1906, 5095
5782, -7259, 1905, 1905, 5095
5782, -7259, 1905, 1905, 5095
5782, -7260, 1905, 1905, 5095
5782, -7260, 1905, 1905, 5095
5781, -7261, 1905, 1905, 5093
5781, -7261, 1905, 1905, 5093
5781, -7261, 1904, 1904, 5093
5781, -7260, 1905, 1905, 5093
5780, -7260, 1904, 1904, 5093
5780, -7260, 1904, 1904, 5093
5781, -7261, 1905, 1905, 5093
5781, -7261, 1905, 1905, 5093
5781, -7261, 1905, 1905, 5093
5780, -7261, 1904, 1904, 5093
5779, -7262, 1904, 1904, 5093
5781, -7261, 1904, 1904, 5093
5781, -7261, 1904, 1904, 5093
5779, -7262, 1903, 1903, 5093
5779, -7262, 1903, 1903, 5093
5780, -7262, 1904, 1904, 5093
5779, -7262, 1903, 1903, 5093
5779, -7262, 1903, 1903, 5093
5779, -7262, 1903, 1903, 5093
5779, -7263, 1903, 1903, 5093
5779, -7263, 1903, 1903, 5093
5779, -7264, 1903, 1903, 5093
5779, -7263, 1902, 1902, 5093
5779, -7263, 1902, 1902, 5093
5779, -7264, 1902, 1902, 5093
5778, -7263, 1902, 1902, 5093
5778, -7263, 1902, 1902, 5095
5778, -7263, 1902, 1902, 5095
5777, -7263, 1901, 1901, 5095
5777, -7263, 1901, 1901, 5095
5777, -7263, 1901, 1901, 5095
5778, -7264, 1901, 1901, 5095
5778, -7264, 1901, 1901, 5095
5778, -7264, 1901, 1901, 5095
5778, -7264, 1901, 1901, 5095
5778, -7264, 1901, 1901, 5095
5778, -7264, 1901, 1901, 5095
5776, -7265, 1900, 1900, 5095
5776, -7265, 1900, 1900, 5095
5776, -7266, 1900, 1900, 5095
5776, -7266, 1900, 1900, 5095
5777, -7265, 1900, 1900, 5095
5776, -7266, 1900, 1900, 5095
5776, -7267, 1899, 1899, 5095
5776, -7267, 1899, 1899, 5095
5776, -7266, 1899, 1899, 5095
5776, -7266, 1899, 1899, 5095
5775, -7267, 1899, 1899, 5095
5775, -7266, 1899, 1899, 5095
5775, -7266, 1898, 1898, 5095
5776, -7267, 1898, 1898, 5089
5776, -7267, 1898, 1898, 5089
5775, -7267, 1898, 1898, 5089
5773, -7267, 1898, 1898, 5089
5775, -7268, 1898, 1898, 5089
5775, -7268, 1898, 1898, 5089
5774, -7267, 1898, 1898, 5089
5774, -7267, 1898, 1898, 5089
5774, -7268, 1898, 1898, 5089
5774, -7269, 1897, 1897, 5089
5774, -7268, 1898, 1898, 5089
5774, -7268, 1898, 1898, 5089
5773, -7268, 1897, 1897, 5089
5773, -7268, 1897, 1897, 5089
5773, -7268, 1896, 1896, 5089
5773, -7268, 1896, 1896, 5089
5773, -7268, 1897, 1897, 5089
5773, -7268, 1897, 1897, 5089
5773, -7268, 1897, 1897, 5089
5773, -7269, 1897, 1897, 5089
5773, -7269, 1897, 1897, 5089
5773, -7269, 1896, 1896, 5089
5773, -7268, 1896, 1896, 5089
5772, -7270, 1896, 1896, 5089
5772, -7271, 1895, 1895, 5089
5772, -7271, 1895, 1895, 5089
5773, -7271, 1895, 1895, 5093
5772, -7270, 1895, 1895, 5093
5771, -7270, 1895, 1895, 5093
5771, -7271, 1895, 1895, 5093
5772, -7270, 1895, 1895, 5093
5770, -7272, 1895, 1895, 5093
5770, -7272, 1894, 1894, 5093
5770, -7272, 1894, 1894, 5093
5770, -7272, 1894, 1894, 5093
5770, -7272, 1894, 1894, 5093
5771, -7272, 1894, 1894, 5093
5771, -7272, 1894, 1894, 5093
5770, -7272, 1894, 1894, 5093
5770, -7272, 1893, 1893, 5093
5770, -7273, 1893, 1893, 5093
5770, -7272, 1894, 1894, 5093
5770, -7272, 1894, 1894, 5093
5770, -7272, 1893, 1893, 5093
5769, -7274, 1893, 1893, 5093
5770, -7273, 1893, 1893, 5093
5769, -7274, 1893, 1893, 5093
5768, -7275, 1892, 1892, 5091
5768, -7275, 1892, 1892, 5091
5768, -7274, 1892, 1892, 5091
5768, -7274, 1892, 1892, 5091
5768, -7274, 1892, 1892, 5091
5768, -7274, 1891, 1891, 5091
5768, -7274, 1891, 1891, 5091
5768, -7274, 1892, 1892, 5091
5768, -7274, 1891, 1891, 5091
5767, -7275, 1891, 1891, 5091
5768, -7275, 1891, 1891, 5091
5768, -7275, 1891, 1891, 5091
5767, -7275, 1891, 1891, 5091
5767, -7275, 1891, 1891, 5091
5767, -7276, 1891, 1891, 5091
5767, -7276, 1891, 1891, 5091
5767, -7275, 1890, 1890, 5091
5766, -7275, 1890, 1890, 5091
5766, -7276, 1890, 1890, 5091
5766, -7276, 1890, 1890, 5091
5766, -7276, 1890, 1890, 5091
5767, -7275, 1890, 1890, 5091
5766, -7276, 1889, 1889, 5091
5766, -7275, 1889, 1889, 5091
5766, -7275, 1889, 1889, 5091
5766, -7277, 1889, 1889, 5091
5765, -7277, 1889, 1889, 5091
5765, -7276, 1889, 1889, 5095
5765, -7277, 1889, 1889, 5095
5765, -7277, 1888, 1888, 5095
5765, -7277, 1889, 1889, 5095
5765, -7277, 1889, 1889, 5095
5765, -7277, 1888, 1888, 5095
5765, -7277, 1888, 1888, 5095
5764, -7276, 1888, 1888, 5095
5764, -7276, 1888, 1888, 5095
5763, -7278, 1888, 1888, 5095
5764, -7277, 1887, 1887, 5095
5765, -7278, 1888, 1888, 5095
5763, -7278, 1887, 1887, 5095
5763, -7278, 1887, 1887, 5095
5764, -7278, 1887, 1887, 5095
5763, -7278, 1887, 1887, 5095
5763, -7279, 1887, 1887, 5095
5763, -7278, 1887, 1887, 5095
5763, -7279, 1886, 1886, 5095
5763, -7279, 1886, 1886, 5095
5762, -7278, 1886, 1886, 5095
5763, -7279, 1887, 1887, 5095
5762, -7279, 1886, 1886, 5095
5762, -7279, 1886, 1886, 5095
5762, -7280, 1886, 1886, 5103
5762, -7280, 1886, 1886, 5103
5761, -7280, 1885, 1885, 5103
5760, -7281, 1885, 1885, 5103
5762, -7281, 1885, 1885, 5103
5761, -7281, 1884, 1884, 5103
5760, -7280, 1884, 1884, 5103
5760, -7280, 1884, 1884, 5103
5761, -7282, 1884, 1884, 5103
5761, -7282, 1884, 1884, 5103
5760, -7281, 1884, 1884, 5103
5760, -7281, 1884, 1884, 5103
5760, -7282, 1884, 1884, 5103
5761, -7282, 1884, 1884, 5103
5761, -7282, 1884, 1884, 5103
5760, -7282, 1884, 1884, 5103
5760, -7282, 1884, 1884, 5103
5760, -7283, 1883, 1883, 5103
5760, -7282, 1883, 1883, 5103
5760, -7282, 1883, 1883, 5103
5760, -7284, 1883, 1883, 5103
5759, -7283, 1883, 1883, 5103
5759, -7283, 1883, 1883, 5103
5759, -7283, 1883, 1883, 5093
5759, -7283, 1883, 1883, 5093
5759, -7283, 1883, 1883, 5093
5760, -7284, 1883, 1883, 5093
5758, -7284, 1882, 1882, 5093
5759, -7284, 1882, 1882, 5093
5758, -7285, 1882, 1882, 5093
5759, -7284, 1882, 1882, 5093
5759, -7284, 1882, 1882, 5093
5758, -7284, 1882, 1882, 5093
5758, -7284, 1882, 1882, 5093
5759, -7286, 1882, 1882, 5093
5758, -7285, 1882, 1882, 5093
5758, -7285, 1882, 1882, 5093
5758, -7285, 1882, 1882, 5093
5758, -7285, 1881, 1881, 5093
5758, -7284, 1881, 1881, 5093
5756, -7285, 1881, 1881, 5093
5757, -7286, 1881, 1881, 5093
5757, -7286, 1881, 1881, 5093
5757, -7285, 1880, 1880, 5093
5757, -7285, 1881, 1881, 5093
5757, -7286, 1881, 1881, 5093
5756, -7286, 1880, 1880, 5093
5756, -7286, 1880, 1880, 5093
5756, -7286, 1880, 1880, 5093
5756, -7287, 1880, 1880, 5093
5755, -7286, 1880, 1880, 5093
5756, -7286, 1879, 1879, 5093
5756, -7286, 1880, 1880, 5093
5756, -7286, 1880, 1880, 5093
5756, -7286, 1879, 1879, 5093
5756, -7287, 1880, 1880, 5093
5755, -7286, 1879, 1879, 5093
5756, -7287, 1879, 1879, 5093
5756, -7287, 1879, 1879, 5093
5756, -7287, 1879, 1879, 5093
5756, -7288, 1879, 1879, 5093
5755, -7287, 1879, 1879, 5093
5755, -7288, 1879, 1879, 5093
5754, -7289, 1878, 1878, 5093
5754, -7289, 1878, 1878, 5093
5755, -7288, 1878, 1878, 5093
5755, -7288, 1878, 1878, 5093
5753, -7289, 1877, 1877, 5093
5754, -7289, 1877, 1877, 5093
5754, -7289, 1877, 1877, 5093
5753, -7289, 1877, 1877, 5093
5754, -7290, 1877, 1877, 5093
5754, -7289, 1877, 1877, 5093
5753, -7289, 1876, 1876, 5093
5753, -7290, 1877, 1877, 5093
5753, -7290, 1876, 1876, 5093
5753, -7290, 1876, 1876, 5093
5753, -7290, 1877, 1877, 5093
5753, -7291, 1876, 1876, 5093
5753, -7291, 1876, 1876, 5093
5753, -7291, 1877, 1877, 5093
5752, -7290, 1876, 1876, 5093
5752, -7291, 1876, 1876, 5093
5752, -7292, 1876, 1876, 5093
5752, -7292, 1876, 1876, 5093
5751, -7292, 1875, 1875, 5093
5751, -7292, 1875, 1875, 5093
5751, -7292, 1875, 1875, 5093
5751, -7292, 1875, 1875, 5093
5751, -7291, 1875, 1875, 5093
5751, -7292, 1875, 1875, 5093
5750, -7292, 1874, 1874, 5093
5750, -7292, 1874, 1874, 5093
5751, -7293, 1874, 1874, 5093
5751, -7293, 1874, 1874, 5093
5750, -7293, 1874, 1874, 5093
5750, -7293, 1874, 1874, 5093
5750, -7293, 1874, 1874, 5093
5749, -7293, 1873, 1873, 5099
5749, -7293, 1873, 1873, 5099
5749, -7294, 1873, 1873, 5099
5749, -7294, 1872, 1872, 5099
5750, -7295, 1873, 1873, 5099
5750, -7295, 1873, 1873, 5099
5749, -7294, 1872, 1872, 5099
5748, -7294, 1872, 1872, 5099
5748, -7294, 1872, 1872, 5099
