4178, -9169, 301, 301, 4043
4178, -9169, 301, 301, 4043
4178, -9169, 301, 301, 4043
4178, -9168, 301, 301, 4043
4178, -9168, 301, 301, 4043
4177, -9169, 301, 301, 4043
4177, -9169, 301, 301, 4043
4177, -9169, 301, 301, 4043
4177, -9168, 301, 301, 4043
4177, -9168, 301, 301, 4043
4177, -9168, 300, 300, 4043
4178, -9168, 301, 301, 4043
4178, -9168, 301, 301, 4043
4177, -9170, 301, 301, 4076
4177, -9170, 301, 301, 4076
4176, -9168, 300, 300, 4076
4177, -9168, 300, 300, 4076
4177, -9168, 300, 300, 4076
4177, -9168, 301, 301, 4076
4177, -9168, 301, 301, 4076
4177, -9169, 301, 301, 4076
4176, -9168, 301, 301, 4076
4176, -9168, 301, 301, 4076
4177, -9169, 301, 301, 4076
4177, -9169, 301, 301, 4076
4177, -9168, 301, 301, 4076
4178, -9169, 301, 301, 4076
4178, -9169, 301, 301, 4076
4178, -9170, 301, 301, 4076
4178, -9169, 301, 301, 4076
4178, -9169, 301, 301, 4076
4178, -9169, 301, 301, 4076
4178, -9169, 302, 302, 4076
4178, -9169, 301, 301, 4076
4177, -9169, 301, 301, 4076
4178, -9170, 301, 301, 4076
4178, -9170, 301, 301, 4076
4178, -9170, 302, 302, 4076
4178, -9170, 302, 302, 4076
4178, -9170, 301, 301, 4076
4177, -9169, 301, 301, 4100
4177, -9169, 301, 301, 4100
4178, -9169, 301, 301, 4100
4178, -9169, 301, 301, 4100
4178, -9169, 301, 301, 4100
4177, -9170, 301, 301, 4100
4178, -9169, 302, 302, 4100
4178, -9169, 302, 302, 4100
4178, -9170, 301, 301, 4100
4178, -9170, 301, 301, 4100
4178, -9168, 301, 301, 4100
4179, -9169, 302, 302, 4100
4178, -9169, 302, 302, 4100
4178, -9169, 302, 302, 4100
4178, -9169, 301, 301, 4100
4178, -9169, 302, 302, 4100
4178, -9169, 302, 302, 4100
4179, -9168, 302, 302, 4100
4178, -9169, 301, 301, 4100
4179, -9169, 302, 302, 4100
4178, -9169, 302, 302, 4100
4178, -9168, 301, 301, 4107
4178, -9168, 301, 301, 4107
4179, -9169, 302, 302, 4107
4179, -9168, 302, 302, 4107
4178, -9169, 302, 302, 4107
4178, -9168, 301, 301, 4107
4178, -9169, 301, 301, 4107
4178, -9169, 301, 301, 4107
4178, -9169, 302, 302, 4107
4178, -9169, 301, 301, 4107
4178, -9169, 301, 301, 4107
4179, -9169, 302, 302, 4107
4178, -9168, 301, 301, 4107
4178, -9169, 302, 302, 4107
4179, -9169, 302, 302, 4107
4178, -9168, 302, 302, 4107
4178, -9168, 302, 302, 4107
4178, -9168, 302, 302, 4107
4178, -9168, 302, 302, 4107
4178, -9168, 302, 302, 4107
4178, -9169, 302, 302, 4107
4178, -9169, 302, 302, 4107
4178, -9169, 301, 301, 4107
4178, -9169, 302, 302, 4088
4179, -9169, 302, 302, 4088
4179, -9169, 302, 302, 4088
4178, -9169, 302, 302, 4088
4179, -9169, 302, 302, 4088
4179, -9169, 302, 302, 4088
4179, -9168, 303, 303, 4088
4178, -9171, 302, 302, 4088
4080, -9183, 204, 204, 4088
4082, -9184, 203, 203, 4088
4082, -9184, 203, 203, 4088
4081, -9183, 204, 204, 4088
4080, -9182, 203, 203, 4088
4082, -9182, 205, 205, 4088
4081, -9182, 205, 205, 4088
4082, -9183, 205, 205, 4088
4082, -9183, 206, 206, 4088
4085, -9182, 206, 206, 4088
4081, -9183, 206, 206, 4088
4081, -9183, 206, 206, 4088
4081, -9183, 206, 206, 4088
4081, -9183, 205, 205, 4086
4084, -9182, 206, 206, 4086
4083, -9181, 205, 205, 4086
4083, -9181, 205, 205, 4086
4080, -9182, 206, 206, 4086
4080, -9183, 205, 205, 4086
4080, -9183, 205, 205, 4086
4080, -9184, 205, 205, 4086
4081, -9182, 206, 206, 4086
4081, -9182, 206, 206, 4086
4082, -9183, 206, 206, 4086
4084, -9183, 206, 206, 4086
4083, -9182, 206, 206, 4086
4083, -9183, 206, 206, 4086
4083, -9182, 206, 206, 4086
4083, -9182, 206, 206, 4086
4082, -9182, 206, 206, 4086
4081, -9183, 206, 206, 4086
4080, -9183, 206, 206, 4086
4080, -9183, 206, 206, 4086
4080, -9182, 205, 205, 4086
4080, -9182, 205, 205, 4086
4080, -9182, 205, 205, 4086
4080, -9182, 205, 205, 4086
4084, -9182, 206, 206, 4086
4084, -9182, 206, 206, 4086
4086, -9183, 206, 206, 4078
4086, -9183, 206, 206, 4078
4081, -9182, 207, 207, 4078
4081, -9183, 207, 207, 4078
4081, -9183, 207, 207, 4078
4080, -9182, 206, 206, 4078
4080, -9183, 206, 206, 4078
4085, -9181, 207, 207, 4078
4083, -9182, 206, 206, 4078
4083, -9180, 206, 206, 4078
4083, -9180, 206, 206, 4078
4082, -9182, 205, 205, 4078
4082, -9182, 205, 205, 4078
4081, -9183, 206, 206, 4078
4080, -9183, 206, 206, 4078
4081, -9182, 206, 206, 4078
4081, -9183, 206, 206, 4078
4083, -9182, 206, 206, 4078
4081, -9182, 207, 207, 4078
4080, -9183, 207, 207, 4078
4080, -9183, 207, 207, 4078
4084, -9182, 207, 207, 4078
4084, -9182, 207, 207, 4078
4084, -9183, 206, 206, 4078
4085, -9181, 207, 207, 4078
4083, -9182, 207, 207, 4072
4082, -9182, 206, 206, 4072
4081, -9182, 206, 206, 4072
4081, -9182, 206, 206, 4072
4081, -9182, 206, 206, 4072
4080, -9181, 206, 206, 4072
4080, -9181, 206, 206, 4072
4080, -9183, 206, 206, 4072
4083, -9181, 205, 205, 4072
4083, -9181, 205, 205, 4072
4085, -9181, 206, 206, 4072
4083, -9181, 206, 206, 4072
4084, -9181, 207, 207, 4072
4081, -9182, 207, 207, 4072
4082, -9182, 206, 206, 4072
4082, -9182, 206, 206, 4072
4085, -9181, 205, 205, 4072
4085, -9181, 205, 205, 4072
4084, -9181, 205, 205, 4072
4085, -9182, 206, 206, 4072
4082, -9181, 206, 206, 4072
4082, -9181, 206, 206, 4072
4081, -9182, 207, 207, 4072
4082, -9181, 207, 207, 4072
4082, -9183, 207, 207, 4068
4082, -9183, 207, 207, 4068
4082, -9182, 207, 207, 4068
4086, -9180, 207, 207, 4068
4086, -9180, 207, 207, 4068
4080, -9181, 206, 206, 4068
4080, -9181, 206, 206, 4068
4081, -9182, 207, 207, 4068
4081, -9182, 207, 207, 4068
4086, -9180, 207, 207, 4068
4082, -9181, 206, 206, 4068
4083, -9181, 206, 206, 4068
4083, -9181, 205, 205, 4068
4083, -9181, 205, 205, 4068
4084, -9181, 206, 206, 4068
4083, -9181, 205, 205, 4068
4083, -9181, 206, 206, 4068
4083, -9182, 206, 206, 4068
4082, -9182, 206, 206, 4068
4071, -9182, 203, 203, 4068
4186, -9166, 237, 237, 4068
4180, -9168, 306, 306, 4068
4179, -9167, 304, 304, 4068
4179, -9167, 304, 304, 4068
4179, -9167, 303, 303, 4068
4179, -9167, 303, 303, 4061
4178, -9167, 302, 302, 4061
4178, -9168, 302, 302, 4061
4177, -9167, 302, 302, 4061
4177, -9167, 302, 302, 4061
4178, -9169, 302, 302, 4061
4178, -9169, 302, 302, 4061
4179, -9167, 302, 302, 4061
4179, -9166, 302, 302, 4061
4178, -9167, 302, 302, 4061
4178, -9167, 301, 301, 4061
4178, -9167, 301, 301, 4061
4179, -9169, 302, 302, 4061
4178, -9167, 302, 302, 4061
4178, -9167, 302, 302, 4061
4178, -9168, 301, 301, 4061
4178, -9169, 302, 302, 4061
4179, -9167, 302, 302, 4061
4179, -9168, 302, 302, 4061
4178, -9167, 302, 302, 4061
4178, -9168, 302, 302, 4061
4178, -9168, 302, 302, 4061
4178, -9168, 302, 302, 4061
4178, -9168, 302, 302, 4061
4178, -9169, 302, 302, 4061
4178, -9168, 302, 302, 4061
4177, -9168, 301, 301, 4061
4177, -9168, 302, 302, 4059
4177, -9168, 302, 302, 4059
4178, -9168, 301, 301, 4059
4178, -9168, 302, 302, 4059
4177, -9169, 301, 301, 4059
4177, -9169, 301, 301, 4059
4178, -9168, 302, 302, 4059
4179, -9167, 302, 302, 4059
4179, -9168, 302, 302, 4059
4179, -9168, 302, 302, 4059
4179, -9168, 302, 302, 4059
4178, -9168, 302, 302, 4059
4178, -9167, 302, 302, 4059
4178, -9168, 302, 302, 4059
4179, -9168, 302, 302, 4059
4179, -9167, 302, 302, 4059
4179, -9167, 302, 302, 4059
4178, -9168, 302, 302, 4059
4178, -9168, 302, 302, 4059
4179, -9167, 302, 302, 4059
4179, -9167, 302, 302, 4059
4178, -9168, 302, 302, 4059
4178, -9168, 301, 301, 4059
4179, -9167, 302, 302, 4059
4178, -9168, 302, 302, 4063
4178, -9168, 302, 302, 4063
4179, -9168, 302, 302, 4063
4179, -9168, 302, 302, 4063
4177, -9168, 302, 302, 4063
4179, -9167, 302, 302, 4063
4178, -9167, 302, 302, 4063
4178, -9167, 302, 302, 4063
4178, -9167, 302, 302, 4063
4178, -9167, 301, 301, 4063
4179, -9167, 302, 302, 4063
4179, -9167, 302, 302, 4063
4179, -9167, 302, 302, 4063
4179, -9167, 302, 302, 4063
4179, -9167, 302, 302, 4063
4179, -9167, 302, 302, 4063
4179, -9167, 302, 302, 4063
4178, -9168, 302, 302, 4063
4178, -9167, 302, 302, 4063
4178, -9167, 302, 302, 4063
4179, -9168, 302, 302, 4063
4178, -9168, 302, 302, 4063
4178, -9168, 302, 302, 4063
4179, -9168, 302, 302, 4063
4177, -9168, 302, 302, 4055
4179, -9167, 302, 302, 4055
4178, -9168, 302, 302, 4055
4178, -9167, 302, 302, 4055
4179, -9167, 302, 302, 4055
4180, -9168, 303, 303, 4055
4180, -9168, 303, 303, 4055
4179, -9166, 302, 302, 4055
4179, -9166, 302, 302, 4055
4179, -9167, 303, 303, 4055
4179, -9167, 302, 302, 4055
4179, -9167, 302, 302, 4055
4179, -9167, 302, 302, 4055
4178, -9167, 302, 302, 4055
4178, -9167, 302, 302, 4055
4179, -9167, 302, 302, 4055
4179, -9167, 302, 302, 4055
4179, -9167, 302, 302, 4055
4179, -9167, 302, 302, 4055
4179, -9167, 302, 302, 4055
4179, -9167, 303, 303, 4055
4179, -9167, 302, 302, 4055
4179, -9167, 303, 303, 4055
4179, -9167, 303, 303, 4055
4179, -9168, 303, 303, 4055
4180, -9167, 303, 303, 4051
4179, -9167, 302, 302, 4051
4179, -9166, 302, 302, 4051
4179, -9167, 302, 302, 4051
4179, -9167, 302, 302, 4051
4179, -9167, 302, 302, 4051
4179, -9168, 302, 302, 4051
4178, -9168, 302, 302, 4051
4178, -9168, 302, 302, 4051
4179, -9167, 303, 303, 4051
4179, -9167, 303, 303, 4051
4179, -9166, 302, 302, 4051
4179, -9166, 302, 302, 4051
4179, -9166, 302, 302, 4051
4179, -9166, 302, 302, 4051
4180, -9166, 303, 303, 4051
4178, -9166, 302, 302, 4051
4179, -9167, 302, 302, 4051
4178, -9167, 302, 302, 4051
4180, -9167, 303, 303, 4051
4048, -9178, 244, 244, 4051
4048, -9178, 244, 244, 4051
4082, -9181, 205, 205, 4051
4083, -9181, 206, 206, 4051
4083, -9179, 206, 206, 4051
4080, -9180, 206, 206, 4057
4080, -9181, 207, 207, 4057
4082, -9181, 206, 206, 4057
4081, -9180, 206, 206, 4057
4084, -9181, 207, 207, 4057
4084, -9181, 207, 207, 4057
4083, -9180, 207, 207, 4057
4083, -9180, 207, 207, 4057
4082, -9179, 206, 206, 4057
4085, -9181, 207, 207, 4057
4085, -9179, 207, 207, 4057
4085, -9179, 207, 207, 4057
4085, -9180, 207, 207, 4057
4083, -9180, 206, 206, 4057
4083, -9180, 206, 206, 4057
4082, -9179, 207, 207, 4057
4082, -9179, 207, 207, 4057
4084, -9180, 207, 207, 4057
4082, -9180, 208, 208, 4057
4082, -9180, 207, 207, 4057
4083, -9180, 208, 208, 4057
4081, -9180, 207, 207, 4061
4083, -9181, 207, 207, 4061
4083, -9181, 207, 207, 4061
4084, -9179, 207, 207, 4061
4086, -9180, 208, 208, 4061
4085, -9180, 207, 207, 4061
4085, -9180, 207, 207, 4061
4083, -9180, 208, 208, 4061
4082, -9180, 208, 208, 4061
4083, -9180, 207, 207, 4061
4084, -9180, 207, 207, 4061
4085, -9180, 208, 208, 4061
4084, -9179, 207, 207, 4061
4085, -9180, 207, 207, 4061
4083, -9179, 207, 207, 4061
4087, -9180, 208, 208, 4061
4085, -9179, 207, 207, 4061
4086, -9178, 207, 207, 4061
4085, -9179, 207, 207, 4061
4085, -9179, 207, 207, 4061
4086, -9178, 208, 208, 4061
4086, -9178, 208, 208, 4061
4085, -9179, 207, 207, 4061
4085, -9179, 207, 207, 4061
4085, -9179, 207, 207, 4061
4084, -9180, 207, 207, 4057
4084, -9180, 208, 208, 4057
4082, -9179, 208, 208, 4057
4083, -9181, 208, 208, 4057
4086, -9180, 208, 208, 4057
4085, -9179, 207, 207, 4057
4085, -9179, 208, 208, 4057
4085, -9179, 208, 208, 4057
4084, -9180, 208, 208, 4057
4084, -9180, 208, 208, 4057
4083, -9180, 208, 208, 4057
4082, -9179, 208, 208, 4057
4083, -9180, 209, 209, 4057
4082, -9179, 208, 208, 4057
4085, -9180, 208, 208, 4057
4082, -9180, 208, 208, 4057
4084, -9180, 207, 207, 4057
4086, -9179, 208, 208, 4057
4086, -9179, 208, 208, 4057
4083, -9179, 208, 208, 4057
4085, -9180, 208, 208, 4057
4086, -9179, 207, 207, 4057
4086, -9179, 207, 207, 4057
4085, -9179, 208, 208, 4059
4086, -9179, 207, 207, 4059
4086, -9179, 207, 207, 4059
4085, -9179, 208, 208, 4059
4087, -9180, 208, 208, 4059
4087, -9180, 208, 208, 4059
4086, -9178, 208, 208, 4059
4086, -9180, 209, 209, 4059
4086, -9180, 209, 209, 4059
4084, -9179, 208, 208, 4059
4083, -9179, 207, 207, 4059
4083, -9180, 208, 208, 4059
4084, -9180, 208, 208, 4059
4083, -9179, 207, 207, 4059
4083, -9179, 207, 207, 4059
4085, -9179, 208, 208, 4059
4085, -9180, 207, 207, 4059
4087, -9179, 208, 208, 4059
4087, -9179, 209, 209, 4059
4086, -9179, 208, 208, 4055
4086, -9179, 208, 208, 4055
4085, -9179, 208, 208, 4055
4085, -9179, 208, 208, 4055
4085, -9180, 206, 206, 4055
4188, -9164, 241, 241, 4055
4188, -9164, 241, 241, 4055
4182, -9165, 306, 306, 4055
4182, -9165, 306, 306, 4055
4181, -9165, 305, 305, 4055
4180, -9165, 304, 304, 4055
4180, -9166, 304, 304, 4055
4180, -9166, 304, 304, 4055
4180, -9166, 304, 304, 4055
4181, -9166, 304, 304, 4055
4180, -9165, 304, 304, 4055
4180, -9165, 304, 304, 4055
4180, -9165, 304, 304, 4055
4180, -9165, 304, 304, 4055
4180, -9165, 304, 304, 4055
4180, -9165, 304, 304, 4055
4180, -9165, 304, 304, 4055
4181, -9166, 304, 304, 4055
4181, -9166, 304, 304, 4055
4181, -9166, 304, 304, 4055
4180, -9167, 304, 304, 4053
4180, -9167, 304, 304, 4053
4180, -9166, 304, 304, 4053
4180, -9166, 304, 304, 4053
4180, -9166, 304, 304, 4053
4180, -9166, 304, 304, 4053
4181, -9166, 305, 305, 4053
4181, -9166, 304, 304, 4053
4180, -9166, 304, 304, 4053
4180, -9166, 304, 304, 4053
4180, -9165, 304, 304, 4053
4181, -9166, 304, 304, 4053
4180, -9166, 304, 304, 4053
4181, -9166, 304, 304, 4053
4181, -9166, 304, 304, 4053
4180, -9166, 304, 304, 4053
4180, -9164, 304, 304, 4053
4181, -9167, 304, 304, 4053
4181, -9165, 304, 304, 4053
4181, -9165, 304, 304, 4053
4181, -9166, 304, 304, 4053
4181, -9165, 304, 304, 4053
4181, -9165, 304, 304, 4053
4181, -9166, 304, 304, 4053
4181, -9164, 304, 304, 4055
4181, -9164, 304, 304, 4055
4180, -9165, 304, 304, 4055
4180, -9165, 304, 304, 4055
4180, -9165, 304, 304, 4055
4180, -9165, 304, 304, 4055
4180, -9165, 304, 304, 4055
4182, -9166, 304, 304, 4055
4181, -9166, 304, 304, 4055
4181, -9166, 304, 304, -1
4181, -9166, 304, 304, 4055
4181, -9166, 304, 304, 4055
4180, -9166, 304, 304, 4055
4180, -9165, 304, 304, 4055
4180, -9165, 304, 304, 4055
4181, -9166, 304, 304, 4055
4181, -9166, 304, 304, 4055
4181, -9166, 304, 304, 4055
4180, -9164, 304, 304, 4055
4180, -9165, 304, 304, 4055
4181, -9165, 304, 304, 4055
4180, -9165, 304, 304, 4055
4180, -9165, 304, 304, 4055
4181, -9165, 304, 304, 4055
4181, -9164, 304, 304, 4057
4181, -9164, 304, 304, 4057
4181, -9164, 304, 304, 4057
4181, -9164, 304, 304, 4057
4181, -9165, 305, 305, 4057
4180, -9165, 304, 304, 4057
4181, -9164, 304, 304, 4057
4180, -9165, 304, 304, 4057
4181, -9165, 304, 304, 4057
4181, -9165, 304, 304, 4057
4181, -9165, 304, 304, 4057
4181, -9165, 304, 304, 4057
4181, -9165, 304, 304, 4057
4181, -9165, 304, 304, 4057
4180, -9164, 304, 304, 4057
4180, -9164, 304, 304, 4057
4181, -9165, 305, 305, 4057
4181, -9165, 305, 305, 4057
4181, -9165, 304, 304, 4057
4180, -9164, 304, 304, 4057
4181, -9165, 304, 304, 4057
4180, -9165, 304, 304, 4057
4180, -9165, 304, 304, 4057
4180, -9165, 304, 304, 4057
4181, -9165, 304, 304, 4057
4181, -9165, 304, 304, 4057
4181, -9165, 305, 305, 4057
4181, -9164, 304, 304, 4055
4181, -9164, 305, 305, 4055
4181, -9165, 305, 305, 4055
4182, -9164, 305, 305, 4055
4180, -9165, 305, 305, 4055
4181, -9164, 305, 305, 4055
4183, -9164, 305, 305, 4055
4183, -9164, 305, 305, 4055
4181, -9164, 305, 305, 4055
4182, -9165, 305, 305, 4055
4181, -9164, 305, 305, 4055
4181, -9164, 305, 305, 4055
4181, -9164, 305, 305, 4055
4181, -9165, 305, 305, 4055
4181, -9165, 305, 305, 4055
4181, -9165, 305, 305, 4055
4181, -9164, 305, 305, 4055
4181, -9164, 305, 305, 4055
4181, -9164, 305, 305, 4055
4182, -9164, 305, 305, 4055
4181, -9165, 305, 305, 4055
4181, -9165, 305, 305, 4055
4182, -9165, 305, 305, 4055
4181, -9164, 305, 305, 4055
4181, -9164, 305, 305, 4049
4181, -9164, 305, 305, 4049
4182, -9164, 305, 305, 4049
4181, -9164, 305, 305, 4049
4181, -9164, 305, 305, 4049
4082, -9176, 254, 254, 4049
4083, -9178, 205, 205, 4049
4083, -9178, 205, 205, 4049
4086, -9178, 207, 207, 4049
4084, -9178, 208, 208, 4049
4084, -9178, 209, 209, 4049
4085, -9177, 209, 209, 4049
4085, -9177, 209, 209, 4049
4085, -9179, 209, 209, 4049
4085, -9177, 209, 209, 4049
4087, -9178, 209, 209, 4049
4087, -9178, 209, 209, 4049
4087, -9177, 209, 209, 4049
4084, -9177, 209, 209, 4049
4085, -9178, 209, 209, 4049
4085, -9178, 209, 209, 4049
4086, -9178, 210, 210, 4049
4086, -9177, 209, 209, 4049
4087, -9177, 209, 209, 4049
4088, -9177, 210, 210, 4049
4089, -9178, 210, 210, 4053
4088, -9178, 210, 210, 4053
4089, -9177, 210, 210, 4053
4087, -9177, 210, 210, 4053
4087, -9177, 210, 210, 4053
4089, -9177, 210, 210, 4053
4089, -9177, 210, 210, 4053
4089, -9177, 210, 210, 4053
4089, -9177, 210, 210, 4053
4087, -9177, 210, 210, 4053
4086, -9177, 211, 211, 4053
4086, -9177, 211, 211, 4053
4086, -9177, 211, 211, 4053
4088, -9177, 211, 211, 4053
4089, -9178, 210, 210, 4053
4089, -9178, 210, 210, 4053
4089, -9177, 210, 210, 4053
4089, -9177, 210, 210, 4053
4086, -9177, 210, 210, 4053
4085, -9178, 210, 210, 4053
4087, -9177, 211, 211, 4053
4089, -9177, 212, 212, 4053
4085, -9177, 210, 210, 4053
4085, -9177, 210, 210, 4053
4087, -9177, 210, 210, 4057
4089, -9177, 210, 210, 4057
4089, -9177, 210, 210, 4057
4088, -9177, 210, 210, 4057
4089, -9176, 210, 210, 4057
4085, -9177, 210, 210, 4057
4085, -9177, 210, 210, 4057
4087, -9177, 211, 211, 4057
4087, -9177, 211, 211, 4057
4086, -9178, 211, 211, 4057
4085, -9176, 210, 210, 4057
4089, -9177, 211, 211, 4057
4089, -9177, 211, 211, 4057
4088, -9177, 211, 211, 4057
4088, -9177, 211, 211, 4057
4087, -9177, 210, 210, 4057
4087, -9177, 210, 210, 4057
4085, -9177, 211, 211, 4057
4088, -9177, 212, 212, 4057
4087, -9176, 210, 210, 4057
4089, -9176, 211, 211, 4057
4089, -9176, 211, 211, 4057
4090, -9177, 211, 211, 4057
4089, -9176, 210, 210, 4057
4087, -9177, 211, 211, 4057
4087, -9177, 211, 211, 4057
4086, -9177, 211, 211, 4057
4085, -9176, 211, 211, 4057
4086, -9177, 211, 211, 4057
4086, -9177, 211, 211, 4057
4087, -9177, 211, 211, 4057
4088, -9176, 211, 211, 4057
4088, -9176, 211, 211, 4057
4086, -9177, 210, 210, 4057
4089, -9176, 211, 211, 4057
4089, -9176, 211, 211, 4057
4088, -9176, 211, 211, 4057
4087, -9176, 210, 210, 4057
4087, -9176, 210, 210, 4057
4086, -9176, 210, 210, 4057
4088, -9177, 211, 211, 4057
4086, -9176, 210, 210, 4057
4087, -9176, 210, 210, 4057
4087, -9176, 211, 211, 4057
4088, -9176, 211, 211, 4057
4086, -9177, 211, 211, 4057
4086, -9176, 211, 211, 4057
4088, -9175, 212, 212, 4053
4088, -9176, 211, 211, 4053
4085, -9175, 211, 211, 4053
4085, -9175, 211, 211, 4053
4087, -9176, 210, 210, 4053
4087, -9177, 211, 211, 4053
4089, -9175, 210, 210, 4053
4089, -9176, 211, 211, 4053
4085, -9176, 211, 211, 4053
4085, -9176, 211, 211, 4053
4085, -9177, 210, 210, 4053
4085, -9177, 211, 211, 4053
4085, -9177, 211, 211, 4053
4085, -9177, 211, 211, 4053
4085, -9177, 210, 210, 4053
4090, -9177, 210, 210, 4053
4086, -9175, 215, 215, 4053
4086, -9175, 215, 215, 4053
4186, -9161, 310, 310, 4053
4186, -9161, 310, 310, 4053
4184, -9163, 308, 308, 4053
4184, -9163, 308, 308, 4053
4184, -9163, 308, 308, 4053
4184, -9163, 307, 307, 4053
4184, -9163, 307, 307, 4053
4183, -9162, 307, 307, 4057
4183, -9162, 307, 307, 4057
4183, -9163, 307, 307, 4057
4182, -9163, 306, 306, 4057
4182, -9163, 306, 306, 4057
4182, -9162, 306, 306, 4057
4182, -9162, 306, 306, 4057
4183, -9162, 306, 306, 4057
4183, -9161, 306, 306, 4057
4183, -9161, 306, 306, 4057
4183, -9163, 306, 306, 4057
4182, -9162, 306, 306, 4057
4184, -9161, 307, 307, 4057
4182, -9163, 306, 306, 4057
4183, -9163, 307, 307, 4057
4183, -9163, 307, 307, 4057
4183, -9164, 306, 306, 4057
4183, -9163, 306, 306, 4057
4182, -9163, 306, 306, 4057
4184, -9163, 307, 307, 4057
4184, -9163, 307, 307, 4057
4183, -9163, 307, 307, 4057
4183, -9163, 307, 307, 4057
4183, -9163, 307, 307, 4057
4183, -9163, 307, 307, 4057
4183, -9163, 307, 307, 4057
4184, -9163, 307, 307, 4057
4184, -9163, 307, 307, 4057
4184, -9163, 308, 308, 4055
4183, -9163, 307, 307, 4055
4182, -9162, 306, 306, 4055
4184, -9162, 307, 307, 4055
4183, -9162, 307, 307, 4055
4183, -9162, 307, 307, 4055
4184, -9163, 307, 307, 4055
4184, -9163, 307, 307, 4055
4184, -9163, 308, 308, 4055
4184, -9162, 308, 308, 4055
4183, -9163, 307, 307, 4055
4183, -9162, 307, 307, 4055
4183, -9162, 307, 307, 4055
4183, -9162, 306, 306, 4055
4184, -9162, 307, 307, 4055
4183, -9162, 307, 307, 4055
4182, -9162, 306, 306, 4055
4183, -9162, 306, 306, 4055
4182, -9162, 306, 306, 4055
4183, -9161, 306, 306, 4055
4183, -9161, 306, 306, 4055
4184, -9162, 307, 307, 4055
4184, -9162, 307, 307, 4055
4183, -9162, 307, 307, 4055
4183, -9162, 307, 307, 4055
4184, -9162, 307, 307, 4057
4184, -9162, 307, 307, 4057
4183, -9162, 306, 306, 4057
4183, -9162, 306, 306, 4057
4183, -9162, 306, 306, 4057
4184, -9162, 307, 307, 4057
4182, -9162, 306, 306, 4057
4183, -9162, 307, 307, 4057
4183, -9163, 307, 307, 4057
4183, -9163, 307, 307, 4057
4183, -9163, 307, 307, 4057
4184, -9162, 307, 307, 4057
4184, -9161, 307, 307, 4057
4184, -9162, 307, 307, 4057
4184, -9163, 307, 307, 4057
4183, -9162, 308, 308, 4057
4183, -9161, 307, 307, 4057
4184, -9162, 308, 308, 4057
4184, -9163, 307, 307, 4057
4184, -9162, 307, 307, 4057
4184, -9162, 307, 307, 4057
4184, -9161, 308, 308, 4053
4184, -9161, 308, 308, 4053
4183, -9161, 307, 307, 4053
4184, -9162, 307, 307, 4053
4184, -9162, 307, 307, 4053
4183, -9162, 307, 307, 4053
4184, -9160, 307, 307, 4053
4184, -9160, 307, 307, 4053
4184, -9161, 308, 308, 4053
4184, -9161, 308, 308, 4053
4184, -9161, 308, 308, 4053
4185, -9161, 308, 308, 4053
4184, -9162, 308, 308, 4053
4184, -9162, 308, 308, 4053
4184, -9162, 308, 308, 4053
4184, -9161, 307, 307, 4053
4184, -9161, 307, 307, 4053
4184, -9162, 308, 308, 4053
4184, -9162, 308, 308, 4053
4184, -9161, 307, 307, 4053
4184, -9162, 308, 308, 4053
4184, -9161, 307, 307, 4053
4184, -9161, 307, 307, 4053
4184, -9162, 308, 308, 4053
4183, -9161, 307, 307, 4053
4183, -9161, 307, 307, 4053
4184, -9162, 308, 308, 4053
4184, -9161, 307, 307, 4053
4185, -9161, 307, 307, 4051
4184, -9162, 307, 307, 4051
4184, -9162, 307, 307, 4051
4184, -9161, 308, 308, 4051
4184, -9162, 307, 307, 4051
4184, -9162, 308, 308, 4051
4184, -9162, 308, 308, 4051
4184, -9161, 308, 308, 4051
4185, -9161, 308, 308, 4051
4184, -9161, 308, 308, 4051
4184, -9162, 308, 308, 4051
4185, -9161, 308, 308, 4051
4185, -9161, 309, 309, 4051
4185, -9161, 309, 309, 4051
4184, -9162, 307, 307, 4051
4090, -9175, 211, 211, 4051
4090, -9175, 211, 211, 4051
4086, -9176, 213, 213, 4051
4085, -9176, 210, 210, 4051
4090, -9175, 211, 211, 4051
4090, -9175, 212, 212, 4051
4090, -9175, 212, 212, 4051
4090, -9174, 212, 212, 4051
4090, -9174, 212, 212, 4051
4087, -9175, 211, 211, 4059
4087, -9175, 211, 211, 4059
4087, -9175, 212, 212, 4059
4090, -9175, 213, 213, 4059
4090, -9175, 213, 213, 4059
4090, -9174, 212, 212, 4059
4089, -9174, 212, 212, 4059
4089, -9174, 212, 212, 4059
4087, -9174, 213, 213, 4059
4087, -9174, 213, 213, 4059
4089, -9174, 213, 213, 4059
4086, -9174, 212, 212, 4059
4086, -9174, 212, 212, 4059
4090, -9175, 213, 213, 4059
4090, -9175, 213, 213, 4059
4090, -9175, 213, 213, 4059
4092, -9174, 212, 212, 4059
4092, -9174, 212, 212, 4059
4092, -9174, 213, 213, 4059
4089, -9174, 213, 213, 4059
4089, -9174, 213, 213, 4059
4087, -9175, 213, 213, 4059
4088, -9174, 213, 213, 4059
4087, -9173, 213, 213, 4059
4087, -9174, 213, 213, 4059
4091, -9174, 213, 213, 4059
4091, -9175, 212, 212, 4059
4092, -9172, 213, 213, 4080
4088, -9174, 213, 213, 4080
4088, -9174, 213, 213, 4080
4088, -9173, 213, 213, 4080
4088, -9173, 213, 213, 4080
4088, -9174, 213, 213, 4080
4087, -9174, 212, 212, 4080
4088, -9174, 213, 213, 4080
4089, -9175, 213, 213, 4080
4089, -9174, 213, 213, 4080
4089, -9174, 213, 213, 4080
4091, -9174, 213, 213, 4080
4091, -9173, 213, 213, 4080
4090, -9174, 212, 212, 4080
4089, -9173, 213, 213, 4080
4089, -9173, 213, 213, 4080
4089, -9174, 213, 213, 4080
4088, -9175, 213, 213, 4080
4088, -9175, 213, 213, 4080
4086, -9173, 213, 213, 4080
4088, -9174, 212, 212, 4080
4090, -9174, 214, 214, 4080
4090, -9174, 213, 213, 4080
4090, -9173, 213, 213, 4080
4088, -9174, 213, 213, 4080
4087, -9174, 213, 213, 4080
4088, -9174, 214, 214, 4080
4086, -9174, 213, 213, 4080
4088, -9173, 213, 213, 4080
4089, -9174, 212, 212, 4080
4091, -9173, 213, 213, 4080
4090, -9174, 213, 213, 4080
4090, -9173, 213, 213, 4080
4090, -9172, 213, 213, 4080
4090, -9172, 213, 213, 4080
4090, -9174, 213, 213, 4080
4088, -9174, 213, 213, 4080
4088, -9174, 213, 213, 4080
4088, -9174, 214, 214, 4080
4090, -9174, 214, 214, 4080
4090, -9174, 214, 214, 4080
4090, -9174, 213, 213, 4080
4091, -9173, 213, 213, 4080
4092, -9173, 212, 212, 4080
4092, -9174, 213, 213, 4080
4088, -9173, 214, 214, 4080
4089, -9173, 213, 213, 4080
4091, -9172, 214, 214, 4080
4091, -9172, 214, 214, 4080
4090, -9174, 214, 214, 4072
4091, -9173, 212, 212, 4072
4091, -9173, 212, 212, 4072
4088, -9173, 213, 213, 4072
4088, -9173, 213, 213, 4072
4088, -9173, 213, 213, 4072
4089, -9173, 214, 214, 4072
4089, -9174, 214, 214, 4072
4089, -9173, 213, 213, 4072
4089, -9173, 213, 213, 4072
4088, -9173, 213, 213, 4072
4088, -9173, 213, 213, 4072
4088, -9174, 213, 213, 4072
4088, -9173, 213, 213, 4072
4088, -9173, 213, 213, 4072
4089, -9174, 213, 213, 4072
4089, -9174, 213, 213, 4072
4088, -9174, 213, 213, 4072
4088, -9174, 213, 213, 4072
4089, -9173, 213, 213, 4072
4089, -9173, 213, 213, 4072
4089, -9173, 214, 214, 4072
4089, -9173, 213, 213, 4072
4089, -9173, 213, 213, 4072
4088, -9173, 214, 214, 4072
4087, -9173, 217, 217, 4072
4189, -9158, 313, 313, 4072
4187, -9158, 310, 310, 4072
4187, -9158, 310, 310, 4072
4187, -9159, 310, 310, 4072
4186, -9159, 310, 310, 4072
4187, -9159, 310, 310, 4072
4186, -9160, 310, 310, 4072
4186, -9159, 310, 310, 4072
4186, -9159, 310, 310, 4072
4186, -9159, 309, 309, 4072
4186, -9159, 309, 309, 4072
4186, -9159, 309, 309, 4072
4186, -9159, 309, 309, 4072
4186, -9159, 310, 310, 4072
4186, -9159, 310, 310, 4072
4185, -9159, 309, 309, 4072
4186, -9159, 309, 309, 4072
4186, -9159, 310, 310, 4072
4186, -9159, 309, 309, 4072
4185, -9159, 310, 310, 4072
4186, -9160, 309, 309, 4072
4187, -9159, 309, 309, 4072
4186, -9160, 310, 310, 4072
4187, -9160, 310, 310, 4072
4186, -9159, 310, 310, 4072
4187, -9159, 310, 310, 4072
4185, -9159, 310, 310, 4072
4186, -9161, 309, 309, 4072
4187, -9159, 310, 310, 4072
4186, -9159, 310, 310, 4072
4186, -9159, 310, 310, 4072
4186, -9158, 310, 310, 4072
4186, -9159, 309, 309, 4072
4186, -9159, 309, 309, 4072
4186, -9159, 309, 309, 4072
4186, -9160, 309, 309, 4072
4185, -9159, 309, 309, 4072
4185, -9158, 309, 309, 4072
4187, -9159, 309, 309, 4072
4186, -9159, 309, 309, 4072
4186, -9159, 309, 309, 4072
4186, -9160, 310, 310, 4066
4186, -9159, 310, 310, 4066
4185, -9160, 309, 309, 4066
4186, -9159, 309, 309, 4066
4185, -9159, 309, 309, 4066
4186, -9158, 310, 310, 4066
4186, -9159, 309, 309, 4066
4187, -9158, 310, 310, 4066
4187, -9158, 310, 310, 4066
4186, -9158, 310, 310, 4066
4187, -9159, 310, 310, 4066
4186, -9159, 310, 310, 4066
4186, -9160, 310, 310, 4066
4186, -9158, 310, 310, 4066
4186, -9160, 309, 309, 4066
4187, -9159, 310, 310, 4066
4187, -9160, 310, 310, 4066
4186, -9158, 310, 310, 4066
4186, -9158, 310, 310, 4066
4186, -9159, 310, 310, 4066
4187, -9159, 310, 310, 4066
4187, -9159, 310, 310, 4066
4187, -9159, 310, 310, 4066
4187, -9159, 310, 310, 4066
4187, -9159, 310, 310, 4066
4186, -9159, 310, 310, 4061
4187, -9158, 310, 310, 4061
4187, -9158, 310, 310, 4061
4186, -9158, 310, 310, 4061
4187, -9159, 310, 310, 4061
4187, -9158, 310, 310, 4061
4186, -9158, 310, 310, 4061
4187, -9158, 310, 310, 4061
4186, -9158, 310, 310, 4061
4186, -9158, 310, 310, 4061
4187, -9158, 310, 310, 4061
4186, -9159, 310, 310, 4061
4186, -9159, 310, 310, 4061
4187, -9159, 310, 310, 4061
4186, -9158, 310, 310, 4061
4187, -9159, 310, 310, 4061
4187, -9159, 310, 310, 4061
4186, -9159, 310, 310, 4061
4186, -9159, 310, 310, 4061
4187, -9159, 310, 310, 4061
4186, -9159, 310, 310, 4061
4186, -9159, 310, 310, 4061
4187, -9159, 311, 311, 4061
4186, -9159, 310, 310, 4061
4186, -9159, 310, 310, 4061
4187, -9158, 310, 310, 4061
4187, -9158, 310, 310, 4061
4187, -9158, 310, 310, 4061
4187, -9158, 311, 311, 4061
4187, -9158, 311, 311, 4061
4187, -9159, 311, 311, 4061
4187, -9159, 311, 311, 4061
4187, -9159, 310, 310, 4061
4187, -9159, 311, 311, 4061
4187, -9159, 311, 311, 4061
4186, -9158, 310, 310, 4061
4187, -9159, 311, 311, 4061
4187, -9159, 311, 311, 4061
4186, -9159, 310, 310, 4061
4187, -9158, 310, 310, 4061
4186, -9158, 310, 310, 4061
4187, -9159, 310, 310, 4061
4187, -9159, 310, 310, 4061
4185, -9158, 310, 310, 4061
4187, -9158, 310, 310, 4061
4186, -9158, 310, 310, 4061
4187, -9158, 310, 310, 4061
4023, -9186, 269, 269, 4063
4098, -9172, 228, 228, 4063
4088, -9172, 212, 212, 4063
4088, -9172, 212, 212, 4063
4091, -9171, 214, 214, 4063
4088, -9170, 214, 214, 4063
4089, -9172, 214, 214, 4063
4089, -9172, 214, 214, 4063
4089, -9171, 214, 214, 4063
4092, -9170, 214, 214, 4063
4092, -9171, 215, 215, 4063
4092, -9171, 215, 215, 4063
4093, -9170, 214, 214, 4063
4092, -9171, 215, 215, 4063
4090, -9172, 215, 215, 4063
4091, -9172, 215, 215, 4063
4091, -9172, 215, 215, 4063
4091, -9171, 215, 215, 4063
4093, -9171, 216, 216, 4063
4091, -9171, 216, 216, 4063
4090, -9172, 215, 215, 4063
4091, -9171, 215, 215, 4063
4090, -9172, 216, 216, 4063
4090, -9171, 216, 216, 4063
4090, -9171, 216, 216, 4063
4090, -9171, 216, 216, 4063
4091, -9171, 216, 216, 4072
4092, -9172, 216, 216, 4072
4093, -9172, 216, 216, 4072
4093, -9171, 216, 216, 4072
4093, -9171, 215, 215, 4072
4093, -9171, 215, 215, 4072
4091, -9170, 215, 215, 4072
4092, -9170, 216, 216, 4072
4091, -9171, 215, 215, 4072
4091, -9171, 215, 215, 4072
4090, -9172, 215, 215, 4072
4093, -9171, 215, 215, 4072
4094, -9170, 216, 216, 4072
4092, -9170, 215, 215, 4072
4095, -9170, 216, 216, 4072
4092, -9171, 216, 216, 4072
4092, -9171, 215, 215, 4072
4089, -9172, 215, 215, 4072
4091, -9172, 216, 216, 4072
4094, -9172, 216, 216, 4072
4093, -9170, 216, 216, 4072
4093, -9170, 216, 216, 4072
4093, -9171, 216, 216, 4072
4093, -9171, 216, 216, 4072
4094, -9170, 215, 215, 4072
4094, -9170, 215, 215, 4072
4094, -9171, 216, 216, 4063
4094, -9170, 215, 215, 4063
4094, -9171, 215, 215, 4063
4094, -9171, 215, 215, 4063
4095, -9170, 216, 216, 4063
4092, -9171, 216, 216, 4063
4092, -9170, 216, 216, 4063
4092, -9170, 217, 217, 4063
4095, -9169, 217, 217, 4063
4095, -9169, 217, 217, 4063
4091, -9170, 216, 216, 4063
4095, -9169, 216, 216, 4063
4093, -9169, 216, 216, 4063
4095, -9170, 216, 216, 4063
4093, -9170, 216, 216, 4063
4093, -9170, 216, 216, 4063
4092, -9170, 216, 216, 4063
4090, -9170, 216, 216, 4063
4090, -9170, 216, 216, 4063
4090, -9171, 216, 216, 4063
4092, -9170, 216, 216, 4063
4092, -9170, 216, 216, 4063
4094, -9170, 216, 216, 4063
4094, -9170, 216, 216, 4063
4094, -9169, 217, 217, 4066
4092, -9170, 215, 215, 4066
4095, -9170, 216, 216, 4066
4094, -9170, 216, 216, 4066
4093, -9170, 216, 216, 4066
4095, -9170, 216, 217, 4066
4091, -9170, 216, 216, 4066
4091, -9170, 217, 217, 4066
4091, -9170, 217, 217, 4066
4091, -9169, 216, 216, 4066
4091, -9169, 216, 216, 4066
4091, -9171, 216, 216, 4066
4091, -9170, 216, 216, 4066
4091, -9170, 216, 216, 4066
4092, -9171, 217, 217, 4066
4095, -9170, 216, 216, 4066
4095, -9170, 216, 216, 4066
4094, -9169, 216, 216, 4066
4094, -9169, 216, 216, 4066
4091, -9170, 217, 217, 4066
4094, -9168, 217, 217, 4066
4092, -9168, 216, 216, 4066
4091, -9170, 216, 216, 4066
4091, -9170, 216, 216, 4066
4091, -9170, 216, 216, 4068
4092, -9170, 216, 216, 4068
4092, -9169, 216, 216, 4068
4092, -9169, 216, 216, 4068
4094, -9169, 217, 217, 4068
4095, -9169, 216, 216, 4068
4094, -9169, 215, 215, 4068
4092, -9169, 216, 216, 4068
4091, -9169, 216, 216, 4068
4091, -9169, 216, 216, 4068
4092, -9169, 216, 216, 4068
4091, -9170, 217, 217, 4068
4092, -9170, 217, 217, 4068
4194, -9153, 269, 269, 4068
4190, -9156, 315, 315, 4068
4190, -9155, 314, 314, 4068
4190, -9156, 314, 314, 4068
4189, -9156, 313, 313, 4068
4189, -9156, 313, 313, 4068
4188, -9156, 312, 312, 4068
4188, -9155, 312, 312, 4068
4188, -9157, 312, 312, 4068
4188, -9155, 312, 312, 4068
4188, -9155, 312, 312, 4068
4189, -9156, 312, 312, 4068
4188, -9155, 312, 312, 4068
4188, -9155, 311, 311, 4063
4187, -9155, 311, 311, 4063
4188, -9156, 311, 311, 4063
4188, -9156, 312, 312, 4063
4188, -9156, 312, 312, 4063
4188, -9156, 312, 312, 4063
4188, -9156, 312, 312, 4063
4188, -9156, 312, 312, 4063
4188, -9156, 312, 312, 4063
4189, -9156, 312, 312, 4063
4189, -9155, 312, 312, 4063
4188, -9157, 312, 312, 4063
4188, -9157, 312, 312, 4063
4188, -9156, 312, 312, 4063
4188, -9156, 312, 312, 4063
4188, -9155, 312, 312, 4063
4189, -9156, 313, 313, 4063
4189, -9156, 313, 313, 4063
4187, -9156, 312, 312, 4063
4188, -9155, 312, 312, 4063
4188, -9156, 312, 312, 4063
4189, -9155, 312, 312, 4063
4189, -9155, 312, 312, 4063
4188, -9156, 312, 312, 4063
4188, -9156, 312, 312, 4063
4188, -9155, 311, 311, 4063
4188, -9155, 311, 311, 4063
4188, -9155, 312, 312, 4059
4188, -9156, 312, 312, 4059
4188, -9156, 312, 312, 4059
4189, -9156, 312, 312, 4059
4189, -9156, 312, 312, 4059
4189, -9155, 312, 312, 4059
4189, -9156, 312, 312, 4059
4189, -9156, 312, 312, 4059
4188, -9155, 312, 312, 4059
4189, -9156, 312, 312, 4059
4188, -9156, 312, 312, 4059
4188, -9155, 312, 312, 4059
4188, -9155, 312, 312, 4059
4188, -9156, 312, 312, 4059
4189, -9155, 312, 312, 4059
4189, -9155, 312, 312, 4059
4188, -9154, 312, 312, 4059
4188, -9154, 312, 312, 4059
4189, -9155, 312, 312, 4059
4189, -9155, 312, 312, 4059
4189, -9156, 313, 313, 4059
4189, -9155, 312, 312, 4059
4188, -9155, 312, 312, 4059
4188, -9156, 312, 312, 4063
4188, -9156, 312, 312, 4063
4188, -9155, 312, 312, 4063
4189, -9156, 312, 312, 4063
4189, -9155, 312, 312, 4063
4189, -9154, 313, 313, 4063
4188, -9155, 312, 312, 4063
4189, -9155, 313, 313, 4063
4189, -9155, 313, 313, 4063
4189, -9155, 313, 313, 4063
4189, -9155, 313, 313, 4063
4189, -9155, 313, 313, 4063
4189, -9155, 313, 313, 4063
4190, -9155, 313, 313, 4063
4190, -9156, 313, 313, 4063
4190, -9156, 313, 313, 4063
4189, -9155, 313, 313, 4063
4190, -9155, 313, 313, 4063
4190, -9155, 313, 313, 4063
4188, -9155, 312, 312, 4063
4189, -9154, 313, 313, 4063
4190, -9155, 313, 313, 4063
4190, -9155, 313, 313, 4063
4189, -9155, 313, 313, 4063
4189, -9155, 313, 313, 4063
4190, -9155, 313, 313, 4059
4189, -9155, 313, 313, 4059
4190, -9155, 313, 313, 4059
4189, -9154, 313, 313, 4059
4189, -9155, 313, 313, 4059
4189, -9155, 313, 313, 4059
4190, -9155, 313, 313, 4059
4189, -9154, 313, 313, 4059
4189, -9154, 313, 313, 4059
4190, -9155, 313, 313, 4059
4190, -9155, 313, 313, 4059
4190, -9155, 313, 313, 4059
4189, -9156, 313, 313, 4059
4190, -9155, 313, 313, 4059
4190, -9154, 313, 313, 4059
4190, -9154, 313, 313, 4059
4190, -9154, 314, 314, 4059
4190, -9155, 313, 313, 4059
4190, -9155, 313, 313, 4059
4189, -9154, 313, 313, 4059
4189, -9154, 313, 313, 4059
4189, -9155, 313, 313, 4059
4189, -9155, 313, 313, 4059
4190, -9155, 313, 313, 4057
4190, -9155, 313, 313, 4057
4189, -9154, 313, 313, 4057
4190, -9155, 313, 313, 4057
4189, -9155, 313, 313, 4057
4190, -9156, 314, 314, 4057
4190, -9156, 314, 314, 4057
4190, -9154, 313, 313, 4057
4190, -9154, 313, 313, 4057
4190, -9155, 313, 313, 4057
4190, -9155, 313, 313, 4057
4190, -9155, 313, 313, 4057
4190, -9155, 313, 313, 4057
4190, -9155, 313, 313, 4057
4190, -9154, 314, 314, 4057
4190, -9155, 314, 314, 4057
4190, -9155, 313, 313, 4057
4045, -9185, 187, 187, 4057
4045, -9185, 187, 187, 4057
4013, -9178, 133, 133, 4057
4013, -9178, 133, 133, 4057
4017, -9178, 136, 136, 4057
4017, -9178, 136, 136, 4057
4017, -9178, 136, 136, 4057
4015, -9179, 137, 137, 4057
4015, -9179, 137, 137, 4057
4017, -9179, 138, 138, 4061
4015, -9178, 137, 137, 4061
4015, -9178, 137, 137, 4061
4014, -9179, 138, 138, 4061
4011, -9179, 138, 138, 4061
4013, -9178, 138, 138, 4061
4014, -9179, 138, 138, 4061
4014, -9179, 138, 138, 4061
4014, -9179, 139, 139, 4061
4018, -9178, 139, 139, 4061
4018, -9178, 139, 139, 4061
4018, -9178, 138, 138, 4061
4015, -9178, 139, 139, 4061
4012, -9178, 140, 140, 4061
4012, -9179, 140, 140, 4061
4012, -9179, 140, 140, 4061
4016, -9178, 139, 139, 4061
4016, -9178, 139, 139, 4061
4017, -9178, 139, 139, 4061
4013, -9178, 139, 139, 4061
4018, -9178, 140, 140, 4061
4018, -9178, 140, 140, 4061
4019, -9177, 140, 140, 4061
4018, -9177, 140, 140, 4063
4015, -9177, 139, 139, 4063
4013, -9179, 140, 140, 4063
4013, -9177, 139, 139, 4063
4013, -9178, 140, 140, 4063
4014, -9178, 139, 139, 4063
4014, -9178, 139, 139, 4063
4015, -9177, 140, 140, 4063
4015, -9177, 140, 140, 4063
4020, -9177, 140, 140, 4063
4021, -9177, 140, 140, 4063
4017, -9177, 140, 140, 4063
4017, -9177, 140, 140, 4063
4014, -9177, 140, 140, 4063
4014, -9177, 140, 140, 4063
4017, -9177, 140, 140, 4063
4017, -9178, 140, 140, 4063
4019, -9176, 140, 140, 4063
4019, -9176, 140, 140, 4063
4018, -9176, 140, 140, 4063
4014, -9177, 140, 140, 4063
4017, -9178, 140, 140, 4063
4020, -9176, 140, 140, 4059
4020, -9176, 140, 140, 4059
4015, -9177, 140, 140, 4059
4015, -9178, 140, 140, 4059
4014, -9177, 139, 139, 4059
4015, -9177, 141, 141, 4059
4015, -9177, 141, 141, 4059
4021, -9176, 141, 141, 4059
4019, -9177, 140, 140, 4059
4021, -9177, 141, 141, 4059
4021, -9177, 141, 141, 4059
4020, -9177, 140, 140, 4059
4020, -9177, 140, 140, 4059
4018, -9176, 140, 140, 4059
4017, -9176, 140, 140, 4059
4013, -9176, 140, 140, 4059
4014, -9177, 141, 141, 4059
4017, -9177, 141, 141, 4059
4017, -9177, 141, 141, 4059
4017, -9177, 141, 141, 4059
4017, -9176, 141, 141, 4059
4017, -9176, 141, 141, 4059
4021, -9176, 140, 140, 4059
4020, -9176, 140, 140, 4059
4019, -9176, 140, 140, 4059
4019, -9176, 140, 140, 4059
4014, -9177, 141, 141, 4059
4014, -9176, 141, 141, 4053
4014, -9176, 141, 141, 4053
4017, -9177, 141, 141, 4053
4019, -9176, 140, 140, 4053
4020, -9176, 140, 140, 4053
4020, -9176, 140, 140, 4053
4020, -9175, 141, 141, 4053
4018, -9175, 139, 139, 4053
4013, -9176, 140, 140, 4053
4013, -9176, 140, 140, 4053
4014, -9177, 141, 141, 4053
4014, -9176, 139, 139, 4053
4016, -9176, 140, 140, 4053
4020, -9176, 141, 141, 4053
4021, -9176, 140, 140, 4053
4022, -9176, 141, 141, 4053
4019, -9177, 140, 140, 4053
4018, -9177, 140, 140, 4053
4016, -9176, 141, 141, 4053
4014, -9177, 140, 140, 4053
4015, -9178, 141, 141, 4053
4019, -9176, 141, 141, 4053
4019, -9176, 141, 141, 4053
4019, -9176, 141, 141, 4053
4019, -9177, 141, 141, 4053
4021, -9175, 141, 141, 4059
4021, -9176, 142, 142, 4059
4025, -9176, 143, 143, 4059
4203, -9149, 239, 239, 4059
4203, -9149, 239, 239, 4059
4198, -9150, 324, 324, 4059
4195, -9151, 319, 319, 4059
4195, -9151, 319, 319, 4059
4193, -9151, 317, 317, 4059
4193, -9151, 317, 317, 4059
4193, -9151, 317, 317, 4059
4192, -9152, 316, 316, 4059
4192, -9152, 316, 316, 4059
4191, -9151, 315, 315, 4059
4192, -9151, 315, 315, 4059
4192, -9151, 315, 315, 4059
4192, -9151, 315, 315, 4059
4191, -9151, 315, 315, 4059
4191, -9152, 315, 315, 4059
4191, -9151, 315, 315, 4059
4191, -9151, 315, 315, 4059
4191, -9151, 315, 315, 4059
4191, -9151, 315, 315, 4059
4191, -9152, 315, 315, 4059
4191, -9152, 315, 315, 4055
4192, -9153, 315, 315, 4055
4191, -9152, 315, 315, 4055
4191, -9152, 315, 315, 4055
4191, -9150, 314, 314, 4055
4191, -9150, 314, 314, 4055
4191, -9152, 315, 315, 4055
4191, -9152, 315, 315, 4055
4190, -9152, 315, 315, 4055
4190, -9152, 315, 315, 4055
4191, -9152, 315, 315, 4055
4192, -9152, 315, 315, 4055
4191, -9152, 315, 315, 4055
4191, -9152, 315, 315, 4055
4191, -9152, 314, 314, 4055
4192, -9152, 315, 315, 4055
4192, -9152, 315, 315, 4055
4191, -9152, 315, 315, 4055
4191, -9152, 315, 315, 4055
4192, -9152, 315, 315, 4055
4193, -9151, 316, 316, 4055
4192, -9151, 316, 316, 4055
4191, -9152, 315, 315, 4055
4191, -9152, 315, 315, 4055
4191, -9151, 315, 315, 4055
4191, -9152, 315, 315, 4055
4191, -9152, 315, 315, 4055
4192, -9151, 315, 315, 4059
4192, -9152, 315, 315, 4059
4192, -9152, 315, 315, 4059
4192, -9152, 315, 315, 4059
4191, -9152, 315, 315, 4059
4191, -9152, 315, 315, 4059
4192, -9151, 316, 316, 4059
4192, -9151, 316, 316, 4059
4192, -9152, 316, 316, 4059
4192, -9152, 316, 316, 4059
4192, -9152, 315, 315, 4059
4191, -9151, 315, 315, 4059
4192, -9152, 315, 315, 4059
4192, -9152, 315, 315, 4059
4192, -9152, 315, 315, 4059
4191, -9151, 315, 315, 4059
4191, -9151, 315, 315, 4059
4191, -9151, 315, 315, 4059
4192, -9153, 315, 315, 4059
4191, -9151, 315, 315, 4059
4191, -9151, 314, 314, 4059
4191, -9151, 314, 314, 4059
4192, -9151, 315, 315, 4059
4191, -9151, 315, 315, 4059
4191, -9151, 315, 315, 4059
4191, -9150, 315, 315, 4059
4191, -9152, 315, 315, 4057
4191, -9151, 315, 315, 4057
4191, -9152, 315, 315, 4057
4192, -9151, 315, 315, 4057
4192, -9151, 315, 315, 4057
4191, -9150, 315, 315, 4057
4192, -9151, 315, 315, 4057
4192, -9151, 315, 315, 4057
4191, -9152, 315, 315, 4057
4191, -9152, 315, 315, 4057
4191, -9151, 315, 315, 4057
4192, -9151, 315, 315, 4057
4192, -9151, 315, 315, 4057
4192, -9151, 315, 315, 4057
4191, -9150, 316, 316, 4057
4192, -9151, 316, 316, 4057
4192, -9151, 316, 316, 4057
4192, -9151, 315, 315, 4057
4192, -9151, 316, 316, 4057
4192, -9151, 316, 316, 4057
4192, -9151, 316, 316, 4057
4192, -9151, 316, 316, 4057
4192, -9151, 316, 316, 4057
4192, -9150, 315, 315, 4057
4192, -9150, 315, 315, 4057
4192, -9150, 315, 315, 4059
4192, -9150, 315, 315, 4059
4192, -9150, 316, 316, 4059
4191, -9150, 315, 315, 4059
4192, -9150, 315, 315, 4059
4192, -9150, 315, 315, 4059
4193, -9151, 316, 316, 4059
4192, -9151, 316, 316, 4059
4192, -9151, 316, 316, 4059
4192, -9151, 316, 316, 4059
4192, -9150, 316, 316, 4059
4193, -9150, 316, 316, 4059
4192, -9150, 316, 316, 4059
4192, -9150, 316, 316, 4059
4192, -9150, 316, 316, 4059
4192, -9151, 315, 315, 4059
4192, -9151, 315, 315, 4059
4192, -9150, 316, 316, 4059
4191, -9150, 315, 315, 4059
4192, -9151, 316, 316, 4059
4191, -9150, 315, 315, 4059
4191, -9150, 315, 315, 4059
4192, -9150, 316, 316, 4059
4192, -9150, 316, 316, 4059
4191, -9150, 315, 315, 4059
4192, -9150, 315, 315, 4057
4192, -9151, 316, 316, 4057
4193, -9150, 316, 316, 4057
4005, -9178, 119, 119, 4057
4005, -9178, 119, 119, 4057
4015, -9174, 137, 137, 4057
4015, -9174, 137, 137, 4057
4014, -9175, 139, 139, 4057
4014, -9174, 140, 140, 4057
4014, -9174, 140, 140, 4057
4014, -9175, 141, 141, 4057
4014, -9175, 141, 141, 4057
4019, -9174, 141, 141, 4057
4019, -9173, 141, 141, 4057
4019, -9173, 141, 141, 4057
4020, -9174, 142, 142, 4057
4020, -9174, 142, 142, 4057
4020, -9173, 142, 142, 4057
4016, -9174, 143, 143, 4057
4016, -9174, 143, 143, 4057
4015, -9172, 142, 142, 4057
4018, -9174, 143, 143, 4057
4021, -9173, 142, 142, 4061
4021, -9173, 142, 142, 4061
4021, -9173, 143, 143, 4061
4019, -9173, 142, 142, 4061
4014, -9174, 142, 142, 4061
4015, -9173, 142, 142, 4061
4015, -9173, 143, 143, 4061
4016, -9174, 143, 143, 4061
4016, -9174, 143, 143, 4061
4016, -9174, 143, 143, 4061
4021, -9173, 143, 143, 4061
4017, -9173, 143, 143, 4061
4016, -9173, 143, 143, 4061
4017, -9173, 143, 143, 4061
4017, -9174, 143, 143, 4061
4023, -9172, 144, 144, 4061
4023, -9172, 144, 144, 4061
4022, -9173, 142, 142, 4061
4024, -9173, 143, 143, 4061
4024, -9173, 143, 143, 4061
4020, -9173, 143, 143, 4061
4021, -9173, 143, 143, 4061
4016, -9174, 143, 143, 4061
4017, -9173, 143, 143, 4059
4016, -9174, 144, 144, 4059
4022, -9172, 143, 143, 4059
4022, -9173, 143, 143, 4059
4022, -9173, 143, 143, 4059
4022, -9173, 143, 143, 4059
4020, -9173, 143, 143, 4059
4020, -9173, 143, 143, 4059
4020, -9173, 143, 143, 4059
4021, -9173, 143, 143, 4059
4021, -9173, 143, 143, 4059
4020, -9173, 143, 143, 4059
4016, -9173, 143, 143, 4059
4015, -9175, 143, 143, 4059
4020, -9173, 143, 143, 4059
4020, -9173, 143, 143, 4059
4020, -9173, 143, 143, 4059
4022, -9172, 143, 143, 4059
4022, -9172, 143, 143, 4059
4017, -9173, 143, 143, 4059
4021, -9173, 143, 143, 4059
4025, -9172, 144, 144, 4059
4025, -9172, 144, 144, 4059
4019, -9173, 143, 143, 4059
4019, -9173, 143, 143, 4059
4019, -9171, 144, 144, 4059
4017, -9172, 143, 143, 4059
4017, -9173, 143, 143, 4059
4017, -9173, 143, 143, 4059
4018, -9172, 144, 144, 4059
4018, -9172, 144, 144, 4059
4020, -9173, 144, 144, 4059
4024, -9172, 143, 143, 4059
4024, -9172, 143, 143, 4059
4020, -9172, 144, 144, 4059
4020, -9172, 143, 143, 4059
4016, -9173, 144, 144, 4059
4016, -9173, 144, 144, 4059
4021, -9173, 143, 143, 4059
4020, -9172, 143, 143, 4059
4021, -9172, 143, 143, 4059
4019, -9171, 143, 143, 4059
4019, -9171, 143, 143, 4059
4017, -9173, 144, 144, 4059
4021, -9172, 144, 144, 4059
4022, -9173, 144, 144, 4059
4022, -9173, 144, 144, 4059
4024, -9172, 145, 145, 4053
4021, -9171, 144, 144, 4053
4022, -9172, 144, 144, 4053
4022, -9172, 144, 144, 4053
4018, -9172, 144, 144, 4053
4018, -9172, 144, 144, 4053
4018, -9171, 144, 144, 4053
4017, -9172, 143, 143, 4053
4018, -9173, 144, 144, 4053
4019, -9173, 144, 144, 4053
4023, -9173, 145, 145, 4053
4022, -9172, 143, 143, 4053
4022, -9172, 143, 143, 4053
4023, -9171, 143, 143, 4053
4023, -9171, 143, 143, 4053
4034, -9170, 148, 148, 4053
4202, -9146, 332, 332, 4053
4199, -9147, 324, 324, 4053
4197, -9148, 322, 322, 4053
4197, -9148, 322, 322, 4053
4196, -9147, 321, 321, 4053
4196, -9148, 320, 320, 4053
4196, -9147, 319, 319, 4053
4196, -9147, 319, 319, 4053
4195, -9148, 319, 319, 4053
4196, -9149, 319, 319, 4053
4195, -9148, 319, 319, 4059
4195, -9148, 319, 319, 4059
4195, -9147, 318, 318, 4059
4195, -9147, 318, 318, 4059
4194, -9148, 318, 318, 4059
4194, -9148, 318, 318, 4059
4195, -9149, 318, 318, 4059
4194, -9147, 318, 318, 4059
4194, -9148, 318, 318, 4059
4194, -9148, 318, 318, 4059
4195, -9149, 318, 318, 4059
4194, -9149, 318, 318, 4059
4194, -9147, 318, 318, 4059
4195, -9148, 318, 318, 4059
4194, -9148, 318, 318, 4059
4195, -9148, 318, 318, 4059
4194, -9148, 318, 318, 4059
4194, -9148, 318, 318, 4059
4195, -9148, 318, 318, 4059
4194, -9148, 318, 318, 4059
4195, -9148, 318, 318, 4059
4195, -9147, 318, 318, 4059
4195, -9149, 319, 319, 4059
4195, -9149, 318, 318, 4059
4194, -9147, 318, 318, 4059
4195, -9148, 318, 318, 4059
4195, -9148, 318, 318, 4059
4194, -9148, 318, 318, 4055
4194, -9148, 318, 318, 4055
4194, -9148, 318, 318, 4055
4194, -9148, 318, 318, 4055
4195, -9147, 318, 318, 4055
4194, -9148, 318, 318, 4055
4194, -9148, 318, 318, 4055
4195, -9147, 318, 318, 4055
4194, -9148, 318, 318, 4055
4195, -9148, 318, 318, 4055
4194, -9148, 318, 318, 4055
4194, -9148, 318, 318, 4055
4194, -9149, 318, 318, 4055
4194, -9149, 318, 318, 4055
4194, -9147, 317, 317, 4055
4194, -9147, 317, 317, 4055
4195, -9147, 318, 318, 4055
4195, -9148, 319, 319, 4055
4195, -9148, 318, 318, 4055
4195, -9148, 318, 318, 4055
4194, -9147, 318, 318, 4055
4195, -9147, 318, 318, 4055
4194, -9148, 318, 318, 4055
4195, -9148, 318, 318, 4055
4195, -9148, 319, 319, 4066
4195, -9148, 319, 319, 4066
4195, -9147, 318, 318, 4066
4195, -9149, 319, 319, 4066
4195, -9148, 318, 318, 4066
4195, -9148, 318, 318, 4066
4195, -9148, 318, 318, 4066
4195, -9148, 318, 318, 4066
4195, -9148, 319, 319, 4066
4195, -9147, 318, 318, 4066
4195, -9148, 319, 319, 4066
4194, -9148, 318, 318, 4066
4195, -9147, 318, 318, 4066
4195, -9146, 319, 319, 4066
4195, -9147, 319, 319, 4066
4195, -9147, 319, 319, 4066
4196, -9146, 319, 319, 4066
4196, -9146, 319, 319, 4066
4194, -9147, 318, 318, 4066
4194, -9147, 318, 318, 4066
4195, -9147, 318, 318, 4066
4195, -9148, 318, 318, 4066
4195, -9148, 319, 319, 4066
4194, -9147, 318, 318, 4061
4194, -9147, 318, 318, 4061
4195, -9147, 319, 319, 4061
4196, -9147, 319, 319, 4061
4196, -9148, 319, 319, 4061
4195, -9147, 319, 319, 4061
4195, -9147, 319, 319, 4061
4195, -9147, 319, 319, 4061
4195, -9146, 319, 319, 4061
4195, -9146, 319, 319, 4061
4196, -9147, 319, 319, 4061
4196, -9147, 320, 320, 4061
4195, -9147, 319, 319, 4061
4196, -9147, 319, 319, 4061
4196, -9147, 319, 319, 4061
4195, -9147, 319, 319, 4061
4195, -9147, 319, 319, 4061
4196, -9146, 319, 319, 4061
4196, -9146, 319, 319, 4061
4196, -9146, 319, 319, 4061
4194, -9146, 319, 319, 4061
4195, -9147, 318, 318, 4061
4195, -9146, 319, 319, 4053
4195, -9146, 319, 319, 4053
4195, -9146, 319, 319, 4053
4195, -9147, 319, 319, 4053
4195, -9146, 319, 319, 4053
4195, -9147, 319, 319, 4053
4196, -9147, 319, 319, 4053
4195, -9147, 319, 319, 4053
4196, -9147, 320, 320, 4053
4196, -9146, 320, 320, 4053
4196, -9146, 320, 320, 4053
4195, -9146, 319, 319, 4053
3975, -9178, 197, 197, 4053
4021, -9170, 138, 138, 4053
4019, -9169, 140, 140, 4053
4021, -9169, 142, 142, 4053
4021, -9169, 142, 142, 4053
4016, -9171, 143, 143, 4053
4016, -9171, 143, 143, 4053
4017, -9170, 144, 144, 4053
4017, -9170, 144, 144, 4053
4018, -9171, 144, 144, 4053
4017, -9170, 144, 144, 4055
4017, -9170, 145, 145, 4055
4023, -9170, 145, 145, 4055
4023, -9170, 145, 145, 4055
4024, -9168, 145, 145, 4055
4024, -9169, 145, 145, 4055
4023, -9169, 144, 144, 4055
4022, -9169, 145, 145, 4055
4022, -9169, 145, 145, 4055
4022, -9169, 145, 145, 4055
4021, -9169, 145, 145, 4055
4018, -9170, 146, 146, 4055
4018, -9170, 146, 146, 4055
4018, -9169, 146, 146, 4055
4020, -9170, 146, 146, 4055
4025, -9168, 146, 146, 4055
4018, -9169, 145, 145, 4055
4025, -9169, 146, 146, 4055
4021, -9169, 146, 146, 4055
4019, -9169, 145, 145, 4055
4021, -9169, 146, 146, 4055
4018, -9169, 146, 146, 4055
4019, -9169, 146, 146, 4055
4020, -9170, 146, 146, 4053
4020, -9170, 146, 146, 4053
4020, -9169, 147, 147, 4053
4019, -9168, 146, 146, 4053
4021, -9169, 147, 147, 4053
4021, -9169, 147, 147, 4053
4025, -9169, 146, 146, 4053
4025, -9169, 146, 146, 4053
4025, -9169, 146, 146, 4053
4025, -9168, 146, 146, 4053
4026, -9168, 147, 147, 4053
4023, -9169, 146, 146, 4053
4024, -9168, 147, 147, 4053
4018, -9169, 146, 146, 4053
4018, -9169, 146, 146, 4053
4022, -9168, 146, 146, 4053
4024, -9169, 147, 147, 4053
4023, -9169, 146, 146, 4053
4023, -9169, 146, 146, 4053
4028, -9168, 147, 147, 4053
4021, -9169, 147, 147, 4053
4021, -9169, 147, 147, 4053
4021, -9169, 147, 147, 4053
4021, -9169, 147, 147, 4053
4018, -9168, 146, 146, 4053
4018, -9168, 146, 146, 4053
4019, -9169, 146, 146, 4053
4024, -9169, 147, 147, 4053
4024, -9168, 146, 146, 4053
4024, -9168, 146, 146, 4053
4025, -9169, 147, 147, 4053
4025, -9168, 146, 146, 4053
4025, -9168, 146, 146, 4053
4025, -9168, 146, 146, 4053
4025, -9167, 147, 147, 4053
4025, -9167, 147, 147, 4053
4021, -9168, 147, 147, 4053
4022, -9168, 147, 147, 4053
4022, -9168, 147, 147, 4053
4023, -9169, 146, 146, 4053
4023, -9168, 147, 147, 4053
4029, -9168, 147, 147, 4053
4029, -9168, 147, 147, 4053
4027, -9167, 147, 147, 4053
4027, -9167, 147, 147, 4053
4027, -9167, 147, 147, 4053
4025, -9168, 147, 147, 4053
4029, -9167, 147, 147, 4053
4028, -9167, 147, 147, 4053
4023, -9167, 148, 148, 4053
4023, -9168, 148, 148, 4053
4020, -9168, 147, 147, 4053
4021, -9169, 147, 147, 4053
4020, -9169, 148, 148, 4053
4024, -9169, 147, 147, 4053
4025, -9167, 148, 148, 4053
4026, -9168, 147, 147, 4053
4027, -9167, 147, 147, 4053
4022, -9168, 147, 147, 4053
4021, -9169, 147, 147, 4053
4021, -9169, 147, 147, 4053
4021, -9168, 147, 147, 4053
4023, -9167, 147, 147, 4053
4023, -9168, 147, 147, 4053
4023, -9168, 147, 147, 4053
4024, -9167, 148, 148, 4053
4027, -9167, 148, 148, 4053
4026, -9168, 147, 147, 4053
4025, -9168, 148, 148, 4053
4025, -9167, 148, 148, 4053
4024, -9167, 148, 148, 4053
4022, -9168, 148, 148, 4053
4025, -9167, 147, 147, 4053
4025, -9167, 147, 147, 4053
4020, -9168, 147, 147, 4053
4026, -9168, 147, 147, 4053
4032, -9165, 148, 148, 4053
4206, -9142, 335, 335, 4057
4203, -9143, 328, 328, 4057
4203, -9143, 328, 328, 4057
4201, -9143, 325, 325, 4057
4201, -9143, 325, 325, 4057
4199, -9143, 323, 323, 4057
4199, -9143, 323, 323, 4057
4199, -9144, 322, 322, 4057
4199, -9143, 322, 322, 4057
4199, -9143, 322, 322, 4057
4198, -9143, 321, 321, 4057
4198, -9143, 322, 322, 4057
4198, -9143, 322, 322, 4057
4198, -9143, 322, 322, 4057
4198, -9144, 321, 321, 4057
4199, -9144, 322, 322, 4057
4199, -9144, 322, 322, 4057
4198, -9144, 322, 322, 4057
4198, -9144, 322, 322, 4057
4198, -9144, 322, 322, 4057
4198, -9143, 322, 322, 4057
4198, -9144, 322, 322, 4057
4198, -9144, 322, 322, 4057
4198, -9144, 321, 321, 4059
4199, -9144, 322, 322, 4059
4199, -9144, 322, 322, 4059
4198, -9143, 321, 321, 4059
4197, -9143, 321, 321, 4059
4198, -9144, 321, 321, 4059
4197, -9143, 321, 321, 4059
4197, -9143, 321, 321, 4059
4197, -9144, 321, 321, 4059
4197, -9143, 321, 321, 4059
4197, -9145, 321, 321, 4059
4198, -9144, 321, 321, 4059
4198, -9144, 321, 321, 4059
4197, -9143, 321, 321, 4059
4199, -9143, 322, 322, 4059
4199, -9143, 322, 322, 4059
4197, -9143, 321, 321, 4059
4198, -9143, 321, 321, 4059
4198, -9144, 322, 322, 4059
4198, -9143, 321, 321, 4059
4198, -9143, 321, 321, 4059
4198, -9143, 321, 321, 4059
4198, -9143, 322, 322, 4059
4198, -9143, 322, 322, 4059
4198, -9143, 321, 321, 4059
4197, -9143, 321, 321, 4059
4197, -9143, 321, 321, 4059
4198, -9142, 322, 322, 4063
4198, -9143, 321, 321, 4063
4198, -9143, 321, 321, 4063
4198, -9142, 322, 322, 4063
4198, -9143, 322, 322, 4063
4198, -9143, 322, 322, 4063
4197, -9142, 322, 322, 4063
4197, -9142, 322, 322, 4063
4198, -9143, 321, 321, 4063
4198, -9142, 322, 322, 4063
4198, -9142, 322, 322, 4063
4197, -9141, 321, 321, 4063
4198, -9142, 322, 322, 4063
4198, -9142, 322, 322, 4063
4198, -9142, 322, 322, 4063
4199, -9142, 322, 322, 4063
4198, -9143, 322, 322, 4063
4199, -9142, 322, 322, 4063
4199, -9143, 322, 322, 4063
4198, -9142, 322, 322, 4063
4198, -9142, 321, 321, 4063
4199, -9143, 322, 322, 4063
4198, -9142, 322, 322, 4063
4198, -9142, 322, 322, 4057
4198, -9142, 322, 322, 4057
4198, -9143, 322, 322, 4057
4199, -9143, 323, 323, 4057
4199, -9143, 323, 323, 4057
4198, -9142, 322, 322, 4057
4199, -9142, 322, 322, 4057
4198, -9142, 322, 322, 4057
4198, -9142, 322, 322, 4057
4199, -9142, 322, 322, 4057
4199, -9142, 322, 322, 4057
4199, -9143, 322, 322, 4057
4199, -9143, 322, 322, 4057
4199, -9142, 322, 322, 4057
4199, -9141, 323, 323, 4057
4200, -9141, 323, 323, 4057
4198, -9142, 323, 323, 4057
4198, -9142, 322, 322, 4057
4199, -9142, 322, 322, 4057
4199, -9142, 322, 322, 4057
4198, -9142, 322, 322, 4057
4199, -9141, 322, 322, 4057
4199, -9142, 323, 323, 4057
4199, -9142, 323, 323, 4057
4199, -9142, 322, 322, 4057
4199, -9142, 322, 322, 4057
4199, -9142, 322, 322, 4057
4198, -9142, 322, 322, 4057
4199, -9142, 323, 323, 4061
4199, -9142, 322, 322, 4061
4199, -9142, 322, 322, 4061
4198, -9142, 322, 322, 4061
4198, -9142, 322, 322, 4061
4199, -9142, 322, 322, 4061
4198, -9141, 322, 322, 4061
4199, -9142, 322, 322, 4061
4198, -9142, 322, 322, 4061
4198, -9142, 322, 322, 4061
4198, -9140, 322, 322, 4061
4200, -9141, 322, 322, 4061
4199, -9142, 323, 323, 4061
4200, -9141, 323, 323, 4061
4200, -9141, 323, 323, 4061
4199, -9141, 322, 322, 4061
4199, -9141, 322, 322, 4061
4199, -9141, 322, 322, 4061
4199, -9141, 323, 323, 4061
4199, -9140, 323, 323, 4061
4199, -9142, 323, 323, 4061
4199, -9140, 322, 322, 4061
4199, -9140, 322, 322, 4061
3992, -9164, 175, 175, 4061
4021, -9166, 138, 138, 4063
4016, -9165, 143, 143, 4063
4017, -9165, 144, 144, 4063
4017, -9165, 144, 144, 4063
4018, -9164, 145, 145, 4063
4020, -9166, 146, 146, 4063
4022, -9165, 147, 147, 4063
4022, -9165, 147, 147, 4063
4022, -9166, 148, 148, 4063
4023, -9165, 148, 148, 4063
4028, -9163, 148, 148, 4063
4028, -9165, 147, 147, 4063
4028, -9165, 147, 147, 4063
4026, -9164, 148, 148, 4063
4022, -9165, 149, 149, 4063
4022, -9165, 149, 149, 4063
4026, -9164, 149, 149, 4063
4021, -9165, 149, 149, 4063
4021, -9165, 149, 149, 4063
4022, -9165, 149, 149, 4063
4022, -9165, 149, 149, 4063
4023, -9165, 149, 149, 4063
4027, -9164, 149, 149, 4063
4027, -9164, 149, 149, 4063
4029, -9163, 149, 149, 4063
4024, -9164, 149, 149, 4063
4024, -9164, 149, 149, 4063
4025, -9163, 149, 149, 4066
4023, -9164, 149, 149, 4066
4027, -9164, 150, 150, 4066
4027, -9164, 150, 150, 4066
4027, -9164, 150, 150, 4066
4028, -9164, 149, 149, 4066
4029, -9163, 150, 150, 4066
4028, -9163, 149, 149, 4066
4024, -9163, 150, 150, 4066
4024, -9163, 150, 150, 4066
4024, -9164, 150, 150, 4066
4025, -9164, 149, 149, 4066
4024, -9164, 149, 149, 4066
4024, -9164, 149, 149, 4066
4029, -9163, 150, 150, 4066
4029, -9163, 150, 150, 4066
4029, -9163, 150, 150, 4066
4029, -9163, 150, 150, 4066
4027, -9164, 150, 150, 4066
4027, -9164, 150, 150, 4066
4022, -9164, 150, 150, 4066
4022, -9164, 150, 150, 4066
4026, -9164, 150, 150, 4066
4026, -9164, 150, 150, 4066
4029, -9162, 150, 150, 4066
4029, -9162, 151, 151, 4053
4027, -9164, 150, 150, 4053
4023, -9164, 150, 150, 4053
4023, -9164, 150, 150, 4053
4028, -9164, 151, 151, 4053
4029, -9163, 150, 150, 4053
4030, -9163, 150, 150, 4053
4030, -9162, 150, 150, 4053
4030, -9162, 150, 150, 4053
4031, -9162, 151, 151, 4053
4024, -9163, 150, 150, 4053
4025, -9163, 151, 151, 4053
4024, -9164, 151, 151, 4053
4030, -9163, 150, 150, 4053
4031, -9162, 151, 151, 4053
4031, -9164, 151, 151, 4053
4026, -9164, 151, 151, 4053
4027, -9163, 151, 151, 4053
4027, -9163, 151, 151, 4053
4030, -9162, 150, 150, 4053
4026, -9163, 151, 151, 4053
4026, -9162, 150, 150, 4053
4029, -9162, 151, 151, 4051
4029, -9162, 151, 151, 4051
4028, -9163, 151, 151, 4051
4023, -9163, 151, 151, 4051
4025, -9163, 151, 151, 4051
4024, -9163, 151, 151, 4051
4023, -9164, 151, 151, 4051
4029, -9162, 152, 152, 4051
4029, -9163, 151, 151, 4051
4029, -9163, 151, 151, 4051
4031, -9162, 151, 151, 4051
4029, -9162, 150, 150, 4051
4029, -9162, 151, 151, 4051
4025, -9162, 151, 151, 4051
4025, -9162, 151, 151, 4051
4024, -9162, 151, 151, 4051
4026, -9163, 151, 151, 4051
4026, -9163, 151, 151, 4051
4031, -9162, 151, 151, 4051
4031, -9162, 151, 151, 4051
4031, -9163, 151, 151, 4051
4029, -9162, 152, 152, 4051
4029, -9161, 151, 151, 4051
4028, -9162, 151, 151, 4051
4023, -9163, 151, 151, 4051
4024, -9163, 151, 151, 4051
4024, -9163, 151, 151, 4051
4027, -9163, 151, 151, 4051
4023, -9163, 151, 151, 4051
4027, -9161, 152, 152, 4051
4047, -9162, 155, 155, 4051
4047, -9162, 155, 155, 4051
4215, -9136, 244, 244, 4051
4206, -9137, 330, 330, 4051
4206, -9137, 330, 330, 4051
4204, -9138, 329, 329, 4051
4204, -9138, 328, 328, 4051
4204, -9139, 327, 327, 4051
4203, -9138, 327, 327, 4051
4203, -9138, 326, 326, 4051
4203, -9138, 326, 326, 4051
4202, -9138, 326, 326, 4051
4202, -9138, 326, 326, 4051
4203, -9138, 326, 326, 4051
4202, -9138, 326, 326, 4051
4202, -9138, 326, 326, 4051
4202, -9138, 326, 326, 4051
4203, -9138, 326, 326, 4063
4203, -9138, 326, 326, 4063
4202, -9138, 325, 325, 4063
4203, -9138, 326, 326, 4063
4202, -9138, 326, 326, 4063
4202, -9138, 326, 326, 4063
4203, -9138, 326, 326, 4063
4203, -9138, 326, 326, 4063
4202, -9137, 326, 326, 4063
4202, -9138, 326, 326, 4063
4202, -9137, 326, 326, 4063
4202, -9136, 326, 326, 4063
4202, -9136, 326, 326, 4063
4203, -9138, 326, 326, 4063
4202, -9138, 325, 325, 4063
4202, -9138, 325, 325, 4063
4201, -9138, 325, 325, 4063
4201, -9138, 325, 325, 4063
4202, -9137, 325, 325, 4063
4202, -9137, 325, 325, 4063
4202, -9139, 326, 326, 4063
4202, -9139, 326, 326, 4063
4201, -9138, 325, 325, 4063
4201, -9138, 325, 325, 4063
4201, -9138, 325, 325, 4063
4202, -9138, 325, 325, 4057
4202, -9138, 325, 325, 4057
4201, -9138, 325, 325, 4057
4203, -9138, 326, 326, 4057
4201, -9138, 326, 326, 4057
4201, -9138, 325, 325, 4057
4202, -9138, 326, 326, 4057
4202, -9137, 326, 326, 4057
4202, -9138, 326, 326, 4057
4202, -9138, 326, 326, 4057
4203, -9138, 326, 326, 4057
4202, -9138, 326, 326, 4057
4202, -9137, 326, 326, 4057
4202, -9137, 326, 326, 4057
4202, -9137, 326, 326, 4057
4203, -9138, 326, 326, 4057
4200, -9137, 326, 326, 4057
4200, -9137, 326, 326, 4057
4202, -9137, 326, 326, 4057
4203, -9137, 326, 326, 4057
4203, -9137, 326, 326, 4057
4202, -9138, 326, 326, 4057
4202, -9137, 326, 326, 4057
4202, -9137, 326, 326, 4057
4203, -9137, 326, 326, 4057
4202, -9138, 326, 326, 4057
4202, -9138, 326, 326, 4057
4202, -9138, 326, 326, 4051
4203, -9136, 326, 326, 4051
4203, -9136, 326, 326, 4051
4203, -9137, 326, 326, 4051
4203, -9138, 327, 327, 4051
4204, -9137, 326, 326, 4051
4202, -9136, 326, 326, 4051
4203, -9137, 326, 326, 4051
4203, -9137, 326, 326, 4051
4202, -9137, 326, 326, 4051
4203, -9137, 326, 326, 4051
4203, -9137, 326, 326, 4051
4203, -9137, 326, 326, 4051
4203, -9136, 326, 326, 4051
4203, -9136, 326, 326, 4051
4203, -9137, 327, 327, 4051
4203, -9136, 326, 326, 4051
4202, -9138, 326, 326, 4051
4202, -9136, 326, 326, 4051
4203, -9137, 326, 326, 4051
4203, -9137, 326, 326, 4051
4203, -9136, 326, 326, 4051
4202, -9136, 326, 326, 4051
4203, -9137, 326, 326, 4051
4203, -9137, 326, 326, 4051
4203, -9137, 326, 326, 4051
4203, -9137, 326, 326, 4051
4203, -9136, 326, 326, 4057
4202, -9136, 326, 326, 4057
4203, -9137, 326, 326, 4057
4203, -9136, 326, 326, 4057
4203, -9137, 326, 326, 4057
4202, -9136, 326, 326, 4057
4202, -9135, 326, 326, 4057
4202, -9137, 327, 327, 4057
4204, -9137, 327, 327, 4057
4204, -9137, 327, 327, 4057
4204, -9136, 327, 327, 4057
4203, -9136, 327, 327, 4057
4203, -9137, 327, 327, 4057
4203, -9136, 327, 327, 4057
4203, -9136, 327, 327, 4057
4204, -9136, 327, 327, 4057
4204, -9136, 327, 327, 4057
4204, -9137, 327, 327, 4057
4203, -9137, 327, 327, 4057
4203, -9136, 327, 327, 4057
4203, -9136, 327, 327, 4057
4204, -9136, 327, 327, 4057
4204, -9136, 327, 327, 4057
4203, -9136, 327, 327, 4057
4203, -9136, 327, 327, 4057
4204, -9136, 327, 327, 4057
4203, -9136, 327, 327, 4057
4204, -9136, 327, 327, 4057
4203, -9136, 328, 328, 4057
4204, -9136, 327, 327, 4057
4204, -9136, 327, 327, 4057
4012, -9161, 132, 132, 4057
4012, -9161, 132, 132, 4057
4030, -9160, 149, 149, 4057
4030, -9160, 149, 149, 4057
4029, -9159, 149, 149, 4057
4024, -9160, 150, 150, 4057
4025, -9160, 152, 152, 4057
4025, -9160, 152, 152, 4057
4029, -9160, 152, 152, 4057
4029, -9160, 153, 153, 4057
4029, -9160, 153, 153, 4057
4030, -9160, 152, 152, 4057
4033, -9158, 152, 152, 4057
4032, -9158, 152, 152, 4057
4032, -9159, 153, 153, 4057
4032, -9159, 153, 153, 4057
4027, -9159, 153, 153, 4057
4027, -9159, 153, 153, 4063
4026, -9160, 153, 153, 4063
4031, -9159, 153, 153, 4063
4031, -9159, 153, 153, 4063
4032, -9159, 153, 153, 4063
4033, -9159, 154, 154, 4063
4033, -9159, 154, 154, 4063
4033, -9158, 154, 154, 4063
4032, -9158, 154, 154, 4063
4026, -9158, 154, 154, 4063
4027, -9159, 154, 154, 4063
4028, -9159, 153, 153, 4063
4034, -9159, 154, 154, 4063
4034, -9159, 154, 154, 4063
4031, -9158, 155, 155, 4063
4031, -9158, 155, 155, 4063
4031, -9157, 154, 154, 4063
4027, -9160, 154, 154, 4063
4030, -9159, 154, 154, 4063
4030, -9159, 154, 154, 4063
4030, -9159, 154, 154, 4063
4033, -9158, 155, 155, 4059
4034, -9158, 154, 154, 4059
4034, -9158, 154, 154, 4059
4031, -9159, 154, 154, 4059
4036, -9158, 154, 154, 4059
4036, -9158, 154, 154, 4059
4029, -9157, 154, 154, 4059
4031, -9159, 155, 155, 4059
4031, -9159, 155, 155, 4059
4026, -9160, 155, 155, 4059
4029, -9157, 154, 154, 4059
4028, -9159, 155, 155, 4059
4029, -9158, 154, 154, 4059
4028, -9159, 154, 154, 4059
4029, -9159, 155, 155, 4059
4034, -9158, 155, 155, 4059
4034, -9158, 154, 154, 4059
4032, -9158, 155, 155, 4059
4029, -9158, 155, 155, 4059
4027, -9159, 155, 155, 4059
4027, -9159, 155, 155, 4059
4030, -9159, 155, 155, 4059
4031, -9159, 155, 155, 4059
4034, -9158, 155, 155, 4059
4031, -9159, 155, 155, 4059
4031, -9159, 155, 155, 4059
4033, -9158, 156, 156, 4055
4033, -9158, 156, 156, 4055
4033, -9158, 156, 156, 4055
4027, -9158, 155, 155, 4055
4028, -9158, 155, 155, 4055
4031, -9158, 154, 154, 4055
4031, -9158, 154, 154, 4055
4032, -9158, 155, 155, 4055
4036, -9158, 156, 156, 4055
4029, -9159, 155, 155, 4055
4029, -9159, 155, 155, 4055
4030, -9158, 155, 155, 4055
4029, -9159, 155, 155, 4055
4029, -9159, 155, 155, 4055
4030, -9158, 156, 156, 4055
4029, -9158, 156, 156, 4055
4031, -9159, 155, 155, 4055
4029, -9158, 155, 155, 4055
4032, -9158, 156, 156, 4055
4030, -9158, 156, 156, 4055
4035, -9157, 155, 155, 4055
4035, -9157, 155, 155, 4055
4033, -9157, 155, 155, 4055
4032, -9158, 155, 155, 4055
4031, -9158, 155, 155, 4059
4028, -9158, 155, 155, 4059
4029, -9159, 155, 155, 4059
4035, -9158, 155, 155, 4059
4035, -9158, 155, 155, 4059
4035, -9157, 155, 155, 4059
4035, -9157, 155, 155, 4059
4032, -9158, 154, 154, 4059
4027, -9158, 155, 155, 4059
4027, -9158, 155, 155, 4059
4027, -9158, 155, 155, 4059
4032, -9157, 155, 155, 4059
4033, -9157, 155, 155, 4059
4034, -9156, 155, 155, 4059
4035, -9157, 155, 155, 4059
4035, -9155, 155, 155, 4059
4035, -9155, 155, 155, 4059
4028, -9156, 155, 155, 4059
4022, -9156, 158, 158, 4059
4022, -9156, 158, 158, 4059
4222, -9130, 238, 238, 4059
4210, -9132, 335, 335, 4059
4210, -9132, 335, 335, 4059
4210, -9133, 333, 333, 4059
4208, -9133, 332, 332, 4059
4208, -9133, 331, 331, 4059
4207, -9133, 331, 331, 4059
4207, -9133, 331, 331, 4059
4208, -9133, 331, 331, 4059
4207, -9132, 331, 331, 4059
4206, -9134, 330, 330, 4059
4206, -9134, 330, 330, 4059
4207, -9133, 331, 331, 4059
4206, -9133, 330, 330, 4059
4206, -9132, 330, 330, 4059
4207, -9132, 330, 330, 4059
4207, -9132, 330, 330, 4059
4207, -9132, 331, 331, 4059
4207, -9134, 330, 330, 4059
4207, -9134, 330, 330, 4059
4206, -9133, 330, 330, 4059
4207, -9133, 330, 330, 4059
4206, -9133, 330, 330, 4059
4206, -9133, 330, 330, 4059
4206, -9133, 330, 330, 4059
4206, -9133, 330, 330, 4059
4206, -9133, 330, 330, 4059
4206, -9133, 330, 330, 4057
4206, -9132, 330, 330, 4057
4206, -9133, 330, 330, 4057
4206, -9132, 329, 329, 4057
4206, -9133, 330, 330, 4057
4206, -9133, 330, 330, 4057
4206, -9132, 330, 330, 4057
4207, -9133, 330, 330, 4057
4207, -9133, 330, 330, 4057
4207, -9133, 330, 330, 4057
4207, -9133, 330, 330, 4057
4206, -9132, 330, 330, 4057
4206, -9132, 330, 330, 4057
4206, -9133, 330, 330, 4057
4207, -9133, 330, 330, 4057
4207, -9132, 330, 330, 4057
4207, -9133, 330, 330, 4057
4206, -9132, 330, 330, 4057
4206, -9132, 330, 330, 4057
4207, -9133, 330, 330, 4057
4207, -9133, 331, 331, 4057
4207, -9133, 330, 330, 4057
4207, -9133, 330, 330, 4057
4206, -9133, 330, 330, 4055
4206, -9133, 330, 330, 4055
4206, -9133, 330, 330, 4055
4207, -9133, 330, 330, 4055
4207, -9133, 330, 330, 4055
4207, -9132, 331, 331, 4055
4207, -9132, 331, 331, 4055
4206, -9132, 330, 330, 4055
4207, -9133, 330, 330, 4055
4207, -9132, 331, 331, 4055
4207, -9132, 330, 330, 4055
4207, -9132, 330, 330, 4055
4206, -9132, 330, 330, 4055
4207, -9132, 330, 330, 4055
4207, -9132, 330, 330, 4055
4207, -9133, 331, 331, 4055
4207, -9133, 331, 331, 4055
4207, -9131, 331, 331, 4055
4207, -9131, 331, 331, 4055
4207, -9131, 331, 331, 4055
4207, -9131, 330, 330, 4055
4208, -9131, 331, 331, 4055
4208, -9131, 331, 331, 4055
4208, -9132, 331, 331, 4055
4207, -9131, 331, 331, 4055
4208, -9132, 331, 331, 4053
4208, -9132, 331, 331, 4053
4207, -9130, 331, 331, 4053
4207, -9131, 331, 331, 4053
4208, -9131, 331, 331, 4053
4208, -9130, 331, 331, 4053
4208, -9131, 331, 331, 4053
4208, -9131, 331, 331, 4053
4207, -9131, 331, 331, 4053
4207, -9131, 331, 331, 4053
4207, -9132, 331, 331, 4053
4208, -9131, 331, 331, 4053
4206, -9131, 331, 331, 4053
4208, -9131, 331, 331, 4053
4208, -9131, 331, 331, 4053
4208, -9131, 331, 331, 4053
4208, -9130, 332, 332, 4053
4208, -9130, 332, 332, 4053
4207, -9132, 331, 331, 4053
4207, -9132, 331, 331, 4053
4207, -9131, 331, 331, 4053
4207, -9132, 331, 331, 4053
4207, -9132, 331, 331, 4053
4208, -9132, 332, 332, 4053
4209, -9131, 332, 332, 4053
4209, -9131, 332, 332, 4053
4207, -9131, 332, 332, 4059
4207, -9132, 331, 331, 4059
4208, -9132, 331, 331, 4059
4208, -9132, 331, 331, 4059
4207, -9131, 331, 331, 4059
4207, -9130, 331, 331, 4059
4207, -9131, 331, 331, 4059
4207, -9131, 331, 331, 4059
4208, -9131, 331, 331, 4059
4208, -9131, 332, 332, 4059
4208, -9130, 331, 331, 4059
4208, -9131, 332, 332, 4059
4208, -9131, 332, 332, 4059
4208, -9130, 332, 332, 4059
4209, -9131, 332, 332, 4059
4209, -9131, 332, 332, 4059
4208, -9131, 332, 332, 4059
4208, -9132, 331, 331, 4059
4208, -9131, 332, 332, 4059
4207, -9131, 331, 331, 4059
4207, -9131, 331, 331, 4059
4208, -9130, 331, 331, 4059
4208, -9131, 332, 332, 4059
4208, -9130, 331, 331, 4059
4208, -9131, 332, 332, 4059
4208, -9131, 332, 332, 4059
4209, -9132, 332, 332, 4059
4209, -9131, 333, 333, 4055
4209, -9131, 333, 333, 4055
4208, -9131, 332, 332, 4055
4208, -9131, 331, 331, 4055
4208, -9131, 332, 332, 4055
4209, -9131, 332, 332, 4055
4209, -9131, 332, 332, 4055
4208, -9130, 332, 332, 4055
4208, -9131, 332, 332, 4055
4208, -9130, 332, 332, 4055
4208, -9130, 332, 332, 4055
4208, -9131, 332, 332, 4055
4208, -9131, 332, 332, 4055
4208, -9130, 332, 332, 4055
4208, -9130, 332, 332, 4055
4208, -9130, 332, 332, 4055
4209, -9130, 332, 332, 4055
4208, -9130, 332, 332, 4055
4208, -9130, 332, 332, 4055
4208, -9131, 332, 332, 4055
4209, -9130, 332, 332, 4055
4209, -9130, 332, 332, 4055
4209, -9131, 332, 332, 4055
4209, -9130, 332, 332, 4055
4209, -9130, 332, 332, 4055
4209, -9130, 332, 332, 4055
4209, -9130, 332, 332, 4055
4209, -9131, 332, 332, 4055
4209, -9130, 332, 332, 4055
4209, -9130, 332, 332, 4055
4209, -9131, 333, 333, 4055
4209, -9129, 332, 332, 4055
4209, -9129, 332, 332, 4055
4208, -9129, 332, 332, 4055
4208, -9129, 332, 332, 4055
4209, -9130, 333, 333, 4055
4209, -9129, 332, 332, 4055
4210, -9130, 332, 332, 4055
4209, -9129, 332, 332, 4055
4209, -9129, 332, 332, 4055
4210, -9130, 333, 333, 4055
4210, -9130, 333, 333, 4055
4209, -9130, 333, 333, 4055
4208, -9130, 332, 332, 4055
4208, -9130, 332, 332, 4055
4208, -9130, 332, 332, 4055
4208, -9130, 332, 332, 4055
4208, -9130, 332, 332, 4055
4209, -9130, 332, 332, 4055
4209, -9129, 332, 332, 4055
4209, -9129, 332, 332, 4055
4209, -9129, 332, 332, 4055
4209, -9131, 333, 333, 4063
4209, -9131, 333, 333, 4063
4209, -9129, 332, 332, 4063
4209, -9130, 333, 333, 4063
4208, -9130, 332, 332, 4063
4209, -9129, 333, 333, 4063
4209, -9129, 333, 333, 4063
4209, -9129, 333, 333, 4063
4209, -9130, 333, 333, 4063
4209, -9130, 332, 332, 4063
4210, -9129, 333, 333, 4063
4210, -9130, 333, 333, 4063
4210, -9130, 333, 333, 4063
4209, -9129, 333, 333, 4063
4209, -9129, 333, 333, 4063
4209, -9129, 333, 333, 4063
4209, -9129, 333, 333, 4063
4210, -9129, 334, 334, 4063
4210, -9129, 333, 333, 4063
4208, -9129, 332, 332, 4063
4208, -9129, 332, 332, 4063
4209, -9130, 333, 333, 4063
