4082, -9322, 206, 206, -1820
4082, -9323, 206, 206, -1820
4083, -9322, 206, 206, -1820
4083, -9322, 206, 206, -1820
4083, -9323, 206, 206, -1820
4081, -9323, 206, 206, -1820
4080, -9323, 205, 205, -1820
4080, -9323, 205, 205, -1820
4082, -9322, 205, 205, -1820
4082, -9323, 205, 205, -1820
4082, -9323, 205, 205, -1820
4083, -9323, 205, 205, -1820
4082, -9323, 206, 206, -1820
4082, -9323, 205, 205, -1820
4082, -9323, 205, 205, -1820
4081, -9323, 206, 206, -1820
4083, -9323, 206, 206, -1820
4082, -9324, 206, 206, -1820
4082, -9324, 206, 206, -1820
4083, -9322, 206, 206, -1820
4082, -9322, 205, 205, -1802
4082, -9323, 205, 205, -1802
4082, -9323, 205, 205, -1802
4083, -9323, 206, 206, -1802
4081, -9323, 205, 205, -1802
4081, -9324, 205, 205, -1802
4081, -9324, 205, 205, -1802
4082, -9324, 205, 205, -1802
4081, -9323, 205, 205, -1802
4081, -9324, 205, 205, -1802
4082, -9323, 205, 205, -1802
4082, -9323, 205, 205, -1802
4082, -9323, 205, 205, -1802
4080, -9324, 204, 204, -1802
4080, -9323, 205, 205, -1802
4080, -9323, 205, 205, -1802
4082, -9324, 205, 205, -1802
4082, -9324, 205, 205, -1802
4082, -9323, 205, 205, -1802
4082, -9323, 205, 205, -1802
4082, -9324, 205, 205, -1802
4080, -9324, 204, 204, -1802
4080, -9324, 204, 204, -1802
4081, -9324, 205, 205, -1802
4081, -9324, 204, 204, -1802
4081, -9325, 204, 204, -1789
4081, -9325, 204, 204, -1789
4082, -9324, 205, 205, -1789
4080, -9322, 205, 205, -1789
4081, -9324, 204, 204, -1789
4081, -9324, 204, 204, -1789
4080, -9324, 205, 205, -1789
4082, -9323, 204, 204, -1789
4082, -9323, 204, 204, -1789
4080, -9324, 204, 204, -1789
4079, -9324, 204, 204, -1789
4080, -9323, 205, 205, -1789
4080, -9324, 204, 204, -1789
4080, -9324, 204, 204, -1789
4080, -9324, 204, 204, -1789
4081, -9325, 205, 205, -1789
4082, -9324, 205, 205, -1789
4082, -9324, 205, 205, -1789
4081, -9324, 204, 204, -1789
4080, -9323, 204, 204, -1789
4081, -9323, 205, 205, -1789
4080, -9324, 204, 204, -1789
4081, -9323, 205, 205, -1789
4080, -9323, 204, 204, -1789
4081, -9323, 204, 204, -1789
4081, -9324, 204, 204, -1789
4079, -9324, 205, 205, -1779
4079, -9324, 205, 205, -1779
4080, -9324, 204, 204, -1779
4080, -9323, 204, 204, -1779
4079, -9324, 203, 203, -1779
4079, -9324, 203, 203, -1779
4080, -9324, 204, 204, -1779
4080, -9324, 204, 204, -1779
4081, -9324, 204, 204, -1779
4081, -9324, 204, 204, -1779
4080, -9324, 204, 204, -1779
4080, -9324, 204, 204, -1779
4080, -9323, 204, 204, -1779
4081, -9323, 204, 204, -1779
4080, -9324, 204, 204, -1779
4080, -9324, 204, 204, -1779
4080, -9324, 204, 204, -1779
4079, -9324, 203, 203, -1779
4081, -9323, 204, 204, -1779
4081, -9323, 204, 204, -1779
4080, -9324, 204, 204, -1779
4079, -9323, 204, 204, -1779
4079, -9323, 204, 204, -1779
4081, -9324, 204, 204, -1779
4081, -9324, 204, 204, -1779
4081, -9323, 204, 204, -1779
4080, -9324, 204, 204, -1779
4080, -9324, 204, 204, -1779
4080, -9324, 203, 203, -1783
4081, -9324, 204, 204, -1783
4080, -9323, 204, 204, -1783
4080, -9324, 204, 204, -1783
4080, -9324, 204, 204, -1783
4081, -9324, 204, 204, -1783
4081, -9324, 204, 204, -1783
4081, -9324, 204, 204, -1783
4080, -9324, 203, 203, -1783
4080, -9324, 203, 203, -1783
4080, -9324, 204, 204, -1783
4080, -9324, 204, 204, -1783
4080, -9324, 204, 204, -1783
4079, -9324, 204, 204, -1783
4080, -9324, 204, 204, -1783
4081, -9324, 204, 204, -1783
4081, -9324, 204, 204, -1783
4081, -9324, 204, 204, -1783
4080, -9324, 203, 203, -1783
4081, -9324, 204, 204, -1783
4080, -9324, 204, 204, -1783
4080, -9324, 204, 204, -1783
4080, -9323, 204, 204, -1783
4036, -9339, 161, 161, -1783
4036, -9339, 161, 161, -1783
4034, -9341, 159, 159, -1783
4033, -9341, 157, 157, -1783
4030, -9341, 155, 155, -1767
4029, -9341, 153, 153, -1767
4029, -9341, 153, 153, -1767
4029, -9341, 153, 153, -1767
4027, -9341, 151, 151, -1767
4027, -9341, 151, 151, -1767
4026, -9342, 150, 150, -1767
4026, -9342, 150, 150, -1767
4025, -9342, 148, 148, -1767
4023, -9342, 148, 148, -1767
4023, -9342, 148, 148, -1767
4023, -9343, 147, 147, -1767
4022, -9342, 147, 147, -1767
4022, -9342, 147, 147, -1767
4022, -9341, 146, 146, -1767
4022, -9342, 146, 146, -1767
4022, -9341, 145, 145, -1767
4022, -9341, 145, 145, -1767
4021, -9343, 145, 145, -1767
4020, -9342, 144, 144, -1767
4020, -9342, 144, 144, -1767
4019, -9341, 143, 143, -1767
4019, -9342, 143, 143, -1767
4019, -9342, 143, 143, -1767
4019, -9342, 142, 142, -1767
4020, -9342, 143, 143, -1767
4020, -9342, 143, 143, -1767
4019, -9343, 143, 143, -1767
4019, -9342, 142, 142, -1761
4017, -9341, 141, 141, -1761
4017, -9341, 141, 141, -1761
4019, -9341, 141, 141, -1761
4017, -9342, 140, 140, -1761
4016, -9342, 141, 141, -1761
4016, -9342, 141, 141, -1761
4016, -9342, 140, 140, -1761
4016, -9342, 140, 140, -1761
4016, -9341, 140, 140, -1761
4015, -9343, 139, 139, -1761
4014, -9343, 139, 139, -1761
4014, -9343, 139, 139, -1761
4016, -9342, 139, 139, -1761
4016, -9342, 139, 139, -1761
4016, -9342, 139, 139, -1761
4016, -9342, 139, 139, -1761
4014, -9341, 138, 138, -1761
4014, -9342, 138, 138, -1761
4013, -9342, 137, 137, -1761
4013, -9342, 137, 137, -1761
4015, -9342, 138, 138, -1767
4014, -9341, 138, 138, -1767
4014, -9341, 138, 138, -1767
4014, -9342, 138, 138, -1767
4014, -9342, 138, 138, -1767
4015, -9341, 138, 138, -1767
4013, -9342, 136, 136, -1767
4013, -9342, 136, 136, -1767
4013, -9342, 136, 136, -1767
4013, -9342, 137, 137, -1767
4012, -9341, 136, 136, -1767
4012, -9341, 136, 136, -1767
4012, -9341, 136, 136, -1767
4012, -9341, 136, 136, -1767
4012, -9341, 136, 136, -1767
4014, -9342, 137, 137, -1767
4012, -9341, 135, 135, -1767
4013, -9341, 136, 136, -1767
4014, -9340, 137, 137, -1767
4014, -9340, 137, 137, -1767
4013, -9342, 137, 137, -1767
4012, -9340, 136, 136, -1767
4011, -9342, 135, 135, -1767
4012, -9341, 135, 135, -1767
4011, -9342, 135, 135, -1767
4011, -9342, 135, 135, -1767
4011, -9340, 136, 136, -1761
4012, -9341, 136, 136, -1761
4013, -9341, 135, 135, -1761
4013, -9342, 136, 136, -1761
4013, -9342, 136, 136, -1761
4012, -9342, 136, 136, -1761
4012, -9342, 135, 135, -1761
4012, -9342, 135, 135, -1761
4011, -9340, 135, 135, -1761
4013, -9341, 135, 135, -1761
4011, -9341, 136, 136, -1761
4011, -9341, 134, 134, -1761
4011, -9341, 134, 134, -1761
4011, -9341, 134, 134, -1761
4012, -9341, 134, 134, -1761
4011, -9340, 135, 135, -1761
4010, -9341, 135, 135, -1761
4010, -9340, 134, 134, -1761
4010, -9340, 134, 134, -1761
4010, -9341, 134, 134, -1761
4010, -9341, 134, 134, -1761
4010, -9340, 134, 134, -1761
4010, -9340, 134, 134, -1761
4011, -9341, 134, 134, -1761
4011, -9341, 134, 134, -1761
4011, -9341, 135, 135, -1761
4009, -9340, 133, 133, -1757
4009, -9340, 133, 133, -1757
4009, -9342, 133, 133, -1757
4010, -9342, 134, 134, -1757
4010, -9341, 134, 134, -1757
4010, -9341, 134, 134, -1757
4015, -9341, 136, 136, -1757
4037, -9326, 142, 142, -1757
4047, -9323, 168, 168, -1757
4050, -9323, 172, 172, -1757
4056, -9322, 179, 179, -1757
4057, -9322, 180, 180, -1757
4058, -9322, 182, 182, -1757
4058, -9322, 182, 182, -1757
4059, -9322, 182, 182, -1757
4060, -9322, 184, 184, -1757
4060, -9322, 184, 184, -1757
4060, -9322, 184, 184, -1757
4061, -9323, 184, 184, -1757
4062, -9322, 185, 185, -1757
4062, -9322, 186, 186, -1757
4063, -9323, 187, 187, -1744
4064, -9322, 187, 187, -1744
4064, -9322, 188, 188, -1744
4064, -9322, 188, 188, -1744
4065, -9322, 188, 188, -1744
4066, -9321, 189, 189, -1744
4066, -9321, 189, 189, -1744
4066, -9321, 190, 190, -1744
4066, -9321, 190, 190, -1744
4067, -9322, 190, 190, -1744
4067, -9322, 190, 190, -1744
4067, -9322, 191, 191, -1744
4067, -9322, 190, 190, -1744
4067, -9323, 191, 191, -1744
4067, -9322, 191, 191, -1744
4067, -9322, 191, 191, -1744
4068, -9322, 191, 191, -1744
4068, -9322, 191, 191, -1744
4068, -9322, 191, 191, -1744
4068, -9322, 191, 191, -1744
4069, -9322, 192, 192, -1744
4068, -9322, 192, 192, -1744
4068, -9322, 192, 192, -1742
4068, -9322, 192, 192, -1742
4068, -9322, 192, 192, -1742
4070, -9322, 192, 192, -1742
4070, -9322, 192, 192, -1742
4069, -9322, 192, 192, -1742
4069, -9322, 192, 192, -1742
4069, -9322, 193, 193, -1742
4069, -9322, 193, 193, -1742
4069, -9323, 193, 193, -1742
4070, -9322, 193, 193, -1742
4070, -9322, 193, 193, -1742
4070, -9322, 193, 193, -1742
4070, -9322, 193, 193, -1742
4069, -9322, 193, 193, -1742
4070, -9322, 193, 193, -1742
4070, -9322, 193, 193, -1742
4070, -9322, 194, 194, -1742
4070, -9322, 194, 194, -1742
4069, -9323, 193, 193, -1742
4071, -9323, 194, 194, -1742
4071, -9323, 194, 194, -1742
4071, -9322, 194, 194, -1742
4070, -9321, 194, 194, -1742
4070, -9321, 194, 194, -1742
4071, -9322, 194, 194, -1742
4071, -9321, 195, 195, -1748
4071, -9321, 195, 195, -1748
4070, -9320, 194, 194, -1748
4070, -9320, 194, 194, -1748
4070, -9322, 194, 194, -1748
4070, -9322, 194, 194, -1748
4070, -9322, 194, 194, -1748
4070, -9322, 194, 194, -1748
4070, -9322, 194, 194, -1748
4070, -9322, 194, 194, -1748
4072, -9322, 194, 194, -1748
4072, -9322, 194, 194, -1748
4070, -9321, 195, 195, -1748
4070, -9322, 195, 195, -1748
4070, -9322, 195, 195, -1748
4072, -9323, 194, 194, -1748
4072, -9322, 195, 195, -1748
4072, -9323, 195, 195, -1748
4072, -9323, 195, 195, -1748
4071, -9322, 195, 195, -1748
4071, -9322, 195, 195, -1748
4071, -9321, 195, 195, -1748
4071, -9323, 195, 195, -1748
4071, -9323, 195, 195, -1748
4071, -9322, 195, 195, -1748
4072, -9321, 195, 195, -1748
4072, -9321, 195, 195, -1748
4072, -9322, 195, 195, -1748
4071, -9323, 195, 195, -1748
4071, -9323, 195, 195, -1748
4072, -9322, 196, 196, -1748
4072, -9323, 196, 196, -1748
4073, -9321, 197, 197, -1748
4073, -9322, 196, 196, -1748
4071, -9322, 195, 195, -1748
4072, -9323, 196, 196, -1748
4072, -9323, 196, 196, -1748
4072, -9323, 196, 196, -1748
4072, -9322, 196, 196, -1748
4073, -9322, 196, 196, -1748
4073, -9322, 196, 196, -1748
4073, -9321, 197, 197, -1748
4073, -9321, 197, 197, -1748
4072, -9322, 196, 196, -1748
4073, -9322, 196, 196, -1748
4073, -9322, 196, 196, -1748
4072, -9322, 196, 196, -1748
4071, -9322, 196, 196, -1748
4071, -9322, 196, 196, -1748
4072, -9322, 195, 195, -1748
4073, -9323, 196, 196, -1748
4072, -9323, 196, 196, -1742
4072, -9323, 196, 196, -1742
4072, -9322, 196, 196, -1742
4037, -9336, 184, 184, -1742
4037, -9336, 184, 184, -1742
4033, -9338, 159, 159, -1742
4030, -9339, 155, 155, -1742
4027, -9340, 152, 152, -1742
4025, -9339, 150, 150, -1742
4025, -9339, 150, 150, -1742
4027, -9340, 149, 149, -1742
4023, -9341, 148, 148, -1742
4023, -9340, 147, 147, -1742
4023, -9340, 146, 146, -1742
4020, -9341, 145, 145, -1742
4020, -9341, 145, 145, -1742
4021, -9341, 144, 144, -1742
4021, -9341, 145, 145, -1742
4021, -9340, 144, 144, -1742
4019, -9341, 143, 143, -1742
4020, -9342, 143, 143, -1742
4019, -9341, 142, 142, -1742
4018, -9341, 142, 142, -1742
4017, -9341, 141, 141, -1742
4017, -9341, 141, 141, -1742
4017, -9341, 140, 140, -1742
4017, -9341, 140, 140, -1742
4016, -9341, 140, 140, -1740
4016, -9341, 140, 140, -1740
4016, -9342, 140, 140, -1740
4015, -9339, 139, 139, -1740
4015, -9339, 139, 139, -1740
4015, -9340, 139, 139, -1740
4015, -9340, 139, 139, -1740
4014, -9340, 138, 138, -1740
4014, -9340, 138, 138, -1740
4013, -9340, 138, 138, -1740
4014, -9340, 138, 138, -1740
4014, -9340, 138, 138, -1740
4014, -9340, 137, 137, -1740
4014, -9339, 137, 137, -1740
4013, -9341, 137, 137, -1740
4013, -9340, 137, 137, -1740
4013, -9340, 137, 137, -1740
4011, -9340, 135, 135, -1740
4011, -9340, 135, 135, -1740
4012, -9340, 136, 136, -1740
4014, -9340, 137, 137, -1740
4012, -9340, 136, 136, -1740
4012, -9340, 136, 136, -1740
4013, -9340, 136, 136, -1740
4013, -9340, 136, 136, -1746
4013, -9340, 136, 136, -1746
4012, -9340, 137, 137, -1746
4013, -9340, 136, 136, -1746
4012, -9339, 136, 136, -1746
4012, -9339, 136, 136, -1746
4011, -9339, 135, 135, -1746
4011, -9339, 135, 135, -1746
4012, -9340, 135, 135, -1746
4010, -9340, 135, 135, -1746
4012, -9341, 135, 135, -1746
4011, -9340, 135, 135, -1746
4012, -9340, 135, 135, -1746
4012, -9340, 135, 135, -1746
4011, -9340, 134, 134, -1746
4011, -9340, 134, 134, -1746
4009, -9340, 134, 134, -1746
4010, -9341, 134, 134, -1746
4010, -9341, 134, 134, -1746
4010, -9340, 134, 134, -1746
4010, -9340, 134, 134, -1746
4010, -9340, 133, 133, -1746
4011, -9339, 134, 134, -1746
4010, -9340, 134, 134, -1746
4008, -9340, 133, 133, -1746
4009, -9339, 133, 133, -1746
4011, -9339, 133, 133, -1746
4011, -9339, 133, 133, -1746
4010, -9340, 133, 133, -1730
4010, -9340, 134, 134, -1730
4010, -9340, 134, 134, -1730
4010, -9339, 134, 134, -1730
4009, -9339, 133, 133, -1730
4009, -9339, 134, 134, -1730
4009, -9339, 134, 134, -1730
4009, -9339, 133, 133, -1730
4011, -9339, 133, 133, -1730
4011, -9339, 133, 133, -1730
4009, -9341, 133, 133, -1730
4008, -9340, 132, 132, -1730
4008, -9340, 132, 132, -1730
4009, -9339, 133, 133, -1730
4009, -9339, 132, 132, -1730
4008, -9340, 132, 132, -1730
4008, -9340, 132, 132, -1730
4009, -9340, 132, 132, -1730
4009, -9340, 132, 132, -1730
4008, -9339, 132, 132, -1730
4009, -9340, 132, 132, -1730
4009, -9341, 133, 133, -1730
4009, -9341, 133, 133, -1730
4009, -9340, 132, 132, -1730
4009, -9340, 132, 132, -1730
4008, -9339, 131, 131, -1730
4010, -9340, 133, 133, -1732
4010, -9340, 133, 133, -1732
4008, -9339, 133, 133, -1732
4009, -9339, 132, 132, -1732
4010, -9339, 133, 133, -1732
4008, -9339, 133, 133, -1732
4008, -9340, 131, 131, -1732
4009, -9339, 132, 132, -1732
4009, -9339, 132, 132, -1732
4009, -9340, 133, 133, -1732
4007, -9340, 131, 131, -1732
4007, -9340, 131, 131, -1732
4010, -9339, 132, 132, -1732
4037, -9324, 141, 141, -1732
4045, -9323, 165, 165, -1732
4045, -9323, 165, 165, -1732
4048, -9322, 171, 171, -1732
4051, -9321, 173, 173, -1732
4051, -9322, 175, 175, -1732
4055, -9321, 178, 178, -1732
4058, -9321, 181, 181, -1732
4058, -9321, 181, 181, -1732
4057, -9320, 181, 181, -1732
4059, -9321, 183, 183, -1732
4059, -9321, 183, 183, -1732
4060, -9320, 183, 183, -1722
4060, -9320, 183, 183, -1722
4059, -9320, 183, 183, -1722
4060, -9321, 184, 184, -1722
4061, -9320, 184, 184, -1722
4061, -9320, 184, 184, -1722
4063, -9321, 186, 186, -1722
4063, -9321, 186, 186, -1722
4063, -9321, 186, 186, -1722
4063, -9321, 186, 186, -1722
4063, -9321, 187, 187, -1722
4063, -9321, 187, 187, -1722
4063, -9321, 187, 187, -1722
4063, -9322, 186, 186, -1722
4064, -9321, 188, 188, -1722
4064, -9321, 188, 188, -1722
4065, -9321, 188, 188, -1722
4065, -9321, 188, 188, -1722
4064, -9321, 187, 187, -1722
4065, -9321, 188, 188, -1722
4064, -9321, 188, 188, -1722
4065, -9321, 188, 188, -1722
4065, -9321, 188, 188, -1722
4064, -9321, 189, 189, -1722
4064, -9321, 188, 188, -1722
4065, -9320, 188, 188, -1722
4065, -9321, 189, 189, -1732
4065, -9321, 189, 189, -1732
4065, -9321, 189, 189, -1732
4066, -9321, 190, 190, -1732
4065, -9321, 189, 189, -1732
4065, -9321, 189, 189, -1732
4066, -9321, 190, 190, -1732
4066, -9321, 190, 190, -1732
4066, -9321, 190, 190, -1732
4067, -9321, 190, 190, -1732
4066, -9321, 190, 190, -1732
4066, -9321, 190, 190, -1732
4067, -9321, 191, 191, -1732
4067, -9321, 191, 191, -1732
4067, -9321, 190, 190, -1732
4067, -9321, 191, 191, -1732
4067, -9321, 191, 191, -1732
4067, -9321, 191, 191, -1732
4068, -9321, 191, 191, -1732
4067, -9321, 191, 191, -1732
4067, -9321, 191, 191, -1732
4068, -9321, 192, 192, -1732
4068, -9322, 191, 191, -1732
4068, -9322, 191, 191, -1732
4068, -9322, 192, 192, -1732
4068, -9322, 192, 192, -1732
4068, -9321, 192, 192, -1732
4069, -9322, 192, 192, -1728
4069, -9322, 192, 192, -1728
4068, -9322, 192, 192, -1728
4068, -9322, 192, 192, -1728
4069, -9321, 193, 193, -1728
4069, -9321, 193, 193, -1728
4070, -9321, 193, 193, -1728
4070, -9321, 193, 193, -1728
4069, -9321, 192, 192, -1728
4069, -9322, 193, 193, -1728
4069, -9321, 193, 193, -1728
4068, -9322, 193, 193, -1728
4068, -9322, 193, 193, -1728
4071, -9321, 194, 194, -1728
4071, -9321, 193, 193, -1728
4070, -9320, 194, 194, -1728
4071, -9321, 194, 194, -1728
4071, -9321, 194, 194, -1728
4070, -9321, 194, 194, -1728
4071, -9322, 194, 194, -1728
4071, -9321, 194, 194, -1728
4071, -9322, 194, 194, -1728
4070, -9321, 193, 193, -1732
4071, -9322, 194, 194, -1732
4071, -9322, 194, 194, -1732
4071, -9321, 194, 194, -1732
4070, -9322, 194, 194, -1732
4069, -9322, 193, 193, -1732
4069, -9322, 193, 193, -1732
4070, -9322, 194, 194, -1732
4070, -9322, 194, 194, -1732
4072, -9321, 194, 194, -1732
4072, -9321, 194, 194, -1732
4071, -9321, 194, 194, -1732
4071, -9321, 195, 195, -1732
4071, -9321, 195, 195, -1732
4071, -9321, 194, 194, -1732
4070, -9322, 195, 195, -1732
4070, -9322, 194, 194, -1732
4071, -9322, 194, 194, -1732
4071, -9322, 194, 194, -1732
4070, -9321, 194, 194, -1732
4070, -9321, 194, 194, -1732
4071, -9322, 195, 195, -1732
4072, -9321, 195, 195, -1732
4071, -9322, 194, 194, -1732
4071, -9322, 195, 195, -1732
4071, -9321, 194, 194, -1732
4071, -9321, 194, 194, -1732
4071, -9322, 195, 195, -1732
4071, -9322, 195, 195, -1730
4070, -9322, 194, 194, -1730
4070, -9322, 194, 194, -1730
4071, -9322, 194, 194, -1730
4071, -9322, 194, 194, -1730
4071, -9321, 195, 195, -1730
4071, -9321, 194, 194, -1730
4071, -9321, 194, 194, -1730
4070, -9322, 195, 195, -1730
4070, -9322, 195, 195, -1730
4071, -9321, 194, 194, -1730
4034, -9338, 156, 156, -1730
4030, -9338, 154, 154, -1730
4030, -9338, 154, 154, -1730
4030, -9338, 153, 153, -1730
4026, -9339, 150, 150, -1730
4025, -9339, 149, 149, -1730
4023, -9339, 148, 148, -1730
4022, -9340, 146, 146, -1730
4022, -9340, 146, 146, -1730
4021, -9339, 145, 145, -1730
4020, -9339, 144, 144, -1730
4022, -9340, 144, 144, -1730
4021, -9340, 144, 144, -1730
4021, -9340, 144, 144, -1730
4019, -9340, 143, 143, -1730
4018, -9340, 143, 143, -1730
4018, -9340, 143, 143, -1730
4019, -9340, 142, 142, -1724
4019, -9341, 142, 142, -1724
4017, -9341, 141, 141, -1724
4017, -9341, 141, 141, -1724
4017, -9340, 140, 140, -1724
4017, -9340, 140, 140, -1724
4017, -9340, 140, 140, -1724
4015, -9341, 140, 140, -1724
4015, -9340, 140, 140, -1724
4015, -9339, 139, 139, -1724
4015, -9339, 139, 139, -1724
4014, -9341, 139, 139, -1724
4014, -9339, 138, 138, -1724
4014, -9339, 138, 138, -1724
4014, -9340, 137, 137, -1724
4014, -9340, 137, 137, -1724
4014, -9339, 138, 138, -1724
4014, -9340, 137, 137, -1724
4014, -9340, 137, 137, -1724
4013, -9340, 137, 137, -1724
4014, -9340, 137, 137, -1724
4014, -9340, 137, 137, -1724
4014, -9340, 137, 137, -1724
4013, -9339, 136, 136, -1724
4013, -9339, 136, 136, -1724
4012, -9339, 136, 136, -1720
4012, -9339, 136, 136, -1720
4010, -9340, 135, 135, -1720
4010, -9340, 135, 135, -1720
4013, -9339, 135, 135, -1720
4011, -9339, 135, 135, -1720
4011, -9339, 135, 135, -1720
4012, -9340, 135, 135, -1720
4011, -9340, 135, 135, -1720
4011, -9339, 134, 134, -1720
4011, -9340, 134, 134, -1720
4010, -9339, 134, 134, -1720
4010, -9341, 134, 134, -1720
4010, -9341, 134, 134, -1720
4011, -9340, 135, 135, -1720
4011, -9339, 135, 135, -1720
4011, -9339, 135, 135, -1720
4009, -9339, 134, 134, -1720
4011, -9338, 133, 133, -1720
4011, -9339, 135, 135, -1720
4011, -9340, 134, 134, -1720
4010, -9339, 134, 134, -1720
4009, -9340, 133, 133, -1720
4010, -9339, 134, 134, -1720
4012, -9340, 134, 134, -1720
4012, -9339, 134, 134, -1717
4012, -9339, 134, 134, -1717
4010, -9339, 133, 133, -1717
4011, -9339, 134, 134, -1717
4011, -9339, 133, 133, -1717
4011, -9339, 133, 133, -1717
4009, -9340, 133, 133, -1717
4010, -9339, 133, 133, -1717
4010, -9339, 133, 133, -1717
4009, -9340, 134, 134, -1717
4008, -9340, 132, 132, -1717
4008, -9340, 132, 132, -1717
4011, -9339, 134, 134, -1717
4011, -9339, 134, 134, -1717
4010, -9341, 133, 133, -1717
4010, -9341, 133, 133, -1717
4008, -9339, 133, 133, -1717
4008, -9340, 132, 132, -1717
4009, -9339, 132, 132, -1717
4009, -9339, 132, 132, -1717
4009, -9340, 133, 133, -1717
4008, -9339, 131, 131, -1717
4008, -9339, 131, 131, -1717
4008, -9339, 132, 132, -1717
4009, -9341, 132, 132, -1717
4009, -9341, 132, 132, -1717
4008, -9340, 131, 131, -1717
4006, -9339, 131, 131, -1717
4006, -9339, 131, 131, -1717
4006, -9339, 132, 132, -1717
4007, -9340, 130, 130, -1717
4007, -9339, 131, 131, -1717
4007, -9339, 131, 131, -1717
4008, -9339, 131, 131, -1717
4008, -9340, 132, 132, -1717
4007, -9339, 131, 131, -1717
4007, -9339, 131, 131, -1717
4008, -9340, 132, 132, -1717
4008, -9340, 132, 132, -1717
4007, -9340, 131, 131, -1717
4008, -9339, 130, 130, -1717
4007, -9339, 131, 131, -1717
4007, -9339, 131, 131, -1717
4006, -9339, 131, 131, -1717
4008, -9339, 131, 131, -1717
4008, -9339, 131, 131, -1717
4007, -9340, 131, 131, -1717
4009, -9338, 132, 132, -1717
4008, -9339, 132, 132, -1717
4038, -9323, 146, 146, -1717
4038, -9323, 146, 146, -1717
4043, -9322, 165, 165, -1717
4048, -9320, 170, 170, -1717
4050, -9321, 172, 172, -1717
4051, -9321, 174, 174, -1717
4054, -9322, 177, 177, -1720
4054, -9322, 177, 177, -1720
4054, -9320, 178, 178, -1720
4056, -9320, 179, 179, -1720
4056, -9320, 179, 179, -1720
4056, -9321, 180, 180, -1720
4056, -9321, 180, 180, -1720
4059, -9320, 181, 181, -1720
4059, -9320, 182, 182, -1720
4058, -9320, 182, 182, -1720
4058, -9320, 182, 182, -1720
4060, -9321, 183, 183, -1720
4060, -9320, 184, 184, -1720
4060, -9320, 184, 184, -1720
4061, -9320, 184, 184, -1720
4061, -9321, 184, 184, -1720
4062, -9320, 185, 185, -1720
4060, -9321, 185, 185, -1720
4063, -9321, 185, 185, -1720
4062, -9320, 185, 185, -1720
4062, -9321, 185, 185, -1720
4063, -9320, 187, 187, -1720
4063, -9320, 187, 187, -1720
4063, -9320, 187, 187, -1720
4063, -9320, 187, 187, -1720
4063, -9320, 187, 187, -1720
4063, -9320, 187, 187, -1720
4064, -9320, 187, 187, -1720
4064, -9321, 187, 187, -1720
4064, -9321, 187, 187, -1720
4064, -9320, 188, 188, -1720
4064, -9320, 188, 188, -1720
4065, -9321, 188, 188, -1720
4065, -9321, 188, 188, -1720
4064, -9320, 188, 188, -1720
4064, -9320, 188, 188, -1720
4065, -9321, 189, 189, -1720
4066, -9320, 189, 189, -1720
4066, -9320, 190, 190, -1720
4066, -9320, 189, 189, -1720
4066, -9320, 189, 189, -1720
4066, -9320, 190, 190, -1720
4066, -9320, 190, 190, -1720
4066, -9320, 190, 190, -1720
4066, -9320, 190, 190, -1720
4067, -9320, 190, 190, -1720
4067, -9320, 190, 190, -1720
4066, -9320, 190, 190, -1720
4066, -9320, 190, 190, -1720
4066, -9320, 190, 190, -1720
4066, -9320, 190, 190, -1720
4066, -9321, 190, 190, -1720
4066, -9321, 190, 190, -1720
4067, -9321, 190, 190, -1720
4067, -9321, 191, 191, -1709
4067, -9321, 191, 191, -1709
4068, -9321, 191, 191, -1709
4068, -9321, 191, 191, -1709
4068, -9321, 191, 191, -1709
4067, -9320, 191, 191, -1709
4068, -9320, 191, 191, -1709
4067, -9321, 191, 191, -1709
4068, -9321, 191, 191, -1709
4067, -9320, 191, 191, -1709
4067, -9320, 191, 191, -1709
4068, -9321, 191, 191, -1709
4068, -9322, 192, 192, -1709
4068, -9322, 192, 192, -1709
4068, -9321, 192, 192, -1709
4068, -9322, 191, 191, -1709
4068, -9321, 192, 192, -1709
4069, -9321, 192, 192, -1709
4068, -9321, 192, 192, -1709
4068, -9321, 192, 192, -1709
4069, -9320, 192, 192, -1709
4069, -9320, 192, 192, -1709
4068, -9320, 192, 192, -1709
4068, -9321, 192, 192, -1709
4068, -9321, 192, 192, -1709
4069, -9320, 192, 192, -1709
4068, -9321, 192, 192, -1709
4069, -9321, 192, 192, -1709
4068, -9321, 192, 192, -1709
4070, -9321, 193, 193, -1703
4068, -9321, 192, 192, -1703
4069, -9322, 192, 192, -1703
4069, -9321, 192, 192, -1703
4069, -9321, 192, 192, -1703
4070, -9321, 193, 193, -1703
4071, -9320, 193, 193, -1703
4071, -9320, 193, 193, -1703
4070, -9321, 193, 193, -1703
4069, -9320, 193, 193, -1703
4069, -9320, 193, 193, -1703
4069, -9320, 193, 193, -1703
4069, -9320, 193, 193, -1703
4070, -9320, 194, 194, -1703
4069, -9320, 193, 193, -1703
4069, -9320, 193, 193, -1703
4070, -9321, 193, 193, -1703
4070, -9322, 193, 193, -1703
4070, -9322, 193, 193, -1703
4071, -9321, 193, 193, -1703
4071, -9322, 194, 194, -1703
4070, -9321, 194, 194, -1703
4070, -9321, 194, 194, -1703
4069, -9322, 194, 194, -1703
4072, -9321, 194, 194, -1703
4072, -9321, 194, 194, -1703
4070, -9321, 194, 194, -1713
4070, -9321, 194, 194, -1713
4070, -9322, 194, 194, -1713
4071, -9320, 194, 194, -1713
4071, -9320, 194, 194, -1713
4070, -9321, 195, 195, -1713
4070, -9320, 194, 194, -1713
4070, -9320, 194, 194, -1713
4070, -9321, 194, 194, -1713
4071, -9321, 194, 194, -1713
4071, -9321, 194, 194, -1713
4071, -9320, 194, 194, -1713
4070, -9321, 195, 195, -1713
4071, -9322, 194, 194, -1713
4070, -9321, 194, 194, -1713
4070, -9321, 193, 193, -1713
4029, -9338, 154, 154, -1713
4027, -9339, 152, 152, -1713
4027, -9339, 152, 152, -1713
4026, -9339, 150, 150, -1713
4024, -9339, 148, 148, -1713
4024, -9339, 148, 148, -1713
4024, -9340, 147, 147, -1713
4023, -9339, 145, 145, -1713
4022, -9339, 146, 146, -1713
4021, -9339, 144, 144, -1709
4017, -9339, 143, 143, -1709
4017, -9339, 143, 143, -1709
4017, -9339, 141, 141, -1709
4017, -9340, 141, 141, -1709
4016, -9340, 140, 140, -1709
4017, -9339, 140, 140, -1709
4016, -9339, 140, 140, -1709
4016, -9339, 140, 140, -1709
4016, -9339, 139, 139, -1709
4016, -9340, 140, 140, -1709
4015, -9339, 138, 138, -1709
4014, -9340, 138, 138, -1709
4016, -9338, 139, 139, -1709
4016, -9338, 139, 139, -1709
4015, -9340, 138, 138, -1709
4016, -9340, 138, 138, -1709
4015, -9340, 138, 138, -1709
4013, -9340, 137, 137, -1709
4014, -9338, 137, 137, -1709
4013, -9338, 137, 137, -1709
4013, -9339, 137, 137, -1709
4013, -9339, 137, 137, -1711
4011, -9340, 136, 136, -1711
4011, -9340, 136, 136, -1711
4012, -9339, 136, 136, -1711
4012, -9339, 136, 136, -1711
4013, -9339, 136, 136, -1711
4013, -9339, 136, 136, -1711
4011, -9340, 135, 135, -1711
4012, -9340, 135, 135, -1711
4013, -9339, 135, 135, -1711
4013, -9339, 135, 135, -1711
4013, -9339, 135, 135, -1711
4010, -9338, 135, 135, -1711
4012, -9339, 135, 135, -1711
4009, -9340, 134, 134, -1711
4011, -9339, 134, 134, -1711
4011, -9340, 135, 135, -1711
4012, -9340, 135, 135, -1711
4010, -9339, 134, 134, -1711
4010, -9339, 134, 134, -1711
4011, -9339, 134, 134, -1711
4011, -9339, 134, 134, -1711
4010, -9338, 135, 135, -1711
4010, -9339, 134, 134, -1711
4010, -9340, 133, 133, -1711
4010, -9340, 133, 133, -1711
4010, -9339, 134, 134, -1713
4010, -9340, 133, 133, -1713
4009, -9339, 133, 133, -1713
4010, -9339, 133, 133, -1713
4010, -9339, 133, 133, -1713
4011, -9340, 133, 133, -1713
4009, -9340, 133, 133, -1713
4009, -9340, 133, 133, -1713
4009, -9340, 132, 132, -1713
4009, -9339, 133, 133, -1713
4009, -9339, 133, 133, -1713
4009, -9339, 132, 132, -1713
4009, -9339, 133, 133, -1713
4009, -9339, 132, 132, -1713
4009, -9339, 132, 132, -1713
4010, -9339, 132, 132, -1713
4008, -9339, 132, 132, -1713
4008, -9339, 132, 132, -1713
4009, -9340, 132, 132, -1713
4008, -9340, 132, 132, -1713
4008, -9339, 132, 132, -1713
4008, -9339, 131, 131, -1713
4008, -9339, 131, 131, -1713
4008, -9339, 132, 132, -1713
4008, -9340, 132, 132, -1709
4008, -9340, 132, 132, -1709
4008, -9340, 132, 132, -1709
4007, -9339, 131, 131, -1709
4007, -9339, 131, 131, -1709
4007, -9339, 131, 131, -1709
4007, -9339, 131, 131, -1709
4007, -9339, 131, 131, -1709
4007, -9338, 132, 132, -1709
4009, -9339, 132, 132, -1709
4010, -9339, 132, 132, -1709
4006, -9339, 132, 132, -1709
4009, -9340, 131, 131, -1709
4009, -9340, 131, 131, -1709
4009, -9339, 132, 132, -1709
4008, -9339, 132, 132, -1709
4008, -9339, 132, 132, -1709
4008, -9338, 130, 130, -1709
4008, -9338, 130, 130, -1709
4007, -9339, 130, 130, -1709
4008, -9339, 131, 131, -1709
4008, -9339, 130, 130, -1709
4007, -9340, 131, 131, -1709
4007, -9339, 131, 131, -1709
4007, -9339, 131, 131, -1709
4008, -9338, 131, 131, -1709
4006, -9339, 130, 130, -1709
4006, -9339, 130, 130, -1709
4006, -9339, 130, 130, -1707
4008, -9338, 131, 131, -1707
4037, -9323, 145, 145, -1707
4037, -9323, 145, 145, -1707
4048, -9322, 170, 170, -1707
4048, -9322, 170, 170, -1707
4052, -9320, 175, 175, -1707
4052, -9320, 175, 175, -1707
4053, -9321, 176, 176, -1707
4055, -9321, 178, 178, -1707
4056, -9321, 179, 179, -1707
4056, -9321, 179, 179, -1707
4055, -9321, 179, 179, -1707
4056, -9321, 179, 179, -1707
4058, -9320, 181, 181, -1707
4058, -9320, 182, 182, -1707
4058, -9320, 182, 182, -1707
4059, -9320, 182, 182, -1707
4059, -9320, 183, 183, -1707
4059, -9320, 183, 183, -1707
4060, -9320, 183, 183, -1707
4060, -9320, 183, 183, -1707
4060, -9321, 183, 183, -1707
4060, -9320, 184, 184, -1707
4061, -9321, 185, 185, -1707
4062, -9321, 185, 185, -1707
4062, -9321, 185, 185, -1707
4062, -9321, 186, 186, -1707
4061, -9320, 186, 186, -1701
4062, -9320, 186, 186, -1701
4062, -9320, 186, 186, -1701
4062, -9321, 186, 186, -1701
4062, -9321, 186, 186, -1701
4065, -9320, 187, 187, -1701
4064, -9320, 187, 187, -1701
4064, -9320, 187, 187, -1701
4064, -9321, 187, 187, -1701
4063, -9320, 188, 188, -1701
4064, -9321, 187, 187, -1701
4065, -9320, 188, 188, -1701
4065, -9320, 189, 189, -1701
4066, -9320, 189, 189, -1701
4065, -9321, 189, 189, -1701
4065, -9321, 189, 189, -1701
4065, -9321, 189, 189, -1701
4065, -9321, 189, 189, -1701
4066, -9320, 190, 190, -1701
4066, -9320, 190, 190, -1701
4066, -9320, 190, 190, -1701
4067, -9321, 189, 189, -1701
4065, -9320, 190, 190, -1701
4065, -9320, 190, 190, -1701
4065, -9320, 189, 189, -1701
4067, -9321, 190, 190, -1701
4067, -9321, 190, 190, -1701
4065, -9321, 189, 189, -1701
4068, -9321, 191, 191, -1699
4068, -9321, 191, 191, -1699
4068, -9320, 191, 191, -1699
4068, -9321, 191, 191, -1699
4068, -9321, 191, 191, -1699
4067, -9321, 191, 191, -1699
4067, -9322, 191, 191, -1699
4067, -9322, 191, 191, -1699
4068, -9320, 191, 191, -1699
4068, -9321, 192, 192, -1699
4068, -9321, 192, 192, -1699
4069, -9322, 192, 192, -1699
4068, -9321, 192, 192, -1699
4068, -9321, 192, 192, -1699
4069, -9321, 191, 191, -1699
4068, -9321, 192, 192, -1699
4068, -9321, 191, 191, -1699
4069, -9321, 192, 192, -1699
4067, -9321, 192, 192, -1699
4067, -9321, 192, 192, -1699
4069, -9321, 192, 192, -1699
4068, -9320, 192, 192, -1699
4069, -9321, 192, 192, -1699
4069, -9321, 192, 192, -1699
4069, -9321, 192, 192, -1699
4068, -9320, 192, 192, -1709
4068, -9320, 192, 192, -1709
4068, -9320, 192, 192, -1709
4068, -9320, 192, 192, -1709
4068, -9322, 192, 192, -1709
4070, -9322, 193, 193, -1709
4070, -9322, 193, 193, -1709
4069, -9321, 193, 193, -1709
4069, -9321, 193, 193, -1709
4069, -9321, 193, 193, -1709
4069, -9321, 193, 193, -1709
4070, -9322, 193, 193, -1709
4070, -9322, 193, 193, -1709
4069, -9321, 193, 193, -1709
4069, -9321, 193, 193, -1709
4070, -9322, 193, 193, -1709
4069, -9321, 193, 193, -1709
4070, -9322, 193, 193, -1709
4070, -9322, 193, 193, -1709
4069, -9321, 193, 193, -1709
4069, -9320, 192, 192, -1709
4069, -9320, 193, 193, -1709
4070, -9320, 193, 193, -1709
4070, -9320, 193, 193, -1709
4070, -9322, 193, 193, -1709
4070, -9322, 193, 193, -1709
4071, -9321, 194, 194, -1709
4070, -9321, 194, 194, -1703
4070, -9321, 194, 194, -1703
4070, -9321, 193, 193, -1703
4069, -9322, 193, 193, -1703
4069, -9322, 193, 193, -1703
4071, -9321, 194, 194, -1703
4070, -9320, 194, 194, -1703
4070, -9322, 193, 193, -1703
4070, -9322, 193, 193, -1703
4071, -9321, 194, 194, -1703
4071, -9322, 194, 194, -1703
4072, -9321, 195, 195, -1703
4070, -9322, 194, 194, -1703
4070, -9321, 194, 194, -1703
4070, -9321, 194, 194, -1703
4071, -9321, 194, 194, -1703
4071, -9322, 195, 195, -1703
4071, -9322, 195, 195, -1703
4071, -9321, 194, 194, -1703
4071, -9321, 194, 194, -1703
4071, -9322, 194, 194, -1703
4071, -9321, 194, 194, -1703
4070, -9321, 194, 194, -1703
4070, -9321, 194, 194, -1703
4071, -9321, 194, 194, -1703
4071, -9321, 194, 194, -1703
4034, -9339, 158, 158, -1703
4034, -9339, 158, 158, -1703
4024, -9340, 149, 149, -1697
4024, -9340, 149, 149, -1697
4021, -9338, 147, 147, -1697
4022, -9340, 146, 146, -1697
4023, -9340, 146, 146, -1697
4021, -9342, 145, 145, -1697
4020, -9340, 144, 144, -1697
4020, -9340, 144, 144, -1697
4020, -9339, 144, 144, -1697
4018, -9339, 143, 143, -1697
4018, -9339, 143, 143, -1697
4018, -9340, 142, 142, -1697
4018, -9340, 141, 141, -1697
4018, -9340, 141, 141, -1697
4016, -9340, 140, 140, -1697
4016, -9340, 140, 140, -1697
4016, -9340, 140, 140, -1697
4016, -9340, 139, 139, -1697
4016, -9340, 140, 140, -1697
4016, -9340, 139, 139, -1697
4015, -9340, 139, 139, -1697
4015, -9340, 139, 139, -1697
4014, -9340, 138, 138, -1697
4014, -9340, 138, 138, -1697
4014, -9340, 138, 138, -1697
4013, -9339, 137, 137, -1689
4013, -9340, 137, 137, -1689
4013, -9340, 137, 137, -1689
4014, -9340, 137, 137, -1689
4013, -9340, 137, 137, -1689
4014, -9340, 137, 137, -1689
4013, -9340, 137, 137, -1689
4013, -9340, 137, 137, -1689
4012, -9340, 136, 136, -1689
4014, -9340, 136, 136, -1689
4014, -9340, 136, 136, -1689
4012, -9341, 136, 136, -1689
4013, -9339, 136, 136, -1689
4013, -9339, 136, 136, -1689
4013, -9340, 135, 135, -1689
4011, -9339, 135, 135, -1689
4011, -9339, 135, 135, -1689
4010, -9339, 135, 135, -1689
4011, -9339, 135, 135, -1689
4010, -9340, 135, 135, -1689
4010, -9340, 135, 135, -1689
4010, -9339, 134, 134, -1689
4010, -9339, 134, 134, -1689
4010, -9339, 134, 134, -1689
4010, -9339, 134, 134, -1689
4009, -9339, 133, 133, -1689
4010, -9339, 133, 133, -1699
4010, -9339, 133, 133, -1699
4010, -9338, 134, 134, -1699
4010, -9339, 134, 134, -1699
4010, -9339, 134, 134, -1699
4009, -9338, 133, 133, -1699
4009, -9338, 133, 133, -1699
4011, -9339, 133, 133, -1699
4009, -9339, 133, 133, -1699
4009, -9338, 133, 133, -1699
4009, -9340, 133, 133, -1699
4009, -9340, 133, 133, -1699
4009, -9339, 132, 132, -1699
4008, -9339, 132, 132, -1699
4009, -9339, 132, 132, -1699
4008, -9339, 132, 132, -1699
4010, -9339, 133, 133, -1699
4009, -9339, 133, 133, -1699
4009, -9339, 133, 133, -1699
4009, -9338, 132, 132, -1699
4008, -9339, 132, 132, -1699
4010, -9338, 133, 133, -1699
4008, -9339, 132, 132, -1699
4008, -9339, 132, 132, -1699
4009, -9338, 132, 132, -1699
4010, -9339, 133, 133, -1699
4010, -9339, 133, 133, -1699
4008, -9339, 132, 132, -1687
4008, -9339, 132, 132, -1687
4008, -9339, 132, 132, -1687
4008, -9339, 132, 132, -1687
4008, -9338, 131, 131, -1687
4008, -9338, 131, 131, -1687
4007, -9339, 132, 132, -1687
4007, -9339, 132, 132, -1687
4007, -9339, 131, 131, -1687
4007, -9338, 131, 131, -1687
4007, -9338, 131, 131, -1687
4007, -9339, 131, 131, -1687
4007, -9339, 131, 131, -1687
4007, -9339, 131, 131, -1687
4007, -9339, 131, 131, -1687
4007, -9339, 131, 131, -1687
4007, -9339, 131, 131, -1687
4007, -9339, 131, 131, -1687
4007, -9339, 131, 131, -1687
4006, -9338, 131, 131, -1687
4007, -9339, 131, 131, -1687
4007, -9339, 131, 131, -1687
4007, -9339, 131, 131, -1687
4006, -9339, 130, 130, -1687
4006, -9339, 130, 130, -1687
4007, -9339, 132, 132, -1687
4007, -9339, 132, 132, -1687
4005, -9339, 131, 131, -1687
4008, -9338, 130, 130, -1697
4007, -9339, 131, 131, -1697
4006, -9338, 130, 130, -1697
4007, -9337, 131, 131, -1697
4007, -9338, 130, 130, -1697
4007, -9338, 130, 130, -1697
4007, -9339, 131, 131, -1697
4008, -9339, 132, 132, -1697
4008, -9339, 132, 132, -1697
4007, -9338, 132, 132, -1697
4008, -9335, 132, 132, -1697
4046, -9321, 169, 169, -1697
4046, -9321, 169, 169, -1697
4050, -9322, 174, 174, -1697
4050, -9322, 174, 174, -1697
4053, -9321, 176, 176, -1697
4053, -9321, 176, 176, -1697
4056, -9320, 178, 178, -1697
4056, -9320, 178, 178, -1697
4055, -9321, 180, 180, -1697
4055, -9321, 180, 180, -1697
4058, -9321, 181, 181, -1697
4057, -9320, 181, 181, -1697
4059, -9321, 182, 182, -1697
4058, -9321, 182, 182, -1697
4058, -9321, 182, 182, -1697
4059, -9321, 183, 183, -1697
4060, -9321, 183, 183, -1697
4060, -9319, 183, 183, -1691
4061, -9321, 184, 184, -1691
4059, -9320, 184, 184, -1691
4061, -9320, 184, 184, -1691
4061, -9320, 185, 185, -1691
4061, -9320, 185, 185, -1691
4061, -9321, 185, 185, -1691
4063, -9320, 186, 186, -1691
4063, -9320, 186, 186, -1691
4062, -9320, 186, 186, -1691
4062, -9319, 186, 186, -1691
4063, -9321, 187, 187, -1691
4064, -9321, 187, 187, -1691
4064, -9319, 188, 188, -1691
4064, -9319, 188, 188, -1691
4064, -9321, 187, 187, -1691
4064, -9321, 187, 187, -1691
4064, -9320, 188, 188, -1691
4065, -9320, 188, 188, -1691
4065, -9320, 188, 188, -1691
4065, -9321, 189, 189, -1691
4065, -9321, 189, 189, -1691
4066, -9321, 189, 189, -1691
4065, -9320, 189, 189, -1689
4065, -9321, 188, 188, -1689
4065, -9321, 188, 188, -1689
4066, -9320, 189, 189, -1689
4066, -9320, 189, 189, -1689
4067, -9321, 190, 190, -1689
4067, -9321, 190, 190, -1689
4066, -9321, 190, 190, -1689
4066, -9321, 190, 190, -1689
4066, -9320, 190, 190, -1689
4066, -9321, 190, 190, -1689
4066, -9320, 190, 190, -1689
4066, -9320, 190, 190, -1689
4067, -9320, 190, 190, -1689
4068, -9320, 191, 191, -1689
4066, -9321, 190, 190, -1689
4066, -9321, 190, 190, -1689
4067, -9321, 191, 191, -1689
4067, -9321, 191, 191, -1689
4067, -9321, 191, 191, -1689
4067, -9321, 191, 191, -1689
4067, -9321, 191, 191, -1689
4067, -9321, 191, 191, -1689
4068, -9322, 191, 191, -1689
4067, -9321, 191, 191, -1689
4067, -9320, 191, 191, -1689
4068, -9321, 191, 191, -1689
4067, -9321, 191, 191, -1691
4067, -9321, 191, 191, -1691
4068, -9321, 192, 192, -1691
4068, -9322, 191, 191, -1691
4068, -9322, 191, 191, -1691
4068, -9321, 192, 192, -1691
4067, -9321, 191, 191, -1691
4068, -9321, 191, 191, -1691
4068, -9321, 191, 191, -1691
4067, -9321, 191, 191, -1691
4069, -9321, 192, 192, -1691
4069, -9321, 192, 192, -1691
4069, -9321, 192, 192, -1691
4069, -9321, 192, 192, -1691
4069, -9321, 192, 192, -1691
4069, -9321, 192, 192, -1691
4070, -9322, 193, 193, -1691
4069, -9321, 193, 193, -1691
4069, -9320, 192, 192, -1691
4069, -9321, 193, 193, -1691
4069, -9321, 193, 193, -1691
4068, -9321, 192, 192, -1691
4069, -9322, 192, 192, -1691
4069, -9321, 192, 192, -1691
4069, -9321, 192, 192, -1691
4070, -9320, 193, 193, -1691
4070, -9320, 193, 193, -1691
4070, -9321, 193, 193, -1691
4070, -9321, 193, 193, -1689
4070, -9321, 193, 193, -1689
4068, -9320, 192, 192, -1689
4068, -9321, 193, 193, -1689
4068, -9321, 193, 193, -1689
4070, -9321, 193, 193, -1689
4070, -9321, 193, 193, -1689
4069, -9321, 193, 193, -1689
4069, -9321, 193, 193, -1689
4069, -9321, 193, 193, -1689
4070, -9321, 193, 193, -1689
4070, -9320, 194, 194, -1689
4069, -9320, 193, 193, -1689
4070, -9321, 193, 193, -1689
4070, -9321, 193, 193, -1689
4069, -9321, 193, 193, -1689
4069, -9321, 193, 193, -1689
4070, -9321, 193, 193, -1689
4070, -9321, 193, 193, -1689
4071, -9321, 194, 194, -1689
4069, -9321, 193, 193, -1689
4070, -9321, 193, 193, -1689
4069, -9321, 194, 194, -1689
4069, -9321, 194, 194, -1689
4071, -9321, 193, 193, -1689
4070, -9321, 194, 194, -1689
4070, -9321, 194, 194, -1689
4070, -9321, 194, 194, -1680
4070, -9321, 194, 194, -1680
4069, -9321, 193, 193, -1680
4069, -9321, 193, 193, -1680
4071, -9321, 194, 194, -1680
4070, -9321, 194, 194, -1680
4070, -9321, 194, 194, -1680
4069, -9321, 193, 193, -1680
4070, -9321, 194, 194, -1680
4070, -9321, 194, 194, -1680
4070, -9321, 193, 193, -1680
4009, -9369, 178, 178, -1680
3984, -9359, 115, 115, -1680
3984, -9359, 115, 115, -1680
3973, -9359, 100, 100, -1680
3966, -9360, 92, 92, -1680
3966, -9360, 92, 92, -1680
3964, -9360, 88, 88, -1680
3962, -9360, 84, 84, -1680
3959, -9360, 82, 82, -1680
3959, -9360, 82, 82, -1680
3956, -9359, 81, 81, -1680
3955, -9360, 80, 80, -1680
3953, -9360, 77, 77, -1680
3953, -9360, 77, 77, -1680
3950, -9360, 77, 77, -1695
3952, -9360, 75, 75, -1695
3952, -9360, 75, 75, -1695
3949, -9360, 73, 73, -1695
3949, -9360, 73, 73, -1695
3949, -9360, 73, 73, -1695
3950, -9360, 73, 73, -1695
3948, -9360, 71, 71, -1695
3948, -9360, 71, 71, -1695
3946, -9360, 70, 70, -1695
3946, -9360, 70, 70, -1695
3946, -9360, 70, 70, -1695
3946, -9360, 69, 69, -1695
3947, -9360, 69, 69, -1695
3946, -9359, 69, 69, -1695
3943, -9360, 67, 67, -1695
3943, -9360, 67, 67, -1695
3943, -9360, 67, 67, -1695
3944, -9360, 67, 67, -1695
3944, -9359, 67, 67, -1695
3944, -9360, 67, 67, -1695
3941, -9358, 66, 66, -1695
3942, -9360, 66, 66, -1695
3942, -9360, 66, 66, -1695
3941, -9360, 65, 65, -1695
3941, -9360, 65, 65, -1695
3942, -9359, 64, 64, -1695
3942, -9359, 64, 64, -1695
3941, -9359, 64, 64, -1685
3941, -9359, 64, 64, -1685
3939, -9359, 63, 63, -1685
3939, -9359, 63, 63, -1685
3940, -9359, 63, 63, -1685
3939, -9359, 63, 63, -1685
3939, -9359, 63, 63, -1685
3940, -9358, 63, 63, -1685
3940, -9358, 63, 63, -1685
3940, -9360, 62, 62, -1685
3938, -9359, 62, 62, -1685
3940, -9359, 62, 62, -1685
3940, -9359, 62, 62, -1685
3939, -9359, 61, 61, -1685
3939, -9359, 61, 61, -1685
3937, -9359, 61, 61, -1685
3937, -9359, 61, 61, -1685
3939, -9360, 61, 61, -1685
3939, -9360, 61, 61, -1685
3938, -9359, 60, 60, -1685
3938, -9359, 60, 60, -1685
3938, -9358, 60, 60, -1685
3938, -9358, 60, 60, -1685
3938, -9358, 60, 60, -1685
3936, -9358, 60, 60, -1685
3934, -9359, 60, 60, -1685
3934, -9359, 60, 60, -1685
3934, -9359, 60, 60, -1685
3936, -9358, 59, 59, -1687
3936, -9358, 59, 59, -1687
3935, -9360, 58, 58, -1687
3935, -9360, 58, 58, -1687
3933, -9359, 59, 59, -1687
3933, -9359, 57, 57, -1687
3933, -9359, 57, 57, -1687
3935, -9359, 58, 58, -1687
3935, -9359, 58, 58, -1687
3934, -9359, 58, 58, -1687
3933, -9359, 57, 57, -1687
3933, -9359, 57, 57, -1687
3933, -9359, 57, 57, -1687
3934, -9360, 57, 57, -1687
3932, -9357, 56, 56, -1687
3933, -9359, 56, 56, -1687
3933, -9359, 56, 56, -1687
3933, -9359, 56, 56, -1687
3933, -9359, 56, 56, -1687
3933, -9357, 56, 56, -1687
3933, -9357, 56, 56, -1687
3933, -9359, 56, 56, -1687
3933, -9359, 56, 56, -1687
3931, -9359, 55, 55, -1687
3931, -9359, 55, 55, -1687
3932, -9358, 55, 55, -1678
3932, -9358, 55, 55, -1678
3932, -9358, 55, 55, -1678
3931, -9358, 56, 56, -1678
3931, -9358, 56, 56, -1678
3930, -9358, 55, 55, -1678
3930, -9358, 55, 55, -1678
3930, -9358, 55, 55, -1678
3933, -9358, 55, 55, -1678
3929, -9358, 54, 54, -1678
3929, -9358, 54, 54, -1678
3928, -9358, 53, 53, -1678
3928, -9358, 53, 53, -1678
3930, -9358, 54, 54, -1678
3931, -9358, 54, 54, -1678
3931, -9358, 54, 54, -1678
3931, -9358, 54, 54, -1678
3931, -9358, 53, 53, -1678
3931, -9357, 53, 53, -1678
3929, -9359, 54, 54, -1678
4007, -9326, 127, 127, -1678
4007, -9326, 127, 127, -1678
4018, -9324, 139, 139, -1687
4019, -9323, 142, 142, -1687
4021, -9324, 145, 145, -1687
4027, -9324, 149, 149, -1687
4027, -9324, 149, 149, -1687
4029, -9322, 152, 152, -1687
4029, -9322, 152, 152, -1687
4033, -9323, 156, 156, -1687
4033, -9323, 156, 156, -1687
4034, -9323, 157, 157, -1687
4034, -9323, 157, 157, -1687
4035, -9323, 158, 158, -1687
4035, -9323, 159, 159, -1687
4035, -9323, 159, 159, -1687
4036, -9322, 160, 160, -1687
4036, -9322, 160, 160, -1687
4038, -9323, 162, 162, -1687
4038, -9323, 162, 162, -1687
4038, -9322, 162, 162, -1687
4038, -9322, 162, 162, -1687
4039, -9323, 163, 163, -1687
4039, -9324, 163, 163, -1687
4041, -9323, 164, 164, -1687
4041, -9323, 164, 164, -1687
4041, -9323, 164, 164, -1687
4042, -9322, 165, 165, -1680
4042, -9322, 165, 165, -1680
4041, -9323, 166, 166, -1680
4042, -9323, 165, 165, -1680
4042, -9323, 167, 167, -1680
4042, -9323, 167, 167, -1680
4044, -9324, 167, 167, -1680
4044, -9324, 167, 167, -1680
4043, -9324, 167, 167, -1680
4045, -9323, 168, 168, -1680
4043, -9323, 168, 168, -1680
4044, -9323, 168, 168, -1680
4044, -9323, 168, 168, -1680
4045, -9323, 168, 168, -1680
4044, -9323, 169, 169, -1680
4045, -9323, 169, 169, -1680
4045, -9323, 169, 169, -1680
4045, -9322, 169, 169, -1680
4045, -9322, 169, 169, -1680
4047, -9324, 170, 170, -1680
4047, -9323, 171, 171, -1680
4047, -9323, 170, 170, -1680
4047, -9323, 170, 170, -1680
4048, -9323, 171, 171, -1680
4048, -9323, 171, 171, -1680
4048, -9323, 171, 171, -1680
4046, -9323, 171, 171, -1680
4047, -9323, 171, 171, -1680
4047, -9324, 171, 171, -1680
4049, -9323, 172, 172, -1680
4048, -9322, 172, 172, -1680
4048, -9322, 172, 172, -1680
4048, -9323, 172, 172, -1680
4048, -9323, 172, 172, -1680
4049, -9323, 173, 173, -1680
4049, -9323, 173, 173, -1680
4049, -9324, 173, 173, -1680
4049, -9324, 173, 173, -1680
4051, -9323, 173, 173, -1680
4050, -9323, 173, 173, -1680
4050, -9324, 174, 174, -1680
4050, -9324, 174, 174, -1680
4051, -9323, 174, 174, -1680
4052, -9322, 175, 175, -1680
4049, -9323, 174, 174, -1680
4049, -9323, 174, 174, -1680
4051, -9323, 174, 174, -1680
4051, -9323, 174, 174, -1680
4051, -9323, 174, 174, -1680
4051, -9323, 174, 174, -1680
4051, -9323, 175, 175, -1680
4051, -9323, 175, 175, -1680
4050, -9324, 175, 175, -1680
4050, -9324, 175, 175, -1680
4052, -9324, 176, 176, -1674
4052, -9324, 176, 176, -1674
4052, -9324, 175, 175, -1674
4052, -9324, 175, 175, -1674
4052, -9324, 175, 175, -1674
4052, -9324, 175, 175, -1674
4051, -9324, 175, 175, -1674
4051, -9324, 175, 175, -1674
4052, -9324, 175, 175, -1674
4051, -9325, 175, 175, -1674
4053, -9323, 176, 176, -1674
4053, -9323, 176, 176, -1674
4051, -9324, 175, 175, -1674
4054, -9324, 177, 177, -1674
4054, -9324, 177, 177, -1674
4053, -9323, 176, 176, -1674
4053, -9323, 176, 176, -1674
4053, -9324, 176, 176, -1674
4053, -9324, 177, 177, -1674
4054, -9324, 177, 177, -1674
4052, -9324, 177, 177, -1674
4054, -9325, 177, 177, -1674
4053, -9324, 177, 177, -1674
4054, -9324, 177, 177, -1674
4054, -9324, 177, 177, -1674
4053, -9323, 177, 177, -1674
4055, -9323, 178, 178, -1674
4055, -9323, 178, 178, -1674
4053, -9324, 177, 177, -1674
4053, -9324, 177, 177, -1674
4053, -9324, 177, 177, -1674
4054, -9324, 177, 177, -1674
4054, -9324, 177, 177, -1674
4053, -9323, 177, 177, -1674
4053, -9323, 177, 177, -1674
4053, -9324, 177, 177, -1674
4055, -9323, 178, 178, -1674
4054, -9324, 178, 178, -1674
4054, -9324, 178, 178, -1674
4054, -9323, 178, 178, -1674
4054, -9323, 178, 178, -1674
4054, -9323, 177, 177, -1674
4054, -9323, 177, 177, -1674
4054, -9323, 178, 178, -1674
4054, -9323, 178, 178, -1674
4054, -9324, 178, 178, -1674
3983, -9354, 119, 119, -1674
3983, -9354, 119, 119, -1674
3968, -9357, 92, 92, -1674
3968, -9357, 92, 92, -1674
3962, -9359, 86, 86, -1674
3962, -9359, 86, 86, -1674
3955, -9359, 80, 80, -1672
3955, -9359, 78, 78, -1672
3953, -9358, 77, 77, -1672
3953, -9358, 77, 77, -1672
3953, -9358, 75, 75, -1672
3951, -9359, 75, 75, -1672
3949, -9358, 73, 73, -1672
3949, -9358, 73, 73, -1672
3947, -9359, 72, 72, -1672
3945, -9357, 70, 70, -1672
3945, -9357, 70, 70, -1672
3944, -9359, 69, 69, -1672
3944, -9359, 69, 69, -1672
3943, -9359, 68, 68, -1672
3943, -9359, 68, 68, -1672
3942, -9357, 67, 67, -1672
3943, -9359, 67, 67, -1672
3942, -9359, 67, 67, -1672
3942, -9359, 67, 67, -1672
3943, -9359, 66, 66, -1672
3943, -9359, 65, 65, -1672
3943, -9359, 65, 65, -1672
3940, -9358, 64, 64, -1672
3940, -9358, 64, 64, -1672
3939, -9359, 64, 64, -1672
3937, -9358, 63, 63, -1672
3937, -9358, 63, 63, -1672
3938, -9359, 63, 63, -1672
3938, -9359, 63, 63, -1672
3938, -9358, 62, 62, -1672
3938, -9358, 62, 62, -1672
3937, -9359, 61, 61, -1672
3937, -9359, 61, 61, -1672
3939, -9358, 62, 62, -1672
3939, -9358, 62, 62, -1672
3937, -9359, 61, 61, -1672
3937, -9359, 61, 61, -1672
3936, -9359, 60, 60, -1672
3936, -9359, 60, 60, -1672
3935, -9357, 59, 59, -1672
3935, -9358, 58, 58, -1672
3934, -9358, 58, 58, -1672
3934, -9358, 59, 59, -1672
3933, -9358, 58, 58, -1672
3933, -9359, 58, 58, -1672
3933, -9359, 58, 58, -1672
3935, -9359, 58, 58, -1672
3936, -9358, 58, 58, -1672
3933, -9358, 59, 59, -1672
3933, -9358, 59, 59, -1672
3934, -9359, 58, 58, -1672
3934, -9359, 58, 58, -1672
3933, -9358, 57, 57, -1672
3933, -9358, 57, 57, -1672
3932, -9358, 57, 57, -1672
3931, -9359, 56, 56, -1672
3935, -9357, 57, 57, -1672
3935, -9357, 57, 57, -1672
3932, -9357, 56, 56, -1672
3934, -9358, 56, 56, -1672
3934, -9358, 56, 56, -1672
3932, -9358, 55, 55, -1672
3932, -9358, 55, 55, -1672
3932, -9358, 55, 55, -1672
3932, -9358, 55, 55, -1672
3931, -9358, 55, 55, -1672
3932, -9358, 54, 54, -1672
3931, -9358, 55, 55, -1672
3931, -9358, 55, 55, -1672
3931, -9358, 54, 54, -1672
3931, -9358, 54, 54, -1672
3931, -9357, 55, 55, -1672
3931, -9357, 55, 55, -1672
3932, -9357, 54, 54, -1672
3932, -9357, 54, 54, -1672
3932, -9357, 54, 54, -1672
3932, -9357, 54, 54, -1672
3930, -9359, 53, 53, -1672
3930, -9359, 53, 53, -1672
3929, -9357, 53, 53, -1672
3928, -9357, 53, 53, -1672
3928, -9358, 52, 52, -1668
3928, -9358, 52, 52, -1668
3928, -9357, 52, 52, -1668
3928, -9357, 52, 52, -1668
3929, -9357, 53, 53, -1668
3929, -9357, 53, 53, -1668
3928, -9356, 52, 52, -1668
3929, -9357, 52, 52, -1668
3928, -9357, 52, 52, -1668
3928, -9357, 52, 52, -1668
3927, -9357, 51, 51, -1668
3927, -9357, 51, 51, -1668
3928, -9357, 52, 52, -1668
3928, -9357, 52, 52, -1668
3928, -9357, 51, 51, -1668
3929, -9358, 51, 51, -1668
3929, -9358, 51, 51, -1668
3927, -9358, 51, 51, -1668
3928, -9357, 51, 51, -1668
3928, -9357, 51, 51, -1668
3927, -9357, 51, 51, -1668
3927, -9357, 51, 51, -1668
3927, -9358, 51, 51, -1668
3927, -9357, 51, 51, -1668
3927, -9357, 51, 51, -1668
3926, -9358, 51, 51, -1668
3928, -9357, 51, 51, -1668
3929, -9356, 50, 50, -1668
3929, -9356, 50, 50, -1668
3987, -9328, 71, 71, -1668
4004, -9326, 123, 123, -1668
4004, -9326, 123, 123, -1668
4014, -9323, 136, 136, -1668
4014, -9323, 136, 136, -1668
4017, -9323, 139, 139, -1668
4018, -9324, 141, 141, -1668
4023, -9323, 146, 146, -1668
4023, -9323, 146, 146, -1668
4025, -9322, 147, 147, -1668
4026, -9321, 150, 150, -1668
4027, -9322, 151, 151, -1668
4027, -9322, 151, 151, -1668
4029, -9322, 153, 153, -1668
4029, -9322, 153, 153, -1668
4031, -9322, 154, 154, -1668
4031, -9322, 154, 154, -1668
4033, -9323, 156, 156, -1668
4033, -9323, 156, 156, -1668
4034, -9322, 157, 157, -1668
4034, -9322, 157, 157, -1668
4035, -9322, 158, 158, -1668
4035, -9321, 158, 158, -1668
4035, -9322, 159, 159, -1668
4035, -9322, 159, 159, -1668
4037, -9322, 161, 161, -1670
4037, -9322, 161, 161, -1670
4036, -9322, 161, 161, -1670
4037, -9323, 161, 161, -1670
4037, -9323, 161, 161, -1670
4038, -9322, 162, 162, -1670
4041, -9322, 163, 163, -1670
4040, -9324, 163, 163, -1670
4040, -9324, 163, 163, -1670
4040, -9324, 164, 164, -1670
4040, -9324, 164, 164, -1670
4040, -9322, 164, 164, -1670
4040, -9322, 164, 164, -1670
4040, -9323, 164, 164, -1670
4040, -9323, 164, 164, -1670
4040, -9323, 164, 164, -1670
4041, -9323, 165, 165, -1670
4042, -9322, 166, 166, -1670
4042, -9322, 166, 166, -1670
4043, -9323, 166, 166, -1670
4043, -9322, 166, 166, -1670
4043, -9323, 166, 166, -1670
4043, -9323, 166, 166, -1670
4042, -9324, 166, 166, -1670
4044, -9323, 168, 168, -1670
4043, -9322, 168, 168, -1670
4044, -9324, 168, 168, -1670
4044, -9324, 168, 168, -1670
4045, -9321, 168, 168, -1670
4045, -9323, 168, 168, -1670
4044, -9323, 168, 168, -1670
4045, -9322, 169, 169, -1670
4045, -9322, 169, 169, -1670
4045, -9323, 169, 169, -1670
4045, -9323, 169, 169, -1670
4046, -9323, 169, 169, -1670
4045, -9323, 169, 169, -1670
4047, -9323, 170, 170, -1670
4047, -9323, 170, 170, -1670
4046, -9324, 170, 170, -1670
4046, -9324, 170, 170, -1670
4047, -9323, 171, 171, -1670
4047, -9323, 171, 171, -1670
4047, -9323, 171, 171, -1670
4047, -9323, 171, 171, -1670
4046, -9323, 170, 170, -1670
4046, -9323, 170, 170, -1670
4049, -9324, 171, 171, -1670
4049, -9324, 171, 171, -1670
4047, -9323, 171, 171, -1670
4047, -9324, 171, 171, -1670
4048, -9324, 172, 172, -1674
4048, -9324, 172, 172, -1674
4047, -9324, 171, 171, -1674
4047, -9324, 171, 171, -1674
4048, -9323, 172, 172, -1674
4048, -9323, 172, 172, -1674
4048, -9323, 172, 172, -1674
4048, -9324, 172, 172, -1674
4048, -9324, 172, 172, -1674
4049, -9323, 173, 173, -1674
4049, -9323, 173, 173, -1674
4050, -9323, 173, 173, -1674
4050, -9323, 173, 173, -1674
4049, -9324, 174, 174, -1674
4049, -9324, 174, 174, -1674
4049, -9323, 173, 173, -1674
4049, -9323, 173, 173, -1674
4050, -9324, 174, 174, -1674
4050, -9324, 174, 174, -1674
4050, -9323, 174, 174, -1674
4050, -9323, 174, 174, -1674
4051, -9323, 174, 174, -1674
4051, -9323, 174, 174, -1674
4051, -9323, 174, 174, -1674
4051, -9324, 174, 174, -1674
4050, -9324, 174, 174, -1668
4050, -9324, 174, 174, -1668
4050, -9324, 174, 174, -1668
4050, -9324, 174, 174, -1668
4050, -9323, 174, 174, -1668
4051, -9323, 174, 174, -1668
4051, -9323, 174, 174, -1668
4051, -9324, 174, 174, -1668
4051, -9324, 174, 174, -1668
4051, -9324, 174, 174, -1668
4050, -9324, 174, 174, -1668
4050, -9324, 174, 174, -1668
4052, -9323, 175, 175, -1668
4052, -9323, 175, 175, -1668
4051, -9323, 175, 175, -1668
4051, -9323, 175, 175, -1668
4052, -9324, 175, 175, -1668
4052, -9324, 175, 175, -1668
4051, -9324, 175, 175, -1668
4052, -9322, 175, 175, -1668
4052, -9322, 175, 175, -1668
4051, -9323, 175, 175, -1668
4051, -9323, 175, 175, -1668
4052, -9323, 175, 175, -1668
4052, -9323, 175, 175, -1668
4051, -9324, 175, 175, -1668
4051, -9324, 175, 175, -1668
3968, -9357, 90, 90, -1664
3968, -9357, 90, 90, -1664
3960, -9358, 84, 84, -1664
3960, -9358, 84, 84, -1664
3952, -9358, 77, 77, -1664
3952, -9358, 77, 77, -1664
3952, -9359, 76, 76, -1664
3952, -9359, 76, 76, -1664
3948, -9359, 72, 72, -1664
3948, -9359, 72, 72, -1664
3947, -9360, 72, 72, -1664
3946, -9359, 70, 70, -1664
3948, -9358, 70, 70, -1664
3946, -9358, 70, 70, -1664
3946, -9358, 70, 70, -1664
3943, -9359, 68, 68, -1664
3943, -9359, 68, 68, -1664
3942, -9359, 67, 67, -1664
3942, -9359, 67, 67, -1664
3943, -9358, 66, 66, -1664
3943, -9358, 66, 66, -1664
3941, -9358, 65, 65, -1664
3939, -9358, 63, 63, -1664
3940, -9358, 63, 63, -1664
3940, -9358, 63, 63, -1664
3938, -9360, 63, 63, -1666
3938, -9360, 63, 63, -1666
3939, -9358, 62, 62, -1666
3939, -9358, 62, 62, -1666
3939, -9358, 61, 61, -1666
3939, -9358, 61, 61, -1666
3935, -9358, 60, 60, -1666
3935, -9358, 60, 60, -1666
3935, -9357, 59, 59, -1666
3935, -9357, 59, 59, -1666
3936, -9358, 59, 59, -1666
3936, -9358, 59, 59, -1666
3934, -9359, 58, 58, -1666
3934, -9359, 58, 58, -1666
3933, -9358, 58, 58, -1666
3934, -9358, 58, 58, -1666
3932, -9358, 58, 58, -1666
3934, -9358, 57, 57, -1666
3934, -9358, 57, 57, -1666
3934, -9358, 56, 56, -1666
3934, -9358, 56, 56, -1666
3932, -9358, 57, 57, -1666
3932, -9358, 57, 57, -1666
3934, -9359, 57, 57, -1666
3931, -9358, 55, 55, -1666
3933, -9358, 56, 56, -1666
3932, -9357, 55, 55, -1666
3932, -9358, 55, 55, -1666
3930, -9359, 54, 54, -1666
3930, -9359, 54, 54, -1666
3930, -9359, 54, 54, -1666
3930, -9359, 54, 54, -1666
3929, -9358, 54, 54, -1666
3929, -9358, 54, 54, -1666
3931, -9359, 54, 54, -1666
3931, -9359, 54, 54, -1666
3930, -9358, 54, 54, -1666
3930, -9358, 54, 54, -1666
3931, -9357, 54, 54, -1666
3931, -9357, 54, 54, -1666
3929, -9357, 53, 53, -1666
3929, -9357, 53, 53, -1666
3929, -9358, 53, 53, -1666
3929, -9358, 53, 53, -1666
3930, -9357, 53, 53, -1666
3930, -9357, 53, 53, -1666
3928, -9358, 52, 52, -1666
3928, -9358, 52, 52, -1666
3929, -9358, 52, 52, -1666
3929, -9358, 52, 52, -1666
3927, -9357, 51, 51, -1666
3927, -9357, 51, 51, -1666
3927, -9358, 51, 51, -1666
3927, -9358, 51, 51, -1666
3927, -9357, 52, 52, -1660
3927, -9357, 52, 52, -1660
3927, -9358, 51, 51, -1660
3927, -9358, 51, 51, -1660
3927, -9357, 51, 51, -1660
3927, -9357, 51, 51, -1660
3928, -9359, 51, 51, -1660
3929, -9358, 51, 51, -1660
3928, -9358, 51, 51, -1660
3927, -9357, 50, 50, -1660
3927, -9357, 50, 50, -1660
3926, -9357, 49, 49, -1660
3925, -9356, 50, 50, -1660
3927, -9359, 50, 50, -1660
3927, -9359, 50, 50, -1660
3926, -9357, 50, 50, -1660
3924, -9358, 50, 50, -1660
3924, -9358, 50, 50, -1660
3926, -9357, 49, 49, -1660
3926, -9357, 49, 49, -1660
3925, -9357, 49, 49, -1660
3925, -9357, 49, 49, -1660
3924, -9357, 49, 49, -1660
3926, -9358, 49, 49, -1660
3926, -9358, 49, 49, -1660
3924, -9356, 48, 48, -1660
3924, -9356, 48, 48, -1660
3924, -9356, 48, 48, -1660
3924, -9356, 48, 48, -1660
3925, -9356, 49, 49, -1660
3925, -9356, 49, 49, -1660
3925, -9358, 49, 49, -1660
3925, -9358, 49, 49, -1660
3924, -9358, 48, 48, -1660
3924, -9358, 48, 48, -1660
3926, -9357, 48, 48, -1660
3926, -9357, 48, 48, -1660
3928, -9355, 52, 52, -1660
3928, -9355, 52, 52, -1660
3977, -9331, 65, 65, -1660
4002, -9326, 120, 120, -1660
4009, -9325, 128, 128, -1660
4011, -9325, 134, 134, -1660
4016, -9323, 138, 138, -1660
4022, -9323, 143, 143, -1660
4022, -9323, 143, 143, -1660
4024, -9322, 146, 146, -1660
4024, -9322, 146, 146, -1660
4026, -9322, 149, 149, -1660
4026, -9322, 149, 149, -1660
4029, -9323, 151, 151, -1660
4029, -9323, 151, 151, -1660
4028, -9322, 152, 152, -1660
4029, -9322, 153, 153, -1660
4029, -9322, 153, 153, -1660
4031, -9321, 154, 154, -1666
4033, -9321, 155, 155, -1666
4033, -9321, 155, 155, -1666
4033, -9322, 156, 156, -1666
4033, -9322, 156, 156, -1666
4034, -9322, 158, 158, -1666
4034, -9322, 158, 158, -1666
4034, -9322, 158, 158, -1666
4036, -9322, 160, 160, -1666
4036, -9322, 160, 160, -1666
4035, -9324, 160, 160, -1666
4035, -9324, 160, 160, -1666
4036, -9321, 160, 160, -1666
4036, -9321, 160, 160, -1666
4037, -9322, 161, 161, -1666
4037, -9322, 161, 161, -1666
4038, -9322, 162, 162, -1666
4038, -9322, 162, 162, -1666
4039, -9322, 162, 162, -1666
4039, -9323, 162, 162, -1666
4039, -9323, 163, 163, -1666
4040, -9323, 163, 163, -1666
4041, -9323, 164, 164, -1666
4041, -9323, 164, 164, -1666
4041, -9322, 164, 164, -1666
4041, -9322, 164, 164, -1666
4040, -9323, 164, 164, -1664
4040, -9323, 164, 164, -1664
4041, -9323, 165, 165, -1664
4041, -9323, 165, 165, -1664
4041, -9323, 165, 165, -1664
4042, -9323, 165, 165, -1664
4042, -9323, 165, 165, -1664
4041, -9321, 166, 166, -1664
4044, -9322, 167, 167, -1664
4044, -9322, 167, 167, -1664
4042, -9323, 166, 166, -1664
4043, -9323, 166, 166, -1664
4043, -9322, 167, 167, -1664
4043, -9322, 167, 167, -1664
4044, -9323, 168, 168, -1664
4044, -9323, 168, 168, -1664
4044, -9322, 168, 168, -1664
4044, -9322, 168, 168, -1664
4044, -9323, 168, 168, -1664
4044, -9323, 168, 168, -1664
4044, -9323, 168, 168, -1664
4045, -9323, 168, 168, -1664
4045, -9323, 168, 168, -1664
4046, -9323, 169, 169, -1664
4044, -9324, 169, 169, -1664
4045, -9323, 169, 169, -1664
4045, -9323, 169, 169, -1664
4045, -9324, 169, 169, -1660
4045, -9324, 169, 169, -1660
4047, -9323, 170, 170, -1660
4047, -9324, 170, 170, -1660
4047, -9324, 170, 170, -1660
4047, -9324, 170, 170, -1660
4047, -9324, 170, 170, -1660
4046, -9323, 170, 170, -1660
4046, -9323, 170, 170, -1660
4047, -9322, 170, 170, -1660
4047, -9322, 170, 170, -1660
4047, -9323, 170, 170, -1660
4046, -9322, 170, 170, -1660
4046, -9322, 170, 170, -1660
4047, -9323, 170, 170, -1660
4047, -9323, 170, 170, -1660
4046, -9323, 170, 170, -1660
4049, -9323, 172, 172, -1660
4049, -9323, 172, 172, -1660
4048, -9323, 171, 171, -1660
4048, -9323, 171, 171, -1660
4048, -9323, 171, 171, -1660
4048, -9323, 171, 171, -1660
4048, -9323, 172, 172, -1660
4048, -9323, 172, 172, -1660
4047, -9323, 171, 171, -1660
4047, -9323, 171, 171, -1660
4049, -9323, 172, 172, -1652
4049, -9323, 172, 172, -1652
4048, -9323, 172, 172, -1652
4050, -9323, 173, 173, -1652
4050, -9323, 173, 173, -1652
4048, -9323, 173, 173, -1652
4048, -9323, 173, 173, -1652
4049, -9324, 172, 172, -1652
4049, -9324, 172, 172, -1652
4048, -9323, 172, 172, -1652
4050, -9322, 173, 173, -1652
4050, -9322, 173, 173, -1652
4049, -9324, 173, 173, -1652
4049, -9324, 173, 173, -1652
4049, -9324, 173, 173, -1652
4049, -9324, 173, 173, -1652
4050, -9323, 173, 173, -1652
4050, -9324, 173, 173, -1652
4050, -9324, 173, 173, -1652
4050, -9323, 174, 174, -1652
4050, -9323, 174, 174, -1652
4051, -9324, 174, 174, -1652
4051, -9324, 174, 174, -1652
4050, -9323, 174, 174, -1652
4050, -9323, 174, 174, -1652
4050, -9324, 174, 174, -1654
4051, -9323, 174, 174, -1654
4051, -9323, 174, 174, -1654
4051, -9323, 174, 174, -1654
4049, -9324, 174, 174, -1654
4049, -9324, 174, 174, -1654
4051, -9323, 174, 174, -1654
4051, -9323, 174, 174, -1654
3931, -9344, 144, 144, -1654
3931, -9344, 144, 144, -1654
3975, -9357, 102, 102, -1654
3967, -9356, 92, 92, -1654
3960, -9357, 86, 86, -1654
3958, -9357, 83, 83, -1654
3956, -9357, 80, 80, -1654
3954, -9357, 78, 78, -1654
3953, -9358, 75, 75, -1654
3953, -9358, 75, 75, -1654
3948, -9360, 73, 73, -1654
3948, -9360, 73, 73, -1654
3947, -9358, 72, 72, -1654
3947, -9359, 70, 70, -1654
3947, -9359, 70, 70, -1654
3945, -9358, 69, 69, -1654
3945, -9358, 69, 69, -1654
3942, -9357, 66, 66, -1654
3940, -9359, 65, 65, -1662
3941, -9359, 65, 65, -1662
3941, -9359, 65, 65, -1662
3940, -9358, 64, 64, -1662
3940, -9358, 64, 64, -1662
3939, -9357, 63, 63, -1662
3939, -9357, 63, 63, -1662
3940, -9358, 63, 63, -1662
3939, -9357, 62, 62, -1662
3939, -9357, 62, 62, -1662
3937, -9357, 60, 60, -1662
3937, -9357, 60, 60, -1662
3936, -9358, 60, 60, -1662
3935, -9358, 59, 59, -1662
3935, -9358, 59, 59, -1662
3937, -9358, 60, 60, -1662
3937, -9358, 60, 60, -1662
3935, -9357, 59, 59, -1662
3936, -9357, 59, 59, -1662
3935, -9358, 58, 58, -1662
3933, -9357, 58, 58, -1662
3934, -9358, 58, 58, -1662
3934, -9358, 58, 58, -1662
3935, -9358, 58, 58, -1662
3935, -9358, 58, 58, -1662
3934, -9358, 57, 57, -1662
3933, -9359, 56, 56, -1662
3933, -9359, 56, 56, -1662
3933, -9358, 56, 56, -1654
3933, -9358, 56, 56, -1654
3933, -9358, 56, 56, -1654
3933, -9358, 56, 56, -1654
3932, -9357, 56, 56, -1654
3932, -9357, 56, 56, -1654
3931, -9358, 55, 55, -1654
3931, -9358, 55, 55, -1654
3930, -9358, 55, 55, -1654
3930, -9358, 55, 55, -1654
3931, -9358, 55, 55, -1654
3931, -9358, 55, 55, -1654
3930, -9357, 53, 53, -1654
3930, -9357, 53, 53, -1654
3929, -9357, 53, 53, -1654
3929, -9357, 53, 53, -1654
3929, -9358, 53, 53, -1654
3929, -9358, 53, 53, -1654
3931, -9358, 53, 53, -1654
3931, -9358, 53, 53, -1654
3930, -9358, 53, 53, -1654
3930, -9357, 53, 53, -1654
3929, -9357, 52, 52, -1654
3929, -9357, 52, 52, -1654
3928, -9358, 52, 52, -1654
3928, -9358, 52, 52, -1654
3930, -9358, 52, 52, -1660
3930, -9358, 52, 52, -1660
3928, -9357, 51, 51, -1660
3929, -9357, 52, 52, -1660
3929, -9357, 52, 52, -1660
3928, -9357, 52, 52, -1660
3928, -9357, 52, 52, -1660
3928, -9358, 51, 51, -1660
3926, -9357, 50, 50, -1660
3926, -9357, 50, 50, -1660
3926, -9357, 50, 50, -1660
3925, -9357, 50, 50, -1660
3925, -9357, 50, 50, -1660
3928, -9357, 50, 50, -1660
3928, -9357, 50, 50, -1660
3925, -9358, 49, 49, -1660
3925, -9358, 49, 49, -1660
3925, -9358, 49, 49, -1660
3925, -9358, 49, 49, -1660
3925, -9358, 48, 48, -1660
3925, -9358, 48, 48, -1660
3925, -9357, 50, 50, -1660
3925, -9357, 50, 50, -1660
3927, -9357, 49, 49, -1660
3927, -9357, 49, 49, -1660
3926, -9357, 50, 50, -1660
3925, -9356, 49, 49, -1660
3926, -9357, 49, 49, -1660
3926, -9357, 48, 48, -1656
3926, -9357, 48, 48, -1656
3925, -9357, 49, 49, -1656
3925, -9357, 49, 49, -1656
3925, -9357, 49, 49, -1656
3925, -9356, 49, 49, -1656
3925, -9357, 49, 49, -1656
3925, -9357, 49, 49, -1656
3924, -9358, 48, 48, -1656
3924, -9358, 48, 48, -1656
3924, -9357, 48, 48, -1656
3923, -9357, 47, 47, -1656
3924, -9357, 48, 48, -1656
3924, -9357, 48, 48, -1656
3926, -9357, 48, 48, -1656
3926, -9357, 48, 48, -1656
3924, -9358, 48, 48, -1656
3924, -9357, 48, 48, -1656
3930, -9358, 49, 49, -1656
3990, -9329, 80, 80, -1656
3990, -9329, 80, 80, -1656
4010, -9323, 131, 131, -1656
4010, -9323, 131, 131, -1656
4015, -9322, 137, 137, -1656
4015, -9322, 137, 137, -1656
4019, -9323, 142, 142, -1656
4019, -9323, 142, 142, -1656
4022, -9321, 145, 145, -1654
4022, -9321, 145, 145, -1654
4024, -9323, 147, 147, -1654
4026, -9322, 149, 149, -1654
4026, -9322, 149, 149, -1654
4027, -9322, 150, 150, -1654
4027, -9322, 150, 150, -1654
4030, -9322, 153, 153, -1654
4030, -9322, 153, 153, -1654
4032, -9322, 154, 154, -1654
4032, -9322, 154, 154, -1654
4033, -9322, 155, 155, -1654
4034, -9323, 157, 157, -1654
4034, -9323, 157, 157, -1654
4033, -9322, 157, 157, -1654
4034, -9322, 157, 157, -1654
4034, -9323, 158, 158, -1654
4034, -9323, 158, 158, -1654
4034, -9322, 158, 158, -1654
4035, -9323, 158, 158, -1654
4037, -9323, 159, 159, -1654
4037, -9323, 159, 159, -1654
4037, -9322, 161, 161, -1654
4037, -9322, 161, 161, -1654
4037, -9322, 161, 161, -1654
4038, -9323, 161, 161, -1654
4037, -9323, 162, 162, -1654
4038, -9322, 161, 161, -1654
4039, -9322, 162, 162, -1666
4037, -9322, 161, 161, -1666
4039, -9322, 162, 162, -1666
4038, -9322, 162, 162, -1666
4039, -9323, 162, 162, -1666
4038, -9323, 162, 162, -1666
4040, -9323, 163, 163, -1666
4040, -9322, 164, 164, -1666
4040, -9323, 164, 164, -1666
4040, -9323, 164, 164, -1666
4041, -9322, 164, 164, -1666
4040, -9323, 164, 164, -1666
4042, -9322, 164, 164, -1666
4042, -9322, 164, 164, -1666
4042, -9322, 165, 165, -1666
4042, -9322, 165, 165, -1666
4043, -9322, 166, 166, -1666
4042, -9322, 166, 166, -1666
4041, -9322, 166, 166, -1666
4043, -9323, 166, 166, -1666
4043, -9323, 166, 166, -1666
4042, -9322, 166, 166, -1666
4043, -9322, 167, 167, -1666
4043, -9322, 167, 167, -1666
4043, -9322, 166, 166, -1666
4043, -9322, 166, 166, -1666
4043, -9323, 167, 167, -1656
4043, -9323, 167, 167, -1656
4045, -9323, 168, 168, -1656
4045, -9323, 168, 168, -1656
4044, -9322, 168, 168, -1656
4044, -9322, 168, 168, -1656
4043, -9322, 167, 167, -1656
4043, -9322, 167, 167, -1656
4044, -9323, 167, 167, -1656
4046, -9323, 168, 168, -1656
4045, -9324, 168, 168, -1656
4044, -9322, 169, 169, -1656
4044, -9322, 169, 169, -1656
4044, -9324, 168, 168, -1656
4046, -9323, 168, 168, -1656
4046, -9323, 168, 168, -1656
4046, -9324, 169, 169, -1656
4046, -9324, 169, 169, -1656
4044, -9324, 169, 169, -1656
4047, -9323, 169, 169, -1656
4045, -9323, 170, 170, -1656
4048, -9322, 171, 171, -1656
4047, -9324, 170, 170, -1656
4047, -9323, 170, 170, -1656
4046, -9323, 170, 170, -1656
4046, -9323, 170, 170, -1656
4047, -9323, 170, 170, -1656
4047, -9324, 170, 170, -1654
4047, -9324, 170, 170, -1654
4047, -9323, 171, 171, -1654
4048, -9323, 171, 171, -1654
4047, -9323, 171, 171, -1654
4048, -9323, 171, 171, -1654
4047, -9323, 171, 171, -1654
4049, -9324, 171, 171, -1654
4049, -9324, 171, 171, -1654
4048, -9323, 171, 171, -1654
4048, -9323, 171, 171, -1654
4048, -9324, 171, 171, -1654
4048, -9324, 171, 171, -1654
4047, -9323, 171, 171, -1654
4047, -9323, 171, 171, -1654
4049, -9322, 172, 172, -1654
4047, -9323, 171, 171, -1654
4047, -9323, 171, 171, -1654
4048, -9323, 172, 172, -1654
4048, -9323, 172, 172, -1654
4048, -9324, 172, 172, -1654
4048, -9323, 172, 172, -1654
4049, -9323, 172, 172, -1654
4049, -9323, 172, 172, -1654
4049, -9324, 173, 173, -1654
4049, -9324, 173, 173, -1654
4049, -9323, 172, 172, -1654
4049, -9323, 172, 172, -1654
4049, -9323, 172, 172, -1650
4049, -9323, 172, 172, -1650
4050, -9324, 173, 173, -1650
4050, -9324, 173, 173, -1650
4049, -9324, 173, 173, -1650
4049, -9324, 173, 173, -1650
4050, -9323, 173, 173, -1650
4050, -9323, 173, 173, -1650
4050, -9324, 173, 173, -1650
4049, -9323, 173, 173, -1650
4050, -9324, 173, 173, -1650
4049, -9323, 173, 173, -1650
4049, -9323, 173, 173, -1650
4050, -9324, 173, 173, -1650
4051, -9324, 174, 174, -1650
4051, -9324, 174, 174, -1650
3982, -9355, 117, 117, -1650
3965, -9356, 93, 93, -1650
3964, -9357, 87, 87, -1650
3954, -9357, 79, 79, -1650
3953, -9358, 77, 77, -1650
3953, -9358, 77, 77, -1650
3951, -9358, 75, 75, -1650
3948, -9358, 73, 73, -1650
3948, -9357, 72, 72, -1650
3945, -9359, 69, 69, -1656
3945, -9359, 69, 69, -1656
3942, -9358, 67, 67, -1656
3942, -9358, 67, 67, -1656
3943, -9358, 67, 67, -1656
3943, -9358, 67, 67, -1656
3939, -9358, 65, 65, -1656
3939, -9358, 65, 65, -1656
3940, -9358, 63, 63, -1656
3940, -9358, 63, 63, -1656
3939, -9357, 64, 64, -1656
3939, -9357, 63, 63, -1656
3937, -9357, 62, 62, -1656
3937, -9357, 62, 62, -1656
3936, -9357, 61, 61, -1656
3936, -9357, 61, 61, -1656
3935, -9356, 60, 60, -1656
3935, -9356, 60, 60, -1656
3936, -9358, 59, 59, -1656
3936, -9358, 59, 59, -1656
3936, -9358, 59, 59, -1656
3935, -9357, 59, 59, -1656
3935, -9357, 59, 59, -1656
3935, -9357, 58, 58, -1656
3935, -9357, 58, 58, -1656
3933, -9357, 57, 57, -1656
3933, -9357, 57, 57, -1656
3934, -9357, 57, 57, -1656
3933, -9357, 57, 57, -1656
3932, -9358, 56, 56, -1656
3932, -9358, 56, 56, -1656
3930, -9359, 55, 55, -1656
3930, -9359, 55, 55, -1656
3933, -9358, 55, 55, -1656
3933, -9357, 55, 55, -1656
3933, -9357, 55, 55, -1656
3930, -9357, 54, 54, -1656
3930, -9357, 54, 54, -1656
3929, -9358, 54, 54, -1656
3929, -9358, 54, 54, -1656
3930, -9358, 53, 53, -1656
3931, -9357, 54, 54, -1656
3931, -9357, 54, 54, -1656
3929, -9357, 53, 53, -1656
3929, -9357, 53, 53, -1656
3929, -9357, 53, 53, -1656
3928, -9357, 52, 52, -1656
3928, -9357, 52, 52, -1656
3928, -9357, 52, 52, -1656
3930, -9356, 52, 52, -1641
3930, -9356, 52, 52, -1641
3928, -9358, 51, 51, -1641
3928, -9358, 51, 51, -1641
3926, -9357, 50, 50, -1641
3926, -9357, 50, 50, -1641
3926, -9356, 51, 51, -1641
3928, -9358, 51, 51, -1641
3928, -9358, 51, 51, -1641
3928, -9356, 51, 51, -1641
3928, -9357, 51, 51, -1641
3926, -9357, 51, 51, -1641
3926, -9357, 51, 51, -1641
3926, -9357, 51, 51, -1641
3925, -9358, 50, 50, -1641
3927, -9357, 50, 50, -1641
3926, -9357, 50, 50, -1641
3924, -9357, 49, 49, -1641
3924, -9357, 49, 49, -1641
3926, -9357, 50, 50, -1641
3926, -9358, 49, 49, -1641
3925, -9358, 49, 49, -1641
3925, -9358, 49, 49, -1641
3925, -9358, 49, 49, -1641
3925, -9357, 48, 48, -1641
3925, -9357, 48, 48, -1641
3925, -9357, 49, 49, -1652
3925, -9357, 49, 49, -1652
3923, -9358, 48, 48, -1652
3923, -9358, 48, 48, -1652
3926, -9358, 49, 49, -1652
3926, -9358, 49, 49, -1652
3926, -9357, 49, 49, -1652
3926, -9357, 49, 49, -1652
3924, -9358, 48, 48, -1652
3924, -9358, 48, 48, -1652
3924, -9357, 48, 48, -1652
3925, -9358, 48, 48, -1652
3925, -9358, 48, 48, -1652
3925, -9357, 48, 48, -1652
3923, -9356, 48, 48, -1652
3924, -9357, 47, 47, -1652
3922, -9357, 47, 47, -1652
3922, -9357, 47, 47, -1652
3923, -9357, 46, 46, -1652
3924, -9357, 47, 47, -1652
3922, -9358, 46, 46, -1652
3923, -9357, 47, 47, -1652
3924, -9356, 47, 47, -1652
3924, -9356, 47, 47, -1652
3924, -9356, 47, 47, -1652
3922, -9356, 46, 46, -1652
3923, -9357, 46, 46, -1652
3923, -9357, 46, 46, -1652
3930, -9357, 50, 50, -1652
3972, -9331, 62, 62, -1646
4003, -9324, 125, 125, -1646
4003, -9324, 125, 125, -1646
4014, -9323, 135, 135, -1646
4014, -9323, 135, 135, -1646
4017, -9323, 139, 139, -1646
4017, -9323, 139, 139, -1646
4021, -9323, 143, 143, -1646
4023, -9322, 146, 146, -1646
4023, -9322, 146, 146, -1646
4025, -9322, 147, 147, -1646
4024, -9321, 148, 148, -1646
4027, -9322, 150, 150, -1646
4027, -9322, 150, 150, -1646
4029, -9322, 152, 152, -1646
4029, -9322, 152, 152, -1646
4027, -9320, 152, 152, -1646
4029, -9321, 153, 153, -1646
4030, -9322, 153, 153, -1646
4030, -9321, 154, 154, -1646
4032, -9322, 155, 155, -1646
4032, -9322, 155, 155, -1646
4032, -9322, 156, 156, -1646
4034, -9323, 156, 156, -1646
4034, -9323, 156, 156, -1646
4034, -9322, 157, 157, -1646
4034, -9322, 157, 157, -1646
4035, -9323, 158, 158, -1646
4035, -9321, 158, 158, -1650
4036, -9323, 160, 160, -1650
4036, -9323, 160, 160, -1650
4036, -9321, 160, 160, -1650
4036, -9321, 160, 160, -1650
4038, -9323, 161, 161, -1650
4037, -9322, 161, 161, -1650
4038, -9322, 161, 161, -1650
4038, -9322, 161, 161, -1650
4039, -9322, 162, 162, -1650
4039, -9322, 162, 162, -1650
4039, -9322, 162, 162, -1650
4040, -9322, 163, 163, -1650
4039, -9321, 163, 163, -1650
4040, -9322, 164, 164, -1650
4040, -9322, 164, 164, -1650
4040, -9322, 164, 164, -1650
4041, -9323, 164, 164, -1650
4041, -9323, 164, 164, -1650
4042, -9323, 165, 165, -1650
4042, -9323, 165, 165, -1650
4043, -9323, 166, 166, -1650
4043, -9323, 166, 166, -1650
4043, -9323, 165, 165, -1650
4043, -9323, 165, 165, -1650
4042, -9323, 165, 165, -1643
4042, -9323, 165, 165, -1643
4042, -9323, 166, 166, -1643
4042, -9323, 166, 166, -1643
4043, -9323, 166, 166, -1643
4043, -9324, 166, 166, -1643
4043, -9324, 167, 167, -1643
4042, -9323, 167, 166, -1643
4042, -9323, 167, 166, -1643
4042, -9324, 166, 166, -1643
4045, -9324, 167, 167, -1643
4044, -9322, 168, 168, -1643
4044, -9322, 168, 168, -1643
4044, -9324, 168, 168, -1643
4044, -9324, 168, 168, -1643
4044, -9323, 168, 168, -1643
4044, -9323, 168, 168, -1643
4044, -9323, 168, 168, -1643
4044, -9323, 168, 168, -1643
4045, -9324, 168, 168, -1643
4045, -9324, 168, 168, -1643
4045, -9324, 168, 168, -1643
4045, -9324, 168, 168, -1643
4045, -9323, 169, 169, -1643
4045, -9323, 169, 169, -1643
4045, -9323, 169, 169, -1643
4045, -9323, 169, 169, -1643
4045, -9322, 169, 169, -1643
4045, -9322, 169, 169, -1646
4045, -9323, 169, 169, -1646
4045, -9323, 169, 169, -1646
4045, -9322, 170, 170, -1646
4045, -9322, 170, 170, -1646
4046, -9323, 170, 170, -1646
4046, -9323, 170, 170, -1646
4047, -9322, 170, 170, -1646
4047, -9323, 170, 170, -1646
4047, -9323, 170, 170, -1646
4046, -9323, 170, 170, -1646
4046, -9323, 170, 170, -1646
4047, -9323, 171, 171, -1646
4047, -9323, 171, 171, -1646
4048, -9323, 171, 171, -1646
4047, -9324, 171, 171, -1646
4047, -9324, 170, 170, -1646
4047, -9324, 170, 170, -1646
4047, -9323, 171, 171, -1646
4047, -9323, 171, 171, -1646
4047, -9323, 171, 171, -1646
4047, -9324, 171, 171, -1646
4047, -9324, 171, 171, -1646
4047, -9324, 171, 171, -1646
4048, -9323, 171, 171, -1646
4048, -9323, 171, 171, -1646
4048, -9323, 171, 171, -1641
4048, -9323, 171, 171, -1641
4047, -9323, 171, 171, -1641
4047, -9323, 172, 172, -1641
4047, -9323, 172, 172, -1641
4049, -9323, 172, 172, -1641
4049, -9323, 172, 172, -1641
4048, -9324, 171, 171, -1641
4048, -9324, 171, 171, -1641
4049, -9323, 172, 172, -1641
4049, -9323, 172, 172, -1641
4048, -9323, 172, 172, -1641
4048, -9323, 172, 172, -1641
4048, -9324, 172, 172, -1641
4049, -9324, 172, 172, -1641
4048, -9323, 173, 173, -1641
4049, -9323, 173, 173, -1641
4049, -9323, 172, 172, -1641
4049, -9323, 172, 172, -1641
4050, -9323, 173, 173, -1641
4049, -9324, 172, 172, -1641
4048, -9324, 173, 173, -1641
4048, -9324, 173, 173, -1641
4049, -9323, 172, 172, -1641
4049, -9324, 173, 173, -1641
4050, -9323, 173, 173, -1641
4050, -9323, 173, 173, -1641
4049, -9323, 174, 174, -1635
4049, -9323, 174, 174, -1635
4050, -9323, 173, 173, -1635
4050, -9323, 173, 173, -1635
4049, -9324, 173, 173, -1635
4049, -9324, 173, 173, -1635
4049, -9324, 173, 173, -1635
4049, -9324, 173, 173, -1635
4050, -9323, 174, 174, -1635
4050, -9323, 174, 174, -1635
4050, -9324, 173, 173, -1635
4050, -9323, 174, 174, -1635
4050, -9323, 174, 174, -1635
4051, -9323, 174, 174, -1635
4051, -9323, 174, 174, -1635
4051, -9323, 174, 174, -1635
4051, -9323, 174, 174, -1635
4051, -9324, 174, 174, -1635
4051, -9324, 174, 174, -1635
4050, -9325, 174, 174, -1635
4050, -9325, 174, 174, -1635
4050, -9323, 174, 174, -1635
4050, -9323, 174, 174, -1635
4050, -9323, 174, 174, -1635
4050, -9323, 174, 174, -1635
4050, -9323, 174, 174, -1646
4050, -9323, 174, 174, -1646
4051, -9324, 174, 174, -1646
4051, -9324, 175, 175, -1646
4051, -9324, 175, 175, -1646
4052, -9323, 175, 175, -1646
4052, -9323, 175, 175, -1646
4051, -9324, 174, 174, -1646
4051, -9324, 174, 174, -1646
4050, -9323, 174, 174, -1646
4050, -9323, 174, 174, -1646
4051, -9323, 175, 175, -1646
4051, -9323, 175, 175, -1646
4051, -9324, 175, 175, -1646
4051, -9324, 175, 175, -1646
4052, -9323, 175, 175, -1646
4052, -9323, 175, 175, -1646
4053, -9324, 176, 176, -1646
4052, -9323, 175, 175, -1646
4051, -9323, 176, 176, -1646
4051, -9323, 176, 176, -1646
4053, -9324, 175, 175, -1646
4052, -9324, 175, 175, -1646
4052, -9323, 175, 175, -1646
4052, -9324, 175, 175, -1646
4052, -9324, 175, 175, -1646
4052, -9324, 175, 175, -1646
4051, -9324, 175, 175, -1646
4051, -9323, 176, 176, -1646
4051, -9323, 176, 176, -1646
4052, -9323, 176, 176, -1646
4052, -9323, 175, 175, -1646
4052, -9323, 176, 176, -1646
4052, -9323, 176, 176, -1646
4052, -9323, 175, 175, -1646
4052, -9323, 175, 175, -1646
4053, -9324, 176, 176, -1646
4053, -9324, 176, 176, -1646
4052, -9324, 176, 176, -1646
4052, -9324, 176, 176, -1646
4052, -9323, 175, 175, -1646
4051, -9323, 175, 175, -1646
4051, -9323, 175, 175, -1646
4052, -9324, 176, 176, -1646
4052, -9324, 176, 176, -1646
4051, -9323, 175, 175, -1646
4051, -9323, 175, 175, -1646
4053, -9324, 176, 176, -1646
4053, -9324, 176, 176, -1646
4052, -9323, 176, 176, -1646
4052, -9323, 176, 176, -1646
4053, -9324, 176, 176, -1646
4053, -9324, 176, 176, -1646
4053, -9324, 176, 176, -1646
4053, -9324, 176, 176, -1646
4052, -9324, 176, 176, -1646
4053, -9323, 176, 176, -1646
4053, -9323, 176, 176, -1646
4052, -9323, 176, 176, -1646
4053, -9323, 177, 177, -1646
4053, -9323, 177, 177, -1646
4052, -9324, 177, 177, -1646
4052, -9324, 177, 177, -1646
4052, -9322, 176, 176, -1646
4052, -9322, 176, 176, -1646
4052, -9323, 176, 176, -1646
4052, -9323, 176, 176, -1646
4052, -9323, 176, 176, -1646
4052, -9323, 176, 176, -1646
4054, -9323, 176, 177, -1646
4053, -9324, 177, 177, -1646
4052, -9323, 176, 176, -1646
4052, -9323, 176, 176, -1646
4053, -9324, 177, 177, -1646
4053, -9324, 177, 177, -1646
4052, -9323, 176, 176, -1646
4052, -9323, 176, 176, -1646
4053, -9324, 177, 177, -1646
4053, -9324, 177, 177, -1646
4053, -9324, 177, 177, -1646
4053, -9324, 177, 177, -1646
4053, -9324, 177, 177, -1641
4053, -9323, 177, 177, -1641
4053, -9324, 177, 177, -1641
4053, -9324, 177, 177, -1641
4054, -9324, 177, 177, -1641
4054, -9324, 177, 177, -1641
4055, -9324, 177, 177, -1641
4053, -9323, 177, 177, -1641
4053, -9323, 177, 177, -1641
4053, -9324, 177, 177, -1641
4053, -9323, 177, 177, -1641
4053, -9324, 177, 177, -1641
4053, -9324, 177, 177, -1641
4054, -9324, 178, 178, -1641
4054, -9324, 178, 178, -1641
4055, -9323, 178, 178, -1641
4054, -9324, 178, 178, -1641
4053, -9324, 177, 177, -1641
4054, -9324, 178, 178, -1641
4053, -9323, 177, 177, -1641
4055, -9324, 178, 178, -1641
4055, -9324, 178, 178, -1641
4055, -9323, 178, 178, -1641
4054, -9324, 178, 178, -1637
4054, -9324, 178, 178, -1637
4054, -9324, 178, 178, -1637
4054, -9324, 178, 178, -1637
4054, -9324, 178, 178, -1637
4054, -9324, 177, 177, -1637
4054, -9324, 177, 177, -1637
4056, -9324, 178, 178, -1637
4054, -9323, 178, 178, -1637
4054, -9323, 178, 178, -1637
4055, -9324, 179, 179, -1637
4055, -9324, 179, 179, -1637
4053, -9325, 177, 177, -1637
4053, -9325, 177, 177, -1637
4054, -9323, 178, 178, -1637
4054, -9323, 178, 178, -1637
4055, -9324, 178, 178, -1637
4054, -9324, 178, 178, -1637
4054, -9324, 178, 178, -1637
4055, -9324, 179, 179, -1637
4056, -9324, 179, 179, -1637
4055, -9324, 179, 179, -1637
4055, -9323, 178, 178, -1637
4055, -9323, 178, 178, -1637
4055, -9324, 178, 178, -1637
4055, -9324, 178, 178, -1637
4055, -9324, 179, 179, -1637
4055, -9323, 179, 179, -1643
4055, -9323, 179, 179, -1643
4055, -9324, 178, 178, -1643
4055, -9324, 178, 178, -1643
4055, -9324, 179, 179, -1643
4055, -9324, 179, 179, -1643
4056, -9323, 179, 179, -1643
4054, -9325, 178, 178, -1643
4055, -9324, 178, 178, -1643
4055, -9324, 178, 178, -1643
4055, -9324, 178, 178, -1643
4055, -9324, 178, 178, -1643
4055, -9324, 179, 179, -1643
4055, -9324, 179, 179, -1643
4055, -9324, 178, 178, -1643
4054, -9324, 178, 178, -1643
4054, -9324, 178, 178, -1643
4055, -9324, 178, 178, -1643
4055, -9325, 179, 179, -1643
4055, -9325, 179, 179, -1643
4056, -9324, 178, 178, -1643
4056, -9324, 178, 178, -1643
4056, -9324, 179, 179, -1643
4056, -9324, 179, 179, -1643
4054, -9325, 178, 178, -1643
4054, -9325, 178, 178, -1643
4055, -9324, 178, 178, -1643
4056, -9324, 179, 179, -1637
4055, -9324, 179, 179, -1637
4056, -9323, 179, 179, -1637
4056, -9324, 179, 179, -1637
4056, -9324, 179, 179, -1637
4057, -9324, 179, 179, -1637
4057, -9324, 179, 179, -1637
4056, -9324, 179, 179, -1637
4056, -9324, 179, 179, -1637
4056, -9324, 179, 179, -1637
4056, -9324, 179, 179, -1637
4056, -9324, 180, 180, -1637
4056, -9324, 180, 180, -1637
4056, -9324, 179, 179, -1637
4056, -9324, 180, 180, -1637
4056, -9324, 180, 180, -1637
4056, -9324, 179, 179, -1637
4056, -9324, 179, 179, -1637
4056, -9324, 179, 179, -1637
4056, -9324, 179, 179, -1637
4057, -9323, 180, 180, -1637
