3933, -9449, 58, 58, 274
3934, -9450, 58, 58, 274
3934, -9450, 58, 58, 274
3935, -9450, 59, 59, 274
3935, -9450, 59, 59, 274
3935, -9451, 58, 58, 274
3934, -9450, 59, 59, 274
3934, -9450, 59, 59, 274
3936, -9449, 59, 59, 274
3936, -9449, 59, 59, 274
3934, -9451, 57, 57, 274
3934, -9451, 57, 57, 274
3934, -9450, 58, 58, 274
3934, -9449, 58, 58, 274
3934, -9449, 58, 58, 274
3934, -9450, 58, 58, 274
3935, -9451, 59, 59, 274
3935, -9451, 59, 59, 274
3935, -9450, 58, 58, 274
3934, -9451, 58, 58, 303
3933, -9450, 57, 57, 303
3934, -9450, 58, 58, 303
3934, -9451, 58, 58, 303
3935, -9450, 58, 58, 303
3935, -9450, 58, 58, 303
3934, -9451, 58, 58, 303
3934, -9451, 59, 59, 303
3935, -9451, 58, 58, 303
3935, -9450, 59, 59, 303
3935, -9450, 59, 59, 303
3935, -9450, 59, 59, 303
3935, -9451, 58, 58, 303
3935, -9450, 58, 58, 303
3935, -9451, 59, 59, 303
3934, -9451, 58, 58, 303
3934, -9450, 58, 58, 303
3934, -9450, 58, 58, 303
3934, -9450, 58, 58, 303
3935, -9450, 58, 58, 303
3934, -9451, 58, 58, 319
3934, -9451, 58, 58, 319
3934, -9450, 58, 58, 319
3934, -9451, 58, 58, 319
3934, -9450, 57, 57, 319
3934, -9451, 58, 58, 319
3934, -9452, 58, 58, 319
3934, -9451, 58, 58, 319
3934, -9451, 58, 58, 319
3935, -9451, 58, 58, 319
3934, -9451, 57, 57, 319
3935, -9451, 58, 58, 319
3935, -9451, 59, 59, 319
3935, -9451, 59, 59, 319
3935, -9450, 59, 59, 319
3936, -9451, 59, 59, 319
3936, -9451, 59, 59, 319
3935, -9451, 58, 58, 319
3935, -9451, 58, 58, 319
3936, -9451, 59, 59, 319
3935, -9450, 58, 58, 319
3934, -9451, 59, 59, 319
3936, -9451, 58, 58, 319
3936, -9451, 58, 58, 319
3935, -9450, 58, 58, 317
3935, -9450, 58, 58, 317
3934, -9451, 58, 58, 317
3934, -9451, 58, 58, 317
3935, -9451, 58, 58, 317
3935, -9451, 58, 58, 317
3934, -9451, 58, 58, 317
3933, -9450, 57, 57, 317
3935, -9451, 58, 58, 317
3934, -9451, 59, 59, 317
3934, -9450, 58, 58, 317
3934, -9450, 58, 58, 317
3934, -9450, 58, 58, 317
3934, -9450, 58, 58, 317
3934, -9451, 58, 58, 317
3934, -9451, 58, 58, 317
3934, -9451, 58, 58, 317
3934, -9450, 58, 58, 317
3934, -9450, 57, 57, 317
3935, -9451, 58, 58, 317
3935, -9451, 58, 58, 317
3934, -9451, 58, 58, 317
3933, -9450, 57, 57, 317
3934, -9452, 58, 58, 317
3934, -9452, 58, 58, 317
3934, -9450, 57, 57, 319
3935, -9451, 59, 59, 319
3935, -9451, 59, 59, 319
3935, -9451, 58, 58, 319
3935, -9451, 58, 58, 319
3935, -9451, 58, 58, 319
3934, -9451, 58, 58, 319
3934, -9451, 58, 58, 319
3934, -9451, 58, 58, 319
3935, -9451, 58, 58, 319
3934, -9451, 58, 58, 319
3935, -9450, 59, 59, 319
3935, -9450, 59, 59, 319
3934, -9451, 59, 59, 319
3934, -9452, 58, 58, 319
3935, -9451, 58, 58, 319
3935, -9451, 58, 58, 319
3935, -9451, 58, 58, 319
3934, -9450, 58, 58, 319
3880, -9483, 45, 45, 319
3880, -9483, 45, 45, 319
3846, -9468, -27, -27, 319
3846, -9468, -27, -27, 319
3845, -9468, -31, -31, 319
3841, -9468, -34, -34, 319
3841, -9468, -34, -34, 319
3840, -9468, -37, -37, 315
3839, -9468, -38, -38, 315
3839, -9468, -38, -38, 315
3839, -9468, -38, -38, 315
3838, -9468, -38, -38, 315
3838, -9467, -38, -38, 315
3838, -9467, -38, -38, 315
3837, -9466, -39, -39, 315
3837, -9466, -39, -39, 315
3838, -9468, -39, -39, 315
3836, -9467, -39, -39, 315
3837, -9467, -40, -40, 315
3837, -9467, -39, -39, 315
3837, -9467, -39, -39, 315
3836, -9467, -39, -39, 315
3838, -9468, -39, -39, 315
3837, -9468, -39, -39, 315
3837, -9468, -39, -39, 315
3837, -9468, -40, -40, 315
3837, -9467, -39, -39, 315
3837, -9467, -39, -39, 315
3836, -9467, -39, -39, 315
3838, -9466, -39, -39, 315
3837, -9467, -39, -39, 315
3837, -9467, -39, -39, 315
3837, -9467, -39, -39, 315
3837, -9466, -39, -39, 321
3838, -9466, -39, -39, 321
3838, -9467, -39, -39, 321
3838, -9467, -39, -39, 321
3838, -9467, -39, -39, 321
3837, -9467, -39, -39, 321
3838, -9466, -39, -39, 321
3838, -9467, -39, -39, 321
3837, -9466, -39, -39, 321
3839, -9466, -38, -38, 321
3839, -9468, -38, -38, 321
3838, -9467, -38, -38, 321
3839, -9467, -38, -38, 321
3837, -9467, -38, -38, 321
3837, -9467, -38, -38, 321
3838, -9467, -39, -39, 321
3838, -9467, -39, -39, 321
3838, -9467, -38, -38, 321
3840, -9467, -38, -38, 321
3840, -9467, -38, -38, 321
3839, -9467, -38, -38, 321
3838, -9468, -38, -38, 321
3839, -9467, -38, -38, 321
3839, -9467, -38, -38, 321
3838, -9467, -38, -38, 321
3838, -9467, -38, -38, 315
3838, -9467, -38, -38, 315
3839, -9467, -38, -38, 315
3839, -9467, -38, -38, 315
3839, -9467, -38, -38, 315
3839, -9467, -38, -38, 315
3837, -9467, -38, -38, 315
3837, -9467, -38, -38, 315
3838, -9467, -38, -38, 315
3838, -9467, -38, -38, 315
3838, -9467, -38, -38, 315
3839, -9467, -38, -38, 315
3840, -9466, -37, -37, 315
3840, -9466, -37, -37, 315
3840, -9467, -37, -37, 315
3840, -9467, -37, -37, 315
3840, -9467, -37, -37, 315
3838, -9467, -38, -38, 315
3838, -9467, -37, -37, 315
3839, -9467, -37, -37, 315
3839, -9467, -37, -37, 315
3838, -9468, -37, -37, 315
3842, -9467, -36, -36, 315
3842, -9467, -36, -36, 315
3840, -9466, -37, -37, 315
3839, -9466, -37, -37, 315
3840, -9466, -37, -37, 315
3840, -9466, -37, -37, 315
3840, -9467, -37, -37, 317
3839, -9467, -36, -36, 317
3839, -9467, -36, -36, 317
3839, -9467, -36, -36, 317
3841, -9467, -37, -37, 317
3840, -9467, -37, -37, 317
3840, -9467, -37, -37, 317
3839, -9466, -36, -36, 317
3839, -9466, -36, -36, 317
3840, -9465, -37, -37, 317
3840, -9466, -37, -37, 317
3840, -9466, -37, -37, 317
3840, -9467, -37, -37, 317
3840, -9467, -37, -37, 317
3839, -9466, -36, -36, 317
3839, -9466, -36, -36, 317
3840, -9466, -36, -36, 317
3838, -9467, -36, -36, 317
3838, -9467, -36, -36, 317
3840, -9467, -36, -36, 317
3840, -9467, -36, -36, 317
3840, -9466, -36, -36, 317
3841, -9466, -36, -36, 317
3840, -9467, -36, -36, 319
3840, -9467, -36, -36, 319
3898, -9449, -20, -20, 319
3929, -9449, 52, 52, 319
3932, -9450, 54, 54, 319
3932, -9450, 54, 54, 319
3931, -9449, 55, 55, 319
3932, -9450, 55, 55, 319
3935, -9450, 58, 58, 319
3935, -9450, 58, 58, 319
3934, -9449, 58, 58, 319
3935, -9449, 58, 58, 319
3935, -9449, 58, 58, 319
3935, -9450, 59, 59, 319
3935, -9450, 59, 59, 319
3936, -9450, 60, 60, 319
3936, -9450, 60, 60, 319
3936, -9450, 60, 60, 319
3936, -9450, 60, 60, 319
3936, -9450, 60, 60, 319
3936, -9450, 59, 59, 319
3935, -9450, 59, 59, 319
3935, -9450, 59, 59, 319
3936, -9451, 61, 61, 307
3937, -9451, 61, 61, 307
3936, -9451, 60, 60, 307
3936, -9451, 60, 60, 307
3937, -9451, 60, 60, 307
3937, -9451, 60, 60, 307
3937, -9450, 61, 61, 307
3937, -9451, 61, 61, 307
3937, -9450, 61, 61, 307
3937, -9450, 61, 61, 307
3936, -9451, 61, 61, 307
3936, -9451, 60, 60, 307
3936, -9451, 60, 60, 307
3937, -9451, 60, 60, 307
3937, -9451, 60, 60, 307
3937, -9451, 60, 60, 307
3937, -9450, 61, 61, 307
3937, -9450, 61, 61, 307
3936, -9450, 60, 60, 307
3937, -9451, 60, 60, 307
3936, -9451, 60, 60, 307
3936, -9451, 60, 60, 307
3936, -9451, 60, 60, 307
3936, -9451, 60, 60, 307
3936, -9451, 60, 60, 307
3936, -9451, 60, 60, 307
3936, -9450, 60, 60, 319
3937, -9451, 61, 61, 319
3937, -9451, 61, 61, 319
3937, -9451, 60, 60, 319
3937, -9451, 60, 60, 319
3937, -9451, 60, 60, 319
3936, -9451, 61, 61, 319
3937, -9450, 60, 60, 319
3937, -9450, 60, 60, 319
3937, -9451, 61, 61, 319
3938, -9451, 60, 60, 319
3938, -9451, 60, 60, 319
3935, -9451, 60, 60, 319
3936, -9451, 60, 60, 319
3936, -9451, 60, 60, 319
3936, -9451, 59, 59, 319
3936, -9451, 59, 59, 319
3937, -9451, 60, 60, 319
3936, -9450, 60, 60, 319
3936, -9451, 60, 60, 319
3936, -9451, 60, 60, 319
3936, -9452, 59, 59, 319
3936, -9451, 59, 59, 319
3937, -9451, 60, 60, 319
3937, -9451, 60, 60, 319
3936, -9451, 60, 60, 319
3936, -9451, 60, 60, 319
3936, -9451, 60, 60, 317
3936, -9451, 60, 60, 317
3936, -9451, 60, 60, 317
3935, -9451, 59, 59, 317
3937, -9451, 60, 60, 317
3936, -9451, 59, 59, 317
3936, -9451, 59, 59, 317
3936, -9451, 60, 60, 317
3936, -9451, 60, 60, 317
3935, -9452, 59, 59, 317
3935, -9452, 59, 59, 317
3935, -9450, 59, 59, 317
3935, -9451, 59, 59, 317
3935, -9451, 59, 59, 317
3935, -9451, 59, 59, 317
3935, -9451, 59, 59, 317
3935, -9451, 58, 58, 317
3935, -9451, 58, 58, 317
3936, -9451, 59, 59, 317
3935, -9451, 59, 59, 317
3935, -9451, 59, 59, 317
3936, -9452, 59, 59, 317
3935, -9452, 60, 60, 317
3936, -9451, 60, 60, 317
3936, -9451, 59, 59, 321
3936, -9451, 59, 59, 321
3935, -9451, 59, 59, 321
3936, -9451, 60, 60, 321
3935, -9451, 60, 60, 321
3935, -9451, 59, 59, 321
3935, -9451, 59, 59, 321
3935, -9452, 59, 59, 321
3935, -9451, 58, 58, 321
3935, -9451, 59, 59, 321
3935, -9452, 58, 58, 321
3935, -9451, 59, 59, 321
3935, -9451, 59, 59, 321
3934, -9451, 58, 58, 321
3935, -9452, 59, 59, 321
3936, -9452, 59, 59, 321
3936, -9452, 59, 59, 321
3935, -9451, 59, 59, 321
3935, -9452, 58, 58, 321
3935, -9451, 59, 59, 321
3935, -9451, 58, 58, 321
3935, -9451, 58, 58, 321
3935, -9452, 59, 59, 321
3936, -9451, 59, 59, 321
3935, -9451, 59, 59, 321
3935, -9452, 59, 59, 319
3902, -9483, 45, 45, 319
3902, -9483, 45, 45, 319
3851, -9469, -31, -31, 319
3841, -9469, -33, -33, 319
3841, -9469, -33, -33, 319
3843, -9467, -35, -35, 319
3841, -9468, -35, -35, 319
3841, -9468, -35, -35, 319
3841, -9468, -36, -36, 319
3840, -9467, -36, -36, 319
3840, -9467, -36, -36, 319
3840, -9467, -37, -37, 319
3840, -9468, -37, -37, 319
3840, -9468, -37, -37, 319
3840, -9468, -37, -37, 319
3839, -9467, -37, -37, 319
3838, -9467, -38, -38, 319
3837, -9468, -37, -37, 319
3841, -9468, -37, -37, 319
3839, -9468, -38, -38, 319
3840, -9468, -37, -37, 319
3840, -9468, -37, -37, 319
3840, -9467, -37, -37, 319
3840, -9468, -38, -38, 319
3838, -9467, -37, -37, 327
3839, -9468, -37, -37, 327
3839, -9468, -38, -38, 327
3840, -9468, -38, -38, 327
3840, -9467, -37, -37, 327
3840, -9467, -37, -37, 327
3839, -9467, -38, -38, 327
3839, -9468, -37, -37, 327
3839, -9468, -37, -37, 327
3839, -9468, -37, -37, 327
3838, -9469, -37, -37, 327
3838, -9468, -38, -38, 327
3838, -9468, -38, -38, 327
3838, -9467, -38, -38, 327
3839, -9467, -37, -37, 327
3840, -9467, -37, -37, 327
3840, -9467, -37, -37, 327
3839, -9467, -37, -37, 327
3839, -9467, -37, -37, 327
3839, -9468, -37, -37, 327
3841, -9468, -36, -36, 327
3840, -9467, -37, -37, 327
3840, -9467, -37, -37, 327
3838, -9468, -37, -37, 327
3838, -9468, -37, -37, 327
3841, -9468, -37, -37, 329
3841, -9468, -37, -37, 329
3839, -9467, -37, -37, 329
3840, -9467, -37, -37, 329
3840, -9467, -36, -36, 329
3840, -9467, -36, -36, 329
3839, -9468, -37, -37, 329
3839, -9467, -36, -36, 329
3839, -9467, -36, -36, 329
3839, -9468, -37, -37, 329
3840, -9467, -37, -37, 329
3840, -9467, -37, -37, 329
3840, -9466, -37, -37, 329
3840, -9467, -37, -37, 329
3841, -9467, -36, -36, 329
3841, -9467, -36, -36, 329
3839, -9467, -36, -36, 329
3839, -9467, -37, -37, 329
3839, -9467, -37, -37, 329
3840, -9467, -37, -37, 329
3843, -9468, -35, -35, 329
3843, -9468, -35, -35, 329
3840, -9466, -35, -35, 329
3841, -9468, -36, -36, 329
3841, -9466, -36, -36, 329
3841, -9466, -36, -36, 329
3841, -9467, -35, -35, 329
3840, -9467, -36, -36, 331
3840, -9468, -36, -36, 331
3840, -9468, -36, -36, 331
3841, -9467, -36, -36, 331
3841, -9467, -35, -35, 331
3841, -9467, -36, -36, 331
3840, -9467, -35, -35, 331
3840, -9467, -35, -35, 331
3841, -9467, -35, -35, 331
3842, -9467, -35, -35, 331
3842, -9467, -35, -35, 331
3843, -9467, -34, -34, 331
3842, -9467, -35, -35, 331
3842, -9467, -35, -35, 331
3841, -9466, -35, -35, 331
3841, -9466, -35, -35, 331
3842, -9467, -35, -35, 331
3841, -9467, -35, -35, 331
3841, -9467, -35, -35, 331
3842, -9467, -35, -35, 331
3842, -9467, -35, -35, 331
3843, -9466, -35, -35, 331
3841, -9466, -34, -34, 331
3841, -9467, -36, -36, 331
3841, -9467, -36, -36, 331
3840, -9467, -35, -35, 331
3839, -9466, -36, -36, 331
3842, -9467, -35, -35, 325
3841, -9466, -35, -35, 325
3841, -9466, -35, -35, 325
3841, -9466, -35, -35, 325
3841, -9466, -35, -35, 325
3840, -9467, -35, -35, 325
3839, -9466, -35, -35, 325
3839, -9466, -35, -35, 325
3843, -9467, -35, -35, 325
3841, -9466, -35, -35, 325
3842, -9466, -35, -35, 325
3841, -9467, -35, -35, 325
3841, -9467, -35, -35, 325
3840, -9467, -35, -35, 325
3840, -9457, -34, -34, 325
3921, -9449, 20, 20, 325
3921, -9449, 20, 20, 325
3929, -9450, 52, 52, 325
3929, -9450, 52, 52, 325
3932, -9450, 55, 55, 325
3935, -9450, 57, 57, 325
3936, -9450, 59, 59, 325
3937, -9450, 59, 59, 325
3937, -9450, 59, 59, 325
3937, -9451, 61, 61, 325
3937, -9451, 61, 61, 325
3937, -9450, 60, 60, 327
3937, -9450, 60, 60, 327
3937, -9450, 60, 60, 327
3938, -9450, 61, 61, 327
3938, -9450, 61, 61, 327
3939, -9450, 62, 62, 327
3939, -9450, 62, 62, 327
3937, -9450, 62, 62, 327
3939, -9451, 61, 61, 327
3937, -9450, 62, 62, 327
3937, -9451, 61, 61, 327
3937, -9450, 61, 61, 327
3937, -9451, 61, 61, 327
3937, -9451, 61, 61, 327
3938, -9451, 61, 61, 327
3938, -9450, 61, 61, 327
3936, -9451, 61, 61, 327
3937, -9451, 61, 61, 327
3937, -9451, 61, 61, 327
3937, -9451, 61, 61, 327
3939, -9451, 62, 62, 327
3939, -9451, 62, 62, 327
3938, -9452, 61, 61, 327
3939, -9452, 62, 62, 327
3937, -9451, 60, 60, 327
3938, -9452, 61, 61, 327
3938, -9452, 61, 61, 327
3938, -9450, 62, 62, 329
3938, -9450, 61, 61, 329
3937, -9451, 62, 62, 329
3937, -9451, 61, 61, 329
3939, -9450, 62, 62, 329
3937, -9451, 61, 61, 329
3938, -9451, 61, 61, 329
3938, -9451, 62, 62, 329
3938, -9451, 62, 62, 329
3937, -9451, 61, 61, 329
3938, -9451, 62, 62, 329
3938, -9451, 62, 62, 329
3937, -9451, 61, 61, 329
3936, -9452, 61, 61, 329
3936, -9452, 61, 61, 329
3937, -9451, 61, 61, 329
3937, -9451, 61, 61, 329
3937, -9451, 60, 60, 329
3937, -9451, 60, 60, 329
3936, -9450, 60, 60, 329
3936, -9451, 60, 60, 329
3936, -9451, 60, 60, 329
3938, -9452, 61, 61, 329
3938, -9452, 61, 61, 329
3936, -9451, 60, 60, 329
3937, -9452, 61, 61, 327
3937, -9452, 60, 60, 327
3937, -9452, 61, 61, 327
3936, -9451, 60, 60, 327
3936, -9451, 60, 60, 327
3936, -9452, 60, 60, 327
3937, -9451, 61, 61, 327
3936, -9452, 61, 61, 327
3937, -9451, 60, 60, 327
3937, -9451, 60, 60, 327
3936, -9451, 60, 60, 327
3936, -9451, 60, 60, 327
3937, -9452, 60, 60, 327
3936, -9451, 60, 60, 327
3936, -9451, 60, 60, 327
3936, -9452, 60, 60, 327
3936, -9452, 60, 60, 327
3936, -9452, 60, 60, 327
3936, -9452, 60, 60, 327
3936, -9452, 60, 60, 327
3936, -9452, 59, 59, 327
3937, -9451, 60, 60, 327
3937, -9451, 61, 61, 327
3937, -9451, 61, 61, 327
3936, -9452, 60, 60, 327
3938, -9452, 61, 61, 327
3937, -9452, 60, 60, 329
3936, -9451, 60, 60, 329
3936, -9452, 59, 59, 329
3936, -9452, 59, 59, 329
3936, -9452, 59, 59, 329
3936, -9452, 59, 59, 329
3936, -9452, 60, 60, 329
3936, -9452, 59, 59, 329
3936, -9452, 59, 59, 329
3935, -9452, 59, 59, 329
3936, -9453, 59, 59, 329
3936, -9451, 59, 59, 329
3935, -9451, 59, 59, 329
3935, -9451, 59, 59, 329
3936, -9452, 60, 60, 329
3935, -9452, 59, 59, 329
3936, -9452, 59, 59, 329
3936, -9452, 59, 59, 329
3935, -9451, 59, 59, 329
3935, -9451, 59, 59, 329
3935, -9451, 59, 59, 329
3935, -9451, 58, 58, 329
3935, -9451, 58, 58, 329
3936, -9452, 59, 59, 329
3936, -9452, 59, 59, 329
3937, -9452, 60, 60, 329
3936, -9452, 59, 59, 329
3936, -9452, 59, 59, 329
3935, -9451, 59, 59, 329
3935, -9451, 59, 59, 329
3936, -9451, 59, 59, 329
3936, -9451, 60, 60, 329
3935, -9452, 59, 59, 329
3935, -9451, 59, 59, 329
3935, -9451, 59, 59, 329
3936, -9453, 60, 60, 329
3934, -9452, 59, 59, 329
3934, -9452, 59, 59, 329
3935, -9451, 59, 59, 329
3936, -9452, 59, 59, 329
3846, -9467, -21, -21, 329
3846, -9467, -21, -21, 329
3848, -9469, -29, -29, 329
3845, -9468, -32, -32, 329
3843, -9469, -32, -32, 329
3841, -9469, -34, -34, 329
3841, -9469, -34, -34, 329
3840, -9468, -35, -35, 329
3841, -9468, -34, -34, 329
3841, -9468, -35, -35, 329
3841, -9468, -35, -35, 329
3841, -9469, -36, -36, 329
3840, -9467, -36, -36, 329
3840, -9467, -36, -36, 329
3841, -9467, -36, -36, 329
3841, -9467, -36, -36, 329
3839, -9468, -37, -37, 336
3839, -9467, -37, -37, 336
3840, -9468, -36, -36, 336
3841, -9467, -36, -36, 336
3841, -9467, -37, -37, 336
3840, -9468, -36, -36, 336
3838, -9468, -37, -37, 336
3838, -9468, -37, -37, 336
3838, -9468, -37, -37, 336
3840, -9467, -36, -36, 336
3840, -9468, -37, -37, 336
3840, -9468, -37, -37, 336
3839, -9468, -36, -36, 336
3840, -9468, -37, -37, 336
3841, -9468, -36, -36, 336
3841, -9468, -36, -36, 336
3840, -9467, -36, -36, 336
3840, -9467, -36, -36, 336
3839, -9467, -36, -36, 336
3839, -9467, -36, -36, 336
3840, -9467, -35, -35, 336
3840, -9467, -35, -35, 336
3840, -9467, -36, -36, 336
3841, -9467, -36, -36, 336
3843, -9467, -35, -35, 336
3841, -9467, -35, -35, 333
3840, -9468, -36, -36, 333
3841, -9468, -36, -36, 333
3841, -9468, -36, -36, 333
3840, -9467, -36, -36, 333
3842, -9467, -35, -35, 333
3842, -9467, -35, -35, 333
3842, -9466, -36, -36, 333
3841, -9467, -36, -36, 333
3841, -9466, -36, -36, 333
3840, -9467, -36, -36, 333
3840, -9467, -36, -36, 333
3841, -9467, -35, -35, 333
3841, -9467, -35, -35, 333
3840, -9467, -35, -35, 333
3843, -9467, -35, -35, 333
3843, -9467, -35, -35, 333
3842, -9466, -35, -35, 333
3841, -9467, -36, -36, 333
3840, -9467, -36, -36, 333
3840, -9467, -36, -36, 333
3840, -9468, -35, -35, 333
3840, -9467, -35, -35, 333
3840, -9467, -35, -35, 333
3841, -9466, -35, -35, 338
3841, -9466, -35, -35, 338
3841, -9468, -36, -36, 338
3842, -9467, -35, -35, 338
3842, -9466, -35, -35, 338
3842, -9466, -35, -35, 338
3841, -9467, -36, -36, 338
3841, -9467, -36, -36, 338
3842, -9466, -35, -35, 338
3842, -9466, -35, -35, 338
3840, -9467, -35, -35, 338
3840, -9467, -35, -35, 338
3841, -9467, -35, -35, 338
3841, -9467, -35, -35, 338
3841, -9467, -35, -35, 338
3841, -9467, -35, -35, 338
3841, -9467, -35, -35, 338
3842, -9467, -35, -35, 338
3842, -9467, -35, -35, 338
3844, -9466, -34, -34, 338
3844, -9466, -34, -34, 338
3843, -9466, -34, -34, 338
3843, -9466, -34, -34, 338
3842, -9466, -34, -34, 338
3842, -9467, -34, -34, 338
3842, -9467, -34, -34, 338
3843, -9467, -34, -34, 333
3842, -9467, -34, -34, 333
3844, -9467, -34, -34, 333
3841, -9467, -34, -34, 333
3841, -9467, -34, -34, 333
3841, -9466, -34, -34, 333
3843, -9467, -34, -34, 333
3843, -9467, -34, -34, 333
3843, -9467, -34, -34, 333
3843, -9467, -34, -34, 333
3843, -9467, -34, -34, 333
3843, -9467, -34, -34, 333
3843, -9467, -34, -34, 333
3843, -9466, -34, -34, 333
3843, -9466, -33, -33, 333
3843, -9466, -33, -33, 333
3843, -9467, -33, -33, 333
3844, -9467, -33, -33, 333
3844, -9467, -33, -33, 333
3850, -9469, -32, -32, 333
3847, -9468, -33, -33, 333
3929, -9450, 50, 50, 333
3929, -9450, 50, 50, 333
3932, -9450, 55, 55, 333
3932, -9450, 55, 55, 333
3935, -9450, 57, 57, 333
3936, -9451, 58, 58, 333
3936, -9449, 59, 59, 333
3936, -9449, 59, 59, 333
3936, -9450, 61, 61, 333
3938, -9451, 60, 60, 333
3937, -9450, 61, 61, 333
3938, -9451, 61, 61, 333
3938, -9451, 61, 61, 333
3939, -9451, 62, 62, 333
3939, -9450, 62, 62, 333
3939, -9450, 62, 62, 333
3938, -9450, 61, 61, 333
3937, -9451, 61, 61, 333
3939, -9450, 62, 62, 333
3938, -9451, 62, 62, 333
3938, -9450, 62, 62, 333
3938, -9450, 62, 62, 333
3937, -9450, 61, 61, 333
3938, -9451, 61, 61, 333
3939, -9452, 61, 61, 333
3939, -9452, 61, 61, 333
3939, -9452, 62, 62, 344
3939, -9452, 62, 62, 344
3939, -9451, 62, 62, 344
3939, -9450, 63, 63, 344
3939, -9451, 62, 62, 344
3939, -9451, 62, 62, 344
3938, -9451, 62, 62, 344
3938, -9451, 62, 62, 344
3937, -9451, 61, 61, 344
3938, -9452, 61, 61, 344
3938, -9451, 62, 62, 344
3938, -9451, 62, 62, 344
3937, -9451, 62, 62, 344
3939, -9451, 62, 62, 344
3939, -9451, 62, 62, 344
3938, -9452, 61, 61, 344
3938, -9452, 61, 61, 344
3938, -9451, 62, 62, 344
3938, -9451, 61, 61, 344
3939, -9452, 62, 62, 344
3938, -9452, 61, 61, 344
3938, -9452, 61, 61, 344
3938, -9451, 62, 62, 340
3938, -9451, 62, 62, 340
3938, -9452, 62, 62, 340
3939, -9452, 62, 62, 340
3938, -9452, 62, 62, 340
3938, -9452, 61, 61, 340
3938, -9452, 61, 61, 340
3937, -9452, 61, 61, 340
3938, -9452, 61, 61, 340
3938, -9452, 61, 61, 340
3938, -9452, 61, 61, 340
3937, -9451, 61, 61, 340
3937, -9451, 61, 61, 340
3938, -9452, 61, 61, 340
3938, -9452, 61, 61, 340
3938, -9452, 61, 61, 340
3936, -9452, 60, 60, 340
3936, -9452, 60, 60, 340
3937, -9452, 61, 61, 340
3937, -9452, 61, 61, 340
3937, -9452, 61, 61, 340
3937, -9452, 61, 61, 340
3937, -9452, 61, 61, 340
3936, -9452, 61, 61, 340
3937, -9452, 60, 60, 340
3937, -9452, 60, 60, 340
3936, -9452, 59, 59, 340
3936, -9452, 59, 59, 340
3936, -9452, 60, 60, 340
3936, -9451, 60, 60, 340
3937, -9452, 60, 60, 340
3937, -9452, 60, 60, 340
3936, -9452, 60, 60, 340
3937, -9453, 60, 60, 340
3937, -9453, 60, 60, 340
3937, -9452, 60, 60, 340
3937, -9452, 60, 60, 340
3936, -9452, 60, 60, 340
3936, -9452, 60, 60, 340
3936, -9452, 60, 60, 340
3936, -9453, 60, 60, 340
3936, -9452, 60, 60, 340
3937, -9451, 60, 60, 340
3937, -9451, 60, 60, 340
3937, -9453, 60, 60, 340
3936, -9452, 60, 60, 340
3935, -9452, 60, 60, 340
3935, -9452, 60, 60, 340
3937, -9452, 60, 60, 340
3937, -9452, 60, 60, 340
3936, -9452, 60, 60, 340
3935, -9452, 60, 60, 340
3936, -9452, 60, 60, 342
3936, -9452, 60, 60, 342
3936, -9452, 59, 59, 342
3936, -9453, 60, 60, 342
3936, -9453, 60, 60, 342
3936, -9453, 60, 60, 342
3936, -9453, 60, 60, 342
3936, -9453, 60, 60, 342
3936, -9452, 60, 60, 342
3936, -9452, 60, 60, 342
3936, -9452, 60, 60, 342
3937, -9452, 61, 61, 342
3936, -9452, 59, 59, 342
3936, -9452, 59, 59, 342
3936, -9452, 60, 60, 342
3936, -9452, 60, 60, 342
3935, -9453, 59, 59, 342
3937, -9452, 60, 60, 342
3937, -9452, 60, 60, 342
3936, -9452, 60, 60, 342
3935, -9453, 59, 59, 342
3827, -9462, -3, -3, 342
3845, -9470, -28, -28, 342
3845, -9470, -28, -28, 342
3844, -9469, -32, -32, 342
3844, -9469, -32, -32, 342
3843, -9468, -34, -34, 342
3842, -9468, -34, -34, 333
3842, -9468, -34, -34, 333
3843, -9469, -34, -34, 333
3840, -9469, -35, -35, 333
3840, -9468, -36, -36, 333
3839, -9467, -36, -36, 333
3838, -9468, -36, -36, 333
3839, -9469, -36, -36, 333
3839, -9468, -36, -36, 333
3842, -9468, -36, -36, 333
3842, -9468, -36, -36, 333
3842, -9468, -36, -36, 333
3842, -9468, -36, -36, 333
3840, -9468, -37, -37, 333
3839, -9467, -36, -36, 333
3840, -9468, -36, -36, 333
3840, -9468, -36, -36, 333
3839, -9468, -38, -38, 333
3840, -9468, -37, -37, 333
3840, -9468, -37, -37, 333
3842, -9468, -36, -36, 333
3840, -9468, -36, -36, 333
3840, -9468, -36, -36, 333
3839, -9468, -36, -36, 333
3842, -9468, -36, -36, 342
3841, -9468, -36, -36, 342
3841, -9467, -36, -36, 342
3841, -9467, -37, -37, 342
3840, -9468, -36, -36, 342
3840, -9468, -35, -35, 342
3840, -9468, -35, -35, 342
3840, -9468, -36, -36, 342
3841, -9467, -36, -36, 342
3841, -9467, -36, -36, 342
3841, -9468, -36, -36, 342
3842, -9468, -36, -36, 342
3840, -9468, -35, -35, 342
3840, -9468, -35, -35, 342
3840, -9467, -36, -36, 342
3840, -9467, -36, -36, 342
3841, -9467, -35, -35, 342
3843, -9467, -36, -36, 342
3843, -9467, -36, -36, 342
3842, -9467, -35, -35, 338
3842, -9467, -35, -35, 338
3842, -9468, -35, -35, 338
3842, -9467, -35, -35, 338
3843, -9467, -35, -35, 338
3840, -9466, -35, -35, 338
3840, -9466, -35, -35, 338
3842, -9467, -34, -34, 338
3839, -9467, -35, -35, 338
3841, -9468, -35, -35, 338
3843, -9467, -35, -35, 338
3843, -9467, -35, -35, 338
3842, -9466, -35, -35, 338
3842, -9466, -35, -35, 338
3843, -9468, -35, -35, 338
3840, -9467, -35, -35, 338
3840, -9467, -35, -35, 338
3841, -9468, -35, -35, 338
3841, -9468, -35, -35, 338
3842, -9467, -35, -35, 338
3842, -9467, -35, -35, 338
3841, -9467, -35, -35, 338
3843, -9467, -35, -35, 338
3843, -9467, -35, -35, 338
3840, -9467, -35, -35, 338
3840, -9467, -35, -35, 338
3840, -9467, -35, -35, 338
3840, -9468, -36, -36, 348
3842, -9467, -34, -34, 348
3842, -9467, -34, -34, 348
3842, -9467, -34, -34, 348
3844, -9467, -34, -34, 348
3844, -9467, -34, -34, 348
3844, -9467, -34, -34, 348
3842, -9467, -35, -35, 348
3841, -9467, -34, -34, 348
3843, -9468, -34, -34, 348
3843, -9468, -34, -34, 348
3841, -9467, -34, -34, 348
3843, -9468, -34, -34, 348
3843, -9468, -34, -34, 348
3845, -9467, -33, -33, 348
3843, -9467, -34, -34, 348
3844, -9467, -34, -34, 348
3844, -9467, -33, -33, 348
3841, -9467, -34, -34, 348
3843, -9467, -34, -34, 348
3843, -9467, -34, -34, 348
3845, -9467, -33, -33, 348
3843, -9466, -34, -34, 348
3842, -9467, -34, -34, 348
3842, -9467, -34, -34, 348
3842, -9468, -33, -33, 350
3842, -9468, -33, -33, 350
3842, -9468, -33, -33, 350
3843, -9468, -33, -33, 350
3843, -9468, -32, -32, 350
3917, -9450, -1, -1, 350
3927, -9451, 48, 48, 350
3930, -9450, 53, 53, 350
3934, -9450, 57, 57, 350
3933, -9451, 57, 57, 350
3933, -9451, 57, 57, 350
3935, -9450, 58, 58, 350
3936, -9451, 59, 59, 350
3938, -9451, 61, 61, 350
3936, -9451, 61, 61, 350
3938, -9450, 61, 61, 350
3938, -9451, 61, 61, 350
3938, -9451, 61, 61, 350
3937, -9450, 61, 61, 350
3938, -9452, 61, 61, 350
3937, -9451, 61, 61, 350
3937, -9451, 61, 61, 350
3937, -9451, 61, 61, 350
3938, -9452, 61, 61, 350
3938, -9452, 62, 62, 350
3938, -9451, 62, 62, 350
3939, -9452, 62, 62, 350
3939, -9452, 62, 62, 350
3938, -9452, 62, 62, 348
3937, -9452, 62, 62, 348
3937, -9452, 62, 62, 348
3939, -9453, 63, 63, 348
3939, -9453, 63, 63, 348
3939, -9452, 63, 63, 348
3938, -9451, 62, 62, 348
3939, -9452, 62, 62, 348
3938, -9452, 62, 62, 348
3939, -9453, 62, 62, 348
3939, -9452, 62, 62, 348
3939, -9452, 62, 62, 348
3938, -9452, 62, 62, 348
3938, -9452, 61, 61, 348
3938, -9452, 61, 61, 348
3938, -9452, 61, 61, 348
3938, -9452, 62, 62, 348
3938, -9452, 62, 62, 348
3938, -9452, 61, 61, 348
3938, -9452, 61, 61, 348
3938, -9453, 62, 62, 348
3938, -9453, 62, 62, 348
3939, -9451, 62, 62, 348
3939, -9453, 62, 62, 348
3938, -9452, 62, 62, 348
3939, -9453, 62, 62, 350
3938, -9451, 62, 62, 350
3938, -9451, 62, 62, 350
3939, -9452, 62, 62, 350
3939, -9452, 62, 62, 350
3938, -9453, 61, 61, 350
3938, -9453, 61, 61, 350
3938, -9452, 61, 61, 350
3937, -9452, 61, 61, 350
3937, -9452, 61, 61, 350
3937, -9452, 61, 61, 350
3938, -9452, 62, 62, 350
3938, -9452, 62, 62, 350
3937, -9451, 61, 61, 350
3937, -9452, 61, 61, 350
3937, -9452, 61, 61, 350
3938, -9451, 61, 61, 350
3937, -9452, 61, 61, 350
3937, -9452, 61, 61, 350
3937, -9452, 60, 60, 350
3937, -9452, 60, 60, 350
3937, -9453, 60, 60, 350
3937, -9453, 60, 60, 350
3937, -9452, 61, 61, 350
3938, -9452, 61, 61, 350
3938, -9452, 61, 61, 350
3936, -9452, 61, 61, 350
3937, -9452, 60, 60, 350
3937, -9452, 60, 60, 350
3937, -9452, 60, 60, 350
3936, -9452, 60, 60, 350
3936, -9452, 60, 60, 350
3937, -9453, 61, 61, 350
3937, -9453, 61, 61, 350
3937, -9452, 60, 60, 350
3937, -9452, 60, 60, 350
3936, -9452, 60, 60, 350
3936, -9452, 60, 60, 350
3937, -9452, 61, 61, 350
3937, -9452, 61, 61, 350
3937, -9452, 60, 60, 350
3937, -9452, 60, 60, 350
3937, -9453, 60, 60, 350
3937, -9453, 60, 60, 350
3937, -9452, 61, 61, 350
3936, -9453, 60, 60, 350
3936, -9452, 60, 60, 350
3936, -9452, 60, 60, 350
3936, -9454, 60, 60, 350
3936, -9454, 59, 59, 350
3936, -9454, 59, 59, 350
3936, -9453, 59, 59, 350
3936, -9452, 60, 60, 350
3936, -9452, 60, 60, 346
3936, -9452, 60, 60, 346
3936, -9453, 60, 60, 346
3936, -9453, 60, 60, 346
3937, -9453, 61, 61, 346
3936, -9452, 60, 60, 346
3938, -9452, 61, 61, 346
3936, -9454, 60, 60, 346
3936, -9454, 60, 60, 346
3936, -9452, 60, 60, 346
3936, -9453, 59, 59, 346
3936, -9453, 59, 59, 346
3935, -9453, 59, 59, 346
3936, -9453, 59, 59, 346
3936, -9453, 59, 59, 346
3937, -9453, 60, 60, 346
3937, -9453, 60, 60, 346
3937, -9453, 60, 60, 346
3937, -9453, 60, 60, 346
3936, -9453, 60, 60, 346
3937, -9453, 59, 59, 346
3935, -9453, 60, 60, 346
3936, -9453, 59, 59, 346
3935, -9453, 59, 59, 346
3935, -9453, 59, 59, 346
3936, -9453, 59, 59, 346
3936, -9453, 59, 59, 346
3936, -9453, 60, 60, 346
3935, -9453, 60, 60, 346
3894, -9503, 49, 49, 354
3853, -9469, -24, -24, 354
3853, -9469, -24, -24, 354
3848, -9469, -26, -26, 354
3843, -9470, -33, -33, 354
3843, -9470, -33, -33, 354
3842, -9469, -34, -34, 354
3842, -9469, -34, -34, 354
3842, -9469, -35, -35, 354
3842, -9469, -35, -35, 354
3841, -9469, -35, -35, 354
3840, -9469, -36, -36, 354
3841, -9469, -36, -36, 354
3841, -9469, -36, -36, 354
3841, -9469, -36, -36, 354
3840, -9469, -36, -36, 354
3839, -9469, -37, -37, 354
3840, -9468, -37, -37, 354
3840, -9468, -37, -37, 354
3840, -9469, -36, -36, 354
3841, -9468, -36, -36, 354
3841, -9469, -35, -35, 354
3839, -9469, -37, -37, 354
3839, -9468, -37, -37, 354
3839, -9469, -37, -37, 354
3839, -9469, -37, -37, 354
3839, -9469, -37, -37, 364
3841, -9467, -36, -36, 364
3840, -9468, -37, -37, 364
3840, -9468, -37, -37, 364
3840, -9468, -37, -37, 364
3841, -9469, -37, -37, 364
3840, -9469, -37, -37, 364
3840, -9469, -37, -37, 364
3842, -9467, -36, -36, 364
3840, -9467, -37, -37, 364
3840, -9468, -38, -38, 364
3840, -9468, -36, -36, 364
3842, -9467, -36, -36, 364
3839, -9468, -36, -36, 364
3840, -9467, -37, -37, 364
3841, -9468, -36, -36, 364
3840, -9467, -36, -36, 364
3840, -9467, -36, -36, 364
3840, -9468, -36, -36, 364
3841, -9468, -36, -36, 364
3841, -9468, -36, -36, 364
3840, -9468, -36, -36, 364
3839, -9469, -36, -36, 373
3840, -9467, -35, -35, 373
3839, -9468, -36, -36, 373
3839, -9468, -36, -36, 373
3840, -9469, -36, -36, 373
3840, -9469, -36, -36, 373
3841, -9468, -35, -35, 373
3841, -9468, -35, -35, 373
3842, -9468, -35, -35, 373
3842, -9468, -35, -35, 373
3841, -9468, -36, -36, 373
3841, -9467, -35, -35, 373
3841, -9467, -35, -35, 373
3842, -9469, -35, -35, 373
3842, -9468, -34, -34, 373
3842, -9468, -34, -34, 373
3840, -9468, -35, -35, 373
3841, -9468, -35, -35, 373
3842, -9468, -35, -35, 373
3842, -9468, -35, -35, 373
3841, -9468, -35, -35, 373
3842, -9469, -35, -35, 373
3843, -9468, -34, -34, 373
3842, -9468, -34, -34, 373
3842, -9467, -35, -35, 373
3843, -9467, -34, -34, 373
3841, -9467, -35, -35, 366
3841, -9467, -35, -35, 366
3843, -9467, -35, -35, 366
3843, -9468, -35, -35, 366
3843, -9467, -34, -34, 366
3843, -9467, -34, -34, 366
3841, -9468, -34, -34, 366
3841, -9468, -34, -34, 366
3843, -9468, -33, -33, 366
3841, -9467, -34, -34, 366
3841, -9467, -34, -34, 366
3842, -9468, -34, -34, 366
3842, -9467, -34, -34, 366
3842, -9467, -34, -34, 366
3845, -9468, -34, -34, 366
3844, -9467, -34, -34, 366
3842, -9468, -34, -34, 366
3842, -9468, -34, -34, 366
3842, -9468, -34, -34, 366
3842, -9467, -34, -34, 366
3843, -9467, -34, -34, 366
3842, -9468, -34, -34, 366
3842, -9468, -34, -34, 366
3843, -9468, -34, -34, 366
3843, -9468, -34, -34, 366
3842, -9469, -34, -34, 366
3842, -9468, -33, -33, 358
3842, -9468, -33, -33, 358
3843, -9468, -33, -33, 358
3843, -9468, -34, -34, 358
3843, -9468, -34, -34, 358
3844, -9468, -33, -33, 358
3844, -9468, -33, -33, 358
3843, -9468, -33, -33, 358
3843, -9468, -33, -33, 358
3844, -9468, -33, -33, 358
3844, -9468, -33, -33, 358
3842, -9467, -34, -34, 358
3839, -9467, -34, -34, 358
3840, -9453, -33, -33, 358
3922, -9450, 22, 22, 358
3934, -9451, 57, 57, 358
3934, -9451, 57, 57, 358
3935, -9451, 59, 59, 358
3935, -9451, 59, 59, 358
3936, -9451, 59, 59, 358
3936, -9451, 59, 59, 358
3936, -9451, 59, 59, 358
3937, -9451, 60, 60, 358
3937, -9451, 60, 60, 358
3937, -9450, 61, 61, 358
3936, -9451, 61, 61, 364
3937, -9452, 60, 60, 364
3938, -9452, 61, 61, 364
3938, -9452, 61, 61, 364
3937, -9451, 61, 61, 364
3937, -9451, 61, 61, 364
3937, -9452, 61, 61, 364
3938, -9452, 61, 61, 364
3937, -9452, 61, 61, 364
3937, -9452, 61, 61, 364
3938, -9452, 62, 62, 364
3938, -9453, 62, 62, 364
3939, -9451, 61, 61, 364
3939, -9451, 61, 61, 364
3938, -9452, 62, 62, 364
3938, -9452, 62, 62, 364
3939, -9452, 62, 62, 364
3939, -9452, 62, 62, 364
3939, -9452, 62, 62, 364
3939, -9452, 62, 62, 364
3939, -9452, 62, 62, 364
3939, -9452, 62, 62, 364
3938, -9453, 62, 62, 364
3938, -9453, 62, 62, 358
3939, -9452, 62, 62, 358
3939, -9452, 62, 62, 358
3938, -9453, 62, 62, 358
3938, -9452, 62, 62, 358
3938, -9452, 62, 62, 358
3937, -9452, 61, 61, 358
3938, -9453, 61, 61, 358
3938, -9452, 61, 61, 358
3937, -9453, 61, 61, 358
3938, -9453, 61, 61, 358
3938, -9453, 61, 61, 358
3937, -9453, 61, 61, 358
3938, -9452, 62, 62, 358
3938, -9452, 62, 62, 358
3938, -9453, 61, 61, 358
3937, -9453, 60, 60, 358
3937, -9454, 61, 61, 358
3937, -9454, 61, 61, 358
3938, -9452, 61, 61, 358
3937, -9452, 61, 61, 358
3937, -9452, 61, 61, 358
3936, -9453, 60, 60, 358
3937, -9452, 61, 61, 358
3937, -9452, 61, 61, 358
3936, -9453, 61, 61, 356
3936, -9453, 61, 61, 356
3937, -9453, 60, 60, 356
3938, -9454, 61, 61, 356
3937, -9453, 60, 60, 356
3938, -9452, 61, 61, 356
3938, -9452, 61, 61, 356
3937, -9453, 61, 61, 356
3938, -9453, 61, 61, 356
3938, -9453, 61, 61, 356
3938, -9453, 61, 61, 356
3938, -9453, 61, 61, 356
3938, -9453, 61, 61, 356
3936, -9452, 60, 60, 356
3937, -9453, 61, 61, 356
3937, -9453, 61, 61, 356
3937, -9452, 61, 61, 356
3937, -9452, 61, 61, 356
3938, -9452, 61, 61, 356
3937, -9452, 60, 60, 356
3936, -9454, 61, 61, 356
3936, -9454, 61, 61, 356
3937, -9452, 61, 61, 356
3936, -9453, 60, 60, 356
3936, -9453, 60, 60, 356
3936, -9453, 60, 60, 356
3936, -9452, 60, 60, 358
3937, -9453, 60, 60, 358
3937, -9453, 60, 60, 358
3937, -9453, 60, 60, 358
3936, -9453, 60, 60, 358
3936, -9453, 60, 60, 358
3937, -9453, 60, 60, 358
3937, -9453, 60, 60, 358
3935, -9453, 59, 59, 358
3936, -9453, 59, 59, 358
3937, -9453, 60, 60, 358
3937, -9453, 60, 60, 358
3937, -9453, 60, 60, 358
3937, -9453, 60, 60, 358
3937, -9454, 60, 60, 358
3937, -9453, 60, 60, 358
3937, -9453, 60, 60, 358
3936, -9453, 60, 60, 358
3937, -9454, 60, 60, 358
3937, -9454, 60, 60, 358
3936, -9453, 60, 60, 358
3937, -9453, 60, 60, 358
3937, -9453, 60, 60, 358
3936, -9454, 60, 60, 358
3937, -9453, 60, 60, 358
3937, -9453, 60, 60, 358
3935, -9453, 60, 60, 358
3937, -9453, 60, 60, 358
3936, -9453, 59, 59, 356
3936, -9454, 60, 60, 356
3936, -9454, 60, 60, 356
3937, -9453, 60, 60, 356
3935, -9453, 59, 59, 356
3935, -9453, 59, 59, 356
3936, -9453, 59, 59, 356
3936, -9453, 59, 59, 356
3937, -9454, 60, 60, 356
3936, -9453, 59, 59, 356
3936, -9453, 59, 59, 356
3936, -9453, 59, 59, 356
3936, -9453, 60, 60, 356
3936, -9453, 60, 60, 356
3935, -9453, 59, 59, 356
3935, -9453, 59, 59, 356
3935, -9453, 59, 59, 356
3784, -9483, -88, -88, 356
3784, -9483, -88, -88, 356
3772, -9483, -102, -102, 356
3772, -9483, -102, -102, 356
3769, -9483, -106, -106, 356
3766, -9483, -109, -109, 356
3766, -9482, -111, -111, 356
3766, -9482, -111, -111, 356
3765, -9482, -113, -113, 354
3765, -9482, -113, -113, 354
3763, -9482, -114, -114, 354
3761, -9482, -114, -114, 354
3761, -9482, -114, -114, 354
3761, -9483, -115, -115, 354
3761, -9483, -115, -115, 354
3762, -9483, -116, -116, 354
3762, -9483, -116, -116, 354
3762, -9481, -117, -117, 354
3762, -9481, -117, -117, 354
3759, -9482, -117, -117, 354
3759, -9482, -117, -117, 354
3758, -9483, -117, -117, 354
3758, -9483, -117, -117, 354
3760, -9483, -116, -116, 354
3758, -9483, -117, -117, 354
3763, -9482, -116, -116, 354
3760, -9482, -117, -117, 354
3758, -9482, -117, -117, 354
3758, -9482, -117, -117, 354
3758, -9483, -118, -118, 354
3758, -9483, -118, -118, 354
3760, -9482, -117, -117, 354
3761, -9481, -116, -116, 354
3761, -9481, -116, -116, 354
3759, -9482, -117, -117, 356
3759, -9481, -117, -117, 356
3760, -9481, -117, -117, 356
3760, -9481, -117, -117, 356
3759, -9483, -116, -116, 356
3759, -9483, -116, -116, 356
3761, -9482, -116, -116, 356
3761, -9482, -116, -116, 356
3763, -9481, -116, -116, 356
3763, -9481, -116, -116, 356
3760, -9481, -116, -116, 356
3760, -9481, -116, -116, 356
3758, -9482, -117, -117, 356
3758, -9482, -117, -117, 356
3759, -9482, -116, -116, 356
3759, -9482, -116, -116, 356
3761, -9481, -116, -116, 356
3761, -9481, -116, -116, 356
3759, -9482, -116, -116, 356
3760, -9480, -116, -116, 356
3760, -9482, -115, -115, 356
3761, -9482, -116, -116, 356
3761, -9482, -116, -116, 356
3761, -9482, -115, -115, 356
3762, -9481, -116, -116, 356
3761, -9480, -116, -116, 354
3761, -9480, -116, -116, 354
3758, -9482, -116, -116, 354
3758, -9482, -116, -116, 354
3759, -9481, -116, -116, 354
3759, -9481, -116, -116, 354
3762, -9482, -115, -115, 354
3765, -9481, -114, -114, 354
3763, -9481, -114, -114, 354
3763, -9481, -114, -114, 354
3760, -9482, -115, -115, 354
3760, -9482, -115, -115, 354
3759, -9481, -116, -116, 354
3759, -9481, -116, -116, 354
3761, -9481, -115, -115, 354
3761, -9481, -115, -115, 354
3762, -9481, -115, -115, 354
3762, -9481, -115, -115, 354
3762, -9481, -114, -114, 354
3760, -9481, -115, -115, 354
3761, -9480, -115, -115, 354
3758, -9481, -114, -114, 354
3758, -9481, -114, -114, 354
3762, -9480, -115, -115, 354
3762, -9480, -115, -115, 354
3762, -9480, -114, -114, 352
3762, -9480, -114, -114, 352
3763, -9481, -115, -115, 352
3760, -9481, -114, -114, 352
3760, -9481, -114, -114, 352
3761, -9480, -114, -114, 352
3761, -9480, -114, -114, 352
3761, -9482, -114, -114, 352
3763, -9481, -114, -114, 352
3763, -9481, -114, -114, 352
3762, -9481, -113, -113, 352
3761, -9481, -113, -113, 352
3761, -9481, -113, -113, 352
3761, -9480, -113, -113, 352
3763, -9481, -113, -113, 352
3763, -9481, -113, -113, 352
3764, -9481, -113, -113, 352
3764, -9481, -113, -113, 352
3766, -9481, -112, -112, 352
3766, -9481, -112, -112, 352
3761, -9480, -114, -114, 352
3761, -9480, -114, -114, 352
3761, -9481, -114, -114, 352
3761, -9481, -114, -114, 352
3761, -9481, -113, -113, 362
3769, -9482, -109, -109, 362
3769, -9482, -109, -109, 362
3918, -9451, 38, 38, 362
3918, -9451, 38, 38, 362
3925, -9451, 48, 48, 362
3925, -9451, 48, 48, 362
3927, -9452, 50, 50, 362
3931, -9451, 54, 54, 362
3932, -9451, 55, 55, 362
3932, -9451, 55, 55, 362
3934, -9451, 57, 57, 362
3934, -9451, 57, 57, 362
3934, -9451, 58, 58, 362
3934, -9451, 58, 58, 362
3936, -9452, 59, 59, 362
3936, -9452, 59, 59, 362
3935, -9453, 59, 59, 362
3936, -9452, 60, 60, 362
3937, -9451, 60, 60, 362
3938, -9452, 60, 60, 362
3937, -9452, 61, 61, 362
3937, -9451, 61, 61, 362
3938, -9453, 61, 61, 362
3938, -9451, 62, 62, 362
3938, -9451, 62, 62, 362
3938, -9452, 62, 62, 368
3939, -9452, 62, 62, 368
3939, -9452, 62, 62, 368
3939, -9453, 62, 62, 368
3938, -9452, 61, 61, 368
3938, -9453, 61, 61, 368
3938, -9453, 61, 61, 368
3938, -9452, 62, 62, 368
3938, -9452, 62, 62, 368
3939, -9452, 62, 62, 368
3939, -9452, 62, 62, 368
3938, -9452, 62, 62, 368
3938, -9453, 62, 62, 368
3939, -9452, 63, 63, 368
3939, -9452, 62, 62, 368
3939, -9453, 62, 62, 368
3939, -9453, 62, 62, 368
3939, -9453, 62, 62, 368
3939, -9453, 62, 62, 368
3939, -9453, 62, 62, 368
3939, -9453, 62, 62, 368
3939, -9452, 62, 62, 368
3939, -9452, 62, 62, 368
3937, -9452, 62, 62, 366
3938, -9452, 62, 62, 366
3939, -9452, 62, 62, 366
3938, -9452, 62, 62, 366
3938, -9452, 62, 62, 366
3938, -9453, 62, 62, 366
3938, -9453, 62, 62, 366
3936, -9453, 61, 61, 366
3938, -9453, 60, 60, 366
3938, -9453, 62, 62, 366
3938, -9453, 61, 61, 366
3938, -9453, 62, 62, 366
3938, -9453, 62, 62, 366
3938, -9453, 61, 61, 366
3938, -9453, 62, 62, 366
3938, -9453, 62, 62, 366
3939, -9453, 62, 62, 366
3939, -9453, 62, 62, 366
3939, -9453, 62, 62, 366
3939, -9453, 62, 62, 366
3938, -9453, 61, 61, 366
3938, -9453, 61, 61, 366
3938, -9453, 61, 61, 366
3938, -9453, 61, 61, 366
3937, -9454, 61, 61, 366
3937, -9454, 61, 61, 366
3938, -9453, 61, 61, 370
3937, -9454, 61, 61, 370
3937, -9454, 61, 61, 370
3938, -9453, 61, 61, 370
3938, -9453, 61, 61, 370
3937, -9454, 60, 60, 370
3937, -9454, 60, 60, 370
3937, -9453, 61, 61, 370
3937, -9453, 61, 61, 370
3936, -9453, 60, 60, 370
3936, -9453, 60, 60, 370
3936, -9453, 60, 60, 370
3936, -9453, 60, 60, 370
3937, -9454, 60, 60, 370
3938, -9454, 61, 61, 370
3938, -9454, 61, 61, 370
3936, -9454, 60, 60, 370
3936, -9454, 60, 60, 370
3937, -9454, 60, 60, 370
3936, -9453, 60, 60, 370
3937, -9453, 60, 60, 370
3936, -9454, 60, 60, 370
3936, -9454, 60, 60, 370
3936, -9453, 60, 60, 370
3936, -9455, 60, 60, 370
3936, -9455, 60, 60, 370
3936, -9453, 60, 60, 360
3936, -9453, 60, 60, 360
3937, -9453, 60, 60, 360
3936, -9453, 60, 60, 360
3936, -9453, 60, 60, 360
3936, -9453, 60, 60, 360
3936, -9453, 60, 60, 360
3936, -9453, 60, 60, 360
3936, -9453, 60, 60, 360
3936, -9453, 59, 59, 360
3936, -9454, 60, 60, 360
3936, -9454, 60, 60, 360
3937, -9454, 60, 60, 360
3937, -9454, 60, 60, 360
3936, -9453, 60, 60, 360
3936, -9453, 60, 60, 360
3937, -9454, 60, 60, 360
3937, -9454, 60, 60, 360
3936, -9454, 60, 60, 360
3937, -9454, 60, 60, 360
3937, -9454, 60, 60, 360
3936, -9453, 60, 60, 360
3936, -9453, 60, 60, 360
3936, -9453, 60, 60, 360
3936, -9453, 60, 60, 360
3776, -9483, -94, -94, 377
3779, -9483, -98, -98, 377
3779, -9483, -98, -98, 377
3773, -9482, -104, -104, 377
3766, -9481, -107, -107, 377
3766, -9481, -107, -107, 377
3766, -9482, -110, -110, 377
3766, -9482, -110, -110, 377
3766, -9480, -111, -111, 377
3766, -9480, -111, -111, 377
3763, -9483, -112, -112, 377
3763, -9483, -112, -112, 377
3762, -9483, -113, -113, 377
3762, -9483, -113, -113, 377
3762, -9482, -115, -115, 377
3762, -9482, -115, -115, 377
3761, -9481, -115, -115, 377
3761, -9482, -115, -115, 377
3761, -9481, -116, -116, 377
3763, -9482, -115, -115, 377
3763, -9482, -115, -115, 377
3763, -9481, -115, -115, 377
3763, -9481, -115, -115, 377
3762, -9481, -115, -115, 377
3762, -9481, -115, -115, 377
3760, -9482, -115, -115, 377
3760, -9482, -115, -115, 377
3760, -9482, -115, -115, 377
3761, -9482, -115, -115, 370
3762, -9482, -116, -116, 370
3762, -9482, -116, -116, 370
3762, -9480, -115, -115, 370
3762, -9480, -115, -115, 370
3763, -9481, -115, -115, 370
3763, -9481, -115, -115, 370
3760, -9481, -115, -115, 370
3759, -9482, -116, -116, 370
3759, -9482, -116, -116, 370
3760, -9482, -115, -115, 370
3760, -9482, -115, -115, 370
3762, -9482, -116, -116, 370
3761, -9482, -117, -117, 370
3761, -9482, -117, -117, 370
3762, -9481, -116, -116, 370
3760, -9482, -115, -115, 370
3760, -9482, -115, -115, 370
3759, -9482, -116, -116, 370
3759, -9482, -116, -116, 370
3759, -9481, -115, -115, 370
3759, -9481, -116, -116, 370
3763, -9482, -115, -115, 370
3763, -9482, -115, -115, 370
3763, -9482, -114, -114, 370
3763, -9482, -114, -114, 370
3762, -9482, -115, -115, 370
3760, -9482, -115, -115, 370
3760, -9481, -115, -115, 370
3760, -9481, -115, -115, 370
3760, -9481, -116, -116, 370
3760, -9482, -115, -115, 370
3760, -9482, -115, -115, 370
3762, -9481, -115, -115, 370
3763, -9482, -115, -115, 370
3763, -9482, -115, -115, 370
3763, -9481, -114, -114, 370
3759, -9481, -115, -115, 370
3760, -9482, -115, -115, 370
3760, -9482, -115, -115, 370
3764, -9481, -115, -115, 370
3762, -9482, -115, -115, 370
3762, -9482, -115, -115, 370
3762, -9480, -115, -115, 370
3762, -9480, -115, -115, 370
3761, -9481, -114, -114, 370
3761, -9481, -114, -114, 370
3762, -9481, -114, -114, 370
3762, -9481, -114, -114, 370
3764, -9481, -115, -115, 370
3762, -9482, -114, -114, 370
3762, -9482, -114, -114, 370
3760, -9481, -115, -115, 370
3760, -9481, -115, -115, 370
3760, -9482, -114, -114, 362
3760, -9482, -114, -114, 362
3762, -9482, -113, -113, 362
3762, -9482, -113, -113, 362
3763, -9481, -114, -114, 362
3763, -9481, -114, -114, 362
3764, -9480, -114, -114, 362
3764, -9480, -113, -113, 362
3764, -9480, -113, -113, 362
3762, -9481, -113, -113, 362
3761, -9480, -113, -113, 362
3761, -9480, -113, -113, 362
3763, -9482, -113, -113, 362
3763, -9482, -113, -113, 362
3764, -9481, -114, -114, 362
3765, -9481, -114, -114, 362
3765, -9481, -114, -114, 362
3764, -9480, -114, -114, 362
3765, -9480, -114, -114, 362
3765, -9480, -114, -114, 362
3762, -9481, -113, -113, 362
3762, -9481, -113, -113, 362
3763, -9481, -113, -113, 362
3763, -9481, -113, -113, 362
3765, -9482, -112, -112, 362
3765, -9482, -112, -112, 362
3764, -9480, -113, -113, 366
3764, -9480, -113, -113, 366
3763, -9480, -112, -112, 366
3763, -9480, -112, -112, 366
3762, -9480, -113, -113, 366
3762, -9482, -113, -113, 366
3762, -9482, -113, -113, 366
3764, -9481, -112, -112, 366
3765, -9481, -113, -113, 366
3765, -9481, -113, -113, 366
3762, -9477, -113, -113, 366
3762, -9477, -113, -113, 366
3918, -9452, 39, 39, 366
3918, -9452, 39, 39, 366
3925, -9451, 46, 46, 366
3926, -9451, 49, 49, 366
3929, -9451, 52, 52, 366
3932, -9451, 55, 55, 366
3932, -9451, 55, 55, 366
3935, -9452, 58, 58, 366
3935, -9452, 58, 58, 366
3934, -9452, 58, 58, 366
3935, -9452, 59, 59, 366
3935, -9452, 59, 59, 366
3937, -9452, 61, 61, 366
3937, -9451, 61, 61, 362
3937, -9451, 61, 61, 362
3937, -9451, 61, 61, 362
3937, -9451, 61, 61, 362
3938, -9452, 62, 62, 362
3938, -9452, 62, 62, 362
3938, -9452, 62, 62, 362
3938, -9452, 62, 62, 362
3938, -9452, 62, 62, 362
3939, -9452, 63, 63, 362
3940, -9452, 63, 63, 362
3939, -9453, 63, 63, 362
3939, -9453, 63, 63, 362
3939, -9453, 63, 63, 362
3939, -9453, 63, 63, 362
3939, -9452, 63, 63, 362
3939, -9453, 63, 63, 362
3939, -9452, 63, 63, 362
3939, -9452, 63, 63, 362
3939, -9452, 63, 63, 362
3939, -9453, 63, 63, 362
3939, -9453, 63, 63, 362
3939, -9453, 63, 63, 362
3938, -9453, 62, 62, 362
3938, -9453, 62, 62, 362
3940, -9452, 63, 63, 362
3940, -9452, 63, 63, 362
3940, -9453, 63, 63, 362
3940, -9453, 63, 63, 362
3940, -9453, 63, 63, 362
3940, -9453, 63, 63, 362
3940, -9452, 63, 63, 362
3940, -9452, 63, 63, 362
3939, -9452, 63, 63, 362
3939, -9453, 62, 62, 362
3939, -9453, 62, 62, 362
3939, -9453, 63, 63, 362
3938, -9453, 62, 62, 362
3939, -9453, 63, 63, 362
3939, -9453, 63, 63, 362
3938, -9452, 62, 62, 362
3938, -9452, 62, 62, 362
3939, -9453, 62, 62, 362
3939, -9453, 62, 62, 362
3939, -9452, 63, 63, 362
3939, -9452, 63, 63, 362
3939, -9453, 63, 63, 362
3939, -9453, 63, 63, 362
3938, -9452, 62, 62, 362
3938, -9452, 62, 62, 362
3938, -9453, 62, 62, 368
3938, -9453, 62, 62, 368
3939, -9454, 63, 63, 368
3939, -9454, 63, 63, 368
3938, -9454, 62, 62, 368
3938, -9454, 62, 62, 368
3938, -9454, 62, 62, 368
3938, -9454, 62, 62, 368
3938, -9453, 62, 62, 368
3939, -9453, 62, 62, 368
3939, -9453, 62, 62, 368
3937, -9453, 61, 61, 368
3938, -9453, 61, 61, 368
3939, -9453, 61, 61, 368
3939, -9453, 61, 61, 368
3938, -9453, 61, 61, 368
3938, -9453, 61, 61, 368
3938, -9453, 61, 61, 368
3938, -9453, 61, 61, 368
3938, -9453, 61, 61, 368
3937, -9453, 62, 62, 368
3937, -9454, 61, 61, 368
3938, -9452, 61, 61, 368
3938, -9452, 61, 61, 368
3938, -9455, 61, 61, 368
3938, -9455, 61, 61, 368
3937, -9453, 61, 61, 368
3936, -9453, 60, 60, 370
3936, -9453, 60, 60, 370
3937, -9453, 61, 61, 370
3937, -9453, 61, 61, 370
3936, -9453, 60, 60, 370
3937, -9453, 60, 60, 370
3937, -9454, 60, 60, 370
3938, -9453, 61, 61, 370
3936, -9454, 60, 60, 370
3938, -9454, 61, 61, 370
3937, -9453, 60, 60, 370
3937, -9453, 60, 60, 370
3937, -9454, 61, 61, 370
3937, -9454, 61, 61, 370
3937, -9454, 60, 60, 370
3937, -9454, 60, 60, 370
3937, -9454, 60, 60, 370
3937, -9454, 60, 60, 370
3938, -9454, 61, 61, 370
3938, -9454, 61, 61, 370
3936, -9453, 61, 61, 370
3936, -9453, 61, 61, 370
3937, -9453, 60, 60, 370
3936, -9454, 59, 59, 370
3936, -9454, 60, 60, 370
3936, -9454, 60, 60, 370
3937, -9455, 60, 60, 370
3937, -9455, 60, 60, 370
3937, -9454, 60, 60, 366
3937, -9454, 60, 60, 366
3937, -9454, 60, 60, 366
3937, -9454, 60, 60, 366
3937, -9455, 60, 60, 366
3937, -9455, 60, 60, 366
3937, -9454, 61, 61, 366
3783, -9482, -81, -81, 366
3775, -9482, -99, -99, 366
3775, -9482, -99, -99, 366
3772, -9482, -102, -102, 366
3767, -9483, -106, -106, 366
3767, -9483, -106, -106, 366
3770, -9482, -109, -109, 366
3770, -9482, -109, -109, 366
3768, -9482, -110, -110, 366
3768, -9482, -110, -110, 366
3761, -9483, -112, -112, 366
3761, -9483, -112, -112, 366
3761, -9483, -113, -113, 366
3761, -9483, -113, -113, 366
3763, -9482, -114, -114, 366
3763, -9482, -114, -114, 366
3764, -9483, -114, -114, 366
3764, -9483, -114, -114, 366
3764, -9483, -114, -114, 366
3763, -9481, -116, -116, 366
3763, -9481, -116, -116, 366
3763, -9481, -115, -115, 366
3761, -9483, -115, -115, 366
3759, -9483, -116, -116, 366
3759, -9483, -116, -116, 366
3761, -9482, -116, -116, 366
3762, -9482, -115, -115, 366
3762, -9482, -115, -115, 366
3760, -9481, -115, -115, 366
3760, -9481, -115, -115, 366
3760, -9483, -116, -116, 366
3760, -9483, -116, -116, 366
3759, -9482, -116, -116, 366
3759, -9482, -116, -116, 366
3758, -9481, -116, -116, 366
3762, -9481, -116, -116, 366
3761, -9481, -116, -116, 366
3761, -9481, -116, -116, 366
3760, -9481, -116, -116, 366
3760, -9481, -116, -116, 366
3760, -9483, -115, -115, 366
3762, -9481, -115, -115, 366
3761, -9482, -115, -115, 366
3762, -9482, -116, -116, 366
3763, -9482, -115, -115, 366
3762, -9482, -115, -115, 375
3762, -9482, -115, -115, 375
3758, -9481, -116, -116, 375
3758, -9481, -116, -116, 375
3761, -9482, -114, -114, 375
3762, -9482, -115, -115, 375
3762, -9482, -115, -115, 375
3761, -9482, -114, -114, 375
3761, -9481, -115, -115, 375
3764, -9482, -114, -114, 375
3764, -9482, -114, -114, 375
3763, -9482, -115, -115, 375
3763, -9481, -115, -115, 375
3764, -9481, -115, -115, 375
3760, -9481, -114, -114, 375
3760, -9481, -114, -114, 375
3763, -9482, -113, -113, 375
3761, -9481, -115, -115, 375
3763, -9481, -114, -114, 375
3763, -9481, -114, -114, 375
3763, -9480, -114, -114, 375
3763, -9480, -114, -114, 375
3762, -9482, -114, -114, 375
3760, -9481, -115, -115, 375
3760, -9481, -115, -115, 375
3764, -9481, -114, -114, 366
3764, -9481, -114, -114, 366
3763, -9481, -114, -114, 366
3763, -9481, -114, -114, 366
3761, -9481, -114, -114, 366
3761, -9481, -114, -114, 366
3762, -9481, -113, -113, 366
3762, -9481, -113, -113, 366
3765, -9481, -113, -113, 366
3765, -9481, -113, -113, 366
3765, -9481, -113, -113, 366
3763, -9480, -113, -113, 366
3763, -9480, -113, -113, 366
3761, -9481, -113, -113, 366
3762, -9482, -113, -113, 366
3762, -9482, -113, -113, 366
3763, -9481, -113, -113, 366
3763, -9481, -113, -113, 366
3765, -9481, -113, -113, 366
3761, -9482, -113, -113, 366
3765, -9482, -113, -113, 366
3765, -9480, -114, -114, 366
3765, -9480, -114, -114, 366
3764, -9481, -112, -112, 366
3766, -9481, -112, -112, 373
3766, -9481, -112, -112, 373
3765, -9480, -113, -113, 373
3766, -9481, -113, -113, 373
3764, -9481, -113, -113, 373
3764, -9481, -113, -113, 373
3764, -9481, -112, -112, 373
3762, -9481, -112, -112, 373
3765, -9482, -112, -112, 373
3765, -9482, -112, -112, 373
3766, -9480, -112, -112, 373
3766, -9480, -112, -112, 373
3764, -9480, -112, -112, 373
3764, -9480, -112, -112, 373
3763, -9481, -111, -111, 373
3763, -9481, -111, -111, 373
3765, -9481, -111, -111, 373
3765, -9481, -111, -111, 373
3842, -9452, -90, -90, 373
3842, -9452, -90, -90, 373
3920, -9450, 40, 40, 373
3920, -9450, 40, 40, 373
3928, -9452, 50, 50, 373
3928, -9452, 50, 50, 373
3931, -9452, 54, 54, 373
3931, -9452, 54, 54, 373
3933, -9451, 56, 56, 379
3933, -9451, 56, 56, 379
3937, -9451, 59, 59, 379
3937, -9451, 59, 59, 379
3936, -9451, 60, 60, 379
3937, -9451, 60, 60, 379
3938, -9452, 61, 61, 379
3938, -9452, 61, 61, 379
3938, -9451, 62, 62, 379
3938, -9451, 62, 62, 379
3938, -9451, 62, 62, 379
3938, -9451, 62, 62, 379
3938, -9451, 62, 62, 379
3939, -9451, 62, 62, 379
3939, -9451, 62, 62, 379
3940, -9451, 63, 63, 379
3940, -9451, 63, 63, 379
3940, -9452, 63, 63, 379
3940, -9452, 63, 63, 379
3939, -9453, 63, 63, 379
3939, -9453, 63, 63, 379
3939, -9452, 63, 63, 379
3940, -9452, 63, 63, 379
3940, -9452, 63, 63, 379
3939, -9453, 63, 63, 379
3940, -9452, 64, 64, 379
3940, -9452, 64, 64, 379
3940, -9452, 63, 63, 377
3940, -9452, 63, 63, 377
3940, -9453, 63, 63, 377
3940, -9453, 63, 63, 377
3939, -9453, 63, 63, 377
3939, -9453, 63, 63, 377
3940, -9452, 63, 63, 377
3939, -9452, 63, 63, 377
3939, -9452, 63, 63, 377
3939, -9453, 63, 63, 377
3939, -9453, 63, 63, 377
3939, -9453, 63, 63, 377
3939, -9453, 63, 63, 377
3940, -9453, 63, 63, 377
3940, -9453, 63, 63, 377
3939, -9454, 63, 63, 377
3939, -9452, 63, 63, 377
3939, -9452, 63, 63, 377
3940, -9452, 63, 63, 377
3940, -9452, 63, 63, 377
3939, -9453, 63, 63, 377
3939, -9453, 63, 63, 377
3939, -9452, 63, 63, 377
3939, -9452, 63, 63, 377
3940, -9453, 63, 63, 377
3940, -9453, 64, 64, 377
3938, -9453, 62, 62, 377
3938, -9453, 62, 62, 377
3939, -9454, 63, 63, 377
3939, -9454, 63, 63, 377
3939, -9453, 62, 62, 377
3939, -9453, 62, 62, 377
3939, -9453, 62, 62, 377
3940, -9452, 63, 63, 377
3940, -9452, 63, 63, 377
3939, -9453, 63, 63, 377
3939, -9453, 63, 63, 377
3939, -9453, 62, 62, 377
3939, -9453, 62, 62, 377
3938, -9454, 62, 62, 377
3938, -9454, 62, 62, 377
3939, -9453, 62, 62, 377
3939, -9453, 62, 62, 377
3938, -9452, 62, 62, 377
3939, -9454, 62, 62, 377
3939, -9454, 62, 62, 377
3939, -9453, 63, 63, 377
3938, -9453, 62, 62, 377
3938, -9453, 62, 62, 377
3939, -9453, 62, 62, 377
3939, -9453, 62, 62, 377
3937, -9453, 62, 62, 385
3937, -9453, 62, 62, 385
3938, -9453, 62, 62, 385
3937, -9453, 62, 62, 385
3937, -9453, 62, 62, 385
3937, -9453, 61, 61, 385
3938, -9454, 61, 61, 385
3938, -9454, 61, 61, 385
3937, -9453, 61, 61, 385
3937, -9453, 61, 61, 385
3938, -9453, 61, 61, 385
3938, -9453, 61, 61, 385
3937, -9453, 61, 61, 385
3937, -9453, 61, 61, 385
3937, -9453, 61, 61, 385
3937, -9453, 61, 61, 385
3937, -9454, 61, 61, 385
3937, -9453, 61, 61, 385
3937, -9453, 61, 61, 385
3937, -9453, 61, 61, 385
3937, -9453, 61, 61, 385
3939, -9454, 61, 61, 385
3939, -9454, 61, 61, 385
3937, -9453, 61, 61, 385
3937, -9453, 61, 61, 385
3938, -9454, 61, 61, 385
3938, -9454, 61, 61, 385
3938, -9454, 61, 61, 385
3938, -9454, 61, 61, 385
3938, -9454, 61, 61, 381
3936, -9453, 61, 61, 381
3937, -9453, 60, 60, 381
3938, -9455, 61, 61, 381
3937, -9454, 60, 60, 381
3937, -9454, 60, 60, 381
3937, -9454, 61, 61, 381
3936, -9454, 61, 61, 381
3936, -9454, 61, 61, 381
3937, -9455, 60, 60, 381
3937, -9455, 60, 60, 381
3936, -9453, 60, 60, 381
3936, -9453, 60, 60, 381
3936, -9454, 60, 60, 381
3936, -9454, 60, 60, 381
3936, -9454, 60, 60, 381
3937, -9453, 60, 60, 381
3791, -9483, -59, -59, 381
3791, -9483, -59, -59, 381
3775, -9484, -100, -100, 381
3775, -9484, -100, -100, 381
3769, -9484, -106, -106, 381
3769, -9484, -106, -106, 381
3773, -9482, -107, -107, 381
3765, -9483, -109, -109, 381
3765, -9483, -109, -109, 381
3763, -9482, -111, -111, 381
3763, -9482, -111, -111, 381
3765, -9483, -112, -112, 375
3765, -9483, -112, -112, 375
3765, -9482, -113, -113, 375
3765, -9483, -112, -112, 375
3765, -9483, -112, -112, 375
3763, -9482, -114, -114, 375
3763, -9482, -114, -114, 375
3762, -9482, -114, -114, 375
3762, -9482, -114, -114, 375
3759, -9483, -114, -114, 375
3759, -9483, -114, -114, 375
3763, -9483, -114, -114, 375
3763, -9483, -114, -114, 375
3763, -9482, -114, -114, 375
3763, -9482, -114, -114, 375
3763, -9482, -114, -114, 375
3763, -9482, -114, -114, 375
3760, -9482, -115, -115, 375
3760, -9482, -115, -115, 375
3761, -9482, -115, -115, 375
3761, -9482, -115, -115, 375
3762, -9483, -115, -115, 375
3762, -9483, -115, -115, 375
3763, -9482, -115, -115, 375
3764, -9481, -114, -114, 375
3763, -9482, -115, -115, 375
3759, -9483, -115, -115, 375
3759, -9483, -115, -115, 375
3760, -9482, -115, -115, 385
3760, -9482, -115, -115, 385
3763, -9482, -115, -115, 385
3763, -9482, -115, -115, 385
3764, -9482, -114, -114, 385
3759, -9481, -115, -115, 385
3759, -9481, -115, -115, 385
3762, -9483, -114, -114, 385
3762, -9483, -114, -114, 385
3760, -9482, -115, -115, 385
3763, -9482, -114, -114, 385
3759, -9482, -115, -115, 385
3759, -9482, -115, -115, 385
3763, -9482, -114, -114, 385
3763, -9482, -114, -114, 385
3765, -9482, -114, -114, 385
3765, -9482, -114, -114, 385
3761, -9481, -115, -115, 385
3761, -9481, -115, -115, 385
3760, -9483, -114, -114, 385
3760, -9483, -114, -114, 385
3762, -9482, -114, -114, 385
3760, -9482, -115, -115, 385
3760, -9482, -115, -115, 385
3765, -9482, -114, -114, 383
3765, -9482, -114, -114, 383
3765, -9481, -113, -113, 383
3762, -9482, -114, -114, 383
3762, -9482, -114, -114, 383
3763, -9482, -114, -114, 383
3763, -9482, -114, -114, 383
3763, -9482, -115, -115, 383
3763, -9482, -115, -115, 383
3762, -9481, -114, -114, 383
3762, -9481, -114, -114, 383
3762, -9482, -114, -114, 383
3762, -9482, -114, -114, 383
3764, -9482, -113, -113, 383
3764, -9482, -113, -113, 383
3765, -9481, -113, -113, 383
3765, -9481, -113, -113, 383
3763, -9481, -113, -113, 383
3764, -9481, -113, -113, 383
3764, -9481, -113, -113, 383
3763, -9481, -113, -113, 383
3762, -9480, -113, -113, 383
3762, -9480, -113, -113, 383
3761, -9482, -114, -114, 383
3761, -9482, -113, -113, 383
3765, -9482, -113, -113, 383
3765, -9482, -113, -113, 383
3764, -9481, -113, -113, 383
3763, -9481, -112, -112, 383
3763, -9481, -112, -112, 383
3762, -9481, -113, -113, 383
3762, -9481, -113, -113, 383
3763, -9481, -112, -112, 383
3763, -9481, -112, -112, 383
3766, -9482, -113, -113, 383
3766, -9482, -113, -113, 383
3765, -9481, -113, -113, 383
3765, -9481, -113, -113, 383
3764, -9481, -112, -112, 383
3766, -9481, -112, -112, 383
3766, -9481, -112, -112, 383
3764, -9481, -113, -113, 383
3764, -9481, -113, -113, 383
3761, -9481, -113, -113, 383
3761, -9481, -113, -113, 383
3763, -9481, -113, -113, 383
3763, -9481, -113, -113, 383
3763, -9481, -113, -113, 383
3763, -9481, -113, -113, 383
3766, -9481, -113, -113, 383
3765, -9481, -112, -112, 397
3768, -9480, -110, -110, 397
3768, -9480, -110, -110, 397
3895, -9452, -59, -59, 397
3916, -9452, 34, 34, 397
3922, -9453, 42, 42, 397
3929, -9453, 51, 51, 397
3929, -9453, 51, 51, 397
3932, -9452, 56, 56, 397
3935, -9453, 59, 59, 397
3935, -9453, 59, 59, 397
3936, -9452, 59, 59, 397
3936, -9452, 59, 59, 397
3937, -9452, 60, 60, 397
3937, -9452, 60, 60, 397
3937, -9452, 61, 61, 397
3938, -9452, 61, 61, 397
3939, -9452, 62, 62, 397
3938, -9452, 62, 62, 397
3938, -9452, 62, 62, 397
3940, -9453, 63, 63, 397
3940, -9452, 63, 63, 397
3940, -9452, 63, 63, 397
3940, -9452, 64, 64, 397
3940, -9452, 64, 64, 397
3940, -9452, 64, 64, 381
3940, -9453, 63, 63, 381
3940, -9453, 63, 63, 381
3940, -9452, 64, 64, 381
3940, -9452, 64, 64, 381
3940, -9453, 63, 63, 381
3940, -9453, 63, 63, 381
3940, -9452, 63, 63, 381
3940, -9452, 63, 63, 381
3940, -9453, 64, 64, 381
3940, -9454, 63, 63, 381
3940, -9454, 63, 63, 381
3939, -9453, 63, 63, 381
3939, -9453, 64, 64, 381
3939, -9453, 64, 64, 381
3940, -9453, 63, 63, 381
3940, -9453, 63, 63, 381
3939, -9453, 63, 63, 381
3939, -9453, 63, 63, 381
3939, -9453, 63, 63, 381
3940, -9452, 64, 64, 381
3940, -9452, 64, 64, 381
3940, -9453, 63, 63, 381
3940, -9453, 63, 63, 381
3939, -9452, 64, 64, 381
3939, -9452, 64, 64, 381
3941, -9453, 64, 64, 381
3940, -9453, 63, 63, 381
3940, -9453, 63, 63, 381
3940, -9454, 63, 63, 381
3939, -9454, 63, 63, 381
3940, -9453, 64, 64, 381
3940, -9453, 64, 64, 381
3940, -9453, 64, 64, 381
3939, -9453, 63, 63, 381
3940, -9453, 63, 63, 381
3940, -9453, 63, 63, 381
3941, -9453, 64, 64, 381
3941, -9453, 64, 64, 381
3939, -9454, 63, 63, 381
3939, -9454, 63, 63, 381
3939, -9454, 62, 62, 381
3939, -9454, 62, 62, 381
3939, -9453, 63, 63, 381
3939, -9454, 62, 62, 381
3938, -9454, 62, 62, 381
3938, -9454, 62, 62, 381
3938, -9453, 62, 62, 381
3938, -9453, 62, 62, 381
3939, -9454, 62, 62, 381
3939, -9454, 62, 62, 381
3938, -9454, 62, 62, 381
3938, -9454, 62, 62, 381
3939, -9454, 62, 62, 381
3939, -9454, 62, 62, 381
3937, -9455, 62, 62, 381
3939, -9454, 62, 62, 381
3939, -9454, 62, 62, 381
3938, -9454, 62, 62, 381
3938, -9454, 62, 62, 381
3939, -9454, 62, 62, 381
3939, -9454, 62, 62, 381
3938, -9454, 62, 62, 381
3938, -9454, 62, 62, 381
3939, -9453, 62, 62, 381
3939, -9454, 62, 62, 381
3939, -9454, 62, 62, 381
3939, -9454, 62, 62, 381
3939, -9454, 62, 62, 381
3937, -9454, 61, 61, 381
3937, -9454, 61, 61, 381
3938, -9454, 61, 61, 381
3938, -9454, 61, 61, 381
3938, -9453, 61, 61, 381
3938, -9453, 61, 61, 381
3938, -9454, 61, 61, 381
3938, -9454, 61, 61, 381
3938, -9455, 61, 61, 381
3938, -9455, 61, 61, 381
3937, -9454, 61, 61, 381
3937, -9454, 61, 61, 381
3937, -9455, 61, 61, 381
3937, -9455, 61, 61, 381
3937, -9453, 61, 61, 381
3937, -9453, 61, 61, 381
3937, -9454, 61, 61, 381
3937, -9454, 61, 61, 381
3937, -9454, 61, 61, 381
3937, -9454, 61, 61, 381
3937, -9454, 61, 61, 381
3937, -9455, 61, 61, 381
3937, -9455, 61, 61, 381
3937, -9455, 60, 60, 381
3937, -9454, 61, 61, 381
3937, -9454, 61, 61, 381
3936, -9455, 60, 60, 381
3938, -9454, 61, 61, 381
3936, -9453, 60, 60, 381
3936, -9453, 60, 60, 381
3936, -9454, 60, 60, 381
3936, -9454, 60, 60, 381
3936, -9454, 60, 60, 381
3936, -9453, 59, 59, 381
3796, -9484, -48, -48, 387
3777, -9483, -93, -93, 387
3776, -9483, -97, -97, 387
3774, -9484, -101, -101, 387
3768, -9483, -107, -107, 387
3768, -9483, -107, -107, 387
3766, -9483, -110, -110, 387
3766, -9483, -110, -110, 387
3767, -9483, -112, -112, 387
3767, -9483, -112, -112, 387
3765, -9482, -111, -111, 387
3764, -9482, -112, -112, 387
3762, -9481, -114, -114, 387
3762, -9481, -114, -114, 387
3764, -9482, -114, -114, 387
3764, -9483, -113, -113, 387
3762, -9483, -115, -115, 387
3762, -9482, -116, -116, 387
3762, -9482, -116, -116, 387
3764, -9483, -114, -114, 387
3762, -9484, -115, -115, 387
3762, -9484, -115, -115, 387
3759, -9483, -115, -115, 387
3760, -9482, -115, -115, 387
3761, -9483, -114, -114, 387
3761, -9483, -115, -115, 387
3763, -9482, -114, -114, 383
3763, -9482, -114, -114, 383
3762, -9482, -115, -115, 383
3762, -9482, -115, -115, 383
3761, -9481, -115, -115, 383
3761, -9481, -115, -115, 383
3762, -9482, -115, -115, 383
3762, -9482, -115, -115, 383
3764, -9481, -115, -115, 383
3764, -9482, -114, -114, 383
3763, -9482, -114, -114, 383
3763, -9481, -115, -115, 383
3764, -9482, -114, -114, 383
3764, -9482, -114, -114, 383
3760, -9483, -114, -114, 383
3760, -9482, -115, -115, 383
3761, -9483, -115, -115, 383
3759, -9482, -115, -115, 383
3761, -9483, -115, -115, 383
3760, -9484, -115, -115, 383
3764, -9483, -114, -114, 383
3764, -9483, -114, -114, 383
3762, -9482, -115, -115, 383
3760, -9482, -114, -114, 383
3760, -9482, -114, -114, 383
3760, -9482, -115, -115, 383
3762, -9482, -115, -115, 383
3762, -9482, -115, -115, 383
3763, -9481, -115, -115, 383
3763, -9481, -115, -115, 383
3761, -9482, -114, -114, 383
3761, -9482, -114, -114, 383
3760, -9481, -114, -114, 383
3760, -9481, -114, -114, 383
3764, -9482, -114, -114, 383
3764, -9482, -114, -114, 383
3764, -9481, -114, -114, 383
3764, -9481, -114, -114, 383
3761, -9482, -114, -114, 383
3761, -9482, -114, -114, 383
3760, -9482, -113, -113, 383
3760, -9482, -113, -113, 383
3762, -9483, -115, -115, 383
3764, -9482, -115, -115, 383
3764, -9482, -115, -115, 383
3765, -9482, -114, -114, 383
3763, -9481, -114, -114, 383
3760, -9481, -114, -114, 383
3760, -9481, -114, -114, 383
3760, -9481, -114, -114, 383
3761, -9482, -114, -114, 383
3761, -9482, -114, -114, 383
3761, -9482, -114, -114, 383
3764, -9482, -114, -114, 385
3765, -9481, -113, -113, 385
3764, -9481, -113, -113, 385
3767, -9481, -113, -113, 385
3762, -9480, -112, -112, 385
3762, -9481, -114, -114, 385
3764, -9482, -112, -112, 385
3763, -9481, -113, -113, 385
3764, -9481, -113, -113, 385
3766, -9480, -113, -113, 385
3766, -9480, -113, -113, 385
3761, -9482, -113, -113, 385
3761, -9482, -113, -113, 385
3763, -9482, -112, -112, 385
3763, -9482, -112, -112, 385
3766, -9481, -113, -113, 385
3766, -9481, -113, -113, 385
3765, -9481, -113, -113, 385
3763, -9481, -112, -112, 385
3765, -9482, -113, -113, 385
3765, -9482, -113, -113, 385
3764, -9481, -113, -113, 385
3767, -9481, -112, -112, 383
3767, -9481, -112, -112, 383
3764, -9481, -112, -112, 383
3764, -9481, -112, -112, 383
3763, -9481, -112, -112, 383
3763, -9481, -112, -112, 383
3764, -9481, -112, -112, 383
3764, -9481, -112, -112, 383
3766, -9481, -112, -112, 383
3766, -9481, -112, -112, 383
3765, -9480, -113, -113, 383
3765, -9480, -113, -113, 383
3761, -9480, -112, -112, 383
3761, -9480, -112, -112, 383
3921, -9451, 41, 41, 383
3921, -9451, 41, 41, 383
3924, -9452, 47, 47, 383
3930, -9453, 54, 54, 383
3930, -9453, 54, 54, 383
3933, -9452, 56, 56, 383
3933, -9452, 56, 56, 383
3936, -9452, 59, 59, 383
3936, -9452, 59, 59, 383
3937, -9452, 60, 60, 383
3937, -9452, 60, 60, 383
3938, -9453, 61, 61, 383
3938, -9453, 61, 61, 383
3939, -9452, 62, 62, 383
3939, -9452, 62, 62, 383
3938, -9452, 62, 62, 387
3939, -9452, 62, 62, 387
3939, -9452, 63, 63, 387
3940, -9453, 63, 63, 387
3940, -9453, 63, 63, 387
3939, -9453, 63, 63, 387
3939, -9453, 63, 63, 387
3939, -9453, 63, 63, 387
3939, -9453, 63, 63, 387
3940, -9453, 64, 64, 387
3940, -9453, 64, 64, 387
3940, -9452, 64, 64, 387
3940, -9452, 64, 64, 387
3939, -9453, 63, 63, 387
3939, -9452, 63, 63, 387
3939, -9452, 63, 63, 387
3939, -9453, 63, 63, 387
3939, -9453, 63, 63, 387
3939, -9453, 64, 64, 387
3940, -9452, 63, 63, 387
3940, -9452, 64, 64, 387
3940, -9452, 64, 64, 387
3940, -9453, 64, 64, 387
3940, -9453, 64, 64, 387
3939, -9453, 63, 63, 387
3939, -9453, 63, 63, 391
3939, -9453, 63, 63, 391
3939, -9452, 63, 63, 391
3941, -9453, 64, 64, 391
3941, -9453, 64, 64, 391
3939, -9453, 63, 63, 391
3939, -9453, 63, 63, 391
3940, -9452, 63, 63, 391
3940, -9452, 63, 63, 391
3939, -9453, 63, 63, 391
3940, -9453, 63, 63, 391
3940, -9453, 63, 63, 391
3940, -9453, 63, 63, 391
3940, -9453, 63, 63, 391
3940, -9453, 63, 63, 391
3939, -9453, 63, 63, 391
3940, -9454, 63, 63, 391
3939, -9452, 62, 62, 391
3939, -9452, 62, 62, 391
3938, -9453, 62, 62, 391
3938, -9453, 62, 62, 391
3939, -9453, 63, 63, 391
3939, -9453, 63, 63, 391
3938, -9453, 63, 63, 391
3938, -9455, 62, 62, 391
3940, -9453, 63, 63, 391
3940, -9453, 63, 63, 391
3939, -9453, 62, 62, 387
3939, -9453, 62, 62, 387
3938, -9453, 62, 62, 387
3938, -9453, 62, 62, 387
3938, -9453, 62, 62, 387
3938, -9453, 61, 61, 387
3938, -9453, 61, 61, 387
3938, -9454, 62, 62, 387
3938, -9454, 62, 62, 387
3939, -9454, 62, 62, 387
3938, -9454, 62, 62, 387
3938, -9454, 62, 62, 387
3938, -9453, 61, 61, 387
3939, -9454, 63, 63, 387
3939, -9454, 63, 63, 387
3937, -9453, 62, 62, 387
3936, -9453, 61, 61, 387
3936, -9453, 61, 61, 387
3938, -9453, 61, 61, 387
3938, -9453, 61, 61, 387
3937, -9453, 61, 61, 387
3937, -9453, 61, 61, 387
3938, -9453, 61, 61, 387
3938, -9453, 61, 61, 387
3938, -9454, 61, 61, 387
3938, -9454, 61, 61, 387
3937, -9454, 61, 61, 387
3937, -9454, 61, 61, 387
3938, -9454, 62, 62, 391
3937, -9454, 61, 61, 391
3937, -9454, 61, 61, 391
3938, -9455, 61, 61, 391
3938, -9455, 61, 61, 391
3937, -9453, 61, 61, 391
3937, -9455, 60, 60, 391
3939, -9455, 61, 61, 391
3939, -9455, 61, 61, 391
3936, -9453, 61, 61, 391
3936, -9453, 61, 61, 391
3937, -9454, 60, 60, 391
3937, -9455, 61, 61, 391
3937, -9455, 61, 61, 391
3937, -9454, 60, 60, 391
3937, -9454, 60, 60, 391
3938, -9454, 61, 61, 391
3938, -9454, 61, 61, 391
3937, -9454, 61, 61, 391
3937, -9454, 61, 61, 391
3937, -9454, 61, 61, 391
3937, -9454, 61, 61, 391
3938, -9454, 61, 61, 391
3937, -9454, 61, 61, 391
3938, -9454, 61, 61, 391
3938, -9454, 61, 61, 391
3937, -9454, 61, 61, 387
3937, -9454, 61, 61, 387
3937, -9454, 61, 61, 387
3937, -9454, 61, 61, 387
3938, -9454, 61, 61, 387
3938, -9454, 61, 61, 387
3938, -9454, 61, 61, 387
3938, -9454, 61, 61, 387
3938, -9454, 61, 61, 387
3937, -9454, 60, 60, 387
3937, -9453, 61, 61, 387
3937, -9453, 61, 61, 387
3938, -9454, 61, 61, 387
3936, -9454, 61, 61, 387
3937, -9454, 60, 60, 387
3938, -9455, 61, 61, 387
3937, -9455, 61, 61, 387
3937, -9455, 61, 61, 387
3937, -9454, 60, 60, 387
3937, -9455, 60, 60, 387
3937, -9455, 61, 61, 387
3937, -9455, 61, 61, 387
3936, -9455, 60, 60, 387
3936, -9455, 60, 60, 387
3935, -9455, 59, 59, 387
3935, -9455, 59, 59, 387
3937, -9455, 60, 60, 387
3937, -9455, 60, 60, 387
3937, -9455, 60, 60, 385
3936, -9454, 60, 60, 385
3936, -9454, 60, 60, 385
3936, -9455, 60, 60, 385
3936, -9455, 60, 60, 385
3936, -9455, 60, 60, 385
3936, -9455, 60, 60, 385
3936, -9455, 59, 59, 385
3936, -9455, 59, 59, 385
3936, -9455, 59, 59, 385
3936, -9455, 59, 59, 385
3936, -9455, 59, 59, 385
3936, -9455, 59, 59, 385
3936, -9455, 59, 59, 385
3936, -9455, 59, 59, 385
3935, -9455, 59, 59, 385
3935, -9455, 59, 59, 385
3937, -9455, 60, 60, 385
3937, -9455, 60, 60, 385
3936, -9455, 60, 60, 385
3936, -9455, 60, 60, 385
3936, -9454, 60, 60, 385
3936, -9454, 60, 60, 385
3936, -9455, 60, 60, 385
3936, -9455, 60, 60, 385
3936, -9455, 59, 59, 385
3936, -9455, 59, 59, 385
3936, -9455, 59, 59, 385
3936, -9455, 59, 59, 385
3935, -9455, 59, 59, 385
3935, -9454, 58, 58, 385
3936, -9454, 59, 59, 385
3936, -9454, 59, 59, 385
3936, -9455, 59, 59, 385
3936, -9455, 59, 59, 385
3935, -9455, 59, 59, 385
3935, -9455, 59, 59, 385
3935, -9455, 59, 59, 385
3935, -9455, 59, 59, 385
3936, -9455, 59, 59, 385
3936, -9455, 59, 59, 385
3935, -9455, 59, 59, 385
3935, -9455, 59, 59, 385
3935, -9454, 59, 59, 385
3936, -9455, 59, 59, 385
3936, -9455, 59, 59, 385
3935, -9455, 59, 59, 385
3935, -9455, 59, 59, 385
3935, -9454, 59, 59, 385
3935, -9454, 59, 59, 385
3936, -9455, 59, 59, 385
3936, -9455, 59, 59, 385
3935, -9455, 59, 59, 391
3936, -9454, 59, 59, 391
3936, -9454, 59, 59, 391
3936, -9455, 59, 59, 391
