15	-12	-3
19	-14	-10
8	-6	-3
9	-15	-7
8	-20	-13
10	-21	-8
16	-17	-13
12	-15	-1
4	-16	-13
11	-5	-18
8	-7	-2
10	-21	-17
8	-7	10
11	-19	-11
5	-14	30
10	-22	-7
15	-15	-16
15	2	0
16	-17	-6
24	-13	-10
5	0	-6
4	-20	-16
12	-15	-14
3	-9	-10
-7	-25	-9
13	-5	30
13	-20	-6
18	-23	-18
6	-16	-5
16	-7	-9
3	-9	-14
3	-19	-4
18	-7	1
24	-8	-7
11	-19	-14
7	-16	-18
8	-11	1
17	-7	-2
15	-9	-2
2	-21	-11
4	-21	-11
5	-19	-12
5	-22	-10
3	-24	19
5	-17	-5
2	-14	-1
12	-11	-7
4	9	1
0	-2	-9
5	-19	5
3	-10	7
-4	-14	-6
-8	-13	-6
8	-9	-9
18	-17	-3
20	-21	-1
0	-3	-5
4	-10	-4
-3	-15	-14
8	-19	-3
17	-8	-8
12	-6	-13
0	-11	-10
16	-6	-7
0	-17	-6
9	-17	-11
18	-16	28
1	-29	2
12	-14	-6
5	-10	-16
11	-16	-7
23	-15	-9
14	10	12
6	-8	52
2	-12	2
10	-11	-11
10	-14	14
5	-13	4
10	-21	-4
10	-21	-20
6	-17	-13
2	-19	-7
6	-16	0
8	-23	13
8	-10	-1
14	-11	-11
20	-8	-5
6	-11	1
8	-15	-5
12	-19	-17
7	-10	28
20	-20	-9
21	-17	2
-1	-7	2
3	-9	-14
11	-17	-12
9	-15	-6
9	-11	-6
6	7	20
2	-21	1
4	-18	-20
7	-24	-8
18	-11	-12
12	-18	3
4	2	22
9	-17	1
8	-12	-20
10	-8	44
-2	-3	-6
-1	-9	-5
9	-18	-12
1	-10	-9
4	-25	-15
5	-22	-16
6	-8	-10
4	4	33
2	-7	10
3	-3	5
8	-13	5
-2	-13	-2
12	-19	-8
-5	-13	-8
-1	-13	-16
1	-23	-18
-2	-12	-11
-2	-28	-11
-3	-15	-7
8	-11	-5
0	-15	-8
2	-29	4
2	-26	-4
-2	-25	-6
-7	-17	-1
-6	-21	-2
-2	-27	-21
2	-22	-9
-3	-15	-12
12	-15	-6
1	-26	-5
13	-10	-10
20	-29	-4
12	0	-9
17	-15	-6
2	-12	4
8	-36	0
7	-21	-6
-10	-24	-6
10	-10	-23
20	1	-4
-8	-15	1
-2	-14	-18
-10	-7	-13
-5	-13	2
10	-22	-16
1	-9	-20
4	-14	-12
-6	-17	-14
1	-17	-14
-6	-15	-18
-5	-16	3
6	-22	-13
0	-25	-20
3	-12	-10
-6	-26	-2
2	-5	-12
-4	-23	-12
-5	-19	5
-2	-16	-5
-8	-13	-12
-5	-6	-6
5	-18	-21
-2	-25	-10
-1	-14	-14
11	-21	-8
4	-14	-9
4	-19	-16
0	-17	-16
6	-9	-7
16	-22	3
1	-16	-8
2	-7	46
-11	-10	-3
11	-11	-9
9	-16	3
2	-18	-9
10	-14	-11
6	9	14
3	5	11
12	-14	-11
11	-10	-1
7	-19	-10
-4	-25	-6
6	-19	-15
2	-18	-10
4	-6	-8
3	-2	-4
3	-6	-9
6	0	-18
3	-20	-5
3	5	41
-3	-11	-6
3	-20	-16
12	-20	-8
2	-8	-17
5	-5	-3
-1	-11	-13
10	-10	-10
13	-12	55
4	-3	-18
5	-11	-4
83	-48	-33
159	-149	-92
107	-170	-96
135	-209	-121
96	-192	-115
105	-202	-109
86	-185	-85
111	-179	-113
93	-177	-103
84	-192	-100
83	-188	-107
77	-188	-101
73	-192	-109
78	-196	-109
82	-188	-113
66	-181	-100
79	-196	-96
75	-185	-93
69	-196	-93
67	-195	-103
70	-183	-105
56	-184	-89
68	-198	-103
71	-180	-104
67	-181	-86
72	-196	-91
59	-181	-90
64	-192	-110
57	-188	-107
44	-191	-102
66	-191	-97
59	-184	-105
68	-197	-95
68	-187	-101
64	-188	-105
52	-182	-93
59	-187	-114
53	-188	-96
56	-158	-102
53	-198	-101
60	-175	-90
59	-190	-99
41	-184	-95
45	-185	-93
58	-183	-96
54	-187	-115
55	-176	-96
63	-201	-97
50	-187	-97
49	-175	-92
41	-184	-88
58	-183	-100
61	-181	-108
50	-197	-115
64	-182	-105
50	-179	-97
49	-191	-106
58	-180	-108
59	-189	-107
58	-186	-107
45	-178	-92
45	-187	-90
53	-180	-95
44	-153	-80
62	-196	-89
49	-195	-99
49	-183	-113
45	-182	-102
41	-185	-91
48	-188	-91
42	-194	-98
54	-192	-99
45	-191	-88
44	-189	-96
41	-173	-96
49	-189	-87
59	-186	-98
30	-165	-85
58	-203	-112
50	-169	-87
36	-175	-48
51	-188	-91
67	-197	-110
45	-186	-97
33	-159	-79
54	-186	-95
41	-196	-96
33	-188	-92
32	-181	-88
37	-191	-100
52	-191	-97
50	-180	-110
51	-176	-100
22	-175	-85
-32	-116	-55
-87	-37	40
-97	0	13
-89	-13	2
-70	-13	1
-54	-18	-10
-46	-29	3
-54	-11	-1
-47	-19	0
-37	-10	-2
-44	-14	-2
-41	-9	1
-32	-14	1
-26	-14	-1
-36	7	-20
-16	-8	5
-25	-6	-16
-31	-6	-16
-30	1	-14
-17	-13	-11
-27	-11	-10
-31	6	-9
-38	-13	-8
-26	-29	-9
-26	-23	-22
-31	-14	-5
-21	-5	-9
-25	-3	1
-21	-18	50
-17	-19	-15
-22	-17	-5
-33	-12	2
-10	-16	8
-17	-4	8
-13	-10	-7
-12	-20	-2
-13	-14	-1
-7	-16	-1
-14	0	7
-13	-15	-2
-8	-5	-9
-2	-3	-11
-18	-5	3
-1	-18	-6
-9	-23	-4
-23	-5	-2
-14	-6	-7
-20	-1	0
3	-6	1
3	-8	-3
-10	-4	-13
-9	-10	-9
-12	3	7
-7	-22	-4
-14	-2	-3
-4	-11	-2
-1	-1	-9
2	-16	8
4	-9	-13
-8	-12	3
-7	3	2
-14	-19	3
-2	-1	-6
-12	-2	20
3	-11	7
-9	-12	-1
1	-13	11
-2	-9	-3
-6	-19	-12
-8	-21	-13
3	-16	-5
5	-27	-5
-4	13	-15
6	-13	12
11	-18	-2
8	-15	-17
-17	-22	-14
-4	-17	-11
-6	-18	-3
-7	-12	-2
-1	-13	1
-1	-11	0
2	-16	1
-5	-18	-6
6	-9	-10
-14	-16	-5
-10	-7	-3
-4	-12	-4
9	-8	-1
3	-15	0
4	-22	-11
1	-8	-3
-4	-9	2
2	5	-10
3	-18	7
7	-9	-4
6	-11	-3
-1	-5	-6
10	-18	18
-1	-5	0
-6	-12	-5
4	0	-10
5	-9	-11
190	-61	-43
373	-126	-108
352	-213	-116
253	-178	-101
353	-198	-98
295	-190	-106
299	-201	-105
289	-189	-115
280	-193	-119
263	-195	-114
255	-199	-114
270	-200	-110
286	-210	-114
270	-201	-104
269	-190	-104
247	-197	-111
257	-201	-108
244	-197	-111
270	-187	-114
261	-181	-106
268	-215	-116
218	-207	-100
218	-192	-115
223	-186	-108
247	-196	-116
221	-208	-101
243	-205	-110
219	-198	-87
233	-179	-105
227	-195	-111
236	-190	-108
226	-189	-115
227	-192	-110
231	-207	-108
220	-201	-101
229	-199	-119
220	-200	-109
213	-201	-119
227	-208	-112
217	-187	-111
217	-197	-110
221	-191	-108
227	-203	-104
215	-199	-118
227	-194	-105
226	-189	-106
233	-186	-103
222	-185	-116
211	-179	-102
224	-198	-112
223	-203	-110
222	-196	-107
218	-199	-107
207	-190	-113
208	-190	-118
214	-189	-108
212	-165	-104
206	-183	-113
216	-192	-110
200	-192	-109
212	-183	-111
202	-178	-114
221	-187	-118
214	-185	-107
201	-189	-113
213	-186	-103
213	-196	-104
215	-186	-104
210	-190	-118
207	-197	-103
202	-192	-102
195	-191	-118
210	-187	-101
188	-192	-114
237	-195	-119
124	-172	-100
226	-215	-104
207	-199	-119
165	-191	-81
182	-186	-109
204	-192	-105
220	-187	-99
204	-179	-101
205	-189	-117
208	-190	-103
176	-179	-100
205	-174	-108
213	-198	-111
174	-189	-100
188	-179	-114
197	-193	-109
170	-176	-106
-143	-23	-8
-152	-13	0
-136	-4	1
-103	-13	-3
-93	-18	-5
-98	-5	3
-82	-13	-9
-79	-8	-8
-77	8	13
-77	-12	-13
-63	-8	-4
-65	-4	-6
-65	-11	-1
-76	-6	-6
-62	-6	-12
-65	-12	-14
-52	-10	4
-46	-5	4
-49	-2	-2
-48	-1	-7
-37	-1	-10
-44	-9	-8
-48	2	2
-35	-14	-6
-43	-11	0
-37	-18	-3
-25	-11	-13
-27	-11	4
-29	-2	-15
-31	-7	-2
-31	-7	-7
-38	-10	-3
-31	-14	-9
-33	-10	-2
-32	-13	-12
-36	-7	-15
-26	7	8
-30	-12	4
-28	-7	0
-23	8	-4
-21	-18	6
-29	-8	-4
-24	-8	-8
-21	-3	2
-21	-14	-4
-19	-11	-9
-21	-8	-11
-18	-11	-1
-24	-5	-7
-41	-15	-1
-19	-15	-8
-28	-13	-3
-27	-7	-4
-20	-13	-5
-26	-16	-6
-23	-18	-8
-17	-12	-10
-18	-8	4
-15	9	-9
-31	-5	1
-18	-19	-6
-18	-4	-9
-15	-10	-10
-21	-2	-8
-17	-11	9
-26	-16	-8
-17	-6	-6
-15	-11	7
-20	-4	-11
-19	-6	-7
-27	-3	-18
-20	-10	-23
-23	-18	-11
-21	-7	-6
-13	-9	-2
-24	-9	-15
-19	-14	-4
-18	-6	-17
-26	-7	-10
-18	3	-8
-19	20	10
-20	-8	-13
-20	-4	-14
-25	-6	-1
-25	-14	-8
-15	-5	-19
-15	9	-11
-17	8	-6
-7	-5	8
-18	-7	-8
-10	-16	-5
-14	0	-6
-12	-18	-9
-15	-4	-6
-23	-10	-11
-20	-13	-17
-9	-13	-12
-22	-18	-12
393	-104	-63
455	-189	-93
577	-189	-128
507	-195	-120
531	-191	-96
555	-203	-108
530	-210	-114
512	-201	-115
475	-205	-105
488	-199	-117
466	-193	-112
493	-187	-105
493	-205	-114
476	-197	-114
472	-182	-106
463	-190	-113
476	-210	-120
471	-202	-106
483	-204	-120
413	-191	-120
492	-212	-120
430	-200	-119
453	-208	-115
446	-193	-121
446	-208	-125
433	-194	-112
434	-209	-127
417	-199	-100
425	-193	-108
433	-201	-124
426	-189	-120
429	-202	-111
426	-200	-112
427	-198	-122
419	-196	-109
434	-208	-128
414	-194	-95
426	-196	-96
426	-193	-108
418	-193	-75
423	-201	-104
418	-175	-100
404	-192	-97
422	-191	-115
423	-190	-96
412	-201	-115
431	-190	-124
420	-192	-106
407	-193	-94
409	-195	-110
416	-198	-106
433	-195	-106
407	-198	-105
418	-201	-109
413	-207	-106
404	-195	-103
396	-196	-107
403	-188	-120
409	-191	-107
404	-193	-108
421	-186	-114
408	-192	-109
419	-195	-113
417	-199	-109
408	-196	-103
414	-208	-108
404	-200	-113
407	-197	-109
402	-199	-110
406	-200	-114
402	-197	-103
413	-197	-113
409	-189	-101
355	-186	-96
462	-198	-131
354	-176	-114
370	-185	-108
397	-196	-114
375	-183	-84
382	-170	-117
444	-207	-119
421	-199	-112
389	-197	-114
381	-185	-102
391	-204	-107
388	-195	-116
367	-184	-109
359	-189	-105
370	-198	-105
366	-200	-118
-77	-64	-25
-256	-12	4
-226	0	-2
-194	1	-3
-159	-2	-1
-154	-2	-3
-145	3	-2
-125	12	-1
-134	-5	-19
-121	-2	-8
-111	11	-8
-116	7	-1
-99	7	-4
-96	-9	-19
-97	7	-15
-97	4	6
-88	8	4
-82	16	12
-84	-8	-17
-83	-7	-6
-70	-1	-4
-63	-7	3
-64	4	-1
-63	3	8
-55	12	21
-61	-5	-3
-61	7	-1
-60	-4	-6
-74	2	-5
-65	-9	-5
-61	5	-7
-47	-8	-7
-61	2	-1
-58	-10	4
-53	3	-2
-47	-4	1
-57	2	-13
-61	-3	5
-54	-5	1
-45	-12	5
-55	-8	-10
-48	-6	2
-45	-6	-12
-50	-4	11
-50	-6	3
-49	-5	2
-49	-2	-3
-53	-10	1
-49	-9	-5
-47	-3	-19
-49	-5	-23
-41	-7	-1
-41	-9	-20
-40	-12	-18
-41	7	-13
-44	-1	-12
-31	-10	-17
-43	-6	-10
-49	0	-12
-49	23	6
-45	-3	4
-33	-11	1
-44	0	56
-52	-6	2
-37	3	0
-37	-9	0
-40	4	0
-42	-12	-8
-25	-1	-3
-48	-6	3
-48	-12	-9
-26	-15	-16
-36	-13	10
-24	-13	2
-32	-5	-7
-37	-9	2
-33	23	-14
-30	-3	-3
-40	-6	1
-29	-2	-7
-44	-8	-4
-39	-7	4
-31	-12	-9
-26	-7	-6
-29	-19	49
-29	-10	-10
-28	-10	-9
-29	-8	-8
-29	-14	-12
-36	-8	-2
-35	-7	-4
-32	-14	-16
-30	-9	-3
-28	-14	-21
-19	-13	-7
-31	-10	-3
-14	-6	-13
-34	-5	-15
-19	-7	-2
104	-25	-10
692	-142	-146
992	-223	-134
735	-233	-136
759	-212	-130
832	-213	-119
783	-200	-114
771	-209	-96
858	-214	-121
810	-204	-106
756	-202	-105
763	-202	-111
748	-211	-108
741	-204	-115
737	-203	-115
764	-206	-121
711	-217	-119
728	-200	-121
714	-204	-121
668	-185	-112
718	-202	-105
693	-190	-111
679	-175	-108
691	-198	-118
693	-195	-113
712	-207	-108
689	-200	-120
674	-212	-108
695	-189	-106
659	-188	-114
677	-201	-113
669	-209	-103
677	-200	-110
688	-199	-117
677	-198	-121
675	-191	-112
667	-203	-113
654	-203	-104
671	-188	-94
661	-185	-107
668	-193	-119
658	-190	-105
647	-188	-115
657	-199	-106
650	-194	-113
659	-192	-114
660	-202	-123
674	-199	-119
658	-187	-105
656	-208	-111
666	-202	-111
632	-191	-113
649	-194	-116
655	-174	-106
648	-197	-119
647	-200	-112
643	-188	-107
641	-192	-115
647	-197	-117
651	-196	-123
642	-188	-107
638	-198	-113
639	-192	-114
635	-178	-108
646	-208	-123
635	-197	-122
643	-206	-119
650	-193	-113
650	-201	-122
646	-197	-118
633	-191	-108
626	-196	-121
642	-203	-120
526	-190	-110
555	-182	-112
581	-193	-108
571	-190	-101
614	-193	-116
603	-190	-114
606	-193	-140
558	-182	-110
635	-206	-114
671	-211	-119
648	-195	-133
556	-181	-104
588	-187	-110
631	-192	-127
583	-195	-109
574	-192	-101
609	-204	-126
408	-161	-83
-164	-51	-20
-321	-4	2
-292	23	-6
-250	-7	2
-215	10	7
-208	0	2
-192	-5	-2
-190	-1	13
-179	8	2
-183	6	-12
-170	5	2
-148	3	2
-145	1	-2
-138	-3	-12
-128	-9	-22
-127	15	-17
-128	6	-11
-126	11	1
-103	0	15
-112	3	-19
-116	7	-9
-93	8	-9
-90	3	-5
-93	10	-15
-111	5	13
-98	-3	-10
-108	-6	-4
-92	1	2
-98	7	-21
-85	7	-23
-86	24	-11
-92	16	-16
-92	-12	-13
-102	0	-13
-84	4	-3
-84	2	-13
-73	-2	-8
-83	-21	-10
-85	-8	-14
-67	-8	4
-87	-7	-10
-77	-19	-7
-71	-7	-11
-68	-5	-14
-67	-4	-5
-69	5	10
-57	2	-12
-54	1	-3
-54	2	-13
-64	-9	-13
-66	-10	-4
-65	-6	-6
-65	-1	-8
-65	-5	13
-69	-4	-6
-61	-3	2
-60	-15	19
-67	-6	-3
-64	1	-10
-52	6	-9
-55	3	-10
-49	7	-3
-42	-10	-14
-60	-2	-12
-56	-1	-9
-60	4	-11
-53	-1	-12
-48	-12	-7
-39	-7	-2
-48	-2	5
-46	-5	-7
-45	-16	-8
-48	-13	8
-45	-2	5
-47	1	-13
-41	-5	1
-47	-8	-5
-35	-13	-14
-45	-10	0
-47	-7	-9
-47	-1	-14
-49	7	15
-38	4	1
-46	-4	-6
-46	-8	-7
-38	15	27
-40	-15	-13
-50	-22	-18
-40	-7	-8
-34	-15	-11
-39	1	-6
-39	1	-2
-44	-19	-16
-41	-8	-8
232	-49	-38
1479	-240	-151
1205	-170	-115
1333	-225	-157
1237	-212	-135
1103	-181	-126
1086	-188	-137
1041	-199	-119
1027	-198	-123
1035	-189	-117
1062	-186	-130
1060	-203	-130
1024	-198	-119
1054	-199	-133
1027	-211	-128
987	-185	-128
980	-196	-129
925	-180	-120
967	-199	-123
1006	-194	-119
966	-191	-125
945	-181	-121
945	-189	-125
961	-193	-135
968	-196	-124
958	-192	-117
962	-184	-122
955	-192	-137
939	-185	-124
935	-183	-131
944	-190	-122
934	-178	-131
930	-186	-99
934	-185	-117
928	-160	-115
936	-175	-109
909	-184	-127
918	-182	-131
928	-169	-130
929	-185	-123
905	-174	-116
956	-185	-130
903	-181	-128
943	-185	-117
954	-179	-128
899	-152	-118
911	-172	-126
913	-190	-122
911	-176	-126
911	-182	-116
903	-177	-130
909	-180	-134
917	-180	-113
908	-175	-133
879	-186	-124
900	-197	-117
902	-180	-119
889	-169	-126
893	-166	-121
881	-177	-131
897	-175	-115
881	-182	-110
903	-167	-111
888	-170	-124
895	-185	-120
878	-172	-116
901	-179	-108
991	-188	-119
767	-140	-107
792	-166	-122
912	-174	-110
892	-179	-113
835	-144	-117
848	-186	-118
825	-169	-113
881	-179	-128
867	-156	-116
804	-163	-99
854	-164	-133
934	-187	-123
834	-171	-115
877	-181	-126
781	-177	-112
-378	17	7
-311	19	1
-293	30	-5
-263	9	-6
-255	8	-2
-229	13	-11
-230	21	-4
-201	16	-13
-200	9	-10
-205	10	-9
-199	10	-10
-179	16	-7
-169	2	-10
-164	4	-9
-146	9	-16
-161	4	-4
-151	7	-5
-158	5	-16
-143	28	-17
-145	15	-10
-125	20	-3
-121	15	-6
-131	13	-10
-129	7	-1
-124	11	-7
-128	24	15
-127	37	-9
-130	43	-13
-104	4	-15
-118	11	-3
-122	-1	-15
-110	3	-4
-92	4	-7
-106	13	-16
-115	11	-1
-115	7	-4
-103	8	-21
-110	0	-14
-111	-2	-3
-114	-1	-16
-109	11	-8
-105	4	-19
-101	12	-15
-96	2	-8
-95	8	-12
-100	-4	-21
-99	0	-1
-104	-4	-13
-96	14	-5
-95	12	-13
-85	-1	0
-74	5	-14
-78	-3	-12
-68	11	-16
-69	-14	-11
-76	14	-13
-75	0	-7
-72	10	-6
-68	12	-15
-76	-4	-7
-69	-3	-12
-83	-7	-14
-73	-11	-16
-69	-7	-11
-71	-1	-11
-77	-8	-10
-72	-2	-9
-67	-9	-12
-77	2	-16
-72	-1	4
-72	1	-13
-72	-5	-10
-63	-9	-18
-79	-2	-1
-65	-1	-10
-69	3	3
-63	-6	-22
-76	11	-19
-61	13	-18
-62	-10	-18
-58	7	-20
-63	-10	-20
-69	-11	-14
-74	-3	-13
-55	-9	-7
-61	2	-21
-54	4	-19
-51	-5	-2
-60	-10	-15
-57	0	2
-57	-6	-5
-67	-3	-14
-62	-9	-16
-54	18	-11
-64	-7	-11
-64	1	-6
-52	-12	-26
-52	11	-5
-61	-9	-19
-65	8	-20
-66	-7	-20
-13	-8	-22
1334	-151	-139
1886	-216	-158
1482	-184	-144
1490	-193	-128
1546	-178	-118
1410	-185	-131
1385	-160	-107
1357	-168	-121
1368	-169	-140
1284	-150	-92
1319	-176	-130
1290	-167	-138
1284	-164	-129
1280	-143	-126
1339	-163	-139
1267	-145	-100
1242	-138	-120
1210	-155	-129
1275	-179	-130
1227	-167	-132
1285	-164	-124
1168	-160	-123
1154	-155	-124
1169	-152	-120
1273	-171	-138
1265	-166	-129
1193	-156	-140
1159	-158	-128
1185	-147	-123
1227	-154	-138
1195	-151	-120
1185	-147	-128
1201	-157	-128
1201	-149	-122
1194	-158	-132
1190	-153	-128
1194	-155	-117
1175	-156	-122
1182	-139	-119
1189	-154	-126
1192	-153	-123
1185	-150	-126
1184	-145	-126
1184	-149	-131
1172	-150	-136
1186	-151	-136
1168	-149	-124
1172	-136	-130
1163	-150	-128
1162	-151	-137
1201	-157	-139
1168	-157	-125
1171	-142	-124
1154	-153	-121
1175	-148	-128
1182	-135	-117
1169	-153	-138
1166	-145	-137
1163	-145	-134
1153	-140	-135
1159	-151	-132
1162	-132	-122
1163	-150	-141
1147	-138	-125
1151	-136	-135
1157	-147	-129
1145	-135	-133
1136	-145	-135
1161	-131	-134
1147	-135	-139
1148	-138	-136
1152	-147	-126
1140	-145	-136
1108	-126	-123
1197	-140	-149
1028	-131	-126
1047	-158	-126
1156	-136	-136
1176	-143	-133
1171	-152	-131
1032	-129	-122
1164	-164	-118
1129	-136	-133
1122	-134	-137
1076	-128	-142
1176	-130	-122
1067	-131	-138
1035	-117	-118
1130	-146	-129
-363	25	-4
-419	43	-17
-319	43	-16
-307	34	-8
-283	26	-16
-255	29	-24
-263	36	-13
-239	25	-5
-224	33	4
-229	44	-16
-216	26	-11
-211	15	-6
-196	27	-8
-192	27	1
-191	20	-7
-184	16	49
-187	25	-2
-178	35	-22
-176	26	-17
-165	21	-7
-165	17	-1
-168	26	-20
-153	31	-9
-157	24	-11
-157	18	-13
-142	14	-11
-161	24	-13
-140	25	-5
-143	14	-13
-137	8	-5
-130	19	-17
-121	17	-10
-128	27	-2
-131	9	-12
-128	13	-15
-137	20	-3
-115	28	-3
-111	24	-4
-118	14	-12
-118	17	-17
-120	19	-20
-117	10	-4
-116	8	-22
-111	24	-12
-117	4	-3
-108	-2	-11
-105	8	-17
-110	13	-13
-94	11	-2
-118	18	-5
-110	27	-9
-102	20	-16
-105	10	-21
-95	8	-31
-82	12	-9
-95	3	-19
-101	4	-12
-100	2	-10
-88	-10	3
-99	9	-19
-78	25	-6
-88	4	-23
-98	17	-13
-104	-4	-19
-96	5	-13
-88	-1	-5
-89	2	-11
-92	11	11
-86	12	-14
-92	-2	-6
-98	8	-3
-91	22	-30
-87	0	-8
-84	4	-13
-88	12	-6
-82	0	-14
-92	-1	-12
-82	0	-1
-82	-2	-22
-86	0	-16
-85	-2	-22
-84	5	-13
-77	1	-11
-85	-1	-15
-80	-4	-17
-80	4	-13
-73	-3	-8
-84	-1	-5
-81	1	-12
-77	2	-2
-86	0	-20
-74	14	-8
-74	-13	-14
-78	-4	-15
-89	-30	-22
-67	-6	-24
-75	-16	-10
-64	7	-24
-61	-6	-3
50	-102	-119
1847	-159	-154
1928	-159	-158
1670	-132	-153
1646	-122	-145
1557	-122	-148
1520	-107	-136
1505	-129	-141
1517	-104	-138
1546	-100	-142
1514	-100	-130
1512	-114	-141
1519	-101	-140
1465	-77	-137
1472	-95	-135
1529	-98	-152
1499	-107	-135
1449	-94	-141
1451	-109	-134
1432	-95	-123
1454	-99	-152
1446	-100	-139
1442	-95	-147
1457	-98	-134
1443	-93	-152
1415	-85	-144
1442	-86	-155
1437	-90	-155
1428	-98	-145
1427	-86	-135
1435	-87	-148
1425	-96	-153
1421	-75	-153
1407	-79	-144
1410	-86	-137
1409	-83	-141
1411	-85	-154
1398	-82	-148
1402	-93	-138
1406	-89	-147
1398	-82	-147
1417	-91	-139
1466	-99	-146
1404	-89	-142
1395	-87	-155
1432	-87	-127
1418	-86	-144
1400	-84	-138
1428	-70	-141
1431	-79	-155
1401	-93	-134
1389	-78	-149
1395	-75	-112
1405	-82	-144
1394	-84	-136
1401	-82	-141
1392	-72	-141
1411	-75	-139
1405	-76	-142
1395	-67	-134
1389	-75	-136
1405	-78	-148
1392	-84	-151
1376	-76	-141
1382	-74	-115
1381	-51	-136
1384	-80	-136
1378	-74	-144
1380	-71	-136
1394	-85	-93
1385	-67	-145
1529	-83	-160
1239	-56	-122
1315	-72	-127
1421	-75	-130
1358	-66	-149
1282	-68	-132
1361	-72	-146
1306	-65	-135
1309	-62	-133
1360	-64	-130
1335	-73	-145
1329	-68	-135
1277	-68	-132
1374	-73	-149
1353	-81	-134
1281	-74	-135
-436	84	-2
-433	74	-4
-369	60	-17
-331	51	-18
-325	60	-18
-306	46	-10
-283	54	-12
-278	44	-16
-246	38	-13
-244	43	-18
-231	53	-19
-235	37	-17
-222	40	-12
-218	31	-12
-206	30	-20
-213	37	-16
-211	38	-17
-196	26	-25
-188	21	-13
-186	38	-5
-192	35	-14
-171	27	-11
-174	36	-18
-193	27	-15
-183	30	-16
-164	24	-16
-167	24	-16
-161	31	-26
-154	18	-8
-164	31	-11
-158	17	20
-151	24	-5
-143	21	-10
-159	38	-7
-134	47	-15
-140	11	-26
-136	13	-14
-149	26	-19
-138	17	-10
-150	43	9
-109	11	-14
-130	29	-5
-130	19	-19
-139	21	-14
-116	18	-15
-119	34	-20
-122	19	-16
-127	21	-3
-131	11	11
-128	25	-17
-131	8	-4
-114	7	-9
-111	12	-5
-116	8	-24
-114	30	-22
-113	9	-19
-103	11	-19
-116	36	-1
-107	9	-16
-97	20	-10
-109	16	-19
-97	12	-30
-110	17	-24
-118	6	1
-106	10	-14
-109	13	-30
-112	7	-5
-88	25	9
-109	17	-27
-104	10	-14
-98	14	-9
-110	8	-9
-97	10	-18
-101	14	-10
-98	13	-3
-97	9	-17
-107	14	-15
-95	10	-25
-106	11	-12
-98	15	-17
-93	6	-17
-105	20	-29
-92	14	-28
-93	4	-28
-89	0	-22
-92	16	-25
-91	0	-1
-90	-10	16
-94	14	-17
-86	12	-30
-89	13	-9
-82	8	-6
-82	28	-28
-88	6	-13
-106	3	-25
-78	11	-1
-84	6	-22
-66	1	-20
1350	-55	-122
1591	-41	-136
2083	-23	-144
1896	-47	-171
1711	-23	-154
1802	-35	-164
1791	-38	-150
1688	-4	-125
1685	-33	-149
1744	-22	-159
1772	-6	-162
1722	-11	-161
1672	4	-152
1672	-11	-153
1678	-24	-147
1637	-16	-146
1683	-9	-149
1676	-17	-155
1552	5	-146
1738	-3	-99
1566	5	-150
1582	9	-147
1620	9	-146
1584	13	-146
1573	3	-147
1564	14	-153
1612	-4	-145
1617	0	-145
1579	8	-86
1570	32	-156
1595	12	-156
1577	15	-137
1576	2	-157
1580	14	-86
1596	11	-131
1573	11	-138
1569	8	-147
1580	10	-149
1565	9	-160
1562	23	-160
1554	13	-145
1578	30	-154
1557	18	-166
1554	11	-150
1567	18	-130
1624	15	-145
1583	21	-139
1524	20	-89
1535	23	-142
1582	9	-114
1540	11	-151
1555	18	-142
1551	31	-95
1559	20	-158
1558	23	-146
1556	15	-142
1550	19	-133
1537	41	-140
1555	38	-131
1554	33	-148
1549	33	-141
1534	25	-137
1548	18	-136
1540	29	-151
1558	22	-156
1524	21	-140
1523	25	-150
1539	29	-138
1531	26	-150
1524	26	-138
1536	23	-144
1525	25	-151
1351	21	-130
1384	61	-145
1383	38	-136
1551	26	-149
1406	36	-94
1611	23	-158
1518	35	-145
1530	26	-153
1463	30	-141
1452	27	-139
1511	34	-159
1581	17	-158
1494	28	-145
1489	33	-150
1174	121	-36
-428	106	-7
-362	103	-13
-332	84	-10
-321	72	-26
-281	71	-18
-270	67	-23
-266	61	-18
-243	62	-17
-253	59	-17
-258	64	-19
-233	61	-12
-235	50	-13
-221	50	-20
-210	50	-6
-203	50	-8
-198	47	-24
-195	43	-12
-201	41	-14
-187	45	-8
-188	37	-16
-188	33	-12
-184	33	-13
-181	45	-15
-176	45	-23
-171	50	-1
-168	30	2
-167	28	-22
-160	37	-14
-160	46	-13
-154	38	-4
-151	31	-7
-156	39	-21
-147	28	36
-145	30	-14
-133	35	-8
-148	35	-21
-131	30	-17
-151	29	7
-147	30	-6
-143	27	-14
-137	43	-25
-137	31	-8
-133	25	-3
-138	29	-10
-123	24	-18
-134	26	-17
-131	15	-6
-125	22	-9
-118	15	-7
-122	18	-3
-119	22	-17
-112	20	-21
-124	17	-8
-115	30	-17
-124	22	-11
-118	20	-8
-105	31	-14
-112	42	-14
-113	17	-18
-110	16	-3
-101	14	-20
-107	25	-12
-104	20	-12
-129	19	-16
-113	32	-15
-112	37	-17
-97	21	-8
-104	13	-10
-111	32	19
-108	24	-14
-99	16	-17
-100	20	-15
-97	21	-18
-86	24	-17
-110	13	-13
-102	3	-8
-93	20	34
-107	6	-4
-97	9	-22
-115	24	-13
-100	9	28
-104	5	-13
-105	14	7
-99	7	-10
-100	3	4
-98	17	-8
-94	-8	-9
-106	6	-13
-105	18	25
-99	8	-1
1652	21	-191
1635	74	-127
1899	88	-162
1705	86	-147
2019	99	-188
1835	117	-152
1814	101	-153
1808	109	-156
1800	111	-155
1726	113	-151
1789	116	-161
1860	115	-176
1733	135	-151
1788	136	-155
1798	139	-156
1771	158	-163
1767	126	-156
1642	141	-148
1808	131	-154
1629	137	-142
1632	142	-141
1746	139	-145
1728	146	-153
1745	132	-155
1719	132	-159
1661	137	-156
1677	137	-151
1681	142	-144
1671	157	-150
1665	135	-146
1663	148	-152
1672	148	-139
1653	157	-149
1653	167	-96
1654	155	-149
1659	145	-91
1647	158	-145
1668	146	-149
1664	158	-144
1647	160	-161
1657	149	-160
1642	160	-163
1643	148	-154
1708	157	-143
1692	158	-144
1631	169	-152
1645	164	-148
1663	162	-154
1661	164	-158
1655	156	-161
1647	162	-152
1642	152	-156
1652	162	-158
1646	171	-154
1641	163	-152
1645	161	-154
1641	168	-154
1627	161	-158
1642	173	-152
1654	173	-150
1650	160	-160
1598	158	-157
1642	184	-155
1630	163	-152
1633	165	-162
1612	163	-144
1644	172	-147
1546	179	-154
1440	186	-148
1769	169	-160
1628	170	-145
1542	180	-126
1725	172	-138
1739	165	-170
1576	160	-144
1393	170	-111
1629	172	-151
1502	183	-157
1618	170	-156
1677	185	-161
1535	177	-163
1543	176	-146
1556	176	-154
-265	182	3
-375	121	-11
-350	99	-12
-309	95	-20
-292	79	-15
-277	71	-24
-265	86	-29
-263	82	-23
-252	71	-12
-241	69	-20
-245	67	-5
-230	59	-18
-215	48	-23
-222	68	-19
-207	46	-6
-204	44	-9
-198	43	-18
-191	57	-18
-191	40	-21
-197	56	-17
-192	58	-8
-181	45	-14
-186	35	-18
-174	39	-21
-173	49	31
-170	47	-16
-164	43	-12
-172	36	-18
-161	42	-9
-164	36	-13
-157	38	-25
-173	45	-9
-147	57	-26
-159	38	-12
-162	47	-10
-160	37	4
-147	42	-25
-154	42	-14
-157	30	-22
-140	36	-21
-141	50	-8
-133	42	-20
-143	27	-27
-137	36	-8
-138	30	-8
-134	20	-12
-137	21	-17
-131	27	-15
-131	44	-8
-137	26	-12
-127	53	-13
-138	31	-33
-135	27	-24
-128	13	-15
-128	22	-25
-131	28	-8
-128	25	-2
-114	24	-16
-116	27	-12
-117	36	-3
-111	23	0
-122	21	-10
-111	10	-36
-108	15	-14
-121	24	-22
-116	17	-20
-105	26	-17
-120	41	7
-104	14	-21
-115	10	-40
-109	18	-26
-115	24	-24
-108	10	-25
-109	22	-21
-114	25	-17
-113	14	-22
-107	9	-28
-114	24	-26
-109	28	-30
-91	15	-31
-104	4	-13
-113	19	-18
-105	25	-10
-111	21	-16
-106	14	-14
-95	7	-13
-107	12	-14
-99	15	-22
-95	18	-22
-99	19	-18
-91	10	-13
-90	27	-3
-95	23	-8
-102	3	-13
-81	7	-12
-89	15	-16
-88	17	-10
-94	16	-20
-94	9	-8
1044	125	-118
2238	258	-196
2081	250	-194
1689	262	-168
1813	265	-161
1722	273	-171
1776	283	-169
1797	285	-160
1793	298	-156
1817	304	-168
1761	302	-170
1845	294	-170
1735	303	-173
1704	326	-174
1769	319	-120
1736	341	-164
1724	317	-160
1757	307	-122
1735	322	-170
1727	329	-172
1778	327	-158
1645	308	-165
1708	319	-162
1750	322	-157
1741	329	-161
1681	331	-152
1702	324	-153
1694	320	-165
1681	321	-166
1707	331	-139
1667	341	-167
1698	328	-166
1691	344	-128
1682	320	-152
1681	330	-164
1684	332	-169
1669	338	-149
1675	318	-169
1678	334	-164
1670	327	-140
1665	329	-154
1670	313	-159
1660	339	-163
1673	326	-128
1667	351	-167
1705	335	-171
1680	331	-173
1674	336	-173
1678	335	-161
1685	336	-151
1677	330	-154
1653	339	-145
1693	353	-166
1688	349	-155
1660	320	-150
1665	329	-158
1654	335	-158
1652	343	-155
1630	363	-167
1648	342	-160
1646	345	-163
1686	358	-169
1687	341	-161
1656	368	-158
1632	342	-151
1678	356	-167
1693	366	-164
1636	352	-156
1627	334	-155
1640	345	-161
1679	350	-165
1680	362	-166
1669	355	-161
1663	353	-123
1623	338	-146
1542	305	-149
1754	367	-146
1549	336	-164
1701	364	-165
1616	343	-152
1552	340	-154
1591	354	-154
1686	346	-172
1637	343	-163
1584	313	-161
1563	318	-156
1581	338	-148
1572	345	-160
1504	357	-148
1675	362	-157
1632	350	-136
1657	352	-161
1719	347	-180
323	264	-12
-305	186	-16
-279	96	-11
-278	95	-5
-240	75	-9
-243	84	-13
-219	81	-17
-226	72	-7
-212	65	54
-209	55	32
-207	63	-17
-191	60	-13
-190	52	-9
-187	67	-5
-185	47	-15
-185	58	-11
-179	43	13
-170	64	-13
-178	43	1
-168	44	-22
-168	50	-13
-162	39	-10
-150	45	-17
-167	46	-14
-152	57	2
-162	43	-4
-160	43	-17
-167	31	-14
-150	31	-2
-145	38	-17
-144	37	-11
-136	38	-7
-140	42	20
-142	35	-18
-139	39	-16
-136	42	-12
-136	43	-9
-139	42	-18
-137	24	-17
-135	41	-12
-122	29	-25
-142	37	-4
-126	29	-11
-143	36	-12
-132	37	-12
-137	32	-20
-124	33	-22
-127	31	-13
-127	39	-6
-120	26	-16
-124	18	-12
-122	25	-15
-118	31	-13
-127	41	-29
-126	32	-17
-112	22	-19
-110	33	-3
-119	29	-10
-116	48	16
-131	40	-11
-122	23	-8
-124	36	-19
-115	47	-6
-125	29	-6
-115	33	-2
-132	18	-20
-111	29	-11
-112	14	-9
-118	35	-15
-122	27	-10
-115	24	-18
-112	50	-3
-109	33	-24
-115	21	-24
-115	20	-18
-116	30	-15
-116	34	32
-117	22	-17
-107	23	-14
-107	15	6
-100	25	-28
-102	26	-10
-102	21	-15
-108	21	-13
-99	26	-18
-103	18	-23
-115	22	-21
-99	13	-21
-106	5	-22
-83	17	-23
-97	16	-21
-91	16	-1
-104	21	-22
-106	20	-9
-84	13	-14
-114	25	-16
-108	12	-14
-111	17	-33
-109	13	-21
-100	18	-14
-96	26	-18
157	120	-47
1229	337	-151
1762	479	-179
1471	459	-188
1504	455	-165
1820	522	-173
1648	512	-157
1662	513	-165
1695	524	-168
1667	517	-176
1643	521	-157
1633	504	-158
1755	544	-174
1694	528	-169
1635	550	-166
1641	557	-163
1604	548	-174
1646	527	-171
1631	534	-172
1515	509	-150
1561	535	-164
1666	531	-169
1566	520	-161
1613	530	-161
1632	544	-153
1556	542	-166
1582	530	-166
1619	542	-166
1634	549	-189
1584	543	-157
1580	538	-159
1573	537	-172
1561	542	-161
1587	541	-171
1589	553	-129
1584	558	-145
1585	549	-163
1574	543	-167
1576	550	-169
1584	553	-160
1563	543	-174
1575	545	-152
1579	546	-170
1571	551	-157
1591	539	-171
1572	546	-160
1578	549	-154
1646	560	-179
1608	567	-167
1614	562	-159
1559	540	-161
1599	555	-163
1587	544	-161
1575	543	-158
1579	559	-150
1585	560	-165
1576	552	-162
1559	546	-141
1581	560	-152
1584	547	-163
1575	552	-151
1565	550	-158
1567	548	-151
1578	549	-156
1569	565	-151
1585	561	-133
1572	561	-154
1564	559	-155
1575	574	-163
1568	562	-156
1575	556	-161
1570	555	-121
1576	557	-155
1563	566	-150
1406	531	-152
1383	520	-145
1672	591	-160
1559	535	-154
1529	559	-161
1511	526	-150
1566	547	-169
1415	546	-146
1613	567	-161
1595	574	-168
1503	552	-165
1478	560	-156
1534	569	-156
1508	552	-159
1536	531	-159
1540	550	-159
1502	530	-155
1590	472	-115
161	277	-31
-231	106	2
-233	92	0
-206	78	-1
-209	84	45
-190	78	-2
-186	65	-4
-179	90	-5
-178	67	-10
-177	58	-7
-172	77	1
-162	54	1
-172	60	-17
-165	55	-2
-157	46	-24
-157	40	-13
-178	41	-13
-165	50	-5
-147	47	-1
-158	47	-4
-147	49	-5
-157	50	-2
-145	55	7
-139	32	1
-150	38	-12
-146	40	-7
-137	45	-6
-130	48	-10
-140	38	-11
-139	45	0
-132	34	-6
-135	35	-2
-128	37	-4
-127	37	24
-128	44	-3
-120	25	7
-134	27	-10
-125	39	-8
-122	61	5
-120	36	1
-136	26	-8
-118	27	-9
-122	27	-19
-136	35	-1
-128	36	27
-126	30	-11
-111	29	-3
-107	28	-18
-117	18	-8
-111	25	-13
-111	26	-8
-121	23	-18
-108	18	5
-104	22	-7
-96	17	-2
-103	42	3
-100	22	-11
-112	21	-5
-99	19	-18
-105	19	7
-126	23	-4
-93	21	-19
-107	29	-16
-107	20	-6
-102	18	16
-105	12	-3
-104	23	-11
-111	9	-1
-112	32	-14
-104	20	-20
-90	16	-15
-107	25	-3
-99	15	-29
-103	6	-6
-99	30	7
-89	23	-12
-96	19	-14
-98	33	-15
-92	26	-5
-99	7	-14
-95	13	-10
-98	17	-6
-95	28	12
-96	23	40
-89	17	-18
-101	13	-8
-109	19	-12
-87	15	-3
-84	24	-13
-89	32	-12
-80	25	-14
-86	21	-7
-91	11	-18
-81	25	-5
-84	22	-21
-89	10	-6
-85	7	-12
-93	17	-27
-76	2	-16
-95	35	-17
255	219	-60
1808	844	-210
1435	723	-101
1350	691	-164
1485	771	-173
1487	798	-170
1442	765	-133
1462	766	-166
1508	772	-165
1448	790	-165
1492	772	-168
1487	758	-169
1540	760	-162
1548	821	-191
1506	795	-174
1464	795	-161
1406	792	-145
1456	786	-171
1467	792	-175
1364	757	-169
1398	802	-178
1422	748	-166
1477	808	-124
1376	769	-171
1401	771	-170
1483	798	-168
1456	791	-171
1427	786	-170
1408	781	-174
1410	770	-156
1438	810	-164
1447	796	-171
1426	785	-168
1436	782	-175
1431	792	-156
1431	807	-175
1432	788	-170
1418	792	-159
1424	791	-168
1433	783	-166
1411	783	-156
1416	807	-137
1429	793	-160
1424	802	-156
1420	794	-171
1418	790	-161
1404	797	-157
1393	775	-168
1450	805	-163
1418	790	-154
1429	792	-159
1433	792	-165
1426	794	-166
1417	780	-154
1430	793	-147
1419	779	-154
1422	795	-174
1417	785	-168
1427	825	-171
1427	798	-165
1418	793	-160
1411	804	-161
1422	804	-166
1411	804	-168
1411	796	-168
1420	806	-165
1418	802	-169
1400	792	-166
1405	790	-165
1407	804	-172
1261	736	-145
1297	750	-155
1431	816	-164
1484	830	-184
1354	770	-153
1289	755	-142
1397	774	-160
1438	779	-166
1424	774	-152
1350	788	-149
1438	794	-170
1462	803	-177
1394	799	-165
1445	777	-161
996	598	-80
106	268	-3
-156	59	-2
-140	56	-6
-140	46	-1
-131	47	-6
-122	28	1
-135	43	-7
-138	39	2
-143	45	1
-135	33	-2
-134	25	-4
-128	31	-7
-127	34	-12
-139	38	3
-116	35	-11
-107	27	-7
-122	30	-5
-126	25	-13
-114	33	-1
-122	45	3
-120	31	-7
-109	22	-7
-107	19	-14
-119	25	-2
-112	39	-6
-106	34	-5
-111	20	-9
-103	26	-2
-110	33	-10
-108	24	-10
-108	26	2
-105	49	-13
-113	21	1
-111	26	12
-102	24	-6
-100	20	-5
-107	21	-5
-108	21	-14
-107	12	2
-91	7	-14
-103	23	-3
-98	14	-7
-112	8	-8
-104	0	-12
-97	7	-3
-86	24	11
-86	6	2
-96	8	28
-99	12	14
-97	19	-9
-93	7	0
-97	20	-11
-87	11	-9
-90	10	-4
-102	0	-10
-76	17	-6
-95	12	-7
-104	17	-6
-89	16	-1
-97	18	-18
-105	16	-6
-88	9	-7
-103	4	-10
-90	34	17
-93	17	-21
-85	3	-12
-88	24	-17
-90	0	-11
-86	16	-27
-82	8	-23
-85	13	-11
-80	10	-10
-99	-8	-14
-79	9	-16
-98	14	-10
-74	8	-20
-95	5	-11
-91	12	-13
-80	10	-23
-83	20	-7
-84	14	-16
-93	17	-7
-86	21	-10
-73	8	-13
-85	-1	-13
-88	9	-12
-75	17	-11
-77	17	-9
-84	8	-18
-68	19	-3
-83	1	-12
-69	61	-33
534	935	-175
1543	1219	-229
1267	1046	-174
1367	1112	-178
1220	1022	-162
1289	1073	-168
1271	1069	-178
1256	1042	-168
1219	1004	-167
1218	1041	-163
1186	1019	-153
1232	1065	-161
1256	1089	-164
1263	1055	-164
1204	1042	-146
1133	1067	-156
1191	1076	-165
1214	1019	-155
1262	1004	-150
1259	1077	-158
1288	1062	-170
1184	1027	-101
1238	1012	-153
1247	1056	-169
1238	1059	-162
1210	1040	-145
1231	1037	-144
1221	1050	-156
1240	1037	-157
1217	1041	-105
1219	1034	-151
1227	1067	-150
1213	1037	-152
1201	1037	-149
1224	1038	-151
1214	1046	-154
1225	1033	-165
1221	1042	-152
1223	1035	-154
1216	1042	-149
1222	1054	-157
1243	1064	-166
1228	1024	-144
1215	1035	-153
1237	1043	-152
1223	1034	-151
1233	1043	-157
1230	1036	-153
1229	1032	-156
1245	1038	-157
1224	1047	-159
1227	1043	-148
1228	1049	-154
1229	1027	-162
1239	1040	-154
1233	1042	-161
1227	1037	-146
1223	1048	-144
1225	1043	-140
1228	1035	-152
1228	1035	-143
1216	1040	-135
1234	1052	-150
1227	1053	-146
1232	1039	-153
1226	1034	-149
1226	1037	-135
1225	1044	-153
1218	1041	-155
1189	1025	-129
1248	1053	-146
1123	965	-98
1144	976	-137
1228	1062	-146
1272	1067	-151
1310	1077	-161
1182	976	-136
1220	995	-150
1250	1028	-148
1198	1025	-137
1196	1033	-156
1243	1043	-158
1277	1050	-165
1268	1027	-159
645	596	-60
-72	31	6
-86	26	28
-75	6	16
-89	7	16
-77	0	10
-89	9	13
-75	-1	18
-84	3	6
-89	1	5
-76	0	20
-82	5	18
-73	4	24
-84	-4	8
-96	3	18
-81	1	-3
-80	-5	4
-97	16	13
-80	2	-10
-82	8	7
-84	5	6
-80	7	-1
-85	-6	2
-82	6	8
-67	3	14
-74	12	-1
-72	-2	7
-78	-9	5
-75	6	6
-78	-3	11
-90	-10	9
-76	-3	2
-83	2	58
-61	4	-4
-78	13	13
-73	12	1
-68	3	-4
-84	6	0
-74	1	5
-67	-2	-3
-65	4	-10
-70	-2	-11
-72	2	-2
-64	-10	5
-91	1	15
-70	6	-10
-70	3	-7
-69	2	-14
-63	6	20
-72	-1	-9
-74	7	-4
-75	5	-12
-74	-2	-7
-73	-5	0
-70	-17	-11
-91	-4	1
-71	2	-5
-67	-2	9
-81	-1	-12
-69	1	-9
-63	6	-8
-63	27	-6
-70	2	-20
-79	8	-5
-72	-3	33
-82	1	-5
-70	-2	-3
-71	3	-1
-75	5	-3
-76	5	9
-65	14	-1
-88	-8	-1
-70	12	-13
-63	-13	20
-59	1	-7
-59	-2	2
-75	5	-5
-68	-6	0
-70	0	1
-59	2	-7
-65	-4	-3
-69	1	-23
-62	14	4
-72	-10	0
-55	5	-5
-63	-6	-13
-72	-4	-13
-52	13	-10
-71	-6	-15
-62	7	-8
-74	-5	-13
-61	-2	-11
-71	3	-17
-74	-7	-17
-60	-3	-16
-18	124	-18
1039	1376	-194
1132	1481	-195
1166	1474	-203
1058	1352	-159
1012	1311	-157
1018	1349	-168
1009	1315	-156
1019	1312	-163
995	1273	-154
997	1283	-156
1083	1384	-150
1030	1348	-125
1037	1347	-125
1028	1317	-150
1034	1326	-144
1008	1329	-118
1003	1321	-145
1024	1319	-142
1041	1331	-154
974	1351	-151
1018	1323	-143
1003	1283	-129
1011	1267	-145
990	1281	-135
1046	1329	-152
1022	1329	-146
1014	1305	-140
1028	1309	-146
1000	1271	-144
1027	1309	-145
1020	1299	-155
1019	1306	-146
1016	1295	-122
1015	1283	-125
1010	1295	-146
1019	1286	-131
1014	1298	-144
1018	1296	-135
1013	1285	-138
1019	1280	-129
1024	1291	-131
1016	1288	-127
1013	1286	-133
1022	1292	-132
1017	1283	-137
1023	1287	-133
1057	1320	-130
1017	1280	-119
1043	1303	-131
1028	1289	-135
1024	1285	-126
1020	1272	-132
1033	1299	-108
1034	1289	-134
1031	1293	-136
1031	1301	-115
1039	1283	-138
1042	1293	-131
1045	1295	-106
1035	1278	-105
1024	1291	-134
1026	1283	-141
1035	1296	-139
1025	1285	-132
1027	1284	-119
1026	1300	-130
1027	1292	-117
1039	1279	-121
1030	1287	-129
1029	1301	-129
1024	1284	-114
1026	1288	-84
1030	1299	-127
1041	1281	-121
963	1232	-115
965	1229	-78
1005	1273	-122
991	1221	-115
1039	1294	-129
979	1274	-128
973	1256	-108
953	1177	-128
998	1225	-119
1031	1244	-123
1042	1282	-126
1006	1263	-122
1027	1272	-129
1018	1262	-118
1055	1273	-108
1064	1263	-131
1018	1230	-122
1012	1248	-114
26	45	49
-1	-37	85
-12	-37	41
-11	-35	40
-18	-32	30
-29	-32	41
-39	-29	23
-42	-31	16
-26	-38	32
-28	-34	31
-34	-25	40
-27	-13	23
-46	-34	12
-36	-32	10
-29	-29	6
-47	-23	19
-40	-25	13
-37	-30	16
-36	-26	10
-32	-19	20
-43	-23	19
-45	-17	5
-44	-27	14
-35	-20	10
-44	-28	2
-29	-23	-5
-39	-23	4
-42	-32	9
-42	-28	14
-37	-26	-3
-47	-21	8
-40	-24	-4
-47	-24	6
-49	-18	9
-47	-14	6
-38	-10	16
-37	-20	20
-51	-22	3
-49	-12	9
-39	-21	-2
-40	-12	10
-48	-21	0
-38	-23	13
-39	-26	10
-40	-18	8
-31	-17	6
-43	-20	2
-45	-24	-1
-43	-22	4
-48	-10	5
-37	-10	-2
-44	-13	6
-39	-20	-1
-55	-21	8
-41	-13	-2
-52	-17	6
-48	-13	-4
-43	-25	2
-42	-11	2
-38	-12	-4
-39	-12	9
-45	9	21
-36	-18	-1
-45	-12	-13
-51	-19	-3
-49	-19	-2
-46	-13	5
-47	-21	1
-21	-17	-1
-27	-17	17
-46	-18	5
-45	-22	-10
-39	-22	-4
-45	3	-8
-40	-11	3
-44	-17	5
-40	-4	-19
-44	-23	3
-58	-10	-14
-49	3	-5
-51	-11	-6
-52	-14	-2
-45	-20	0
-53	-25	4
-44	-15	-1
-54	-20	2
-51	-18	-2
-51	-18	-1
-46	-20	-7
-53	-17	-6
-53	-10	-9
-56	-3	1
-59	-16	-6
-42	-8	-4
-56	-14	-4
-52	-16	3
-52	-6	-1
-56	-10	-12
-60	-12	-4
-55	4	-27
484	1115	-137
801	1775	-184
630	1393	-136
842	1795	-167
793	1656	-139
774	1620	-149
776	1594	-137
782	1606	-147
765	1563	-142
749	1582	-144
767	1553	-129
804	1610	-129
738	1528	-116
753	1567	-122
800	1618	-136
798	1611	-129
766	1563	-125
788	1583	-130
805	1531	-127
821	1600	-116
771	1542	-110
778	1524	-112
747	1498	-104
765	1550	-111
784	1519	-118
775	1486	-111
808	1550	-136
784	1533	-112
766	1504	-117
791	1530	-123
799	1531	-109
786	1524	-98
772	1506	-116
788	1506	-65
791	1508	-102
786	1540	-114
795	1517	-106
798	1516	-85
791	1511	-92
787	1514	-109
796	1532	-103
795	1527	-95
803	1507	-107
796	1487	-101
800	1517	-97
803	1513	-115
794	1494	-97
827	1566	-113
789	1487	-109
795	1484	-102
804	1501	-101
809	1548	-107
795	1497	-100
795	1504	-101
801	1503	-88
793	1496	-95
801	1508	-88
807	1518	-94
802	1502	-100
790	1496	-99
796	1481	-100
798	1527	-105
803	1516	-109
794	1502	-89
793	1486	-101
806	1540	-94
803	1508	-99
801	1498	-89
800	1502	-95
804	1514	-87
786	1495	-84
804	1488	-90
797	1510	-101
812	1501	-95
863	1627	-105
830	1545	-123
786	1457	-79
775	1471	-79
806	1519	-101
830	1557	-109
793	1490	-87
794	1468	-86
751	1422	-80
775	1497	-93
768	1474	-81
738	1384	-62
828	1535	-71
817	1479	-91
821	1467	-79
827	1452	-94
800	1428	-79
825	1475	-88
301	438	39
66	-60	141
57	-107	52
46	-89	59
27	-89	42
28	-100	48
26	-83	100
25	-69	35
5	-63	23
5	-83	32
6	-68	29
-3	-69	30
-14	-63	38
-11	-58	28
-23	-61	26
-9	-63	28
-14	-63	19
-3	-61	28
-12	-52	41
-12	-53	38
-11	-47	20
-12	-47	19
-13	-54	30
-36	-48	22
-23	-57	40
-21	-49	44
-30	-41	27
-19	-52	19
-21	-59	28
-20	-44	22
-22	-48	25
-17	-44	14
-33	-50	21
-14	-43	12
-15	-49	15
-25	-43	20
-24	-42	21
-17	-38	22
-26	-27	12
-33	-42	8
-24	-37	10
-21	-34	9
-38	-24	24
-38	-24	7
-31	-35	10
-22	-35	18
-34	-31	22
-24	-31	27
-28	-29	80
-21	-39	10
-34	-45	27
-15	-27	11
-31	-25	23
-36	-36	19
-40	-27	16
-29	-28	12
-32	-28	4
-31	-32	-5
-44	-30	9
-20	-32	35
-32	-32	13
-47	-27	11
-33	-31	17
-40	-32	13
-49	-42	10
-38	-37	22
-36	-39	16
-26	-24	32
-35	-27	5
-32	-26	23
-31	-39	30
-27	-30	4
-23	-42	-1
-42	-34	15
-48	-25	-6
-38	-31	-13
-32	-26	12
-41	-30	9
-41	-22	0
-41	-17	20
-42	-34	8
-41	-14	47
-45	-23	8
-34	-24	14
-40	-21	11
-42	-21	1
-28	-23	-1
-43	-15	2
-30	-3	3
-28	-19	6
-34	-22	6
-37	7	11
-39	-22	-4
-33	-27	-4
-45	-41	6
-50	-15	30
-45	-26	1
-32	-32	7
-44	-28	15
-39	-26	-2
-31	-34	1
118	627	-51
380	1520	-177
501	1754	-129
489	1651	-94
520	1768	-99
536	1778	-90
546	1728	-86
536	1737	-100
552	1786	-86
547	1780	-89
543	1779	-74
563	1715	-67
561	1786	-75
565	1784	-67
539	1704	-70
560	1766	-62
550	1713	-73
555	1648	-64
583	1815	-64
573	1794	-81
565	1643	-46
581	1765	-66
583	1753	-57
552	1689	-62
574	1689	-56
569	1718	-31
574	1685	-56
571	1702	-58
573	1702	-61
568	1696	-51
574	1719	-54
572	1708	-39
573	1701	-49
567	1713	-56
582	1693	-52
587	1712	-54
576	1677	-48
581	1698	-40
576	1690	-52
577	1678	-57
578	1706	-54
587	1693	-37
585	1690	-41
591	1701	-39
604	1763	-33
593	1738	-47
590	1677	-15
584	1666	-37
585	1675	-43
599	1712	-33
588	1681	-45
602	1693	9
609	1687	-47
603	1681	-30
601	1663	-42
605	1695	-41
590	1683	-41
609	1709	-31
598	1685	-41
597	1682	-23
599	1704	-32
594	1687	-34
609	1674	-42
597	1686	-40
606	1706	-45
596	1685	-34
604	1670	-48
601	1667	-25
606	1676	-39
613	1697	-32
598	1672	-41
601	1691	-32
602	1669	-33
578	1558	-34
603	1782	-38
642	1833	-41
594	1701	-36
553	1573	-35
626	1770	-43
600	1617	-27
554	1611	-16
598	1618	-39
618	1646	-23
592	1661	-32
601	1648	-37
605	1658	-28
601	1677	-40
594	1611	-20
209	112	101
93	-135	92
78	-146	88
72	-148	76
59	-133	94
49	-127	76
46	-104	58
36	-97	60
19	-102	61
43	-95	50
29	-85	48
26	-91	48
18	-94	55
30	-91	46
29	-84	34
19	-73	48
16	-79	35
12	-84	40
18	-74	39
9	-86	39
14	-81	50
25	-93	41
4	-74	44
2	-77	41
11	-79	37
2	-77	35
8	-77	43
10	-75	47
10	-75	29
6	-68	39
6	-64	40
-1	-71	32
-5	-69	27
-11	-69	16
-2	-70	37
1	-61	26
-11	-55	32
-6	-60	22
-1	-65	27
-10	-63	21
-9	-50	17
-16	-61	56
-9	-37	37
-22	-43	32
-15	-52	28
-12	-53	32
-17	-42	10
-25	-54	28
-11	-40	23
2	-38	14
-18	-54	9
-5	-49	16
-9	-42	10
-12	-37	18
-15	-40	20
-25	-48	18
-23	-45	23
-18	-47	11
-25	-42	5
-22	-49	16
-28	-30	18
-23	-40	20
-28	-61	12
-29	-46	7
-17	-43	45
-6	-44	16
-19	-37	9
-24	-39	6
-23	-43	14
-32	-37	16
-14	-48	7
-31	-41	15
-31	-49	12
-26	-61	17
-23	-34	0
-19	-50	-7
-24	-38	3
-33	-38	14
-29	-44	3
-32	-57	16
-31	-29	9
-27	-41	2
-34	-45	6
-27	-34	-5
-29	-34	6
-21	-18	35
-24	-40	5
-30	-47	14
-23	-34	14
-29	-30	12
-24	-40	10
-23	-32	5
-29	-32	8
-28	-37	7
-18	-38	14
-20	-28	17
-27	-30	39
109	1056	-57
316	2365	-84
236	1599	-18
301	1888	-45
350	2045	-50
298	1885	-21
322	1951	-21
324	1891	-26
337	1875	-6
328	1902	-16
344	1903	-12
375	2001	-20
343	1860	1
353	1930	-3
339	1816	0
352	1876	5
367	1869	27
351	1839	7
352	1879	-5
344	1860	22
351	1912	30
338	1893	29
357	1772	23
359	1916	14
352	1864	5
364	1846	10
361	1845	11
367	1838	18
357	1832	23
359	1821	19
361	1827	31
365	1818	18
368	1821	25
369	1818	28
377	1803	45
378	1810	34
370	1798	51
375	1824	29
372	1803	41
375	1799	29
383	1797	45
376	1783	43
378	1791	26
383	1792	44
389	1795	40
381	1844	38
381	1803	43
377	1802	37
388	1798	48
391	1795	53
383	1788	48
384	1806	49
389	1801	39
384	1797	42
391	1800	35
396	1799	54
383	1797	56
378	1804	46
385	1799	49
378	1795	53
382	1791	48
382	1773	48
390	1788	58
400	1797	51
410	1802	41
392	1786	62
391	1787	52
384	1789	51
392	1785	58
371	1719	55
422	1820	36
390	1626	51
385	1801	51
403	1835	46
390	1780	61
348	1667	65
373	1653	47
439	1914	38
419	1828	30
389	1743	51
396	1693	66
382	1732	63
400	1754	63
389	1730	58
408	1749	47
407	1739	39
401	1736	49
392	1730	52
281	731	132
168	-65	201
91	-205	126
91	-165	113
75	-170	96
60	-150	82
63	-143	66
48	-132	78
51	-134	80
43	-127	77
25	-129	61
27	-101	60
18	-109	63
21	-98	68
17	-104	52
19	-114	41
23	-84	48
10	-97	46
16	-114	50
6	-102	46
13	-103	53
19	-91	48
9	-87	39
13	-85	49
11	-90	47
5	-99	75
-3	-86	72
1	-92	32
6	-83	35
6	-84	40
4	-81	47
11	-60	63
-6	-86	33
4	-69	32
3	-77	30
-4	-75	32
-7	-62	45
1	-73	31
-9	-65	14
-6	-63	18
2	-59	31
-16	-66	12
6	-68	19
-8	-62	29
-5	-68	26
-3	-67	39
-11	-71	29
-16	-41	67
-9	-62	19
-11	-61	34
-8	-64	19
-13	-70	21
-13	-65	29
-12	-49	24
5	-58	22
-3	-62	18
0	-45	24
-12	-66	21
-21	-63	12
-16	-66	26
-23	-51	25
-17	-60	20
-10	-58	18
-18	-60	18
-14	-51	11
-1	-58	13
-11	-54	19
-12	-58	3
-13	-46	8
-15	-52	8
-1	-43	15
-6	-45	17
-7	-50	18
-18	-56	18
-7	-46	62
-4	-40	12
-23	-59	6
-12	-56	2
-9	-56	15
-20	-50	9
-22	-54	6
-14	-52	-1
-7	-62	1
-20	-55	20
-22	-65	12
-15	-49	14
-18	-48	20
-11	-49	9
-17	-61	17
-20	-53	-2
-18	-41	-2
-12	-38	6
-13	-56	3
-25	-55	16
-3	-48	33
-12	-41	3
-13	-42	-8
1	-58	3
-15	268	12
131	2337	-27
148	2073	62
124	1781	41
156	1818	54
169	2104	33
163	1931	81
157	1961	71
179	1989	81
190	1968	64
164	1896	86
180	1979	84
185	1905	100
206	1997	91
186	1930	97
192	1945	108
194	1959	103
202	1961	103
203	1865	113
203	1876	121
213	1887	111
172	1789	144
209	1866	116
205	1898	122
210	1898	124
210	1913	134
217	1844	177
214	1912	108
211	1818	187
212	1872	125
197	1856	131
208	1849	146
224	1877	139
208	1884	141
215	1892	135
207	1871	142
214	1859	140
218	1870	135
210	1864	135
208	1864	142
221	1855	141
215	1853	148
222	1851	150
219	1869	153
227	1844	141
227	1854	144
225	1854	148
219	1847	149
231	1839	144
230	1849	149
226	1853	157
231	1937	158
232	1868	146
231	1827	151
229	1841	168
222	1867	157
223	1862	156
229	1858	141
232	1855	211
250	1844	150
239	1844	145
229	1828	160
240	1849	153
226	1852	148
222	1858	155
235	1846	149
226	1846	144
235	1836	156
226	1833	149
238	1843	157
229	1838	164
228	1830	164
234	1830	160
240	1839	182
227	1845	156
227	1843	159
238	1822	169
227	1837	169
235	1828	164
227	1831	152
222	1679	194
243	1848	154
224	1768	168
238	1860	167
253	1768	174
248	1929	158
224	1683	183
248	1831	176
231	1790	194
234	1733	163
246	1849	168
244	1831	169
257	1792	175
243	1802	166
247	1787	156
264	1886	165
242	1733	172
190	395	213
104	-217	166
103	-195	147
87	-195	123
76	-188	126
70	-162	114
70	-150	101
60	-163	107
63	-144	98
44	-144	87
45	-139	92
44	-133	81
45	-131	81
35	-124	80
36	-129	74
40	-127	97
33	-116	67
38	-111	63
38	-107	70
37	-110	76
35	-112	72
23	-109	68
32	-110	53
26	-105	55
17	-102	60
21	-96	49
11	-94	57
16	-97	56
22	-82	59
16	-94	48
6	-92	45
21	-92	51
14	-83	42
15	-93	41
13	-83	40
11	-86	46
3	-96	45
18	-97	34
8	-80	35
5	-86	41
16	-69	34
1	-78	27
-3	-86	22
11	-89	41
-4	-70	41
1	-82	28
-2	-63	42
8	-80	39
2	-63	35
8	-70	43
7	-71	25
12	-69	36
-9	-79	22
4	-72	35
-14	-61	38
2	-75	36
-3	-67	35
-8	-67	40
1	-74	47
3	-64	48
1	-59	26
-2	-63	33
3	-69	30
3	-65	31
1	-69	17
-1	-56	27
4	-71	19
7	-68	26
-13	-64	30
-16	-65	28
8	-69	21
-4	-69	18
-6	-65	17
-4	-29	15
-2	-70	16
-14	-62	26
-11	-59	15
-5	-54	18
1	-69	30
-10	-60	11
-4	-59	21
-13	-43	14
0	-62	46
-13	-68	52
-16	-65	21
-1	-54	22
-12	-43	29
-6	-53	59
-8	-49	23
-4	-46	18
-18	-35	10
-7	-46	29
-6	-62	11
-22	-49	23
-24	-60	23
-2	-58	18
-6	-52	8
-5	-55	7
-6	-53	15
-23	-48	12
-19	-49	15
-5	-52	18
-5	-69	12
-16	-61	13
-19	-51	20
-22	-30	10
-27	352	51
-3	1488	123
29	1991	170
21	2233	182
45	1779	188
49	2013	207
37	1925	214
61	1995	225
61	1912	238
66	1908	230
58	1952	294
68	1901	258
62	1861	263
66	1924	258
79	1899	261
85	1930	265
65	1887	242
73	1909	254
88	1864	253
83	1865	252
66	1945	260
79	1795	273
83	1932	255
84	1881	267
83	1883	263
82	1884	274
84	1801	291
81	1917	263
88	1887	273
91	1865	273
87	1841	260
87	1823	269
103	1833	287
89	1848	268
104	1841	272
98	1838	284
108	1832	301
104	1826	282
89	1829	284
102	1816	287
89	1819	309
89	1817	274
100	1850	281
99	1820	277
83	1812	282
99	1855	294
98	1818	290
99	1813	294
97	1840	285
110	1823	295
107	1808	307
98	1784	299
101	1852	287
98	1879	293
100	1860	296
104	1850	287
107	1804	314
110	1820	293
110	1819	304
96	1823	301
117	1819	294
110	1807	295
100	1805	294
105	1809	305
108	1804	344
110	1806	300
106	1823	307
115	1824	326
118	1815	303
100	1813	309
107	1822	316
103	1817	298
108	1824	300
108	1806	306
114	1810	289
107	1818	302
115	1815	302
113	1815	309
90	1990	319
99	1719	300
115	1747	294
127	1835	298
100	1911	312
119	1665	309
118	1874	315
115	1760	330
113	1777	309
115	1789	309
122	1742	297
117	1782	306
117	1794	289
131	1837	312
108	1711	291
133	1885	300
121	1661	298
124	335	218
85	-233	178
74	-211	142
44	-179	136
61	-150	121
57	-164	104
45	-153	89
52	-147	97
38	-140	88
49	-116	80
38	-121	86
32	-129	82
39	-116	76
42	-112	75
32	-118	72
35	-113	58
47	-102	76
28	-105	70
19	-110	53
11	-113	62
18	-99	55
16	-98	55
17	-90	56
17	-98	54
28	-105	56
20	-70	51
20	-102	45
13	-87	49
12	-94	37
13	-87	41
2	-95	41
19	-83	67
11	-85	44
8	-84	44
7	-80	48
-1	-97	38
1	-94	39
6	-86	68
-8	-83	34
10	-78	40
5	-95	42
14	-84	38
3	-84	30
1	-77	35
-2	-85	29
9	-72	29
10	-72	54
2	-73	35
-6	-74	25
7	-75	33
-3	-73	23
-3	-76	30
-10	-78	26
-6	-79	32
-2	-70	17
3	-72	31
1	-55	34
-4	-90	33
-18	-64	43
-12	-68	38
-9	-77	24
-9	-83	40
4	-80	32
-4	-83	38
5	-60	20
-7	-67	36
0	-76	31
4	-70	35
5	-66	42
-5	-68	31
-1	-73	34
4	-68	29
-4	-52	20
-9	-65	34
-13	-71	15
-11	-77	18
-9	-61	42
-11	-52	16
-14	-66	26
-12	-64	16
-12	-64	20
-2	-57	20
-5	-59	20
-5	-57	49
-1	-58	20
-7	-50	21
-12	-61	24
-16	-54	25
-15	-54	19
-10	-59	23
-17	-57	21
-9	-57	18
-12	-65	33
-13	-61	14
-10	-45	7
-16	-69	18
-17	-31	34
-87	2289	348
-54	1937	336
-36	1900	384
-31	1982	379
-27	1808	378
-35	1884	400
-15	1859	394
-25	1806	400
-30	1832	411
-13	1840	436
-16	1796	429
-30	1793	425
-25	1843	441
-13	1798	442
-13	1783	461
-23	1757	419
-16	1794	439
-2	1746	421
-14	1797	438
-13	1807	455
2	1664	429
-4	1688	423
-16	1824	447
-9	1794	442
-1	1794	431
1	1699	444
3	1672	448
-14	1721	451
-12	1742	441
-7	1738	445
-2	1751	441
7	1722	455
1	1746	443
2	1734	446
1	1721	446
-2	1714	435
5	1723	447
-5	1714	463
-2	1718	461
-10	1716	461
0	1732	462
9	1721	446
13	1712	447
-1	1711	454
14	1719	467
1	1789	461
3	1705	463
6	1745	459
4	1726	465
10	1719	465
11	1719	469
6	1729	464
5	1719	457
9	1729	468
9	1707	453
3	1723	469
8	1711	469
8	1706	468
4	1716	450
5	1720	464
19	1719	473
9	1709	461
18	1726	469
17	1695	481
15	1712	473
-2	1705	467
5	1699	466
13	1707	458
-4	1700	473
8	1704	470
15	1702	471
19	1706	452
16	1703	464
-13	1840	476
27	1483	478
33	1551	468
8	1681	468
6	1790	489
20	1613	452
10	1668	470
14	1713	466
19	1725	472
17	1706	462
9	1693	467
16	1734	458
15	1710	460
12	1769	465
25	1705	459
51	1103	411
63	-206	214
46	-181	135
37	-182	157
40	-162	120
42	-157	117
37	-145	114
31	-152	117
31	-136	106
32	-131	96
37	-139	83
34	-127	79
35	-130	83
16	-125	74
18	-120	61
23	-122	68
19	-106	63
16	-113	70
18	-113	51
16	-117	77
13	-112	91
17	-100	66
12	-84	50
3	-117	65
6	-97	44
20	-99	72
11	-90	53
18	-96	48
5	-92	50
10	-67	55
8	-77	37
14	-84	40
9	-86	33
5	-92	48
2	-86	37
1	-84	42
4	-85	30
-5	-76	35
7	-79	42
1	-75	32
5	-86	32
-1	-78	37
-1	-80	24
2	-79	29
11	-80	27
-7	-70	43
0	-81	22
-15	-81	33
-12	-82	26
-3	-80	35
6	-73	34
3	-68	25
0	-73	30
-7	-71	25
-5	-78	28
-28	-62	25
-16	-70	31
-10	-66	19
-11	-55	21
-17	-77	22
-23	-73	22
-6	-67	17
-6	-66	22
-6	-73	24
-10	-71	22
-14	-71	68
-8	-63	31
0	-65	25
-20	-71	26
-22	-75	18
-4	-64	24
-19	-67	21
-9	-55	16
-17	-64	18
-9	-61	14
-11	-67	22
-16	-65	16
-8	-58	18
-15	-67	20
-6	-50	25
-13	-45	16
-5	-59	19
-10	-56	12
-14	-60	19
-11	-54	20
-9	-67	18
0	-64	6
-12	-56	16
-17	-53	15
-24	-60	46
-5	-50	22
-9	-53	17
-18	-56	2
-14	-53	21
-18	-46	15
-14	-45	8
-14	-50	24
-16	-52	21
-20	-7	67
-111	1719	517
-88	1380	499
-107	1896	604
-104	1728	610
-94	1653	596
-79	1685	609
-96	1626	614
-70	1616	606
-83	1692	642
-78	1592	625
-98	1630	634
-84	1599	652
-75	1618	642
-81	1656	653
-81	1616	648
-76	1552	631
-73	1640	649
-83	1621	654
-62	1526	638
-75	1556	648
-68	1607	636
-73	1576	635
-68	1574	645
-70	1595	646
-71	1573	638
-76	1553	638
-69	1564	640
-83	1572	658
-81	1578	648
-73	1556	644
-72	1573	639
-64	1562	648
-79	1581	650
-70	1567	659
-71	1568	646
-71	1571	672
-66	1571	657
-64	1565	641
-67	1562	660
-74	1572	646
-79	1553	643
-59	1567	642
-61	1587	649
-74	1574	642
-71	1583	651
-69	1581	704
-68	1576	651
-64	1571	661
-73	1584	657
-63	1561	696
-74	1568	653
-64	1568	646
-57	1576	650
-68	1562	656
-62	1568	658
-69	1567	650
-58	1555	651
-54	1561	645
-61	1559	660
-59	1573	665
-70	1549	649
-70	1562	649
-53	1569	661
-50	1557	678
-57	1556	651
-52	1555	665
-57	1554	653
-61	1555	656
-59	1547	659
-57	1555	644
-72	1419	622
-80	1643	665
-42	1495	662
-46	1512	644
-57	1623	688
-49	1489	636
-54	1476	635
-57	1589	672
-53	1491	655
-53	1552	654
-51	1560	651
-57	1574	646
-48	1568	653
-47	1565	656
31	-85	228
39	-144	122
17	-143	95
23	-133	101
18	-130	96
14	-130	76
14	-117	71
9	-119	81
11	-87	100
14	-117	66
18	-111	61
10	-93	78
12	-100	57
15	-96	48
18	-95	44
14	-93	46
11	-73	46
-1	-93	41
0	-93	60
-1	-97	45
7	-87	49
4	-83	39
-3	-84	39
2	-84	43
-2	-89	53
-10	-72	40
2	-82	31
-16	-81	31
-17	-82	26
-7	-76	24
-5	-82	28
-1	-81	23
-24	-86	29
-9	-70	49
-2	-74	37
-3	-62	27
-19	-62	31
-15	-69	27
-2	-56	28
-13	-68	75
-6	-64	17
8	-57	25
-14	-63	14
-7	-51	9
-12	-66	10
-13	-63	20
-20	-78	3
-13	-62	15
-27	-62	8
-16	-74	19
-12	-57	29
-7	-61	18
-7	-64	16
-15	-57	11
-2	-69	7
-15	-70	22
-18	-67	15
-15	-68	18
-6	-59	12
-3	-54	15
-19	-63	20
-21	-66	4
4	-70	13
3	-64	14
-4	-57	16
-5	-70	22
-14	-58	6
-12	-57	17
-20	-55	16
-9	-43	16
-12	-66	4
-10	-64	11
-5	-35	13
-13	-52	7
-13	-47	4
-18	-55	17
-13	-45	10
-21	-48	-1
-20	-54	6
-13	-50	24
-16	-43	-3
-25	-49	7
-9	-58	17
-14	-62	7
-20	-62	10
-5	-66	10
-17	-51	2
-1	-45	25
-17	-47	38
-12	-41	13
-14	-62	15
-16	-42	23
-18	-66	0
-25	-56	19
-18	-56	9
-17	-48	8
-31	-50	24
-95	855	482
-133	1527	818
-113	1170	690
-114	1303	782
-124	1440	811
-114	1492	824
-109	1445	843
-106	1396	811
-121	1464	830
-116	1409	824
-119	1436	854
-107	1425	840
-117	1449	857
-115	1408	844
-111	1453	830
-120	1412	848
-108	1418	844
-107	1417	859
-115	1427	856
-115	1412	852
-111	1378	831
-117	1346	841
-115	1363	843
-119	1355	842
-102	1341	826
-106	1377	840
-100	1376	842
-115	1330	857
-111	1361	837
-119	1381	843
-114	1338	842
-111	1346	845
-112	1360	849
-110	1345	839
-100	1331	821
-110	1353	846
-108	1349	843
-105	1336	846
-98	1358	838
-122	1342	836
-110	1339	839
-108	1341	839
-104	1340	841
-106	1352	842
-105	1352	832
-104	1351	835
-112	1384	848
-99	1329	834
-99	1358	858
-101	1333	842
-113	1365	855
-102	1376	842
-107	1351	843
-98	1348	831
-99	1348	841
-101	1364	850
-112	1353	825
-93	1345	844
-108	1344	841
-92	1337	848
-111	1354	853
-97	1337	851
-94	1353	847
-106	1369	855
-90	1354	855
-94	1337	848
-101	1335	846
-94	1350	836
-97	1333	838
-92	1355	869
-106	1344	841
-103	1348	851
-112	1336	832
-107	1335	840
-101	1359	849
-94	1348	807
-105	1481	911
-98	1327	820
-115	1379	869
-113	1446	904
-100	1364	863
-105	1349	857
-95	1383	847
-116	1379	840
-101	1444	849
-94	1315	824
-88	1406	856
-106	1335	846
-101	1346	823
-99	1413	857
-103	1339	828
-95	1339	809
-39	513	448
4	-92	55
15	-81	47
-8	-79	22
6	-79	24
-4	-86	38
3	-83	34
0	-76	20
-1	-75	24
0	-81	28
-4	-74	17
1	-58	17
17	-64	17
-5	-71	5
-3	-68	25
-4	-65	15
-7	-70	13
-3	-60	29
-9	-61	6
-6	-72	18
-6	-56	17
-13	-62	10
-11	-59	6
-23	-62	0
-7	-69	9
-4	-57	-3
-2	-57	-3
-14	-53	41
1	-65	4
-12	-41	1
-1	-69	4
-6	-59	16
-6	-56	-16
-10	-63	-4
-6	-60	4
-3	-60	0
-10	-59	5
-18	-55	4
-10	-59	1
-11	-56	-3
-9	-58	12
-9	-57	1
-15	-50	14
-9	-47	31
-13	-54	14
-12	-56	-9
-14	-50	-5
-6	-64	-8
-6	-48	4
-6	-42	2
-16	-46	-14
-2	-51	1
-14	-57	5
-6	-59	-8
-12	-51	1
-10	-62	6
-7	-52	-7
-2	-51	6
-4	-21	0
-14	-58	1
-12	-53	-3
-17	-47	11
-11	-46	-8
-17	-49	-11
-7	-46	2
-10	-55	0
-3	-57	-6
-14	-48	-5
-12	-47	0
-5	-55	-12
-14	-55	-3
-5	-50	-10
-22	-58	-10
-17	-47	-3
-13	-60	-1
-18	-47	3
-22	-48	-13
-18	-49	1
-26	-54	-29
-21	-64	-6
-14	-47	29
-15	-45	-6
-23	-51	-21
-16	-43	10
-13	-48	-25
-15	-46	-6
-7	-39	-3
-20	-41	-4
-19	-46	-4
-15	-34	-4
-16	-51	-11
-19	-47	-9
-14	-48	-8
-22	-35	-3
-22	-48	-10
-18	-45	-1
-18	-40	21
-24	-45	8
-16	-46	2
-20	-51	2
-17	-27	5
-21	-51	4
-48	207	263
-127	1097	990
-143	1299	1120
-121	1080	954
-140	1140	1065
-132	1130	1018
-142	1193	1108
-129	1169	1055
-134	1198	1093
-131	1170	1092
-145	1134	1044
-144	1203	1073
-139	1143	1012
-139	1157	1031
-132	1165	1022
-135	1161	1055
-145	1224	1084
-142	1177	1125
-129	1102	981
-129	1134	1011
-137	1173	1043
-125	1114	1033
-121	1141	1025
-130	1147	1028
-138	1163	1033
-128	1136	1009
-138	1136	1030
-135	1138	1024
-137	1139	1021
-125	1145	1030
-130	1129	1021
-128	1137	1024
-124	1133	1033
-138	1136	1036
-136	1129	1031
-140	1155	1048
-128	1137	1021
-118	1133	1030
-127	1131	1021
-130	1130	1030
-128	1138	1024
-136	1144	1040
-129	1134	1022
-145	1195	1066
-131	1157	1054
-143	1177	1065
-136	1138	1026
-135	1152	1046
-140	1168	1024
-133	1143	1033
-119	1157	1029
-121	1156	1022
-141	1144	1017
-126	1158	1040
-137	1148	1026
-141	1151	1022
-134	1131	1027
-135	1151	1011
-133	1141	1015
-134	1132	1034
-129	1146	1015
-131	1144	1034
-132	1153	1013
-142	1139	1004
-138	1149	1023
-130	1158	1060
-138	1145	1019
-130	1147	1040
-130	1152	1013
-137	1125	1015
-139	1147	1023
-138	1142	1016
-107	1047	950
-141	1251	938
-142	1169	990
-142	1143	987
-136	1130	972
-139	1035	925
-125	1098	1005
-133	1096	1006
-137	1123	1030
-137	1154	1026
-126	1143	989
-138	1164	1048
-119	1125	969
-127	1149	993
-127	1088	961
-137	1156	1034
-31	273	306
-17	-35	-27
-22	-34	-36
-16	-45	-27
-26	-27	-29
-16	-35	-26
-31	-28	-36
-18	-37	-32
-10	-52	-22
-7	-50	-46
-10	-46	-36
-17	-48	-46
-20	-44	-47
-15	-40	-30
-20	-41	-39
-16	-34	-37
-27	-39	-39
-23	-23	-35
-17	-43	-41
-25	-36	-29
-16	-37	-35
-18	-42	-20
-18	-43	-30
-18	-39	-31
-10	-34	-34
-17	-31	-18
-28	-40	-33
-28	-37	-20
-16	-44	-31
-26	-31	-37
-28	-28	-25
-15	-47	-27
-20	-41	-26
-23	-28	-25
-26	-33	-22
-21	-34	-39
-28	-35	-36
-18	-33	-45
-16	-38	-30
-15	-44	-30
-14	-42	-24
-17	-27	-29
-11	-36	-18
-16	-42	-37
-26	-36	-25
-27	-27	-34
-21	-36	-35
-14	-36	-37
-17	-43	-28
-24	-40	-42
-12	-38	-39
-9	-33	-31
-25	-29	-9
-33	-40	-25
-29	-38	-33
-24	-30	-27
-29	-38	-16
-12	-36	-32
-12	-42	-20
-21	-32	-36
-22	-26	-18
-18	-30	-33
-20	-30	-20
-29	-23	-32
-24	-42	-22
-22	-35	-23
-23	-24	-22
-23	-40	-25
-24	-36	-33
-21	-31	-30
-18	-41	-21
-21	-23	-28
-24	-38	-30
-30	-44	-7
-19	-42	-35
-26	-22	-31
-24	-26	-21
-25	-40	-33
-33	-38	-1
-15	-30	-17
-22	-26	-28
-40	-30	-24
-33	-32	-22
-27	-34	-29
-21	-32	-23
-23	-31	-7
-34	-25	-30
-33	-26	-13
-24	-34	-17
-30	-37	-23
-26	-29	1
-30	-23	-26
-14	-18	-19
-14	-25	-16
-25	-38	-14
-24	-27	24
-84	346	548
-121	758	1075
-134	922	1250
-137	958	1311
-136	901	1250
-141	903	1263
-135	902	1243
-137	904	1228
-142	904	1286
-131	920	1246
-139	876	1237
-138	918	1249
-144	903	1207
-141	941	1306
-148	921	1204
-137	902	1184
-144	928	1223
-127	846	1178
-126	855	1147
-120	865	1154
-132	926	1216
-142	878	1164
-152	875	1158
-150	930	1257
-131	898	1193
-146	908	1185
-130	894	1171
-144	914	1184
-148	896	1174
-137	900	1168
-138	907	1196
-136	897	1177
-142	885	1174
-140	898	1189
-133	909	1179
-140	896	1178
-148	904	1179
-142	907	1179
-143	906	1164
-133	915	1184
-137	919	1191
-145	900	1171
-135	904	1159
-133	910	1165
-136	912	1167
-143	911	1170
-144	919	1236
-137	920	1197
-138	919	1162
-149	904	1164
-139	904	1188
-137	901	1179
-139	923	1170
-148	917	1189
-154	914	1179
-155	916	1170
-138	915	1177
-151	910	1170
-136	911	1177
-134	916	1157
-131	932	1190
-146	911	1178
-134	909	1169
-137	916	1172
-129	913	1171
-146	904	1177
-146	905	1171
-133	916	1164
-120	905	1163
-153	907	1172
-133	907	1171
-149	935	1202
-150	906	1166
-134	879	1102
-131	833	1046
-121	851	1074
-151	950	1216
-134	931	1170
-125	867	1105
-138	862	1084
-143	881	1134
-137	914	1175
-131	889	1138
-138	933	1150
-147	884	1126
-148	918	1147
-137	940	1157
-138	912	1128
-140	856	1102
-94	648	692
-53	158	-88
-27	30	-94
-41	20	-104
-32	10	-94
-37	6	-65
-25	6	-93
-22	-7	-86
-28	-9	-74
-31	-6	-64
-21	13	-71
-25	-5	-81
-30	-8	-79
-23	-5	-71
-28	-5	-67
-35	3	-72
-18	-1	-87
-23	-28	-74
-14	16	-70
-31	-12	-77
-28	-16	-65
-20	-13	-71
-25	-3	-61
-30	-20	-73
-25	-3	-62
-30	-2	-59
-32	0	-61
-35	-25	-73
-26	-18	-64
-25	-13	-42
-37	-14	-58
-32	-17	-68
-30	-24	-60
-29	-10	-66
-25	-16	-66
-31	-12	-55
-24	-21	-45
-33	-6	-47
-40	-20	-51
-33	-13	-57
-29	-24	-51
-38	-29	-59
-24	-19	-24
-25	-9	-48
-30	0	-60
-22	-23	-38
-23	-9	-54
-27	-10	-43
-27	-28	-50
-22	-23	-37
-15	-19	-60
-20	-23	-58
-32	-19	-51
-15	-14	-34
-17	-20	-49
-11	-2	-51
-22	-28	-48
-26	-17	-39
-24	-21	-47
-30	-24	-43
-25	-26	-37
-19	-14	-55
-35	-13	-40
-24	-21	-44
-26	-22	-39
-19	-19	-40
-29	-16	-44
-13	-15	-49
-26	-21	-49
-28	-12	-47
-14	-24	-38
-7	-8	-50
-34	-13	-45
-17	-6	-44
-21	-12	-49
-29	-12	-43
-31	-20	-44
-31	-14	-39
-22	-25	-41
-32	-16	-37
-27	-28	-41
-29	-18	-29
-18	-27	-40
-23	-28	-27
-35	-33	-45
-20	-27	-45
-26	-29	-44
-27	-20	-30
-20	-23	-39
-23	-17	-42
-21	-15	-36
-22	-3	-52
-26	-28	-62
-26	-31	-45
-25	-27	-56
-16	-17	-33
-13	-22	-42
-18	-23	-37
-30	-25	9
-119	558	1401
-152	729	1728
-101	552	1168
-128	620	1371
-141	679	1522
-135	648	1380
-140	672	1441
-145	659	1409
-125	657	1384
-137	666	1397
-137	651	1365
-136	639	1360
-134	656	1332
-149	713	1454
-136	649	1391
-128	637	1316
-144	685	1398
-156	679	1402
-152	670	1360
-119	652	1344
-129	645	1279
-146	673	1281
-154	673	1363
-129	652	1309
-147	657	1322
-144	657	1296
-137	660	1360
-142	664	1349
-136	650	1338
-145	641	1301
-131	645	1309
-142	666	1290
-143	648	1295
-145	658	1297
-144	648	1293
-142	648	1302
-139	655	1291
-130	651	1298
-147	665	1298
-147	654	1280
-149	656	1332
-149	653	1285
-147	656	1283
-153	681	1310
-140	670	1279
-136	663	1284
-135	655	1289
-139	672	1281
-147	672	1286
-152	671	1283
-155	667	1273
-138	673	1285
-145	667	1283
-154	665	1280
-144	684	1307
-141	668	1288
-149	670	1275
-151	678	1278
-143	675	1291
-140	672	1263
-143	666	1267
-137	678	1265
-144	665	1268
-131	679	1275
-130	683	1276
-138	664	1271
-145	670	1262
-143	679	1278
-141	673	1241
-121	623	1143
-136	703	1259
-136	684	1253
-136	673	1321
-148	673	1198
-144	715	1342
-136	651	1201
-126	677	1265
-132	703	1274
-129	674	1252
-137	712	1274
-143	723	1239
-125	671	1255
-135	705	1201
-89	439	557
-24	81	-189
-35	75	-201
-44	57	-185
-27	41	-185
-37	38	-173
-38	42	-171
-33	31	-171
-28	31	-147
-29	7	-149
-23	33	-115
-25	7	-122
-29	27	-135
-40	11	-141
-33	31	-134
-29	22	-125
-23	2	-123
-33	22	-111
-25	25	-118
-32	13	-106
-32	2	-104
-33	10	-105
-28	12	-99
-32	7	-110
-28	11	-99
-31	12	-109
-38	8	-118
-25	9	-107
-37	9	-98
-25	17	-99
-37	2	-108
-32	2	-85
-26	11	-121
-31	18	-90
-33	49	-100
-27	1	-86
-34	-10	-81
-31	3	-101
-31	8	-102
-39	-5	-85
-30	-3	-97
-33	-11	-82
-23	-7	-89
-28	-9	-77
-30	-4	-72
-33	0	-78
-20	-2	-81
-30	-12	-91
-31	0	-78
-38	-10	-83
-26	-5	-72
-38	-14	-74
-28	-7	-56
-39	-4	-85
-23	-1	-77
-19	-6	-70
-22	-11	-67
-32	-14	-73
-27	-3	-74
-31	-4	-70
-24	-16	-78
-16	-14	-73
-28	-12	-59
-22	-6	-76
-21	-22	-69
-36	-15	-77
-18	-21	-55
-23	-13	-74
-28	-7	-77
-22	-18	-70
-9	-10	-68
-12	-15	-80
-23	-24	-74
-27	-12	-52
-18	-11	-71
-23	-5	-63
-26	-25	-65
-9	-8	-60
-24	15	-57
-22	-15	-56
-20	-34	-58
-19	-12	-82
-28	-16	-63
-35	-5	-70
-13	-14	-58
-27	-8	-69
-20	-17	-71
-8	-12	-74
-35	-15	-67
-33	-18	-69
-20	-18	-65
-30	-29	-59
-22	-14	4
-20	-20	-59
-20	-15	-57
-17	-24	-60
-22	-12	-22
-21	-13	-49
-50	34	214
-153	399	1846
-131	392	1585
-147	431	1748
-116	374	1588
-134	431	1565
-133	387	1546
-125	435	1495
-127	424	1522
-124	422	1424
-128	431	1456
-124	444	1408
-134	442	1473
-122	452	1453
-140	438	1439
-125	458	1441
-149	426	1442
-130	435	1396
-123	431	1403
-145	437	1523
-114	470	1472
-118	445	1421
-138	444	1442
-146	452	1444
-132	442	1461
-122	435	1384
-125	440	1394
-140	454	1460
-129	452	1435
-123	435	1380
-138	457	1389
-149	458	1405
-139	453	1378
-142	456	1393
-135	462	1379
-137	458	1381
-143	459	1385
-151	460	1389
-138	458	1377
-131	479	1379
-139	457	1395
-149	460	1374
-135	461	1376
-134	451	1371
-148	457	1365
-144	457	1368
-144	462	1361
-130	450	1341
-148	461	1341
-141	464	1337
-150	464	1377
-133	471	1362
-139	472	1392
-137	467	1372
-154	467	1359
-147	478	1373
-148	474	1359
-144	486	1361
-144	477	1352
-131	470	1359
-136	478	1350
-132	476	1345
-146	472	1344
-141	474	1347
-139	468	1379
-149	472	1351
-148	491	1343
-146	456	1353
-142	459	1340
-146	484	1352
-134	485	1348
-137	468	1353
-151	482	1334
-138	481	1346
-148	477	1333
-160	516	1469
-135	448	1198
-137	492	1394
-140	486	1319
-143	476	1323
-138	471	1263
-142	488	1321
-127	460	1300
-122	494	1291
-141	485	1302
-144	459	1291
-140	493	1305
-134	506	1323
-138	494	1251
-144	479	1308
-133	470	1284
-133	496	1321
-65	290	236
-40	111	-302
-37	106	-265
-49	74	-255
-33	72	-234
-39	70	-224
-30	69	-227
-49	59	-208
-37	49	-204
-31	46	-181
-29	37	-191
-38	36	-190
-40	32	-199
-36	34	-175
-39	42	-184
-25	42	-162
-32	34	-171
-33	30	-161
-36	27	-155
-29	31	-145
-34	17	-161
-24	35	-159
-31	30	-155
-35	25	-169
-34	24	-154
-30	20	-152
-32	19	-152
-29	14	-134
-29	30	-152
-32	26	-105
-41	11	-146
-42	38	-122
-40	14	-135
-28	11	-133
-45	12	-137
-39	12	-143
-30	20	-138
-36	19	-130
-38	5	-73
-34	10	-124
-32	15	-142
-20	5	-128
-25	16	-117
-32	8	-128
-32	6	-125
-40	36	-124
-22	12	-120
-30	14	-120
-30	7	-113
-28	14	-113
-30	9	-105
-30	7	-107
-26	21	-103
-39	14	-113
-33	9	-114
-26	-3	-114
-30	18	-78
-30	1	-105
-41	3	-98
-29	6	-97
-20	3	-99
-36	-1	-104
-34	6	-105
-34	4	-97
-23	5	-115
-32	10	-109
-24	9	-101
-24	11	-98
-36	7	-86
-24	6	-99
-21	-5	-87
-19	10	-99
-27	3	-94
-26	7	-101
-32	7	-97
-31	-8	-96
-22	-14	-50
-32	4	-98
-32	2	-97
-33	-3	-91
-21	1	-81
-26	-12	-82
-29	1	-94
-24	0	-87
-12	9	-85
-24	-3	-95
-32	-20	-94
-35	-3	-98
-20	4	-87
-28	-2	-96
-35	1	-90
-37	-7	-95
-28	-13	-91
-30	-3	-84
-39	-2	-92
-30	4	-98
-40	-10	-96
-22	-8	-79
-35	0	-76
-101	121	1417
-152	210	1378
-113	207	1398
-123	241	1642
-119	232	1523
-136	217	1541
-119	219	1488
-118	240	1526
-122	235	1465
-118	239	1503
-124	248	1501
-123	251	1486
-134	243	1513
-130	251	1476
-133	243	1411
-134	240	1413
-134	251	1440
-135	263	1436
-135	255	1445
-151	256	1457
-114	266	1302
-121	253	1320
-127	241	1302
-133	256	1321
-141	271	1450
-137	268	1328
-138	267	1379
-123	271	1361
-123	268	1350
-129	282	1363
-133	274	1349
-132	273	1342
-137	272	1346
-145	270	1341
-142	266	1350
-133	278	1327
-124	276	1332
-121	271	1330
-133	276	1329
-130	269	1327
-128	276	1321
-127	286	1321
-132	281	1317
-122	270	1324
-143	271	1400
-135	267	1326
-141	285	1354
-136	281	1351
-134	320	1328
-124	276	1325
-136	287	1329
-136	280	1336
-145	291	1333
-142	278	1327
-137	289	1341
-137	291	1328
-137	280	1312
-135	285	1321
-136	279	1308
-131	285	1320
-145	301	1312
-138	284	1311
-128	297	1295
-130	288	1294
-133	294	1299
-126	283	1300
-143	293	1308
-135	295	1301
-129	289	1310
-131	291	1303
-127	283	1290
-141	299	1297
-130	299	1302
-140	290	1302
-163	305	1402
-119	283	1122
-119	282	1163
-125	295	1285
-141	292	1235
-128	300	1406
-138	299	1263
-122	277	1115
-134	291	1358
-148	305	1308
-149	284	1292
-135	323	1275
-134	309	1307
-138	308	1241
-102	289	730
-57	102	-385
-57	95	-345
-40	86	-309
-31	109	-301
-40	72	-288
-39	64	-264
-34	65	-262
-45	65	-252
-44	48	-238
-38	44	-224
-38	35	-206
-43	38	-203
-42	36	-201
-34	28	-202
-44	29	-193
-39	36	-190
-38	34	-175
-37	34	-188
-40	35	-187
-36	19	-163
-41	22	-162
-37	23	-169
-33	34	-166
-39	29	-168
-47	18	-161
-46	17	-151
-38	22	-158
-30	27	-160
-46	20	-157
-39	21	-151
-37	17	-136
-26	25	-153
-46	18	-153
-26	20	-150
-30	13	-139
-37	27	-89
-31	20	-136
-35	8	-139
-45	18	-135
-31	8	-129
-47	12	-136
-38	15	-136
-32	10	-126
-41	16	-131
-29	3	-133
-37	10	-115
-38	2	-125
-37	-9	-127
-34	12	-125
-43	2	-113
-24	-3	-113
-41	0	-121
-45	7	-111
-30	10	-101
-41	21	-97
-33	17	-108
-29	17	-98
-34	3	-108
-31	-3	-106
-38	13	-98
-31	6	-113
-43	14	-116
-29	2	-107
-41	6	-101
-32	-1	-96
-30	7	-110
-38	17	-94
-41	7	-103
-42	10	-77
-48	5	-104
-36	-4	-97
-39	8	-98
-42	-1	-104
-35	5	-104
-41	0	-110
-29	-6	-91
-41	-15	-78
-48	-15	-38
-133	34	1865
-109	56	1221
-106	62	1414
-118	67	1491
-115	72	1429
-132	67	1504
-123	81	1405
-137	97	1376
-115	100	1396
-131	110	1429
-132	106	1304
-125	115	1330
-125	115	1352
-127	120	1342
-123	127	1260
-134	113	1275
-134	116	1277
-130	107	1296
-145	121	1283
-125	119	1284
-125	114	1268
-120	118	1254
-135	116	1300
-123	122	1272
-128	122	1278
-124	118	1252
-143	122	1262
-135	108	1274
-133	123	1267
-131	124	1265
-139	126	1249
-151	129	1252
-137	132	1249
-129	129	1253
-124	135	1246
-131	134	1243
-134	122	1241
-133	144	1255
-135	125	1245
-142	132	1271
-126	127	1253
-124	139	1262
-136	147	1268
-136	145	1244
-134	137	1229
-128	147	1271
-136	125	1245
-136	128	1239
-134	149	1238
-130	132	1227
-139	126	1223
-142	126	1220
-124	149	1232
-132	139	1228
-134	137	1224
-131	142	1267
-138	137	1232
-129	127	1222
-131	144	1213
-138	145	1207
-136	141	1206
-138	135	1203
-142	134	1205
-127	140	1209
-141	151	1298
-139	145	1079
-112	146	1079
-143	146	1184
-143	148	1173
-136	150	1165
-126	152	1211
-131	153	1119
-128	155	1182
-135	166	1184
-136	142	1163
-136	162	1154
-127	154	1267
-126	151	1122
-131	156	1221
-140	158	1174
-72	184	196
-53	124	-461
-38	100	-395
-44	95	-374
-55	83	-354
-41	82	-325
-43	81	-315
-43	74	-305
-45	74	-276
-42	55	-286
-41	57	-266
-44	61	-266
-45	49	-265
-43	44	-258
-28	48	-238
-30	43	-225
-37	31	-217
-42	36	-216
-42	50	-209
-23	32	-212
-46	52	-211
-39	43	-199
-37	31	-190
-42	33	-184
-46	37	-184
-36	24	-179
-37	23	-170
-37	27	-165
-34	17	-172
-40	11	-165
-39	27	-152
-50	20	-142
-46	17	-160
-38	7	-158
-46	12	-147
-28	7	-156
-35	16	-152
-36	20	-151
-57	10	-147
-40	7	-155
-48	8	-147
-33	11	-146
-37	7	-142
-32	19	-153
-29	1	-146
-37	26	-143
-41	15	-145
-54	-1	-146
-41	8	-133
-36	1	-150
-45	9	-142
-46	-1	-146
-41	-3	-121
-36	11	-132
-47	-3	-128
-35	2	-130
-28	10	-132
-26	18	-120
-22	8	-123
-39	7	-123
-25	-3	-133
-41	-2	-115
-35	6	-122
-48	21	-129
-28	35	-115
-32	10	-110
-40	18	-98
-42	1	-121
-42	9	-121
-46	6	-113
-32	3	-128
-40	4	-109
-34	22	-122
-38	9	-120
-41	3	-117
-38	17	-111
-39	7	-115
-39	-4	-123
-44	9	-111
-46	4	-122
-46	7	-123
-40	-2	-116
-52	-11	36
-127	-52	1662
-124	-38	1118
-133	-69	1634
-124	-31	1336
-134	-32	1403
-108	-29	1290
-125	-20	1273
-117	-20	1262
-125	-13	1236
-120	0	1272
-114	-16	1208
-118	-1	1200
-128	-1	1215
-115	-5	1195
-113	2	1199
-134	-5	1187
-107	7	1217
-130	16	1165
-128	10	1213
-123	7	1142
-124	4	1126
-130	11	1133
-126	17	1148
-118	20	1106
-130	5	1107
-128	-6	1114
-133	1	1148
-138	1	1095
-118	8	1109
-130	26	1121
-132	7	1098
-126	21	1121
-127	12	1112
-133	13	1104
-131	18	1099
-128	13	1085
-118	16	1089
-125	9	1087
-122	13	1092
-118	25	1101
-130	24	1085
-117	12	1077
-120	24	1086
-139	31	1080
-138	25	1074
-120	29	1061
-139	23	1063
-131	17	1128
-122	17	1136
-123	36	1110
-133	34	1075
-133	24	1076
-128	33	1091
-126	21	1088
-132	40	1082
-118	33	1082
-133	25	1070
-125	34	1096
-121	37	1082
-121	31	1076
-122	29	1072
-125	44	1088
-126	31	1068
-113	33	1123
-126	34	1071
-126	37	1072
-118	40	1066
-118	34	1072
-124	41	1082
-122	52	1056
-126	41	1062
-123	37	1055
-115	34	1064
-134	18	1212
-128	40	1030
-136	31	1117
-120	33	1105
-115	51	963
-121	38	980
-127	33	1050
-142	42	955
-123	35	1046
-128	36	1007
-142	38	1018
-127	24	1039
-130	47	1024
-133	35	1042
-127	42	1068
-116	72	1008
-127	44	1112
-38	110	-482
-51	96	-432
-49	82	-402
-60	66	-364
-52	56	-338
-45	70	-311
-49	73	-298
-39	55	-293
-52	53	-302
-39	48	-274
-55	42	-277
-53	50	-261
-48	46	-259
-33	37	-251
-33	48	-245
-37	35	-242
-42	48	-249
-36	39	-226
-37	45	-221
-40	39	-230
-28	16	-215
-46	32	-226
-31	33	-207
-48	27	-206
-34	31	-200
-43	35	-201
-41	25	-199
-26	36	-203
-49	27	-194
-34	20	-195
-42	27	-205
-41	28	-196
-35	33	-190
-37	23	-187
-38	29	-184
-29	52	-180
-35	29	-184
-48	22	-189
-34	24	-193
-44	26	-166
-43	18	-177
-28	22	-174
-38	21	-168
-32	12	-156
-45	18	-162
-40	41	-169
-53	35	-158
-49	13	-164
-50	24	-157
-34	17	-157
-47	22	-158
-37	24	-170
-41	17	-151
-44	6	-145
-36	17	-152
-49	15	-154
-52	25	-133
-36	55	-146
-47	19	-149
-26	17	-136
-34	19	-133
-40	13	-149
-37	22	-153
-41	1	-144
-38	27	-148
-35	21	-147
-48	9	-143
-44	11	-145
-41	36	-144
-38	6	-149
-48	5	-149
-48	21	-133
-34	9	-147
-41	5	-128
-45	8	-134
-38	15	-132
-29	17	-125
-47	15	-143
-26	3	-119
-33	10	-130
-33	-4	-124
-39	11	-119
-21	8	-116
-46	-2	-118
-31	8	-123
-23	15	-104
-22	0	-126
-27	-9	-116
-33	1	-121
-31	10	-129
-34	4	-121
-49	17	-106
-44	4	-109
-28	7	-124
-41	5	-121
-36	-14	-119
-27	-7	-128
-36	-3	-109
-30	-3	-121
-32	16	-98
-91	-117	1070
-135	-152	1623
-108	-109	1167
-122	-121	1258
-111	-112	1224
-113	-100	1097
-122	-102	1053
-120	-92	1076
-125	-75	1042
-111	-87	1014
-110	-63	1093
-113	-78	1037
-102	-82	999
-113	-84	1000
-114	-70	989
-121	-66	1008
-90	-75	982
-108	-74	979
-123	-78	1056
-122	-75	1042
-100	-57	880
-109	-65	903
-120	-71	907
-122	-72	1033
-124	-79	909
-123	-79	916
-119	-56	921
-112	-62	924
-108	-55	935
-119	-56	908
-117	-69	930
-111	-65	915
-119	-59	916
-115	-72	917
-103	-81	922
-112	-61	915
-117	-74	917
-120	-67	916
-123	-65	920
-116	-46	913
-112	-57	919
-122	-58	936
-120	-72	905
-112	-70	896
-127	-47	901
-120	-62	904
-126	-67	954
-117	-60	939
-113	-51	880
-116	-54	889
-103	-68	913
-113	-56	908
-133	-55	904
-119	-23	896
-113	-63	904
-125	-48	882
-116	-52	890
-122	-60	891
-113	-61	895
-113	-49	896
-119	-53	893
-116	-52	890
-115	-63	899
-111	-64	893
-108	-50	893
-125	-49	897
-109	-54	863
-117	-66	876
-124	-67	886
-120	-55	877
-119	-52	873
-116	-51	888
-125	-48	876
-113	-55	789
-135	-68	978
-135	-59	1015
-95	-34	768
-102	-47	841
-115	-47	873
-133	-43	758
-130	-51	917
-109	-51	848
-118	-48	897
-129	-51	860
-110	-48	868
-122	-60	784
-113	-51	879
-125	-53	860
-105	-40	747
-53	68	-479
-47	54	-410
-53	57	-364
-38	59	-361
-46	51	-330
-43	44	-315
-53	45	-289
-51	59	-294
-44	37	-282
-57	37	-277
-41	48	-271
-48	26	-262
-53	34	-252
-45	31	-253
-49	36	-236
-33	24	-230
-50	24	-242
-48	31	-232
-47	27	-220
-46	39	-229
-34	22	-211
-26	30	-212
-46	23	-215
-40	23	-216
-53	13	-210
-45	32	-193
-47	18	-187
-41	32	-184
-45	17	-183
-40	27	-183
-26	28	-188
-30	30	-191
-33	25	-185
-40	11	-179
-49	21	-179
-51	10	-175
-44	36	-173
-43	23	-163
-31	19	-166
-47	10	-168
-39	15	-165
-40	16	-163
-40	31	-167
-29	40	-168
-20	8	-178
-41	21	-165
-44	15	-162
-34	14	-162
-45	8	-150
-36	11	-156
-46	11	-150
-37	24	-166
-31	10	-137
-32	15	-148
-46	13	-161
-36	14	-153
-39	11	-149
-45	5	-139
-53	8	-149
-38	-4	-136
-43	11	-136
-41	30	-149
-45	17	-152
-31	11	-125
-25	7	-142
-37	14	-135
-40	9	-133
-50	5	-139
-33	22	-131
-38	5	-138
-14	24	-138
-45	-2	-142
-29	9	-133
-34	13	-143
-35	-1	-133
-30	4	-137
-31	2	-114
-42	4	-134
-36	35	-104
-37	1	-117
-34	-8	-122
-31	1	-131
-45	7	-128
-36	-11	-123
-27	10	-133
-44	4	-122
-42	10	-126
-27	5	-124
-42	5	-133
-37	-5	-133
-39	13	-120
-26	-5	-127
-43	1	-123
-26	2	-128
-28	-3	-122
-35	-2	-120
-34	-3	-138
-34	-15	-111
-89	-92	571
-114	-179	1058
-91	-129	713
-103	-141	887
-111	-140	963
-101	-140	852
-99	-147	797
-99	-135	828
-102	-140	834
-115	-138	750
-105	-145	818
-107	-133	791
-105	-141	758
-104	-132	792
-106	-137	733
-109	-132	819
-105	-141	797
-100	-110	754
-100	-127	758
-114	-113	669
-119	-120	763
-100	-120	752
-109	-118	727
-114	-118	727
-98	-116	702
-104	-121	734
-102	-126	729
-103	-125	720
-100	-125	727
-111	-120	694
-103	-121	698
-112	-127	698
-108	-123	705
-105	-120	692
-103	-132	694
-100	-120	712
-100	-112	690
-104	-114	684
-110	-118	703
-109	-122	691
-107	-122	669
-124	-116	687
-114	-111	680
-112	-119	686
-106	-100	736
-100	-107	676
-103	-90	693
-107	-116	688
-102	-105	687
-97	-116	687
-109	-109	682
-108	-123	677
-113	-119	679
-125	-112	681
-111	-108	672
-109	-112	690
-112	-110	686
-118	-110	667
-113	-105	688
-109	-118	677
-106	-116	671
-110	-119	667
-105	-103	669
-107	-109	671
-107	-110	670
-107	-107	660
-106	-110	672
-114	-97	674
-106	-110	668
-118	-115	681
-113	-107	674
-110	-114	675
-100	-115	666
-105	-105	662
-102	-103	669
-108	-112	663
-97	-113	673
-97	-103	548
-123	-123	764
-110	-116	687
-93	-96	674
-98	-111	623
-118	-123	719
-113	-104	657
-122	-103	646
-113	-107	653
-121	-115	707
-101	-104	647
-95	-100	644
-109	-110	692
-41	39	-454
-42	43	-388
-25	40	-379
-32	45	-323
-29	21	-302
-34	31	-301
-43	47	-285
-37	43	-249
-48	25	-264
-31	26	-259
-39	26	-244
-43	22	-254
-36	18	-237
-54	28	-228
-39	15	-235
-29	15	-215
-41	19	-216
-39	22	-208
-36	16	-191
-34	6	-203
-38	19	-208
-48	32	-195
-35	16	-207
-32	19	-195
-32	23	-188
-31	13	-192
-45	33	-138
-33	4	-186
-29	22	-161
-34	19	-178
-36	15	-177
-39	10	-181
-30	14	-168
-30	30	-169
-39	7	-160
-34	21	-170
-35	27	-182
-49	5	-161
-45	8	-157
-39	19	-159
-34	21	-165
-32	14	-161
-37	32	-161
-46	15	-150
-28	10	-163
-34	15	-154
-34	7	-132
-44	5	-142
-36	1	-136
-39	22	-146
-31	12	-140
-35	13	-94
-31	19	-141
-40	25	-148
-37	-3	-135
-34	-1	-149
-42	0	-154
-34	15	-142
-48	12	-139
-25	20	-125
-43	9	-128
-37	-1	-133
-34	10	-128
-32	8	-117
-40	-2	-136
-38	7	-129
-38	3	-128
-37	5	-129
-43	13	-130
-45	6	-131
-30	1	-132
-31	-2	-121
-41	3	-134
-48	-6	-136
-50	8	-129
-38	-6	-124
-37	-1	-120
-45	-4	-121
-44	5	-127
-46	4	-129
-44	13	-127
-37	18	-123
-42	5	-133
-41	35	-123
-50	-2	-121
-52	1	-130
-46	1	-133
-40	2	-118
-47	-2	-135
-41	2	-124
-51	-3	-120
-44	-3	-120
-47	19	-120
-41	15	-121
-41	6	-134
-39	-6	-113
-49	-15	-84
-89	-134	502
-103	-197	814
-92	-152	551
-101	-174	654
-91	-166	594
-97	-169	607
-110	-168	569
-114	-164	614
-99	-170	564
-94	-183	547
-105	-168	575
-100	-165	581
-105	-171	545
-107	-170	533
-107	-166	552
-107	-176	553
-111	-160	541
-99	-165	566
-98	-143	495
-111	-152	505
-91	-142	481
-106	-161	521
-110	-161	480
-111	-148	483
-115	-164	491
-92	-160	475
-96	-161	495
-104	-155	501
-109	-159	494
-99	-164	512
-113	-157	472
-114	-152	487
-109	-160	497
-107	-167	487
-113	-147	473
-103	-167	487
-106	-148	479
-107	-158	471
-99	-170	477
-108	-141	479
-105	-150	501
-95	-150	475
-95	-150	477
-103	-153	462
-98	-148	466
-110	-160	471
-98	-148	465
-102	-151	468
-109	-157	485
-105	-153	469
-112	-156	462
-93	-137	464
-107	-140	502
-105	-144	501
-104	-163	475
-100	-150	468
-106	-161	465
-83	-153	459
-97	-144	464
-102	-149	464
-111	-157	470
-106	-152	473
-117	-144	468
-110	-155	456
-108	-149	468
-106	-165	461
-107	-151	471
-108	-142	456
-105	-147	447
-106	-149	458
-110	-144	459
-107	-156	456
-102	-142	479
-104	-146	443
-99	-155	454
-109	-154	454
-115	-145	528
-103	-135	445
-116	-136	419
-108	-137	427
-120	-150	501
-101	-158	444
-120	-137	422
-108	-144	475
-114	-138	457
-100	-146	460
-103	-149	461
-105	-145	511
-106	-141	433
-111	-128	421
-106	-134	401
-95	-147	488
-34	32	-411
-57	38	-351
-55	31	-303
-34	19	-292
-48	37	-270
-46	17	-268
-38	26	-243
-37	37	-242
-62	21	-214
-55	22	-227
-55	18	-225
-39	13	-230
-50	12	-218
-44	23	-204
-48	11	-204
-49	10	-203
-45	11	-197
-36	5	-193
-39	22	-185
-53	18	-197
-46	20	-173
-37	13	-180
-42	13	-189
-33	23	-185
-48	28	-184
-51	22	-178
-36	-1	-176
-36	7	-172
-40	19	-180
-39	10	-169
-35	4	-179
-35	3	-161
-40	12	-157
-45	15	-162
-48	23	-123
-34	2	-144
-36	11	-156
-38	-7	-157
-38	11	-154
-29	12	-152
-42	5	-164
-30	10	-148
-42	17	-147
-36	5	-146
-43	6	-143
-47	11	-131
-45	9	-131
-32	16	-142
-45	1	-134
-39	2	-124
-34	10	-137
-38	14	-150
-32	10	-138
-33	3	-146
-30	5	-145
-34	6	-124
-32	2	-135
-49	14	-127
-40	10	-126
-51	2	-130
-41	13	-134
-52	-4	-141
-39	5	-138
-37	-3	-134
-31	6	-134
-32	-10	-128
-43	-3	-126
-51	-5	-121
-46	10	-130
-38	21	-129
-45	3	-104
-45	7	-126
-40	16	-116
-52	4	-115
-38	5	-131
-48	5	-121
-46	12	-131
-33	9	-123
-41	3	-127
-43	11	-85
-49	9	-114
-56	21	-121
-43	2	-123
-52	14	-125
-37	10	-126
-40	8	-113
-34	-2	-116
-31	7	-110
-34	1	-136
-29	-7	-122
-38	12	-114
-28	-8	-125
-87	-145	432
-112	-223	681
-88	-173	439
-74	-152	350
-89	-183	432
-87	-174	377
-95	-179	360
-101	-172	381
-89	-185	372
-98	-175	354
-97	-184	350
-98	-179	339
-101	-186	363
-103	-167	348
-115	-188	316
-100	-179	340
-97	-168	317
-78	-155	277
-97	-177	366
-111	-172	365
-100	-155	273
-110	-165	282
-98	-162	318
-104	-141	289
-96	-158	309
-95	-166	307
-105	-138	307
-100	-173	311
-103	-168	334
-105	-164	309
-107	-163	291
-112	-165	315
-105	-158	304
-112	-174	305
-109	-163	311
-94	-163	292
-106	-143	315
-107	-166	305
-108	-175	301
-114	-158	308
-112	-151	296
-97	-159	298
-97	-162	282
-98	-172	292
-95	-175	290
-104	-125	295
-112	-166	284
-102	-163	293
-107	-159	305
-110	-162	277
-104	-146	289
-110	-155	287
-103	-168	282
-103	-159	280
-110	-148	299
-103	-144	281
-107	-164	274
-109	-167	278
-105	-169	285
-93	-175	293
-108	-162	288
-102	-169	279
-98	-173	283
-100	-157	282
-103	-153	293
-104	-157	311
-109	-166	282
-109	-163	292
-100	-132	284
-111	-165	312
-95	-168	263
-113	-153	264
-102	-161	281
-97	-169	267
-91	-174	351
-94	-158	224
-97	-160	245
-111	-148	233
-98	-150	233
-99	-154	259
-111	-169	208
-107	-183	308
-99	-179	314
-98	-169	277
-99	-167	281
-99	-165	270
-93	-163	311
-114	-160	332
-97	-155	288
-89	-156	269
-91	-159	140
-33	-28	-247
-43	19	-274
-49	20	-257
-46	19	-233
-38	13	-220
-41	5	-222
-40	12	-207
-51	-3	-182
-38	3	-205
-50	7	-178
-44	31	-180
-38	1	-169
-26	12	-173
-31	9	-188
-44	15	-170
-48	15	-162
-36	10	-157
-43	9	-158
-39	8	-158
-36	7	-161
-44	1	-171
-42	25	-157
-28	6	-153
-39	9	-158
-37	18	-152
-38	12	-151
-43	15	-158
-41	7	-137
-33	20	-111
-48	8	-136
-35	4	-129
-43	12	-133
-48	1	-134
-52	2	-129
-38	-2	-128
-46	5	-136
-32	5	-119
-34	9	-140
-40	12	-128
-32	22	-129
-48	24	-125
-40	14	-133
-44	13	-129
-41	13	-124
-36	2	-129
-44	4	-138
-40	10	-129
-33	18	-126
-37	-5	-134
-44	4	-125
-38	1	-132
-46	26	-94
-30	13	-113
-44	6	-129
-46	5	-129
-44	7	-126
-45	7	-126
-41	-8	-113
-28	16	-121
-34	21	-121
-38	5	-127
-36	21	-122
-56	11	-120
-38	9	-108
-49	3	-121
-46	11	-122
-51	4	-92
-48	-4	-114
-41	2	-115
-53	8	-131
-37	6	-119
-41	0	-113
-40	-2	-116
-56	-9	-110
-41	-5	-120
-45	0	-106
-45	8	-113
-38	1	-122
-49	-3	-121
-45	9	-119
-30	-16	-102
-27	19	-115
-36	-8	-107
-41	-3	-101
-43	1	-97
-34	-1	-97
-28	0	-106
-38	4	-105
-56	9	-107
-48	-5	-98
-37	5	-110
-55	5	-110
-39	5	-103
-45	1	-109
-42	-4	-104
-48	9	-108
-57	11	-91
-52	-10	-100
-33	-10	-105
-45	-3	-94
-83	-91	316
-112	-215	380
-80	-156	169
-85	-172	205
-90	-171	205
-105	-183	223
-101	-183	165
-107	-188	191
-91	-161	160
-94	-170	174
-106	-171	178
-113	-173	163
-101	-176	151
-99	-176	161
-104	-174	164
-105	-164	159
-103	-175	174
-101	-178	145
-97	-168	136
-93	-170	156
-104	-160	136
-111	-173	136
-98	-176	140
-101	-160	143
-113	-171	139
-98	-183	114
-99	-172	135
-102	-173	145
-98	-165	127
-110	-183	118
-98	-169	127
-102	-181	138
-102	-168	140
-100	-162	142
-90	-170	133
-104	-172	123
-100	-174	126
-113	-180	128
-115	-177	124
-113	-178	120
-102	-148	133
-98	-168	134
-97	-176	141
-111	-174	123
-100	-184	128
-102	-181	123
-92	-163	132
-98	-162	120
-107	-179	151
-111	-183	137
-109	-175	113
-101	-171	129
-106	-172	114
-91	-176	132
-100	-181	129
-113	-145	122
-102	-184	107
-102	-166	120
-119	-181	113
-113	-168	122
-115	-174	123
-112	-184	126
-113	-177	127
-109	-178	113
-103	-166	125
-105	-164	125
-113	-173	128
-98	-175	130
-106	-178	125
-107	-167	116
-94	-166	122
-102	-154	120
-92	-171	112
-101	-146	83
-83	-162	83
-95	-175	132
-102	-169	121
-110	-167	109
-95	-158	112
-111	-139	133
-96	-143	136
-102	-173	102
-105	-175	116
-97	-175	121
-108	-166	117
-99	-162	91
-90	-171	136
-113	-168	140
-74	-103	-61
-42	-26	-244
-55	-13	-227
-51	21	-205
-56	-5	-191
-52	7	-181
-52	8	-184
-49	-7	-170
-53	4	-166
-49	18	-153
-50	-1	-156
-42	8	-147
-49	-1	-142
-49	2	-137
-64	-8	-148
-59	1	-137
-46	-3	-140
-42	16	-122
-49	-6	-134
-43	8	-128
-44	-1	-125
-57	-9	-127
-50	-13	-117
-56	9	-114
-59	-2	-125
-47	-1	-122
-47	10	-126
-50	4	-114
-63	-1	-122
-61	-9	-115
-32	4	-133
-39	1	-112
-36	9	-108
-45	-2	-123
-49	-5	-121
-40	15	-111
-43	-3	-105
-44	3	-117
-40	1	-113
-39	-4	-111
-42	4	-108
-54	11	-104
-44	-13	-109
-35	-16	-111
-41	-11	-103
-39	-1	-106
-23	-8	-110
-44	-21	-100
-34	-10	-90
-41	0	-103
-44	9	-111
-41	-5	-109
-49	-4	-95
-46	0	-105
-32	-9	-98
-38	-6	-90
-45	4	-109
-42	-12	-90
-41	-3	-104
-34	0	-106
-56	-7	-107
-39	-5	-97
-38	-3	-102
-41	0	-28
-42	-10	-94
-44	-6	-104
-39	-11	-93
-35	-13	-113
-47	13	-90
-47	-6	-99
-33	-3	-103
-43	-13	-100
-39	-10	-98
-46	0	-92
-60	-1	-107
-65	-7	-110
-47	-1	-104
-59	-13	-93
-38	-17	-100
-50	-2	-94
-65	-2	-93
-57	-9	-104
-55	-5	-86
-54	-6	-102
-53	-4	-100
-54	-13	-96
-56	-10	-85
-51	-10	-80
-49	-6	-86
-55	-6	-90
-51	0	-98
-47	-9	-99
-50	-24	-105
-55	-6	-105
-53	-14	-99
-49	-7	-102
-47	-8	-106
-52	-21	-105
-38	-24	-89
-90	-120	61
-107	-215	143
-88	-148	116
-98	-175	60
-101	-198	76
-104	-179	48
-106	-182	28
-95	-167	53
-100	-183	37
-101	-190	46
-102	-177	31
-102	-187	35
-99	-188	28
-103	-179	33
-107	-192	27
-107	-179	10
-113	-190	26
-109	-173	23
-107	-187	20
-108	-173	22
-102	-185	6
-96	-176	17
-108	-170	43
-120	-183	15
-96	-172	9
-106	-181	15
-113	-179	15
-109	-171	17
-119	-189	15
-117	-159	-1
-111	-172	6
-96	-176	3
-115	-179	12
-107	-173	7
-108	-181	9
-108	-179	14
-99	-176	12
-107	-188	4
-110	-192	2
-101	-185	14
-117	-184	13
-105	-191	5
-113	-186	37
-112	-177	4
-101	-173	1
-104	-177	10
-100	-183	7
-95	-185	5
-101	-159	6
-105	-179	14
-103	-182	14
-100	-183	60
-104	-176	4
-102	-184	2
-103	-184	11
-105	-166	4
-108	-178	8
-102	-186	8
-97	-182	5
-92	-188	2
-105	-188	12
-104	-182	13
-93	-181	8
-94	-184	-5
-92	-192	6
-96	-172	-10
-96	-191	1
-85	-183	1
-104	-185	2
-94	-171	13
-95	-179	14
-113	-163	11
-96	-180	-12
-79	-172	22
-84	-165	-19
-84	-177	3
-85	-183	-6
-94	-173	11
-94	-184	3
-98	-174	-7
-95	-175	21
-91	-185	27
-99	-150	5
-104	-169	13
-105	-184	10
-104	-139	11
-99	-187	28
-98	-194	29
-53	-54	-117
-40	-14	-182
-61	-22	-151
-52	-28	-146
-60	-16	-137
-46	-27	-123
-38	-5	-123
-44	-13	-123
-54	-12	-123
-40	0	-117
-44	-20	-107
-50	-14	-90
-37	-11	-97
-47	-6	-114
-56	-14	-105
-57	-6	-110
-56	-7	-113
-47	-10	-100
-51	-23	-108
-35	-2	-114
-49	-2	-117
-45	-3	-116
-48	-13	-104
-55	-11	-85
-43	-17	-100
-41	-9	-104
-45	-12	-96
-48	-11	-96
-41	-14	-106
-50	-7	-98
-45	-18	-103
-48	-17	-96
-37	-21	-95
-42	-4	-28
-49	-17	-112
-39	-11	-114
-51	-13	-98
-39	-5	-94
-54	-12	-96
-44	-13	-89
-51	-6	-90
-43	-15	-94
-44	-10	-90
-43	-24	-70
-44	1	-85
-49	-16	-83
-46	-17	-90
-41	-18	-95
-50	-16	-85
-46	-29	-95
-52	-17	-91
-47	-12	-94
-52	-8	-106
-45	-20	-101
-55	-11	-89
-54	-2	-72
-58	-6	-67
-39	-4	-91
-64	-16	-61
-56	-7	-96
-54	-18	-93
-40	-15	-87
-55	-13	-88
-65	-15	-87
-46	-18	-88
-55	4	-69
-58	-21	-89
-48	-4	-83
-46	-14	-78
-48	-8	-85
-54	-10	-82
-38	-25	-89
-40	-10	-63
-42	-20	-79
-55	-24	-85
-50	-9	-88
-43	-10	-94
-49	-10	-77
-45	-14	-94
-51	-15	-80
-44	-24	-98
-52	-12	-95
-37	-32	-89
-47	-11	-73
-41	4	-61
-42	-20	-83
-56	-10	-96
-53	-7	-95
-60	-8	-81
-49	-1	-101
-48	-12	-84
-45	-12	-107
-48	-1	-81
-43	-18	-81
-41	-15	-87
-51	-10	-87
-55	-22	-80
-36	-14	-93
-58	-10	-76
-52	-27	-102
-63	-45	-59
-115	-220	-39
-110	-201	-28
-91	-171	-52
-100	-182	-53
-99	-171	-43
-95	-184	-65
-95	-192	-56
-100	-184	-71
-99	-135	-56
-94	-164	-61
-95	-181	-58
-89	-187	-61
-99	-178	-74
-92	-178	-42
-99	-185	-56
-97	-179	-74
-94	-173	-68
-113	-174	-62
-90	-162	-81
-86	-188	-72
-93	-159	-64
-105	-175	-77
-81	-177	-83
-95	-184	-65
-92	-164	-76
-99	-173	-62
-89	-169	-40
-93	-170	-65
-96	-170	-59
-92	-169	-65
-99	-170	-67
-103	-191	-72
-103	-181	-65
-114	-177	-56
-102	-182	-66
-94	-175	-71
-109	-180	-83
-106	-187	-69
-97	-170	-71
-101	-169	-61
-88	-165	-70
-102	-163	-69
-96	-171	-64
-106	-171	-59
-101	-177	-66
-99	-184	-69
-98	-172	-78
-94	-177	-53
-97	-156	-47
-98	-170	-72
-95	-179	-68
-101	-170	-76
-105	-180	-68
-98	-172	-75
-108	-183	-38
-102	-172	-72
-89	-176	-57
-96	-171	-73
-100	-167	-63
-103	-170	-62
-93	-157	-61
-101	-169	-66
-113	-178	-69
-98	-176	-54
-99	-182	-54
-104	-178	-56
-109	-173	-78
-102	-169	-58
-93	-174	-67
-105	-171	-68
-103	-165	-63
-104	-167	-72
-98	-162	-56
-92	-175	-58
-97	-178	-66
-101	-179	-73
-91	-168	-63
-91	-155	-59
-119	-199	-56
-92	-161	-44
-96	-176	-69
-86	-174	-74
-87	-161	-82
-89	-160	-80
-86	-164	-73
-101	-172	-72
-92	-181	-59
-105	-171	-70
-101	-171	-66
-92	-166	-71
-97	-181	-60
-100	-176	-59
-104	-172	-63
-93	-173	-58
-96	-166	-53
-49	-14	-119
-42	-14	-117
-58	-5	-116
-59	1	-108
-48	2	-108
-52	-10	-100
-55	-6	-101
-49	-9	-103
-43	-5	-99
-50	-16	-95
-49	-18	-94
-54	-8	-99
-55	-15	-92
-46	-8	-87
-52	-11	-73
-38	-20	-79
-45	2	-76
-47	-13	-67
-42	9	-50
-39	-7	-90
-52	-18	-92
-53	-18	-77
-49	8	-89
-50	-3	-82
-49	-19	-73
-46	-8	-71
-47	-7	-70
-32	0	-83
-53	-11	-76
-55	-16	-75
-37	-17	-81
-44	-14	-99
-52	-1	-94
-55	-3	-79
-42	0	-76
-42	-15	-78
-50	-17	-92
-39	-2	-91
-42	-18	-78
-52	-3	-76
-57	-5	-81
-45	-14	-73
-29	9	-71
-47	-4	-74
-60	-1	-72
-45	-5	-65
-46	-4	-75
-56	-6	-86
-48	4	-90
-42	-9	-85
-35	-10	-66
-37	-11	-77
-46	-14	-86
-46	-15	-73
-51	-14	-87
-43	-8	-64
-37	-7	-68
-40	-5	-67
-42	-11	-79
-41	-15	-61
-49	-3	-64
-51	-10	-69
-46	-10	-74
-42	-11	-60
-43	-2	-75
-58	-19	-95
-52	-12	-84
-49	-25	-73
-50	-11	-73
-51	-12	-45
-53	-23	-69
-52	-20	-73
-49	-16	-71
-40	-9	-80
-45	-23	-79
-43	-9	-70
-46	-16	-79
-56	-17	-76
-47	-8	-75
-40	-15	-81
-49	-12	-96
-41	-29	-70
-45	-10	-75
-42	-26	-68
-50	-20	-82
-53	-23	-80
-51	-10	-79
-33	-11	-88
-54	-31	-71
-38	-17	-62
-39	-11	-87
-45	-21	-79
-40	-22	-86
-43	-14	-70
-45	-18	-79
-44	-26	-52
-51	-7	-75
-57	-4	-81
-49	-23	-75
-38	-17	-82
-45	-10	-78
-55	-13	-76
-51	-11	-86
-29	-3	-67
-31	-11	-74
-47	-2	-83
-48	0	-79
-42	-8	-66
-37	-1	-77
-34	-2	-75
-46	6	-78
-40	-10	-80
-41	-6	-77
-45	-3	-73
-49	-12	-74
-40	-6	-86
-46	-18	-80
-42	-15	-73
-40	-2	-63
-37	11	-72
-38	-5	-80
-54	-6	-60
-43	-20	-76
-52	-23	-71
-47	-21	-64
-39	-17	-67
-42	-17	-69
-41	-23	-77
-47	-17	-77
-37	-3	-87
-52	-16	-76
-50	-13	-69
-53	-16	-70
-35	-30	-75
-43	-5	-48
-37	15	-77
-51	-13	-78
-46	-30	-76
-46	-13	-69
-50	-23	-61
-34	-15	-88
-54	-22	-77
-50	-16	-89
-46	-28	-84
-45	-10	-89
-46	-9	-63
-59	-26	-83
-36	-11	-83
-42	-21	-78
-51	-20	-80
-39	-30	-74
-38	-11	-84
-45	-14	-68
-44	-12	-79
-43	-31	-81
-40	-8	-93
-38	-19	-76
-51	-6	-86
-42	-6	-77
-38	-2	-77
-55	-14	-73
-50	-27	-79
-51	-17	-71
-48	-14	-75
-56	-15	-71
-66	-26	-89
-47	-12	-73
-51	-14	-64
-48	-2	-80
-51	-16	-82
-43	-17	-84
-48	-12	-66
-49	-25	-74
-50	-12	-59
-52	-3	-78
-56	-7	-71
-51	-20	-76
-43	-24	-72
-57	-15	-78
-49	-17	-72
-51	-18	-82
-53	4	-42
-45	-8	-80
-52	-10	-66
-43	-21	-73
-46	-17	-66
-54	-23	-84
-54	-16	-73
-33	-10	-71
-35	-28	-70
-52	-16	-70
-49	-25	-61
-44	-10	-20
-42	-16	-74
-52	-20	-59
-58	-5	-73
-58	-27	-76
-50	-25	-63
-48	-19	-64
-48	-22	-83
-50	-18	-76
-57	-20	-69
-57	-11	-71
-55	-22	-82
-40	-20	-71
-46	-16	-78
-45	-23	-70
-45	-27	-65
-48	-18	-69
-55	-15	-29
-44	-2	-79
-49	-14	-83
-49	-9	-70
-45	-21	-59
-58	-14	-83
-53	-23	-86
-41	-23	-87
-57	-22	-50
-43	-18	-77
-54	-12	-77
-53	-15	-78
-40	-15	-65
-58	-13	-63
-52	-24	-55
-40	-21	-70
-45	-26	-71
-35	-18	-73
-35	-15	-72
-41	-17	-79
-47	-18	-77
-47	-12	-68
-35	-17	-77
-49	-29	-87
-51	-4	-34
-42	-6	-83
-49	-11	-73
-56	-8	-66
-46	-22	-67
-47	-6	-79
-43	-26	-83
-48	-17	-82
-50	-17	-70
-41	-13	-73
-49	-11	-68
-50	-28	-67
-46	-12	-71
-37	-27	-81
-45	-33	-72
-50	-24	-68
-61	-20	-68
-56	-15	-78
-38	-21	-71
-37	-28	-80
-52	-15	-65
-45	-15	-76
-58	-19	-78
-56	-35	-44
-43	-13	-70
-42	-20	-72
-45	-16	-68
-40	-19	-69
-37	-25	-79
-51	-6	-49
-52	-14	-75
-64	-26	-65
-46	-15	-75
-47	-6	-72
-49	-7	-61
-49	-8	-69
-57	-13	-79
-49	-8	-67
-46	7	-66
-55	-14	-73
-58	-18	-77
-57	-11	-75
-48	-8	-71
-57	-14	-85
-57	-13	-69
-51	-26	-71
-60	-9	-77
-60	-15	-73
-59	-13	-86
-39	-7	-73
-50	-9	-91
-44	-9	-62
-47	-10	-82
-42	-20	-69
-57	-22	-79
-45	-11	-67
-46	-4	-82
-52	-8	-84
-54	0	-77
-46	-8	-73
-46	-13	-64
-53	-6	-66
-47	-5	-73
-41	-15	-75
-57	-13	-83
-39	-16	-66
-53	-25	-67
-48	7	-68
-50	-9	-79
-52	-18	-72
-47	-19	-62
-43	-26	-72
-48	-18	-82
-65	-18	-64
-50	-18	-83
-41	-20	-77
-53	-25	-73
-49	-9	-76
-48	-15	-66
-55	-11	-82
-52	-15	-83
-57	-5	-75
-50	-6	-76
-64	-19	-81
-54	-13	-67
-54	-19	-84
-51	-17	-89
-45	-9	-75
-48	-23	-85
-39	-19	-77
-47	-16	-70
-63	-17	-89
-49	-12	-77
-59	-19	-69
-46	-25	-73
-40	-25	-83
-44	-22	-75
-50	-26	-67
-55	-19	-72
-43	-17	-66
-45	-4	-64
-48	-16	-76
-42	-13	-68
-54	-23	-63
-55	-21	-41
-61	-18	-57
-58	-17	-53
-58	-20	-65
-45	-25	-68
-48	-18	-74
-52	-19	-71
-55	-14	-70
-61	-14	-69
-58	-18	-66
-56	-25	-67
-51	-15	-78
-46	-16	-67
-50	-24	-73
-50	-11	-64
-50	-5	-69
-56	-20	-83
-45	-21	-85
-54	-5	-78
-61	-17	-70
-54	-16	-65
-48	-15	-73
-51	-13	-71
-54	-19	-63
-46	-23	-78
-59	-8	-87
-59	-17	-76
-70	-7	-57
-62	-12	-66
-58	-23	-70
-48	-21	-69
-46	-18	-68
-45	-15	-78
-50	-10	-76
-61	-18	-67
-55	-20	-66
-57	-8	-76
-54	-9	-72
-48	-16	-72
-59	-17	-71
-56	-12	-69
-56	-14	-70
-54	-29	-54
-44	-15	-56
-50	-25	-31
-54	-6	-66
-45	-13	-74
-67	-14	-62
-60	-21	-34
-51	0	-76
-47	-8	-54
-47	-15	-63
-42	-19	-47
-55	-9	-72
-56	-17	-62
-51	-12	-68
-56	-20	-72
-54	-6	-74
-47	-17	-71
-57	-9	-64
-60	-22	-63
-64	-15	-81
-51	-10	-66
-45	-14	-75
-57	-19	-80
-52	-9	-65
-56	-10	-67
-52	-7	-60
-57	-14	-64
-51	-24	-66
-53	-15	-61
-50	-16	-81
-54	-26	-83
-55	-3	-67
-45	-13	-74
-44	-18	-67
-52	-19	-71
-58	-9	-82
-48	-9	-68
-60	-9	-66
-59	-9	-69
-49	-8	-69
-53	-8	-72
-40	-8	-64
-52	-5	-73
-47	-21	-69
-37	-18	-76
-57	-18	-64
-65	-3	-62
-52	-8	-63
-60	-19	-55
-54	-6	-61
-59	-14	-56
-52	-27	-48
-49	-18	-58
-52	-14	-68
-56	-25	-63
-54	-22	-73
-55	-22	-72
-51	-24	-69
-43	-30	-65
-54	-2	-69
-42	-16	-61
-55	-30	-59
-57	-12	-67
-56	-18	-62
-55	-25	-63
-48	-19	-62
-61	-24	-51
-62	-8	-70
-41	-13	-76
-48	-28	-66
-44	-38	-58
-55	-26	-59
-59	-9	-61
-55	-29	-64
-57	-25	-69
-37	-20	-52
-45	-26	-69
-59	-23	-67
-62	-23	-60
-49	-33	-67
-58	-19	-59
-41	-19	-61
-58	-24	-62
-46	-23	-60
-62	-15	-58
-51	-28	-70
-56	-28	-65
-53	-17	-66
-50	-21	-76
-50	-28	-70
-60	-38	-68
-64	-16	-63
-64	-7	-71
-60	-14	-67
-57	-21	-51
-63	-12	-75
-58	-9	-66
-57	2	-65
-52	-17	-63
-55	-25	-49
-53	-16	-61
-66	-12	-61
-62	-7	-61
-47	-2	-61
-54	-7	-65
-61	-10	-58
-64	-24	-62
-60	-27	-53
-61	-9	-63
-57	-21	-66
-58	-11	-68
-54	-21	-43
-60	-21	-60
-65	5	-64
-51	-23	-59
-56	-20	-28
-63	-15	-71
-51	-24	-68
-71	-7	-61
-53	-13	-52
-57	-15	-66
-60	-14	-57
-56	-17	-71
-63	-23	-65
-62	-21	-71
-68	-11	-58
-48	-24	-62
-64	-21	-75
-60	-25	-75
-63	-24	-70
-57	-23	-53
-59	-13	-47
-56	-15	-67
-59	-28	-64
-46	-5	-40
-55	-21	-61
-54	-23	-72
-63	-18	-57
-45	-4	-38
-56	-10	-76
-58	-25	-80
-73	-21	-71
-48	-9	-65
-54	-8	-59
-54	-24	-81
-50	-12	-68
-49	-22	-73
-50	-11	-63
-50	-11	-72
-52	-24	-57
-57	-22	-69
-46	-19	-58
-55	-8	-77
-54	-14	-68
-51	-12	-63
-50	-28	-62
-51	-27	-64
-53	-24	-73
-60	-16	-66
-57	-29	-69
-60	-18	-76
-49	-17	-61
-67	-15	-68
-55	-29	-75
-37	-16	-69
-57	-24	-71
-48	-5	-72
-62	-30	-76
-41	-19	-62
-56	-12	-76
-44	-8	-72
-56	-22	-62
-48	-23	-62
-61	-16	-63
-54	-18	-66
-49	-30	-74
-40	-21	-77
-49	-22	-71
-51	-21	-69
-50	-27	-63
-55	-17	-66
-53	-26	-67
-59	-24	-60
-56	-23	-74
-47	-13	-32
-50	-38	-65
-45	-8	-73
-43	-6	-70
-49	-9	-66
-48	-15	-78
-59	-22	-71
-49	-17	-44
-43	-26	-64
-59	-25	-58
-57	-26	-73
-53	-8	-31
-54	-21	-67
-55	-31	-69
-48	-16	-64
-54	-18	-65
-59	-8	-70
-58	-28	-58
-57	-14	-63
-46	-21	-71
-51	-16	-72
-59	-13	-57
-60	-20	-57
-52	-16	-64
-36	-24	-63
-53	-20	-70
-45	-9	-54
-61	10	-54
-65	-17	-51
-60	-2	-51
-58	-7	-60
-53	-22	-64
-52	-14	-55
-54	-13	-28
-43	-24	-60
-61	-16	-53
-48	-24	-58
-44	-11	-58
-38	-6	-60
-50	-17	-55
-51	-18	-49
-44	-13	-60
-53	-22	-63
-59	-22	-66
-47	-9	-37
-50	-2	-34
-54	-15	-67
-55	-6	-66
-64	-14	-65
-51	-23	-59
-54	-18	-39
-48	-17	-70
-50	-23	-57
-50	-29	-58
-51	-24	-63
-63	-24	-55
-50	-19	-66
-49	-24	-73
-58	-21	-64
-57	-14	-62
-63	-20	-64
-64	-9	-69
-56	-22	-48
-68	-19	-62
-60	-2	-62
-62	-27	-60
-57	-20	-71
-56	-8	-68
-55	-29	-70
-57	-21	-59
-46	-25	-60
-47	-21	-64
-56	-14	-69
-51	-22	-70
-41	-21	-69
-66	-26	-67
-64	-21	-75
-48	8	-51
-45	-29	-67
-51	-22	-64
-46	-23	-65
-61	-24	-60
-57	-23	-60
-48	-34	-64
-37	-27	-62
-59	-23	-74
-41	-14	-64
-65	-15	-64
-48	-15	-67
-59	-16	-72
-54	-29	-47
-55	-32	-60
-53	-25	-81
-38	-21	-66
-52	-21	-61
-68	-35	-65
-51	-31	-72
-58	-22	-65
-46	-25	-71
-57	-27	-55
-52	-20	-70
-52	-18	-64
-46	-31	-51
-63	-17	-56
-64	-15	-65
-51	-14	-59
-58	-22	-77
-57	-26	-67
-54	-29	-74
-57	-18	-67
-54	-19	-67
-58	-27	-65
-63	-25	-76
-46	-26	-83
-55	-23	-56
-55	-20	-68
-58	-21	-86
-59	-31	-80
-54	-10	-76
-51	-11	-61
-49	-20	-73
-54	-21	-61
-46	-10	-64
-47	2	-27
-58	-20	-75
-53	-12	-70
-54	-12	-74
-62	1	-66
-53	-7	-43
-56	-20	-81
-51	-27	-68
-61	-7	-53
-52	-15	-62
-51	-6	-70
-67	-21	-52
-50	-29	-73
-55	-18	-63
-42	-19	-78
-59	-24	-59
-62	-14	-69
-66	-24	-60
-48	-23	-64
-53	-27	-68
-59	-25	-80
-59	-6	-63
-66	-21	-72
-55	-22	-62
-43	-32	-78
-65	-20	-67
-54	-13	-71
-60	-29	-72
-55	-24	-66
-61	-20	-66
-65	-28	-61
-72	-13	-67
-64	-30	-69
-68	-28	-70
-51	-22	-67
-55	-24	-73
-62	-28	-66
-62	-26	-74
-56	-25	-68
-59	-25	-71
-61	-30	-16
-62	-23	-65
-66	-31	-75
-50	-32	-64
-63	-28	-72
-50	-33	-73
-55	-35	-74
-53	-27	-44
-61	-32	-72
-55	-35	-68
-53	-16	-70
-50	-20	-70
-53	-19	-69
-46	-29	-69
-56	-25	-60
-59	-22	-72
-59	-24	-51
-57	-17	-62
-61	-23	-68
-47	-25	-64
-66	-19	-62
-65	-25	-74
-59	-19	-66
-66	-22	-61
-61	-31	-71
-53	-34	-67
-56	-16	-70
-60	-23	-88
-49	-33	-82
-51	-32	-60
-61	-22	-72
-57	-15	-63
-65	-17	-59
-71	-20	-75
-68	-27	-78
-53	-18	-78
-54	-25	-71
-52	-25	-74
-47	-37	-79
-54	-21	-71
-51	-27	-69
-57	-21	-41
-50	-24	-67
-59	-21	-60
-63	-29	-50
-48	-14	-59
-60	-25	-70
-64	-13	-45
-48	-18	-68
-63	-16	-74
-59	-35	-66
-54	-26	-61
-58	-29	-67
-55	-23	-72
-45	-28	-74
-56	-25	-68
-63	-26	-60
-46	-33	-74
-54	-25	-62
-42	-23	-71
-42	-19	-63
-56	-23	-65
-47	-35	-59
-59	-26	-62
-65	-24	-72
-60	-18	-73
-57	-20	-71
-63	-22	-65
-57	-23	-57
-55	-27	-77
-57	-18	-61
-64	-22	-64
-54	-9	-72
-57	-16	-49
-60	-19	-72
-55	-17	-60
-53	-21	-49
-60	-27	-69
-52	-19	-60
-54	-18	-60
-53	-21	-36
-53	-19	-43
-61	-27	-72
-59	-15	-56
-64	-27	-56
-56	-24	-71
-54	-23	-59
-64	-8	-40
-64	-24	-75
-67	-30	-65
-66	-21	-65
-51	-30	-59
-61	-33	-58
-53	-18	-65
-56	-34	-69
-51	-29	-69
-42	-26	-75
-61	-16	-74
-60	-26	-75
-46	-24	-64
-51	-13	-70
-64	-21	-71
-46	-29	-63
-46	-28	-79
-60	-33	-67
-58	-25	-73
-62	-24	-71
-64	-30	-81
-54	-17	-67
-59	-17	-82
-66	-22	-64
-39	-25	-71
-51	-32	-69
-56	-27	-83
-56	-27	-80
-55	-35	-77
-56	-12	-58
-60	-43	-72
-54	-22	-76
-63	-32	-71
-58	-32	-73
-44	-16	-72
-66	-29	-65
-70	-16	-59
-51	-43	-65
-67	-33	-75
-60	-31	-66
-72	-25	-70
-54	-28	-75
-55	-26	-70
-56	-23	-45
-55	-37	-68
-47	-41	-67
-57	-28	-69
-54	-23	-69
-60	-34	-65
-71	-29	-67
-60	-24	-69
-73	-23	-47
-52	-29	-59
-57	-29	-69
-60	-24	-54
-46	-6	-72
-58	-33	-62
-67	-26	-68
-62	-37	-72
-67	-31	-56
-58	-29	-60
-58	-25	-62
-47	-32	-54
-54	-13	-65
-54	-39	-64
-62	-43	-56
-54	-16	-66
-57	-22	-59
-62	-16	-66
-64	-9	-45
-64	-20	-69
-57	-40	-70
-56	-25	-57
-66	-32	-53
-66	-26	-58
-50	-31	-75
-49	-24	-66
-70	-16	-61
-66	-34	-70
-64	-33	-72
-53	-22	-65
-58	-22	-64
-55	-39	-74
-59	-33	-83
-59	-38	-52
-70	-28	-53
-58	-36	-66
-53	-22	-61
-49	-23	-73
-46	-40	-76
-52	-26	-66
-49	-30	-64
-56	-37	-65
-66	-34	-62
-57	-26	-82
-57	-31	-70
-63	0	-72
-49	-28	-70
-51	-40	-76
-65	-28	-80
-56	-26	-67
-55	-34	-74
-66	-21	-61
-60	-31	-76
-53	-15	-64
