4024, 15606, 231, 231, -1586
4024, 15605, 230, 230, -1586
4024, 15606, 230, 230, -1586
4024, 15606, 231, 231, -1586
4024, 15606, 231, 231, -1586
4025, 15606, 231, 231, -1586
4024, 15607, 231, 231, -1586
4023, 15606, 230, 230, -1586
4024, 15606, 230, 230, -1561
4023, 15606, 230, 230, -1561
4023, 15607, 230, 230, -1561
4023, 15607, 230, 230, -1561
4024, 15606, 231, 231, -1561
4025, 15605, 231, 231, -1561
4024, 15606, 230, 230, -1561
4023, 15606, 231, 231, -1561
4024, 15607, 230, 230, -1561
4024, 15607, 230, 230, -1561
4025, 15606, 230, 230, -1561
4024, 15606, 230, 230, -1561
4024, 15606, 230, 230, -1561
4024, 15606, 230, 230, -1561
4024, 15606, 230, 230, -1561
4024, 15606, 230, 230, -1561
4023, 15606, 230, 230, -1561
4024, 15606, 230, 230, -1561
4024, 15607, 230, 230, -1561
4024, 15606, 230, 230, -1561
4023, 15606, 230, 230, -1561
4023, 15606, 230, 230, -1561
4024, 15606, 230, 230, -1561
4024, 15606, 231, 231, -1561
4023, 15606, 230, 230, -1561
4023, 15606, 230, 230, -1541
4023, 15606, 230, 230, -1541
4023, 15606, 230, 230, -1541
4023, 15606, 229, 229, -1541
4023, 15607, 230, 230, -1541
4023, 15607, 230, 230, -1541
4023, 15606, 230, 230, -1541
4024, 15606, 230, 230, -1541
4024, 15607, 230, 230, -1541
4023, 15606, 231, 231, -1541
4023, 15606, 231, 231, -1541
4024, 15607, 230, 230, -1541
4024, 15607, 230, 230, -1541
4024, 15606, 230, 230, -1541
4024, 15607, 231, 231, -1541
4024, 15606, 230, 230, -1541
4023, 15606, 230, 230, -1541
4024, 15607, 230, 230, -1541
4024, 15607, 230, 230, -1541
4024, 15607, 230, 230, -1541
4024, 15606, 230, 230, -1541
4024, 15606, 230, 230, -1541
4024, 15606, 230, 230, -1541
4024, 15606, 230, 230, -1541
4024, 15607, 230, 230, -1539
4024, 15607, 230, 230, -1539
4024, 15606, 230, 230, -1539
4023, 15607, 230, 230, -1539
4025, 15606, 231, 231, -1539
4024, 15606, 231, 231, -1539
4024, 15606, 231, 231, -1539
4023, 15606, 230, 230, -1539
4024, 15607, 231, 231, -1539
4024, 15606, 230, 230, -1539
4024, 15606, 230, 230, -1539
4024, 15606, 230, 230, -1539
4023, 15606, 230, 230, -1539
4024, 15606, 231, 231, -1539
4024, 15606, 231, 231, -1539
4024, 15606, 230, 230, -1539
4023, 15606, 230, 230, -1539
4023, 15606, 230, 230, -1539
4024, 15606, 230, 230, -1539
4022, 15606, 230, 230, -1539
4024, 15607, 231, 231, -1539
4024, 15607, 231, 231, -1539
4025, 15606, 231, 231, -1539
4024, 15606, 230, 230, -1539
4023, 15605, 230, 230, -1545
4024, 15605, 230, 230, -1545
4024, 15606, 230, 230, -1545
4024, 15606, 231, 231, -1545
4024, 15608, 230, 230, -1545
4024, 15606, 230, 230, -1545
4024, 15606, 230, 230, -1545
4024, 15606, 230, 230, -1545
4025, 15607, 231, 231, -1545
4025, 15607, 231, 231, -1545
4024, 15606, 230, 230, -1545
4024, 15606, 230, 230, -1545
4023, 15606, 230, 230, -1545
4024, 15606, 230, 230, -1545
4024, 15607, 230, 230, -1545
4023, 15606, 230, 230, -1545
4023, 15606, 230, 230, -1545
4025, 15606, 230, 230, -1545
4025, 15605, 231, 231, -1545
4023, 15607, 231, 231, -1545
4023, 15607, 231, 231, -1545
4024, 15606, 230, 230, -1545
4024, 15607, 231, 231, -1545
4024, 15605, 231, 231, -1545
4024, 15605, 231, 231, -1545
4024, 15606, 230, 230, -1545
4025, 15607, 231, 231, -1545
4023, 15606, 231, 231, -1541
4024, 15607, 231, 231, -1541
4024, 15606, 231, 231, -1541
4024, 15606, 231, 231, -1541
4024, 15606, 231, 231, -1541
4024, 15606, 231, 231, -1541
4024, 15606, 231, 231, -1541
4024, 15606, 231, 231, -1541
4025, 15606, 230, 230, -1541
4025, 15606, 230, 230, -1541
4024, 15607, 230, 230, -1541
4024, 15606, 231, 231, -1541
4024, 15608, 231, 231, -1541
4025, 15606, 231, 231, -1541
4024, 15607, 231, 231, -1541
4024, 15607, 231, 231, -1541
4024, 15607, 230, 230, -1541
4024, 15607, 230, 230, -1541
4024, 15607, 230, 230, -1541
4023, 15607, 230, 230, -1541
4025, 15607, 231, 231, -1541
4024, 15607, 231, 231, -1541
4023, 15606, 230, 230, -1541
4023, 15606, 230, 230, -1541
4023, 15607, 230, 230, -1541
4023, 15606, 230, 230, -1541
3983, 15595, 202, 202, -1541
3980, 15586, 188, 188, -1533
3978, 15585, 185, 185, -1533
3977, 15587, 183, 183, -1533
3975, 15585, 182, 182, -1533
3975, 15585, 181, 181, -1533
3974, 15586, 181, 181, -1533
3973, 15584, 180, 180, -1533
3972, 15585, 179, 179, -1533
3972, 15585, 179, 179, -1533
3971, 15585, 177, 177, -1533
3970, 15585, 177, 177, -1533
3970, 15585, 177, 177, -1533
3969, 15585, 176, 176, -1533
3968, 15585, 175, 175, -1533
3968, 15585, 175, 175, -1533
3966, 15584, 174, 174, -1533
3966, 15584, 174, 174, -1533
3968, 15585, 174, 174, -1533
3967, 15584, 174, 174, -1533
3967, 15585, 174, 174, -1533
3967, 15586, 173, 173, -1533
3966, 15585, 173, 173, -1533
3966, 15585, 173, 173, -1533
3966, 15585, 173, 173, -1533
3967, 15585, 173, 173, -1533
3966, 15584, 173, 173, -1530
3965, 15585, 172, 172, -1530
3966, 15585, 172, 172, -1530
3965, 15585, 172, 172, -1530
3964, 15584, 171, 171, -1530
3964, 15584, 171, 171, -1530
3964, 15584, 171, 171, -1530
3964, 15584, 171, 171, -1530
3963, 15584, 170, 170, -1530
3963, 15586, 170, 170, -1530
3963, 15586, 170, 170, -1530
3964, 15586, 170, 170, -1530
3963, 15585, 170, 170, -1530
3963, 15585, 170, 170, -1530
3962, 15585, 169, 169, -1530
3963, 15586, 170, 170, -1530
3962, 15584, 169, 169, -1530
3962, 15584, 169, 169, -1530
3962, 15585, 168, 168, -1530
3962, 15585, 169, 169, -1530
3962, 15585, 169, 169, -1530
3963, 15585, 169, 169, -1530
3963, 15585, 169, 169, -1530
3962, 15585, 169, 169, -1530
3962, 15584, 168, 168, -1530
3962, 15584, 168, 168, -1530
3961, 15586, 167, 167, -1530
3960, 15585, 167, 167, -1522
3960, 15585, 167, 167, -1522
3960, 15585, 167, 167, -1522
3960, 15585, 167, 167, -1522
3961, 15585, 168, 168, -1522
3962, 15587, 167, 167, -1522
3962, 15587, 167, 167, -1522
3960, 15585, 167, 167, -1522
3960, 15585, 166, 166, -1522
3960, 15584, 167, 167, -1522
3960, 15584, 167, 167, -1522
3959, 15586, 166, 166, -1522
3960, 15585, 166, 166, -1522
3960, 15585, 166, 166, -1522
3960, 15585, 166, 166, -1522
3960, 15585, 166, 166, -1522
3960, 15585, 166, 166, -1522
3958, 15585, 166, 166, -1522
3958, 15585, 165, 165, -1522
3958, 15585, 165, 165, -1522
3958, 15586, 165, 165, -1522
3958, 15586, 165, 165, -1522
3958, 15585, 165, 165, -1522
3959, 15585, 165, 165, -1522
3959, 15584, 165, 165, -1522
3959, 15584, 165, 165, -1522
3958, 15585, 164, 164, -1522
3957, 15586, 165, 165, -1520
3957, 15586, 165, 165, -1520
3959, 15586, 165, 165, -1520
3958, 15585, 164, 164, -1520
3958, 15585, 164, 164, -1520
3958, 15585, 165, 165, -1520
3959, 15586, 165, 165, -1520
3956, 15586, 164, 164, -1520
3956, 15586, 164, 164, -1520
3957, 15585, 164, 164, -1520
3958, 15585, 164, 164, -1520
3958, 15585, 164, 164, -1520
3957, 15584, 164, 164, -1520
3956, 15585, 163, 163, -1520
3958, 15584, 164, 164, -1520
3958, 15584, 164, 164, -1520
3958, 15586, 164, 164, -1520
3958, 15586, 164, 164, -1520
3957, 15586, 163, 163, -1520
3956, 15586, 163, 163, -1520
3956, 15586, 163, 163, -1520
3956, 15584, 163, 163, -1520
3956, 15584, 163, 163, -1520
3957, 15585, 162, 162, -1520
3957, 15585, 162, 162, -1520
3956, 15586, 163, 163, -1520
3956, 15586, 163, 163, -1510
3957, 15585, 163, 163, -1510
3955, 15585, 163, 163, -1510
3956, 15585, 163, 163, -1510
3955, 15584, 162, 162, -1510
3955, 15584, 162, 162, -1510
3956, 15585, 163, 163, -1510
3956, 15585, 163, 163, -1510
3956, 15585, 163, 163, -1510
3958, 15586, 163, 163, -1510
3958, 15586, 163, 163, -1510
3991, 15603, 194, 194, -1510
3991, 15603, 194, 194, -1510
3998, 15604, 203, 203, -1510
3998, 15604, 203, 203, -1510
4000, 15604, 206, 206, -1510
4000, 15604, 206, 206, -1510
4001, 15604, 207, 207, -1510
4001, 15606, 208, 208, -1510
4003, 15605, 209, 209, -1510
4004, 15606, 210, 210, -1510
4006, 15605, 211, 211, -1510
4006, 15605, 211, 211, -1510
4005, 15606, 212, 212, -1510
4007, 15606, 213, 213, -1512
4007, 15606, 213, 213, -1512
4006, 15606, 213, 213, -1512
4006, 15606, 213, 213, -1512
4007, 15605, 214, 214, -1512
4009, 15606, 215, 215, -1512
4009, 15605, 215, 215, -1512
4008, 15605, 215, 215, -1512
4008, 15605, 215, 215, -1512
4009, 15606, 215, 215, -1512
4009, 15606, 215, 215, -1512
4009, 15607, 216, 216, -1512
4009, 15607, 216, 216, -1512
4010, 15606, 216, 216, -1512
4010, 15606, 217, 217, -1512
4010, 15606, 217, 217, -1512
4010, 15606, 217, 217, -1512
4010, 15606, 217, 217, -1512
4011, 15606, 217, 217, -1512
4010, 15607, 217, 217, -1512
4011, 15606, 218, 218, -1512
4011, 15606, 218, 218, -1512
4012, 15606, 218, 218, -1512
4011, 15606, 218, 218, -1512
4011, 15606, 218, 218, -1512
4012, 15606, 219, 219, -1512
4012, 15607, 218, 218, -1508
4013, 15606, 219, 219, -1508
4013, 15606, 219, 219, -1508
4012, 15606, 219, 219, -1508
4012, 15607, 219, 219, -1508
4013, 15606, 219, 219, -1508
4013, 15606, 219, 219, -1508
4013, 15605, 219, 219, -1508
4013, 15604, 219, 219, -1508
4013, 15604, 219, 219, -1508
4013, 15606, 219, 219, -1508
4012, 15605, 219, 219, -1508
4012, 15605, 219, 219, -1508
4012, 15606, 219, 219, -1508
4012, 15606, 219, 219, -1508
4012, 15606, 219, 219, -1508
4012, 15607, 219, 219, -1508
4012, 15607, 219, 219, -1508
4014, 15606, 220, 220, -1508
4014, 15606, 220, 220, -1508
4013, 15606, 219, 219, -1508
4014, 15606, 220, 220, -1508
4014, 15606, 220, 220, -1508
4014, 15606, 220, 220, -1508
4016, 15607, 221, 221, -1508
4014, 15607, 222, 222, -1498
4014, 15607, 222, 222, -1498
4015, 15606, 221, 221, -1498
4014, 15607, 221, 221, -1498
4014, 15607, 221, 221, -1498
4014, 15606, 221, 221, -1498
4014, 15606, 221, 221, -1498
4014, 15606, 221, 221, -1498
4014, 15606, 221, 221, -1498
4014, 15606, 221, 221, -1498
4015, 15607, 221, 221, -1498
4015, 15606, 221, 221, -1498
4015, 15606, 222, 222, -1498
4015, 15606, 222, 222, -1498
4015, 15606, 222, 222, -1498
4015, 15606, 222, 222, -1498
4016, 15607, 222, 222, -1498
4016, 15607, 222, 222, -1498
4016, 15606, 222, 222, -1498
4015, 15606, 222, 222, -1498
4015, 15606, 221, 221, -1498
4015, 15606, 221, 221, -1498
4015, 15606, 222, 222, -1498
4016, 15606, 222, 222, -1498
4016, 15606, 222, 222, -1498
4014, 15607, 222, 222, -1498
4017, 15606, 223, 223, -1498
4017, 15606, 223, 223, -1498
4015, 15606, 222, 222, -1498
4016, 15606, 222, 222, -1498
4016, 15606, 222, 222, -1498
4016, 15606, 222, 222, -1498
4016, 15606, 222, 222, -1498
4016, 15606, 222, 222, -1498
4016, 15607, 223, 223, -1498
4016, 15606, 223, 223, -1498
4016, 15606, 223, 223, -1498
4016, 15606, 222, 222, -1498
4016, 15606, 223, 223, -1498
4016, 15607, 223, 223, -1498
4016, 15605, 223, 223, -1498
4018, 15606, 223, 223, -1498
4018, 15606, 223, 223, -1498
4017, 15605, 223, 223, -1498
4017, 15605, 223, 223, -1498
4016, 15606, 223, 223, -1498
4016, 15606, 223, 223, -1498
4016, 15606, 223, 223, -1498
4017, 15606, 223, 223, -1498
4017, 15606, 223, 223, -1498
4017, 15606, 224, 224, -1498
4016, 15607, 223, 223, -1498
4016, 15607, 223, 223, -1498
4015, 15607, 223, 223, -1502
4016, 15606, 223, 223, -1502
4016, 15606, 223, 223, -1502
4017, 15606, 223, 223, -1502
4017, 15607, 223, 223, -1502
4017, 15608, 223, 223, -1502
4017, 15606, 223, 223, -1502
4016, 15606, 223, 223, -1502
3987, 15585, 193, 193, -1502
3987, 15585, 193, 193, -1502
3974, 15587, 182, 182, -1502
3974, 15587, 182, 182, -1502
3973, 15587, 179, 179, -1502
3973, 15587, 179, 179, -1502
3970, 15587, 177, 177, -1502
3970, 15587, 177, 177, -1502
3968, 15585, 175, 175, -1502
3968, 15585, 175, 175, -1502
3967, 15586, 175, 175, -1502
3967, 15586, 174, 174, -1502
3967, 15586, 174, 174, -1502
3965, 15586, 172, 172, -1502
3965, 15586, 172, 172, -1502
3966, 15585, 172, 172, -1502
3966, 15585, 172, 172, -1502
3966, 15586, 171, 171, -1498
3966, 15586, 171, 171, -1498
3963, 15585, 170, 170, -1498
3963, 15585, 170, 170, -1498
3964, 15586, 170, 170, -1498
3963, 15587, 169, 169, -1498
3962, 15587, 169, 169, -1498
3962, 15585, 168, 168, -1498
3962, 15585, 168, 168, -1498
3961, 15586, 168, 168, -1498
3961, 15586, 168, 168, -1498
3960, 15585, 167, 167, -1498
3960, 15585, 167, 167, -1498
3960, 15586, 167, 167, -1498
3960, 15586, 167, 167, -1498
3961, 15586, 167, 167, -1498
3961, 15586, 167, 167, -1498
3961, 15586, 167, 167, -1498
3961, 15585, 167, 167, -1498
3960, 15585, 167, 167, -1498
3960, 15585, 166, 166, -1498
3959, 15586, 165, 165, -1498
3959, 15586, 166, 166, -1498
3958, 15585, 166, 166, -1498
3959, 15587, 166, 166, -1498
3958, 15585, 165, 165, -1498
3959, 15587, 165, 165, -1491
3959, 15587, 165, 165, -1491
3959, 15585, 165, 165, -1491
3959, 15585, 165, 165, -1491
3958, 15587, 165, 165, -1491
3958, 15586, 165, 165, -1491
3958, 15586, 165, 165, -1491
3958, 15586, 164, 164, -1491
3958, 15586, 164, 164, -1491
3957, 15585, 164, 164, -1491
3957, 15585, 164, 164, -1491
3957, 15585, 164, 164, -1491
3957, 15586, 164, 164, -1491
3958, 15586, 164, 164, -1491
3957, 15587, 164, 164, -1491
3957, 15586, 163, 163, -1491
3957, 15586, 163, 163, -1491
3956, 15586, 163, 163, -1491
3957, 15586, 163, 163, -1491
3956, 15586, 163, 163, -1491
3956, 15586, 163, 163, -1491
3957, 15587, 163, 163, -1491
3956, 15587, 163, 163, -1491
3957, 15586, 163, 163, -1491
3957, 15586, 163, 163, -1491
3956, 15586, 163, 163, -1491
3955, 15586, 162, 162, -1489
3955, 15586, 162, 162, -1489
3955, 15586, 162, 162, -1489
3955, 15586, 162, 162, -1489
3955, 15586, 162, 162, -1489
3955, 15586, 162, 162, -1489
3956, 15587, 162, 162, -1489
3956, 15587, 162, 162, -1489
3955, 15586, 162, 162, -1489
3955, 15586, 162, 162, -1489
3954, 15585, 162, 162, -1489
3955, 15586, 162, 162, -1489
3955, 15585, 162, 162, -1489
3955, 15586, 162, 162, -1489
3955, 15586, 162, 162, -1489
3955, 15586, 161, 161, -1489
3954, 15586, 160, 160, -1489
3954, 15586, 160, 160, -1489
3954, 15585, 161, 161, -1489
3954, 15585, 161, 161, -1489
3953, 15585, 161, 161, -1489
3954, 15586, 161, 161, -1489
3953, 15587, 160, 160, -1489
3953, 15586, 161, 161, -1489
3954, 15586, 160, 160, -1489
3954, 15586, 160, 160, -1489
3953, 15586, 160, 160, -1494
3953, 15586, 160, 160, -1494
3953, 15586, 160, 160, -1494
3953, 15586, 160, 160, -1494
3954, 15585, 160, 160, -1494
3952, 15586, 160, 160, -1494
3952, 15586, 160, 160, -1494
3954, 15586, 160, 160, -1494
3954, 15586, 161, 161, -1494
3955, 15587, 160, 160, -1494
3953, 15586, 160, 160, -1494
3953, 15586, 160, 160, -1494
3953, 15586, 160, 160, -1494
3953, 15587, 160, 160, -1494
3953, 15586, 160, 160, -1494
3953, 15586, 159, 159, -1494
3953, 15586, 159, 159, -1494
3953, 15587, 160, 160, -1494
3952, 15586, 159, 159, -1494
3953, 15586, 159, 159, -1494
3953, 15586, 159, 159, -1494
3952, 15587, 159, 159, -1494
3956, 15587, 161, 161, -1494
3959, 15600, 162, 162, -1494
3988, 15604, 192, 192, -1494
3991, 15603, 196, 196, -1494
3993, 15605, 199, 199, -1494
3997, 15605, 203, 203, -1489
3997, 15605, 203, 203, -1489
3998, 15605, 204, 204, -1489
4000, 15606, 206, 206, -1489
4000, 15606, 206, 206, -1489
4000, 15606, 207, 207, -1489
4002, 15606, 208, 208, -1489
4002, 15606, 208, 208, -1489
4004, 15605, 210, 210, -1489
4003, 15605, 210, 210, -1489
4005, 15606, 211, 211, -1489
4005, 15606, 211, 211, -1489
4005, 15605, 212, 212, -1489
4005, 15605, 212, 212, -1489
4005, 15606, 212, 212, -1489
4006, 15605, 212, 212, -1489
4006, 15606, 213, 213, -1489
4007, 15606, 213, 213, -1489
4007, 15607, 214, 214, -1489
4007, 15606, 214, 214, -1489
4007, 15606, 214, 214, -1489
4007, 15606, 214, 214, -1489
4007, 15606, 215, 215, -1489
4008, 15606, 214, 214, -1483
4008, 15606, 215, 215, -1483
4008, 15607, 214, 214, -1483
4009, 15607, 215, 215, -1483
4009, 15607, 215, 215, -1483
4009, 15607, 216, 216, -1483
4009, 15607, 215, 215, -1483
4009, 15607, 215, 215, -1483
4009, 15606, 216, 216, -1483
4010, 15607, 216, 216, -1483
4010, 15607, 216, 216, -1483
4009, 15607, 216, 216, -1483
4011, 15606, 217, 217, -1483
4010, 15607, 216, 216, -1483
4011, 15606, 217, 217, -1483
4011, 15606, 217, 217, -1483
4012, 15607, 217, 217, -1483
4010, 15606, 217, 217, -1483
4011, 15607, 217, 217, -1483
4010, 15606, 217, 217, -1483
4010, 15606, 217, 217, -1483
4011, 15607, 217, 217, -1483
4011, 15606, 218, 218, -1483
4011, 15606, 218, 218, -1483
4012, 15607, 218, 218, -1475
4012, 15607, 218, 218, -1475
4012, 15607, 218, 218, -1475
4011, 15606, 218, 218, -1475
4012, 15606, 218, 218, -1475
4012, 15606, 218, 218, -1475
4012, 15605, 218, 218, -1475
4011, 15605, 218, 218, -1475
4012, 15606, 218, 218, -1475
4012, 15606, 219, 219, -1475
4011, 15606, 218, 218, -1475
4011, 15606, 218, 218, -1475
4012, 15607, 219, 219, -1475
4013, 15606, 219, 219, -1475
4013, 15607, 219, 219, -1475
4013, 15606, 219, 219, -1475
4013, 15606, 219, 219, -1475
4012, 15606, 219, 219, -1475
4012, 15606, 219, 219, -1475
4012, 15607, 219, 219, -1475
4013, 15606, 220, 220, -1475
4013, 15606, 219, 219, -1475
4013, 15606, 220, 220, -1475
4012, 15606, 219, 219, -1475
4012, 15606, 219, 219, -1475
4013, 15607, 220, 220, -1475
4013, 15607, 220, 220, -1475
4013, 15606, 220, 220, -1487
4013, 15606, 220, 220, -1487
4013, 15606, 220, 220, -1487
4013, 15606, 220, 220, -1487
4013, 15607, 220, 220, -1487
4014, 15606, 220, 220, -1487
4013, 15606, 220, 220, -1487
4013, 15606, 220, 220, -1487
4013, 15606, 220, 220, -1487
4013, 15606, 220, 220, -1487
4014, 15606, 221, 221, -1487
4014, 15606, 220, 220, -1487
4014, 15605, 220, 220, -1487
4014, 15605, 220, 220, -1487
4014, 15606, 221, 221, -1487
4014, 15606, 221, 221, -1487
4014, 15606, 221, 221, -1487
4015, 15606, 221, 221, -1487
4015, 15606, 221, 221, -1487
4014, 15606, 221, 221, -1487
4014, 15607, 221, 221, -1487
4014, 15606, 221, 221, -1489
4014, 15606, 221, 221, -1489
4015, 15606, 222, 222, -1489
4014, 15606, 221, 221, -1489
4014, 15606, 221, 221, -1489
4015, 15606, 221, 221, -1489
4014, 15606, 221, 221, -1489
4014, 15606, 221, 221, -1489
4014, 15607, 221, 221, -1489
4014, 15606, 221, 221, -1489
4014, 15606, 221, 221, -1489
4014, 15606, 221, 221, -1489
4015, 15606, 222, 222, -1489
4015, 15605, 221, 221, -1489
4015, 15605, 221, 221, -1489
4015, 15606, 222, 222, -1489
4016, 15606, 222, 222, -1489
4016, 15606, 222, 222, -1489
4017, 15606, 222, 222, -1489
4015, 15607, 222, 222, -1489
3979, 15586, 187, 187, -1489
3979, 15586, 187, 187, -1489
3974, 15588, 181, 181, -1489
3975, 15587, 180, 180, -1489
3969, 15587, 176, 176, -1489
3969, 15587, 176, 176, -1489
3968, 15587, 175, 175, -1481
3968, 15587, 175, 175, -1481
3966, 15586, 172, 172, -1481
3965, 15586, 172, 172, -1481
3965, 15586, 172, 172, -1481
3964, 15586, 171, 171, -1481
3964, 15586, 171, 171, -1481
3962, 15586, 170, 170, -1481
3962, 15586, 169, 169, -1481
3962, 15586, 169, 169, -1481
3963, 15586, 169, 169, -1481
3962, 15586, 168, 168, -1481
3961, 15585, 168, 168, -1481
3960, 15585, 167, 167, -1481
3961, 15585, 167, 167, -1481
3961, 15586, 168, 168, -1481
3961, 15586, 168, 168, -1481
3960, 15585, 167, 167, -1481
3960, 15586, 167, 167, -1481
3960, 15585, 167, 167, -1481
3960, 15585, 167, 167, -1481
3960, 15586, 166, 166, -1481
3959, 15586, 166, 166, -1481
3959, 15586, 166, 166, -1481
3959, 15586, 165, 165, -1483
3959, 15586, 165, 165, -1483
3959, 15586, 166, 166, -1483
3958, 15586, 165, 165, -1483
3957, 15585, 164, 164, -1483
3958, 15585, 164, 164, -1483
3959, 15585, 164, 164, -1483
3959, 15585, 164, 164, -1483
3958, 15586, 165, 165, -1483
3957, 15586, 164, 164, -1483
3957, 15586, 164, 164, -1483
3956, 15586, 162, 162, -1483
3957, 15586, 163, 163, -1483
3957, 15586, 163, 163, -1483
3956, 15586, 162, 162, -1483
3956, 15586, 162, 162, -1483
3956, 15587, 163, 163, -1483
3956, 15587, 163, 163, -1483
3955, 15587, 162, 162, -1483
3957, 15586, 163, 163, -1483
3955, 15586, 163, 163, -1483
3955, 15585, 162, 162, -1483
3955, 15585, 162, 162, -1483
3955, 15586, 161, 161, -1481
3955, 15586, 161, 161, -1481
3954, 15586, 162, 162, -1481
3955, 15585, 162, 162, -1481
3955, 15585, 162, 162, -1481
3954, 15586, 161, 161, -1481
3954, 15586, 161, 161, -1481
3956, 15586, 162, 162, -1481
3954, 15586, 161, 161, -1481
3955, 15586, 161, 161, -1481
3955, 15587, 161, 161, -1481
3954, 15586, 161, 161, -1481
3953, 15586, 160, 160, -1481
3955, 15586, 161, 161, -1481
3954, 15585, 161, 161, -1481
3954, 15585, 161, 161, -1481
3955, 15585, 161, 161, -1481
3954, 15586, 160, 160, -1481
3954, 15586, 161, 161, -1481
3954, 15586, 161, 161, -1481
3953, 15587, 160, 160, -1481
3953, 15586, 160, 160, -1481
3953, 15586, 160, 160, -1481
3953, 15586, 160, 160, -1481
3954, 15586, 160, 160, -1481
3954, 15585, 160, 160, -1481
3954, 15585, 160, 160, -1481
3954, 15587, 160, 160, -1481
3952, 15586, 160, 160, -1477
3952, 15587, 159, 159, -1477
3953, 15586, 160, 160, -1477
3953, 15585, 160, 160, -1477
3953, 15586, 160, 160, -1477
3953, 15586, 160, 160, -1477
3953, 15587, 159, 159, -1477
3954, 15587, 160, 160, -1477
3953, 15586, 160, 160, -1477
3953, 15586, 160, 160, -1477
3953, 15586, 160, 160, -1477
3952, 15586, 159, 159, -1477
3953, 15586, 159, 159, -1477
3953, 15586, 160, 160, -1477
3953, 15585, 159, 159, -1477
3953, 15585, 159, 159, -1477
3952, 15586, 159, 159, -1477
3952, 15585, 159, 159, -1477
3952, 15586, 159, 159, -1477
3952, 15586, 159, 159, -1477
3952, 15585, 159, 159, -1477
3952, 15585, 159, 159, -1477
3952, 15587, 159, 159, -1477
3952, 15587, 159, 159, -1475
3952, 15587, 158, 158, -1475
3952, 15587, 158, 158, -1475
3950, 15586, 158, 158, -1475
3952, 15586, 158, 158, -1475
3952, 15586, 158, 158, -1475
3951, 15586, 158, 158, -1475
3951, 15587, 158, 158, -1475
3986, 15604, 191, 191, -1475
3986, 15604, 191, 191, -1475
3990, 15604, 195, 195, -1475
3992, 15605, 198, 198, -1475
3996, 15606, 202, 202, -1475
3996, 15606, 202, 202, -1475
3997, 15606, 203, 203, -1475
3998, 15606, 205, 205, -1475
3999, 15606, 205, 205, -1475
4000, 15606, 206, 206, -1475
4001, 15607, 207, 207, -1475
4001, 15607, 208, 208, -1475
4001, 15607, 208, 208, -1475
4002, 15607, 209, 209, -1475
4002, 15606, 209, 209, -1475
4004, 15607, 210, 210, -1475
4004, 15607, 210, 210, -1475
4004, 15606, 211, 211, -1475
4004, 15606, 211, 211, -1475
4004, 15607, 211, 211, -1467
4005, 15607, 211, 211, -1467
4006, 15607, 212, 212, -1467
4005, 15607, 212, 212, -1467
4005, 15607, 212, 212, -1467
4005, 15607, 212, 212, -1467
4005, 15607, 212, 212, -1467
4005, 15607, 212, 212, -1467
4006, 15606, 213, 213, -1467
4006, 15606, 213, 213, -1467
4008, 15607, 214, 214, -1467
4008, 15607, 214, 214, -1467
4008, 15607, 214, 214, -1467
4008, 15607, 214, 214, -1467
4009, 15606, 215, 215, -1467
4009, 15606, 215, 215, -1467
4008, 15607, 215, 215, -1467
4009, 15606, 215, 215, -1467
4009, 15606, 215, 215, -1467
4010, 15606, 216, 216, -1467
4010, 15606, 216, 216, -1473
4010, 15606, 216, 216, -1473
4009, 15607, 216, 216, -1473
4010, 15606, 216, 216, -1473
4010, 15606, 216, 216, -1473
4010, 15606, 217, 217, -1473
4010, 15606, 217, 217, -1473
4010, 15608, 217, 217, -1473
4010, 15607, 217, 217, -1473
4011, 15606, 217, 217, -1473
4011, 15606, 217, 217, -1473
4011, 15607, 217, 217, -1473
4011, 15607, 217, 217, -1473
4010, 15606, 217, 217, -1473
4011, 15607, 218, 218, -1473
4011, 15606, 218, 218, -1473
4011, 15606, 218, 218, -1473
4011, 15606, 218, 218, -1473
4011, 15606, 217, 217, -1473
4011, 15606, 218, 218, -1473
4012, 15606, 218, 218, -1473
4013, 15606, 219, 219, -1473
4011, 15606, 219, 219, -1473
4011, 15606, 219, 219, -1473
4011, 15606, 218, 218, -1473
4012, 15606, 219, 219, -1473
4012, 15606, 219, 219, -1473
4012, 15607, 219, 219, -1473
4012, 15607, 219, 219, -1473
4012, 15606, 219, 219, -1473
4012, 15605, 219, 219, -1473
4012, 15605, 219, 219, -1473
4013, 15606, 219, 219, -1473
4012, 15606, 219, 219, -1473
4012, 15606, 219, 219, -1473
4012, 15606, 219, 219, -1473
4013, 15606, 219, 219, -1473
4013, 15606, 219, 219, -1473
4013, 15606, 219, 219, -1473
4013, 15607, 219, 219, -1473
4013, 15607, 220, 220, -1473
4012, 15606, 219, 219, -1473
4012, 15606, 219, 219, -1473
4014, 15606, 220, 220, -1473
4014, 15606, 220, 220, -1473
4013, 15606, 220, 220, -1473
4014, 15606, 220, 220, -1473
4013, 15607, 220, 220, -1473
4013, 15607, 220, 220, -1473
4013, 15606, 220, 220, -1473
4014, 15606, 220, 220, -1458
4014, 15606, 220, 220, -1458
4013, 15606, 220, 220, -1458
4013, 15606, 220, 220, -1458
4014, 15606, 220, 220, -1458
4014, 15606, 220, 220, -1458
4014, 15605, 220, 220, -1458
4012, 15607, 220, 220, -1458
4012, 15607, 220, 220, -1458
4014, 15607, 220, 220, -1458
4014, 15607, 220, 220, -1458
4014, 15607, 220, 220, -1458
4015, 15607, 220, 220, -1458
4013, 15607, 220, 220, -1458
4013, 15607, 220, 220, -1458
4014, 15607, 221, 221, -1458
4014, 15607, 220, 220, -1458
4014, 15607, 220, 220, -1458
4014, 15607, 221, 221, -1458
4015, 15607, 221, 221, -1458
4015, 15606, 221, 221, -1458
4015, 15607, 221, 221, -1458
4015, 15607, 221, 221, -1458
4014, 15606, 221, 221, -1458
4013, 15607, 221, 221, -1467
4014, 15605, 221, 221, -1467
3978, 15587, 193, 193, -1467
3978, 15587, 193, 193, -1467
3973, 15587, 180, 180, -1467
3973, 15587, 180, 180, -1467
3971, 15587, 178, 178, -1467
3968, 15586, 175, 175, -1467
3968, 15586, 175, 175, -1467
3967, 15586, 174, 174, -1467
3967, 15586, 174, 174, -1467
3967, 15586, 173, 173, -1467
3966, 15586, 171, 171, -1467
3966, 15586, 171, 171, -1467
3963, 15587, 171, 171, -1467
3963, 15587, 171, 171, -1467
3964, 15586, 170, 170, -1467
3961, 15586, 169, 169, -1467
3961, 15586, 169, 169, -1467
3961, 15586, 168, 168, -1467
3961, 15586, 168, 168, -1467
3961, 15586, 168, 168, -1467
3962, 15587, 168, 168, -1467
3960, 15586, 167, 167, -1467
3961, 15587, 167, 167, -1467
3958, 15586, 167, 167, -1465
3958, 15586, 167, 167, -1465
3960, 15586, 166, 166, -1465
3958, 15587, 165, 165, -1465
3958, 15587, 165, 165, -1465
3959, 15587, 166, 166, -1465
3958, 15587, 165, 165, -1465
3957, 15585, 165, 165, -1465
3957, 15585, 165, 165, -1465
3959, 15585, 164, 164, -1465
3957, 15586, 164, 164, -1465
3958, 15586, 164, 164, -1465
3958, 15586, 164, 164, -1465
3957, 15586, 164, 164, -1465
3957, 15587, 163, 163, -1465
3957, 15587, 163, 163, -1465
3957, 15587, 163, 163, -1465
3956, 15586, 163, 163, -1465
3956, 15585, 163, 163, -1465
3956, 15586, 163, 163, -1465
3956, 15586, 163, 163, -1465
3956, 15585, 163, 163, -1465
3955, 15586, 162, 162, -1465
3955, 15586, 162, 162, -1465
3956, 15586, 162, 162, -1465
3956, 15586, 162, 162, -1459
3956, 15586, 162, 162, -1459
3955, 15585, 161, 161, -1459
3955, 15585, 161, 161, -1459
3955, 15587, 162, 162, -1459
3956, 15586, 162, 162, -1459
3956, 15586, 162, 162, -1459
3955, 15586, 161, 161, -1459
3954, 15586, 161, 161, -1459
3955, 15586, 161, 161, -1459
3955, 15586, 161, 161, -1459
3953, 15586, 160, 160, -1459
3954, 15587, 161, 161, -1459
3954, 15587, 161, 161, -1459
3953, 15587, 160, 160, -1459
3955, 15587, 161, 161, -1459
3955, 15587, 161, 161, -1459
3954, 15586, 161, 161, -1459
3954, 15587, 160, 160, -1459
3954, 15587, 160, 160, -1459
3954, 15587, 160, 160, -1459
3955, 15587, 160, 160, -1459
3955, 15587, 160, 160, -1459
3954, 15586, 161, 161, -1459
3952, 15586, 159, 159, -1459
3952, 15586, 159, 159, -1459
3953, 15586, 160, 160, -1463
3954, 15587, 160, 160, -1463
3954, 15587, 160, 160, -1463
3954, 15587, 160, 160, -1463
3953, 15586, 159, 159, -1463
3953, 15586, 159, 159, -1463
3953, 15585, 160, 160, -1463
3953, 15586, 160, 160, -1463
3953, 15586, 159, 159, -1463
3953, 15586, 159, 159, -1463
3954, 15587, 159, 159, -1463
3952, 15587, 159, 159, -1463
3952, 15587, 159, 159, -1463
3952, 15587, 158, 158, -1463
3953, 15586, 159, 159, -1463
3953, 15586, 159, 159, -1463
3953, 15586, 159, 159, -1463
3953, 15586, 159, 159, -1463
3952, 15586, 159, 159, -1463
3952, 15586, 159, 159, -1463
3951, 15586, 158, 158, -1463
3953, 15586, 159, 159, -1463
3952, 15586, 159, 159, -1463
3952, 15586, 159, 159, -1463
3951, 15586, 158, 158, -1452
3951, 15586, 158, 158, -1452
3952, 15587, 158, 158, -1452
3952, 15587, 158, 158, -1452
3953, 15587, 158, 158, -1452
3952, 15586, 158, 158, -1452
3951, 15587, 158, 158, -1452
3951, 15587, 158, 158, -1452
3951, 15588, 158, 158, -1452
3951, 15587, 158, 158, -1452
3951, 15587, 158, 158, -1452
3952, 15587, 158, 158, -1452
3951, 15586, 158, 158, -1452
3951, 15586, 158, 158, -1452
3951, 15586, 158, 158, -1452
3951, 15586, 158, 158, -1452
3950, 15588, 157, 157, -1452
3950, 15588, 157, 157, -1452
3985, 15603, 179, 179, -1452
3989, 15604, 194, 194, -1452
3989, 15604, 194, 194, -1452
3994, 15606, 200, 200, -1452
3994, 15606, 200, 200, -1452
3997, 15606, 204, 204, -1452
3997, 15606, 204, 204, -1452
3999, 15607, 205, 205, -1452
3999, 15607, 205, 205, -1452
4000, 15606, 207, 207, -1452
4000, 15606, 207, 207, -1452
4001, 15606, 207, 207, -1452
4001, 15606, 207, 207, -1452
4002, 15607, 209, 209, -1452
4002, 15607, 209, 209, -1452
4005, 15606, 210, 210, -1452
4003, 15607, 210, 210, -1452
4004, 15607, 210, 210, -1452
4004, 15607, 210, 210, -1452
4005, 15606, 211, 211, -1452
4005, 15607, 212, 212, -1452
4005, 15607, 212, 212, -1452
4005, 15607, 212, 212, -1452
4006, 15607, 212, 212, -1452
4006, 15607, 212, 212, -1452
4004, 15606, 212, 212, -1452
4005, 15607, 212, 212, -1452
4006, 15606, 213, 213, -1452
4006, 15606, 213, 213, -1452
4006, 15606, 213, 213, -1452
4008, 15606, 214, 214, -1452
4008, 15606, 214, 214, -1452
4007, 15607, 214, 214, -1452
4008, 15607, 215, 215, -1452
4007, 15606, 214, 214, -1452
4007, 15606, 214, 214, -1452
4008, 15607, 215, 215, -1463
4008, 15607, 215, 215, -1463
4010, 15607, 216, 216, -1463
4010, 15607, 216, 216, -1463
4010, 15607, 216, 216, -1463
4008, 15607, 215, 215, -1463
4008, 15607, 215, 215, -1463
4010, 15607, 217, 217, -1463
4010, 15607, 217, 217, -1463
4010, 15607, 217, 217, -1463
4010, 15607, 217, 217, -1463
4009, 15607, 216, 216, -1463
4010, 15607, 217, 217, -1463
4009, 15608, 216, 216, -1463
4009, 15608, 216, 216, -1463
4011, 15606, 216, 216, -1463
4010, 15608, 217, 217, -1463
4011, 15607, 217, 217, -1463
4011, 15607, 217, 217, -1463
4011, 15607, 217, 217, -1463
4010, 15606, 217, 217, -1463
4010, 15606, 217, 217, -1463
4011, 15608, 217, 217, -1463
4011, 15607, 218, 218, -1463
4010, 15607, 217, 217, -1463
4011, 15606, 217, 217, -1456
4011, 15607, 217, 217, -1456
4011, 15607, 217, 217, -1456
4011, 15606, 218, 218, -1456
4011, 15606, 218, 218, -1456
4010, 15607, 218, 218, -1456
4010, 15607, 218, 218, -1456
4012, 15606, 218, 218, -1456
4013, 15607, 219, 219, -1456
4012, 15607, 219, 219, -1456
4013, 15606, 219, 219, -1456
4013, 15606, 219, 219, -1456
4011, 15606, 219, 219, -1456
4012, 15607, 218, 218, -1456
4012, 15607, 218, 218, -1456
4012, 15607, 219, 219, -1456
4012, 15607, 219, 219, -1456
4012, 15607, 219, 219, -1456
4013, 15607, 219, 219, -1456
4013, 15607, 219, 219, -1456
4013, 15607, 219, 219, -1456
4013, 15606, 220, 220, -1456
4013, 15607, 219, 219, -1456
4013, 15607, 219, 219, -1456
4013, 15607, 220, 220, -1450
4013, 15607, 220, 220, -1450
4013, 15607, 220, 220, -1450
4013, 15607, 220, 220, -1450
4013, 15606, 219, 219, -1450
4013, 15606, 219, 219, -1450
4013, 15607, 220, 220, -1450
4013, 15607, 220, 220, -1450
4013, 15607, 220, 220, -1450
4013, 15607, 220, 220, -1450
4013, 15606, 220, 220, -1450
4013, 15606, 220, 220, -1450
4013, 15606, 220, 220, -1450
4014, 15608, 221, 221, -1450
4014, 15608, 221, 221, -1450
4013, 15606, 220, 220, -1450
4013, 15606, 220, 220, -1450
4015, 15607, 221, 221, -1450
4014, 15606, 220, 220, -1450
4014, 15606, 221, 221, -1450
4014, 15607, 221, 221, -1450
4014, 15607, 221, 221, -1450
4014, 15606, 221, 221, -1450
4014, 15606, 221, 221, -1454
4014, 15606, 221, 221, -1454
4014, 15606, 221, 221, -1454
4013, 15606, 220, 220, -1454
4014, 15606, 221, 221, -1454
4014, 15607, 221, 221, -1454
4014, 15606, 221, 221, -1454
4014, 15607, 221, 221, -1454
4014, 15607, 221, 221, -1454
4014, 15606, 221, 221, -1454
4014, 15606, 221, 221, -1454
4015, 15606, 221, 221, -1454
4015, 15606, 221, 221, -1454
4014, 15607, 221, 221, -1454
4014, 15607, 221, 221, -1454
3973, 15589, 181, 181, -1454
3973, 15589, 181, 181, -1454
3974, 15587, 181, 181, -1454
3970, 15587, 177, 177, -1454
3970, 15587, 177, 177, -1454
3967, 15586, 175, 175, -1454
3966, 15585, 173, 173, -1454
3965, 15586, 172, 172, -1454
3962, 15587, 169, 169, -1452
3962, 15587, 169, 169, -1452
3963, 15586, 170, 170, -1452
3963, 15586, 170, 170, -1452
3960, 15586, 168, 168, -1452
3962, 15585, 168, 168, -1452
3962, 15585, 168, 168, -1452
3961, 15586, 168, 168, -1452
3961, 15586, 168, 168, -1452
3961, 15586, 167, 167, -1452
3960, 15587, 167, 167, -1452
3960, 15587, 166, 166, -1452
3960, 15587, 166, 166, -1452
3959, 15586, 166, 166, -1452
3958, 15586, 166, 166, -1452
3958, 15586, 166, 166, -1452
3958, 15586, 165, 165, -1452
3959, 15587, 165, 165, -1452
3959, 15587, 165, 165, -1452
3959, 15586, 165, 165, -1452
3958, 15585, 164, 164, -1452
3958, 15585, 164, 164, -1452
3957, 15587, 164, 164, -1452
3957, 15587, 164, 164, -1452
3957, 15586, 164, 164, -1452
3957, 15587, 164, 164, -1452
3956, 15586, 163, 163, -1452
3956, 15586, 163, 163, -1452
3957, 15587, 163, 163, -1452
3956, 15587, 163, 163, -1452
3957, 15586, 163, 163, -1452
3957, 15586, 163, 163, -1452
3955, 15587, 162, 162, -1452
3956, 15586, 162, 162, -1452
3955, 15587, 162, 162, -1452
3955, 15587, 162, 162, -1452
3955, 15586, 162, 162, -1452
3956, 15586, 162, 162, -1452
3956, 15586, 162, 162, -1452
3956, 15586, 162, 162, -1452
3956, 15586, 162, 162, -1452
3956, 15586, 162, 162, -1452
3955, 15587, 162, 162, -1452
3955, 15586, 161, 161, -1452
3954, 15586, 161, 161, -1452
3953, 15585, 161, 161, -1452
3954, 15586, 161, 161, -1452
3955, 15587, 161, 161, -1452
3955, 15586, 161, 161, -1452
3955, 15586, 161, 161, -1452
3956, 15586, 161, 161, -1452
3953, 15587, 160, 160, -1452
3953, 15587, 160, 160, -1452
3953, 15587, 160, 160, -1452
3954, 15586, 161, 161, -1452
3953, 15587, 160, 160, -1461
3953, 15587, 160, 160, -1461
3953, 15586, 160, 160, -1461
3953, 15586, 160, 160, -1461
3954, 15586, 160, 160, -1461
3954, 15586, 160, 160, -1461
3954, 15586, 160, 160, -1461
3953, 15586, 160, 160, -1461
3953, 15586, 160, 160, -1461
3953, 15586, 160, 160, -1461
3953, 15586, 160, 160, -1461
3952, 15586, 160, 160, -1461
3952, 15586, 160, 160, -1461
3953, 15587, 159, 159, -1461
3953, 15587, 160, 160, -1461
3953, 15586, 160, 160, -1461
3953, 15586, 160, 160, -1461
3952, 15587, 159, 159, -1461
3952, 15587, 159, 159, -1461
3954, 15585, 160, 160, -1461
3953, 15586, 160, 160, -1461
3953, 15586, 159, 159, -1461
3953, 15586, 159, 159, -1461
3953, 15586, 159, 159, -1461
3953, 15587, 158, 158, -1440
3953, 15587, 158, 158, -1440
3953, 15587, 159, 159, -1440
3952, 15588, 158, 158, -1440
3953, 15586, 158, 158, -1440
3953, 15586, 158, 158, -1440
3952, 15587, 158, 158, -1440
3951, 15587, 158, 158, -1440
3951, 15586, 158, 158, -1440
3952, 15587, 158, 158, -1440
3952, 15587, 158, 158, -1440
3952, 15585, 158, 158, -1440
3952, 15586, 158, 158, -1440
3952, 15586, 158, 158, -1440
3952, 15586, 158, 158, -1440
3952, 15587, 158, 158, -1440
3952, 15587, 158, 158, -1440
3951, 15587, 158, 158, -1440
3951, 15587, 158, 158, -1440
3950, 15587, 157, 157, -1440
3950, 15587, 157, 157, -1440
3950, 15587, 157, 157, -1440
3952, 15587, 158, 158, -1440
3952, 15587, 158, 158, -1440
3951, 15586, 158, 158, -1440
3952, 15586, 158, 158, -1440
3952, 15586, 158, 158, -1440
3954, 15588, 160, 160, -1450
3954, 15588, 160, 160, -1450
3983, 15603, 174, 174, -1450
3989, 15604, 194, 194, -1450
3994, 15605, 200, 200, -1450
3994, 15605, 200, 200, -1450
3996, 15606, 201, 201, -1450
3998, 15606, 204, 204, -1450
3998, 15606, 204, 204, -1450
3999, 15606, 205, 205, -1450
3999, 15607, 206, 206, -1450
3999, 15607, 206, 206, -1450
4001, 15607, 207, 207, -1450
4001, 15607, 208, 208, -1450
4002, 15607, 208, 208, -1450
4002, 15607, 208, 208, -1450
4003, 15608, 209, 209, -1450
4003, 15606, 210, 210, -1450
4003, 15607, 209, 209, -1450
4003, 15607, 209, 209, -1450
4003, 15605, 210, 210, -1450
4005, 15607, 211, 211, -1450
4005, 15607, 211, 211, -1450
4005, 15608, 211, 211, -1450
4005, 15608, 211, 211, -1450
4005, 15608, 211, 211, -1450
4006, 15606, 212, 212, -1450
4006, 15609, 212, 212, -1450
4007, 15607, 213, 213, -1448
4006, 15607, 213, 213, -1448
4006, 15607, 213, 213, -1448
4007, 15608, 213, 213, -1448
4007, 15608, 213, 213, -1448
4007, 15609, 213, 213, -1448
4007, 15608, 214, 214, -1448
4007, 15607, 213, 213, -1448
4007, 15607, 214, 214, -1448
4006, 15607, 213, 213, -1448
4007, 15608, 213, 213, -1448
4008, 15608, 214, 214, -1448
4008, 15606, 214, 214, -1448
4008, 15607, 214, 214, -1448
4008, 15607, 215, 215, -1448
4009, 15607, 215, 215, -1448
4008, 15607, 215, 215, -1448
4008, 15607, 215, 215, -1448
4009, 15607, 216, 216, -1448
4009, 15607, 216, 216, -1448
4010, 15607, 216, 216, -1448
4009, 15607, 216, 216, -1448
4009, 15607, 216, 216, -1448
4010, 15606, 217, 217, -1448
4010, 15606, 217, 217, -1448
4011, 15608, 217, 217, -1440
4010, 15606, 217, 217, -1440
4010, 15606, 217, 217, -1440
4010, 15607, 217, 217, -1440
4010, 15607, 217, 217, -1440
4010, 15607, 217, 217, -1440
4011, 15607, 217, 217, -1440
4009, 15608, 217, 217, -1440
4011, 15607, 217, 217, -1440
4012, 15607, 218, 218, -1440
4012, 15607, 218, 218, -1440
4011, 15606, 218, 218, -1440
4011, 15606, 218, 218, -1440
4010, 15607, 217, 217, -1440
4012, 15606, 218, 218, -1440
4012, 15606, 218, 218, -1440
4012, 15607, 218, 218, -1440
4012, 15606, 218, 218, -1440
4011, 15606, 219, 219, -1440
4011, 15606, 219, 219, -1440
4011, 15605, 218, 218, -1440
4011, 15607, 218, 218, -1440
4011, 15607, 218, 218, -1440
4011, 15607, 218, 218, -1440
4012, 15606, 219, 219, -1452
4012, 15606, 219, 219, -1452
4013, 15606, 219, 219, -1452
4012, 15607, 219, 219, -1452
4013, 15606, 220, 220, -1452
4013, 15607, 219, 219, -1452
4013, 15607, 219, 219, -1452
4013, 15607, 219, 219, -1452
4012, 15606, 219, 219, -1452
4012, 15606, 219, 219, -1452
4012, 15606, 219, 219, -1452
4012, 15607, 219, 219, -1452
4013, 15606, 219, 219, -1452
4013, 15606, 220, 220, -1452
4013, 15606, 220, 220, -1452
4013, 15607, 220, 220, -1452
4014, 15607, 220, 220, -1452
4014, 15607, 220, 220, -1452
4013, 15607, 220, 220, -1452
4013, 15607, 220, 220, -1452
4013, 15608, 220, 220, -1452
4013, 15607, 220, 220, -1452
4014, 15606, 220, 220, -1452
4013, 15607, 220, 220, -1452
4013, 15607, 220, 220, -1452
4013, 15607, 220, 220, -1458
4013, 15607, 220, 220, -1458
4013, 15607, 220, 220, -1458
4013, 15607, 220, 220, -1458
4014, 15607, 221, 221, -1458
4013, 15607, 220, 220, -1458
4015, 15607, 221, 221, -1458
4014, 15606, 220, 220, -1458
4013, 15607, 220, 220, -1458
4014, 15607, 220, 220, -1458
4014, 15607, 220, 220, -1458
4013, 15607, 220, 220, -1458
4014, 15606, 221, 221, -1458
4013, 15606, 220, 220, -1458
4013, 15606, 220, 220, -1458
4015, 15607, 221, 221, -1458
4014, 15606, 221, 221, -1458
4015, 15606, 221, 221, -1458
4015, 15606, 221, 221, -1458
4016, 15607, 221, 221, -1458
4016, 15607, 221, 221, -1458
4015, 15606, 221, 221, -1458
4014, 15606, 221, 221, -1458
4015, 15607, 221, 221, -1458
4014, 15607, 221, 221, -1458
4014, 15607, 221, 221, -1458
4014, 15607, 221, 221, -1452
4015, 15606, 222, 222, -1452
4014, 15607, 221, 221, -1452
3965, 15566, 209, 209, -1452
3965, 15566, 209, 209, -1452
3929, 15567, 137, 137, -1452
3929, 15567, 137, 137, -1452
3922, 15567, 129, 129, -1452
3922, 15567, 129, 129, -1452
3917, 15566, 124, 124, -1452
3917, 15566, 124, 124, -1452
3916, 15566, 122, 122, -1452
3913, 15565, 121, 121, -1452
3913, 15567, 118, 118, -1452
3913, 15567, 118, 118, -1452
3910, 15566, 116, 116, -1452
3910, 15566, 116, 116, -1452
3908, 15566, 115, 115, -1452
3907, 15567, 114, 114, -1452
3906, 15567, 113, 113, -1452
3905, 15566, 112, 112, -1452
3906, 15566, 112, 112, -1452
3906, 15566, 112, 112, -1452
3904, 15567, 110, 110, -1452
3903, 15567, 109, 109, -1452
3903, 15567, 109, 109, -1452
3903, 15567, 109, 109, -1452
3902, 15567, 108, 108, -1444
3902, 15567, 109, 109, -1444
3900, 15566, 107, 107, -1444
3899, 15567, 107, 107, -1444
3900, 15566, 107, 107, -1444
3898, 15567, 105, 105, -1444
3899, 15568, 105, 105, -1444
3899, 15567, 106, 106, -1444
3898, 15567, 104, 104, -1444
3898, 15567, 104, 104, -1444
3896, 15566, 103, 103, -1444
3896, 15566, 103, 103, -1444
3896, 15567, 103, 103, -1444
3897, 15565, 103, 103, -1444
3897, 15565, 103, 103, -1444
3895, 15566, 101, 101, -1444
3895, 15566, 101, 101, -1444
3895, 15567, 101, 101, -1444
3895, 15567, 101, 101, -1444
3894, 15566, 101, 101, -1444
3893, 15567, 100, 100, -1444
3893, 15567, 100, 100, -1444
3893, 15567, 100, 100, -1444
3893, 15567, 100, 100, -1444
3893, 15566, 99, 99, -1444
3893, 15566, 99, 99, -1444
3893, 15566, 99, 99, -1446
3892, 15568, 99, 99, -1446
3891, 15568, 98, 98, -1446
3891, 15568, 98, 98, -1446
3890, 15567, 98, 98, -1446
3890, 15567, 98, 98, -1446
3891, 15566, 98, 98, -1446
3891, 15566, 98, 98, -1446
3891, 15567, 96, 96, -1446
3891, 15567, 96, 96, -1446
3889, 15567, 96, 96, -1446
3890, 15567, 96, 96, -1446
3890, 15567, 96, 96, -1446
3889, 15567, 96, 96, -1446
3889, 15567, 96, 96, -1446
3890, 15568, 96, 96, -1446
3890, 15568, 96, 96, -1446
3889, 15568, 96, 96, -1446
3888, 15567, 95, 95, -1446
3888, 15567, 95, 95, -1446
3888, 15567, 95, 95, -1446
3888, 15567, 94, 94, -1446
3888, 15568, 94, 94, -1446
3888, 15568, 95, 95, -1446
3886, 15567, 94, 94, -1442
3887, 15568, 94, 94, -1442
3887, 15567, 94, 94, -1442
3886, 15568, 93, 93, -1442
3885, 15567, 93, 93, -1442
3885, 15567, 93, 93, -1442
3886, 15568, 93, 93, -1442
3886, 15568, 93, 93, -1442
3886, 15567, 92, 92, -1442
3885, 15568, 92, 92, -1442
3886, 15568, 92, 92, -1442
3885, 15567, 92, 92, -1442
3885, 15567, 92, 92, -1442
3885, 15568, 92, 92, -1442
3885, 15568, 92, 92, -1442
3885, 15567, 92, 92, -1442
3885, 15568, 92, 92, -1442
3886, 15569, 92, 92, -1442
3884, 15567, 91, 91, -1442
3884, 15567, 91, 91, -1442
3885, 15568, 91, 91, -1442
3885, 15568, 91, 91, -1442
3886, 15568, 91, 91, -1442
3886, 15568, 91, 91, -1442
3882, 15569, 90, 90, -1450
3882, 15568, 90, 90, -1450
3883, 15569, 90, 90, -1450
3884, 15568, 90, 90, -1450
3884, 15568, 90, 90, -1450
3883, 15568, 90, 90, -1450
3883, 15568, 90, 90, -1450
3883, 15568, 90, 90, -1450
3883, 15568, 90, 90, -1450
3884, 15568, 90, 90, -1450
3883, 15568, 89, 89, -1450
3883, 15568, 89, 89, -1450
3883, 15568, 89, 89, -1450
3883, 15569, 89, 89, -1450
3887, 15570, 91, 91, -1450
3948, 15600, 134, 134, -1450
3948, 15600, 134, 134, -1450
3962, 15604, 167, 167, -1450
3966, 15604, 172, 172, -1450
3966, 15604, 172, 172, -1450
3970, 15605, 176, 176, -1450
3970, 15605, 176, 176, -1450
3973, 15606, 180, 180, -1450
3975, 15605, 180, 180, -1450
3977, 15605, 183, 183, -1440
3978, 15605, 184, 184, -1440
3978, 15605, 184, 184, -1440
3979, 15606, 186, 186, -1440
3981, 15606, 188, 188, -1440
3982, 15606, 188, 188, -1440
3982, 15606, 188, 188, -1440
3983, 15607, 189, 189, -1440
3983, 15606, 190, 190, -1440
3983, 15606, 190, 190, -1440
3985, 15606, 191, 191, -1440
3985, 15606, 191, 191, -1440
3986, 15606, 193, 193, -1440
3986, 15606, 193, 193, -1440
3988, 15606, 194, 194, -1440
3988, 15606, 194, 194, -1440
3988, 15606, 194, 194, -1440
3988, 15606, 194, 194, -1440
3989, 15607, 195, 195, -1440
3989, 15606, 195, 195, -1440
3990, 15606, 196, 196, -1440
3990, 15606, 196, 196, -1440
3990, 15606, 197, 197, -1440
3992, 15606, 198, 198, -1440
3992, 15606, 198, 198, -1442
3992, 15606, 198, 198, -1442
3991, 15607, 198, 198, -1442
3991, 15607, 198, 198, -1442
3992, 15605, 198, 198, -1442
3992, 15605, 198, 198, -1442
3992, 15606, 199, 199, -1442
3992, 15606, 199, 199, -1442
3992, 15606, 199, 199, -1442
3993, 15606, 199, 199, -1442
3993, 15605, 199, 199, -1442
3994, 15606, 200, 200, -1442
3993, 15606, 200, 200, -1442
3995, 15606, 201, 201, -1442
3995, 15606, 201, 201, -1442
3994, 15606, 201, 201, -1442
3994, 15606, 201, 201, -1442
3994, 15606, 201, 201, -1442
3994, 15606, 201, 201, -1442
3995, 15606, 201, 201, -1442
3995, 15606, 201, 201, -1442
3995, 15606, 201, 201, -1442
3996, 15606, 202, 202, -1442
3996, 15606, 202, 202, -1442
3995, 15606, 202, 202, -1442
3996, 15606, 202, 202, -1442
3996, 15606, 202, 202, -1442
3997, 15606, 203, 203, -1442
3996, 15605, 202, 202, -1442
3996, 15605, 202, 202, -1442
3996, 15606, 203, 203, -1442
3996, 15606, 203, 203, -1442
3997, 15606, 203, 203, -1442
3997, 15606, 203, 203, -1442
3997, 15607, 204, 204, -1442
3997, 15607, 204, 204, -1442
3997, 15606, 204, 204, -1442
3997, 15606, 204, 204, -1442
3997, 15606, 204, 204, -1442
3997, 15606, 204, 204, -1442
3998, 15606, 205, 205, -1442
3998, 15606, 205, 205, -1442
3998, 15606, 204, 204, -1442
3998, 15606, 204, 204, -1442
3998, 15607, 205, 205, -1442
3999, 15606, 205, 205, -1442
3999, 15605, 205, 205, -1442
3999, 15605, 205, 205, -1442
3999, 15606, 206, 206, -1442
3999, 15606, 206, 206, -1442
3999, 15605, 205, 205, -1442
3999, 15605, 205, 205, -1442
3999, 15605, 206, 206, -1442
3999, 15606, 205, 205, -1438
3999, 15606, 205, 205, -1438
3999, 15605, 206, 206, -1438
3999, 15605, 206, 206, -1438
4000, 15606, 206, 206, -1438
3999, 15606, 205, 205, -1438
3999, 15606, 205, 205, -1438
3999, 15606, 206, 206, -1438
4000, 15605, 206, 206, -1438
4001, 15605, 207, 207, -1438
4001, 15605, 207, 207, -1438
4000, 15606, 206, 206, -1438
4000, 15606, 207, 207, -1438
4000, 15606, 207, 207, -1438
4000, 15606, 207, 207, -1438
4000, 15604, 207, 207, -1438
4000, 15605, 206, 206, -1438
4000, 15605, 207, 207, -1438
4000, 15605, 207, 207, -1438
4001, 15605, 207, 207, -1438
4001, 15605, 207, 207, -1438
4001, 15606, 208, 208, -1438
4001, 15606, 208, 208, -1438
4000, 15605, 207, 207, -1438
4000, 15605, 207, 207, -1438
4001, 15605, 208, 208, -1438
4001, 15605, 208, 208, -1438
4002, 15605, 208, 208, -1436
4002, 15605, 208, 208, -1436
4001, 15604, 208, 208, -1436
4001, 15604, 208, 208, -1436
4002, 15605, 208, 208, -1436
4002, 15605, 208, 208, -1436
4001, 15605, 208, 208, -1436
4001, 15605, 208, 208, -1436
4001, 15605, 208, 208, -1436
4002, 15605, 208, 208, -1436
4002, 15605, 208, 208, -1436
4001, 15605, 208, 208, -1436
4001, 15605, 208, 208, -1436
4001, 15605, 208, 208, -1436
4001, 15605, 208, 208, -1436
3933, 15570, 148, 148, -1436
3926, 15569, 133, 133, -1436
3917, 15569, 125, 125, -1436
3917, 15569, 125, 125, -1436
3912, 15567, 120, 120, -1436
3912, 15567, 120, 120, -1436
3910, 15567, 117, 117, -1436
3908, 15567, 114, 114, -1436
3908, 15567, 114, 114, -1436
3906, 15566, 113, 113, -1436
3905, 15566, 112, 112, -1436
3902, 15567, 109, 109, -1436
3899, 15567, 107, 107, -1436
3900, 15566, 107, 107, -1436
3900, 15566, 107, 107, -1436
3899, 15567, 106, 106, -1436
3899, 15567, 105, 105, -1436
3899, 15567, 104, 104, -1436
3897, 15568, 104, 104, -1436
3894, 15567, 102, 102, -1436
3894, 15567, 102, 102, -1436
3895, 15569, 101, 101, -1436
3895, 15569, 101, 101, -1436
3895, 15567, 101, 101, -1436
3893, 15568, 100, 100, -1436
3893, 15568, 100, 100, -1436
3892, 15568, 99, 99, -1436
3892, 15568, 99, 99, -1436
3892, 15567, 99, 99, -1436
3892, 15566, 99, 99, -1436
3892, 15566, 99, 99, -1436
3890, 15567, 97, 97, -1436
3890, 15567, 97, 97, -1436
3891, 15566, 98, 98, -1432
3891, 15567, 97, 97, -1432
3891, 15567, 97, 97, -1432
3889, 15568, 96, 96, -1432
3889, 15568, 96, 96, -1432
3889, 15566, 96, 96, -1432
3889, 15566, 96, 96, -1432
3889, 15566, 96, 96, -1432
3890, 15568, 96, 96, -1432
3888, 15569, 94, 94, -1432
3889, 15567, 95, 95, -1432
3888, 15568, 95, 95, -1432
3888, 15567, 94, 94, -1432
3888, 15568, 95, 95, -1432
3888, 15568, 95, 95, -1432
3886, 15567, 94, 94, -1432
3886, 15567, 94, 94, -1432
3888, 15568, 93, 93, -1432
3888, 15568, 93, 93, -1432
3888, 15568, 93, 93, -1432
3888, 15568, 93, 93, -1432
3885, 15568, 93, 93, -1432
3885, 15568, 93, 93, -1432
3885, 15568, 93, 93, -1432
3885, 15568, 93, 93, -1432
3886, 15568, 92, 92, -1432
3886, 15569, 91, 91, -1430
3885, 15568, 92, 92, -1430
3885, 15568, 92, 92, -1430
3885, 15568, 92, 92, -1430
3886, 15569, 92, 92, -1430
3885, 15568, 92, 92, -1430
3885, 15568, 92, 92, -1430
3884, 15568, 91, 91, -1430
3883, 15568, 90, 90, -1430
3885, 15569, 91, 91, -1430
3885, 15569, 91, 91, -1430
3884, 15568, 91, 91, -1430
3883, 15569, 90, 90, -1430
3883, 15569, 90, 90, -1430
3883, 15568, 90, 90, -1430
3882, 15569, 89, 89, -1430
3883, 15569, 89, 89, -1430
3883, 15569, 89, 89, -1430
3882, 15569, 89, 89, -1430
3882, 15568, 89, 89, -1430
3881, 15567, 88, 88, -1430
3881, 15567, 88, 88, -1430
3881, 15568, 88, 88, -1430
3881, 15568, 88, 88, -1430
3882, 15568, 88, 88, -1432
3882, 15568, 88, 88, -1432
3881, 15568, 88, 88, -1432
3881, 15568, 88, 88, -1432
3880, 15568, 87, 87, -1432
3880, 15568, 87, 87, -1432
3880, 15568, 87, 87, -1432
3880, 15567, 87, 87, -1432
3880, 15568, 87, 87, -1432
3880, 15568, 87, 87, -1432
3881, 15569, 87, 87, -1432
3880, 15569, 87, 87, -1432
3880, 15569, 87, 87, -1432
3880, 15569, 87, 87, -1432
3879, 15569, 86, 86, -1432
3879, 15569, 86, 86, -1432
3879, 15568, 86, 86, -1432
3879, 15568, 86, 86, -1432
3880, 15569, 86, 86, -1432
3880, 15568, 86, 86, -1432
3879, 15569, 86, 86, -1432
3879, 15569, 86, 86, -1432
3879, 15568, 86, 86, -1432
3879, 15569, 86, 86, -1432
3879, 15569, 86, 86, -1432
3877, 15570, 85, 85, -1432
3879, 15569, 85, 85, -1432
3879, 15569, 85, 85, -1432
3940, 15600, 116, 116, -1423
3940, 15600, 116, 116, -1423
3953, 15603, 155, 155, -1423
3958, 15604, 163, 163, -1423
3961, 15604, 166, 166, -1423
3968, 15605, 173, 173, -1423
3968, 15605, 173, 173, -1423
3971, 15606, 176, 176, -1423
3971, 15606, 176, 176, -1423
3972, 15606, 179, 179, -1423
3972, 15606, 179, 179, -1423
3975, 15606, 181, 181, -1423
3975, 15606, 181, 181, -1423
3976, 15606, 182, 182, -1423
3977, 15606, 184, 184, -1423
3977, 15606, 184, 184, -1423
3978, 15606, 185, 185, -1423
3980, 15605, 187, 187, -1423
3980, 15605, 187, 187, -1423
3982, 15606, 187, 187, -1423
3982, 15606, 187, 187, -1423
3982, 15607, 188, 188, -1423
3981, 15606, 189, 189, -1423
3984, 15606, 189, 189, -1423
3983, 15606, 190, 190, -1423
3984, 15606, 191, 191, -1423
3984, 15606, 191, 191, -1423
3986, 15605, 192, 192, -1430
3986, 15605, 192, 192, -1430
3986, 15607, 192, 192, -1430
3986, 15607, 192, 192, -1430
3986, 15606, 192, 192, -1430
3986, 15606, 193, 193, -1430
3986, 15607, 193, 193, -1430
3986, 15607, 193, 193, -1430
3988, 15605, 194, 194, -1430
3988, 15606, 194, 194, -1430
3988, 15606, 194, 194, -1430
3988, 15606, 194, 194, -1430
3989, 15607, 196, 196, -1430
3989, 15607, 196, 196, -1430
3989, 15607, 196, 196, -1430
3990, 15606, 196, 196, -1430
3990, 15606, 196, 196, -1430
3990, 15607, 196, 196, -1430
3990, 15607, 196, 196, -1430
3990, 15606, 197, 197, -1430
3991, 15605, 198, 198, -1430
3992, 15605, 198, 198, -1430
3990, 15605, 197, 197, -1430
3990, 15605, 197, 197, -1430
3992, 15606, 198, 198, -1430
3992, 15606, 198, 198, -1430
3992, 15607, 198, 198, -1424
3992, 15607, 198, 198, -1424
3993, 15607, 199, 199, -1424
3993, 15607, 199, 199, -1424
3992, 15606, 199, 199, -1424
3992, 15606, 199, 199, -1424
3993, 15606, 200, 200, -1424
3993, 15606, 200, 200, -1424
3993, 15606, 200, 200, -1424
3993, 15606, 200, 200, -1424
3995, 15606, 201, 201, -1424
3995, 15606, 201, 201, -1424
3995, 15606, 201, 201, -1424
3995, 15606, 201, 201, -1424
3994, 15606, 200, 200, -1424
3994, 15606, 200, 200, -1424
3995, 15606, 201, 201, -1424
3995, 15606, 201, 201, -1424
3996, 15606, 201, 201, -1424
3996, 15606, 201, 201, -1424
3995, 15606, 201, 201, -1424
3995, 15606, 202, 202, -1424
3995, 15606, 202, 202, -1424
3995, 15605, 202, 202, -1424
3996, 15606, 202, 202, -1424
3996, 15606, 202, 202, -1424
3996, 15606, 202, 202, -1426
3996, 15606, 202, 202, -1426
3995, 15606, 202, 202, -1426
3996, 15606, 202, 202, -1426
3996, 15606, 202, 202, -1426
3996, 15607, 203, 203, -1426
3996, 15607, 203, 203, -1426
3996, 15606, 202, 202, -1426
3996, 15606, 202, 202, -1426
3996, 15607, 203, 203, -1426
3996, 15607, 203, 203, -1426
3997, 15606, 204, 204, -1426
3997, 15606, 204, 204, -1426
3997, 15606, 204, 204, -1426
3997, 15606, 204, 204, -1426
3997, 15606, 204, 204, -1426
3998, 15606, 204, 204, -1426
3997, 15606, 204, 204, -1426
3998, 15604, 204, 204, -1426
3998, 15606, 204, 204, -1426
3998, 15606, 204, 204, -1426
3998, 15606, 204, 204, -1426
3997, 15606, 204, 204, -1426
3997, 15605, 204, 204, -1426
3999, 15605, 204, 204, -1426
3999, 15605, 204, 204, -1426
3997, 15606, 204, 204, -1426
3997, 15606, 204, 204, -1421
3997, 15606, 204, 204, -1421
3998, 15606, 205, 205, -1421
3998, 15605, 205, 205, -1421
4000, 15605, 205, 205, -1421
4000, 15605, 205, 205, -1421
3998, 15605, 206, 206, -1421
3999, 15605, 205, 205, -1421
3999, 15605, 206, 206, -1421
3999, 15605, 206, 206, -1421
3999, 15606, 206, 206, -1421
3999, 15606, 206, 206, -1421
3999, 15606, 206, 206, -1421
3999, 15606, 206, 206, -1421
3999, 15606, 206, 206, -1421
3998, 15605, 206, 206, -1421
3998, 15605, 206, 206, -1421
4000, 15606, 206, 206, -1421
4000, 15606, 206, 206, -1421
3998, 15606, 206, 206, -1421
3998, 15606, 206, 206, -1421
4000, 15606, 206, 206, -1421
4000, 15606, 206, 206, -1421
3923, 15570, 134, 134, -1430
3923, 15570, 134, 134, -1430
3921, 15569, 129, 129, -1430
3915, 15569, 124, 124, -1430
3914, 15570, 121, 121, -1430
3910, 15568, 116, 116, -1430
3910, 15568, 116, 116, -1430
3906, 15568, 113, 113, -1430
3906, 15568, 113, 113, -1430
3904, 15568, 111, 111, -1430
3904, 15568, 111, 111, -1430
3900, 15568, 108, 108, -1430
3900, 15568, 108, 108, -1430
3901, 15567, 107, 107, -1430
3900, 15568, 107, 107, -1430
3899, 15568, 105, 105, -1430
3899, 15568, 105, 105, -1430
3896, 15567, 103, 103, -1430
3896, 15567, 103, 103, -1430
3893, 15568, 100, 100, -1430
3893, 15568, 100, 100, -1430
3891, 15569, 99, 99, -1430
3891, 15569, 99, 99, -1430
3892, 15568, 99, 99, -1430
3892, 15568, 99, 99, -1430
3890, 15568, 98, 98, -1426
3890, 15567, 98, 98, -1426
3892, 15569, 97, 97, -1426
3890, 15568, 97, 97, -1426
3890, 15568, 97, 97, -1426
3888, 15569, 96, 96, -1426
3888, 15569, 96, 96, -1426
3888, 15568, 95, 95, -1426
3889, 15568, 96, 96, -1426
3888, 15568, 95, 95, -1426
3888, 15568, 95, 95, -1426
3887, 15568, 94, 94, -1426
3887, 15568, 94, 94, -1426
3887, 15568, 94, 94, -1426
3887, 15568, 94, 94, -1426
3886, 15568, 94, 94, -1426
3886, 15568, 94, 94, -1426
3887, 15568, 93, 93, -1426
3887, 15568, 93, 93, -1426
3887, 15568, 93, 93, -1426
3886, 15568, 91, 91, -1426
3885, 15568, 91, 91, -1426
3885, 15568, 91, 91, -1426
3885, 15568, 92, 92, -1426
3885, 15568, 92, 92, -1426
3883, 15568, 91, 91, -1417
3883, 15568, 91, 91, -1417
3886, 15568, 91, 91, -1417
3886, 15568, 91, 91, -1417
3884, 15568, 90, 90, -1417
3884, 15568, 90, 90, -1417
3883, 15569, 90, 90, -1417
3884, 15568, 90, 90, -1417
3884, 15568, 90, 90, -1417
3883, 15568, 90, 90, -1417
3883, 15568, 90, 90, -1417
3882, 15569, 89, 89, -1417
3882, 15569, 89, 89, -1417
3881, 15569, 88, 88, -1417
3881, 15569, 88, 88, -1417
3882, 15568, 88, 88, -1417
3882, 15569, 89, 89, -1417
3881, 15569, 88, 88, -1417
3881, 15569, 88, 88, -1417
3881, 15569, 88, 88, -1417
3881, 15569, 88, 88, -1417
3882, 15568, 88, 88, -1417
3882, 15568, 88, 88, -1417
3882, 15568, 88, 88, -1417
3882, 15568, 88, 88, -1417
3880, 15569, 88, 88, -1417
3880, 15569, 88, 88, -1417
3879, 15569, 86, 86, -1421
3879, 15569, 86, 86, -1421
3881, 15569, 88, 88, -1421
3881, 15569, 88, 88, -1421
3881, 15570, 87, 87, -1421
3881, 15570, 87, 87, -1421
3880, 15569, 87, 87, -1421
3880, 15569, 87, 87, -1421
3880, 15569, 87, 87, -1421
3879, 15569, 87, 87, -1421
3879, 15569, 87, 87, -1421
3879, 15568, 86, 86, -1421
3877, 15569, 85, 85, -1421
3880, 15569, 86, 86, -1421
3880, 15569, 86, 86, -1421
3879, 15569, 85, 85, -1421
3879, 15569, 85, 85, -1421
3878, 15569, 84, 84, -1421
3878, 15569, 84, 84, -1421
3878, 15570, 85, 85, -1421
3878, 15570, 85, 85, -1421
3879, 15570, 85, 85, -1421
3879, 15570, 85, 85, -1421
3879, 15569, 85, 85, -1421
3879, 15569, 85, 85, -1421
3878, 15570, 85, 85, -1421
3877, 15569, 85, 85, -1421
3877, 15569, 85, 85, -1421
3879, 15569, 85, 85, -1423
3879, 15569, 85, 85, -1423
3878, 15569, 84, 84, -1423
3878, 15569, 84, 84, -1423
3878, 15569, 84, 84, -1423
3878, 15569, 84, 84, -1423
3878, 15570, 84, 84, -1423
3878, 15570, 84, 84, -1423
3878, 15569, 85, 85, -1423
3879, 15569, 84, 84, -1423
3879, 15569, 84, 84, -1423
3878, 15569, 84, 84, -1423
3882, 15578, 89, 89, -1423
3956, 15605, 162, 162, -1423
3966, 15606, 172, 172, -1423
3966, 15606, 172, 172, -1423
3968, 15607, 173, 173, -1423
3968, 15607, 174, 174, -1423
3971, 15606, 176, 176, -1423
3972, 15607, 178, 178, -1423
3972, 15607, 178, 178, -1423
3975, 15607, 181, 181, -1423
3976, 15607, 182, 182, -1423
3976, 15607, 182, 182, -1423
3977, 15607, 183, 183, -1419
3977, 15607, 183, 183, -1419
3978, 15607, 185, 185, -1419
3978, 15607, 185, 185, -1419
3979, 15607, 186, 186, -1419
3979, 15607, 186, 186, -1419
3980, 15607, 186, 186, -1419
3980, 15607, 186, 186, -1419
3981, 15606, 188, 188, -1419
3981, 15606, 188, 188, -1419
3982, 15608, 188, 188, -1419
3983, 15607, 189, 189, -1419
3983, 15607, 190, 190, -1419
3983, 15607, 190, 190, -1419
3984, 15606, 190, 190, -1419
3984, 15606, 190, 190, -1419
3985, 15607, 191, 191, -1419
3986, 15607, 192, 192, -1419
3986, 15607, 192, 192, -1419
3987, 15607, 193, 193, -1419
3987, 15607, 193, 193, -1419
3986, 15608, 193, 193, -1419
3986, 15608, 193, 193, -1419
3988, 15607, 194, 194, -1419
3988, 15608, 194, 194, -1419
3988, 15607, 194, 194, -1419
3988, 15606, 195, 195, -1419
3988, 15606, 195, 195, -1419
3990, 15607, 195, 195, -1423
3990, 15607, 195, 195, -1423
3988, 15607, 195, 195, -1423
3988, 15607, 195, 195, -1423
3989, 15605, 196, 196, -1423
3989, 15605, 196, 196, -1423
3991, 15607, 197, 197, -1423
3991, 15607, 197, 197, -1423
3990, 15607, 197, 197, -1423
3991, 15607, 197, 197, -1423
3991, 15607, 197, 197, -1423
3990, 15607, 197, 197, -1423
3991, 15607, 198, 198, -1423
3991, 15607, 198, 198, -1423
3992, 15607, 198, 198, -1423
3992, 15607, 198, 198, -1423
3991, 15607, 198, 198, -1423
3992, 15606, 198, 198, -1423
3992, 15607, 199, 199, -1423
3993, 15607, 199, 199, -1423
3993, 15607, 199, 199, -1423
3992, 15607, 199, 199, -1423
3993, 15606, 199, 199, -1423
3992, 15607, 199, 199, -1423
3992, 15607, 199, 199, -1423
3993, 15606, 200, 200, -1423
3993, 15606, 200, 200, -1423
3993, 15606, 200, 200, -1423
3994, 15607, 200, 200, -1419
3994, 15607, 200, 200, -1419
3993, 15606, 200, 200, -1419
3994, 15606, 200, 200, -1419
3994, 15606, 200, 200, -1419
3994, 15607, 200, 200, -1419
3995, 15606, 201, 201, -1419
3994, 15606, 201, 201, -1419
3996, 15606, 201, 201, -1419
3995, 15606, 201, 201, -1419
3995, 15606, 201, 201, -1419
3994, 15607, 201, 201, -1419
3994, 15607, 201, 201, -1419
3995, 15607, 202, 202, -1419
3995, 15607, 202, 202, -1419
3995, 15607, 201, 201, -1419
3995, 15607, 201, 201, -1419
3996, 15606, 202, 202, -1419
3996, 15606, 202, 202, -1419
3995, 15607, 202, 202, -1419
3995, 15607, 202, 202, -1419
3996, 15606, 202, 202, -1419
3995, 15605, 202, 202, -1419
3995, 15605, 202, 202, -1419
3996, 15606, 202, 202, -1419
3996, 15606, 202, 202, -1419
3995, 15605, 202, 202, -1419
3995, 15605, 202, 202, -1419
3996, 15606, 202, 202, -1419
3996, 15606, 202, 202, -1419
3996, 15606, 202, 202, -1419
3997, 15606, 203, 203, -1419
3997, 15606, 203, 203, -1419
3996, 15606, 203, 203, -1419
3997, 15606, 203, 203, -1419
3996, 15606, 203, 203, -1419
3997, 15607, 203, 203, -1419
3997, 15607, 204, 204, -1419
3997, 15606, 204, 204, -1419
3997, 15606, 204, 204, -1419
3998, 15606, 204, 204, -1419
3998, 15606, 204, 204, -1419
3997, 15606, 204, 204, -1419
3997, 15606, 204, 204, -1419
3997, 15606, 204, 204, -1419
3997, 15605, 204, 204, -1419
3998, 15606, 204, 204, -1419
3998, 15606, 204, 204, -1419
3998, 15606, 204, 204, -1419
3998, 15605, 204, 204, -1419
3998, 15605, 204, 204, -1419
3998, 15605, 205, 205, -1419
3998, 15606, 204, 204, -1419
3998, 15606, 204, 204, -1419
3998, 15605, 205, 205, -1421
3998, 15605, 205, 205, -1421
3998, 15605, 205, 205, -1421
3998, 15605, 205, 205, -1421
3998, 15606, 205, 205, -1421
3999, 15606, 205, 205, -1421
3999, 15606, 205, 205, -1421
3999, 15606, 205, 205, -1421
3999, 15606, 205, 205, -1421
3999, 15544, 205, 205, -1421
3920, 15571, 130, 130, -1421
3920, 15571, 130, 130, -1421
3915, 15568, 123, 123, -1421
3915, 15568, 123, 123, -1421
3909, 15568, 118, 118, -1421
3909, 15568, 118, 118, -1421
3906, 15569, 114, 114, -1421
3906, 15569, 114, 114, -1421
3903, 15569, 111, 111, -1421
3903, 15569, 111, 111, -1421
3901, 15567, 108, 108, -1421
3901, 15567, 108, 108, -1421
3900, 15568, 107, 107, -1421
3900, 15568, 107, 107, -1421
3899, 15568, 105, 105, -1421
3899, 15568, 105, 105, -1421
3898, 15569, 104, 104, -1421
3895, 15569, 102, 102, -1423
3895, 15569, 102, 102, -1423
3895, 15567, 102, 102, -1423
3893, 15569, 100, 100, -1423
3893, 15569, 100, 100, -1423
3892, 15569, 100, 100, -1423
3892, 15569, 100, 100, -1423
3892, 15568, 99, 99, -1423
3892, 15568, 99, 99, -1423
3891, 15569, 98, 98, -1423
3891, 15569, 98, 98, -1423
3891, 15569, 97, 97, -1423
3891, 15569, 97, 97, -1423
3889, 15568, 96, 96, -1423
3889, 15569, 96, 96, -1423
3889, 15569, 96, 96, -1423
3890, 15569, 96, 96, -1423
3890, 15569, 96, 96, -1423
3888, 15569, 95, 95, -1423
3888, 15569, 95, 95, -1423
3888, 15568, 95, 95, -1423
3887, 15568, 95, 95, -1423
3888, 15569, 95, 95, -1423
3888, 15569, 95, 95, -1423
3886, 15569, 93, 93, -1423
3886, 15569, 93, 93, -1423
3886, 15569, 93, 93, -1423
3885, 15569, 93, 93, -1421
3885, 15569, 93, 93, -1421
3885, 15570, 92, 92, -1421
3885, 15570, 92, 92, -1421
3886, 15569, 92, 92, -1421
3886, 15568, 92, 92, -1421
3885, 15570, 92, 92, -1421
3885, 15568, 91, 91, -1421
3884, 15569, 90, 90, -1421
3884, 15568, 91, 91, -1421
3884, 15568, 91, 91, -1421
3883, 15569, 91, 91, -1421
3883, 15569, 91, 91, -1421
3882, 15569, 90, 90, -1421
3882, 15569, 90, 90, -1421
3883, 15570, 89, 89, -1421
3883, 15570, 89, 89, -1421
3883, 15570, 90, 90, -1421
3883, 15570, 90, 90, -1421
3882, 15570, 89, 89, -1421
3882, 15570, 89, 89, -1421
3881, 15570, 88, 88, -1421
3881, 15570, 88, 88, -1421
3881, 15570, 88, 88, -1421
3882, 15569, 88, 88, -1421
3882, 15569, 88, 88, -1421
3883, 15569, 88, 88, -1411
3883, 15569, 88, 88, -1411
3881, 15568, 88, 88, -1411
3881, 15570, 87, 87, -1411
3879, 15570, 87, 87, -1411
3880, 15569, 87, 87, -1411
3880, 15569, 87, 87, -1411
3881, 15570, 87, 87, -1411
3881, 15570, 87, 87, -1411
3878, 15570, 86, 86, -1411
3878, 15570, 86, 86, -1411
3878, 15569, 86, 86, -1411
3878, 15569, 86, 86, -1411
3877, 15570, 86, 86, -1411
3878, 15570, 85, 85, -1411
3878, 15570, 85, 85, -1411
3878, 15569, 86, 86, -1411
3878, 15570, 85, 85, -1411
3878, 15570, 85, 85, -1411
3879, 15569, 85, 85, -1411
3879, 15569, 85, 85, -1411
3877, 15569, 84, 84, -1411
3877, 15569, 84, 84, -1411
3879, 15569, 84, 84, -1411
3879, 15569, 84, 84, -1411
3878, 15570, 85, 85, -1411
3878, 15570, 85, 85, -1411
3877, 15570, 84, 84, -1411
3877, 15570, 84, 84, -1411
3877, 15570, 84, 84, -1411
3877, 15569, 84, 84, -1411
3877, 15570, 84, 84, -1411
3878, 15570, 84, 84, -1411
3877, 15570, 83, 83, -1411
3877, 15570, 83, 83, -1411
3877, 15571, 84, 84, -1411
3876, 15569, 84, 84, -1411
3876, 15569, 83, 83, -1411
3876, 15568, 83, 83, -1411
3876, 15569, 83, 83, -1411
3881, 15569, 84, 84, -1411
3951, 15605, 155, 155, -1411
3956, 15605, 161, 161, -1411
3956, 15605, 161, 161, -1411
3961, 15606, 165, 165, -1411
3965, 15606, 171, 171, -1421
3965, 15606, 171, 171, -1421
3968, 15607, 174, 174, -1421
3968, 15607, 174, 174, -1421
3970, 15607, 176, 176, -1421
3970, 15607, 176, 176, -1421
3973, 15606, 179, 179, -1421
3973, 15606, 179, 179, -1421
3975, 15607, 181, 181, -1421
3975, 15607, 181, 181, -1421
3977, 15607, 183, 183, -1421
3977, 15607, 183, 183, -1421
3978, 15607, 184, 184, -1421
3978, 15607, 184, 184, -1421
3977, 15607, 184, 184, -1421
3980, 15607, 186, 186, -1421
3980, 15608, 187, 187, -1421
3981, 15607, 187, 187, -1421
3981, 15607, 187, 187, -1421
3981, 15608, 187, 187, -1421
3983, 15607, 189, 189, -1421
3983, 15607, 189, 189, -1421
3983, 15608, 189, 189, -1421
3983, 15608, 189, 189, -1421
3984, 15607, 191, 191, -1421
3985, 15608, 191, 191, -1401
3985, 15608, 191, 191, -1401
3986, 15607, 192, 192, -1401
3986, 15607, 192, 192, -1401
3987, 15608, 193, 193, -1401
3986, 15606, 193, 193, -1401
3986, 15607, 192, 192, -1401
3987, 15607, 193, 193, -1401
3987, 15607, 193, 193, -1401
3987, 15607, 194, 194, -1401
3989, 15606, 195, 195, -1401
3989, 15606, 195, 195, -1401
3989, 15608, 195, 195, -1401
3989, 15608, 195, 195, -1401
3990, 15608, 196, 196, -1401
3989, 15607, 196, 196, -1401
3989, 15607, 196, 196, -1401
3989, 15606, 196, 196, -1401
3989, 15606, 196, 196, -1401
3991, 15606, 197, 197, -1401
3992, 15607, 197, 197, -1401
3992, 15607, 197, 197, -1401
3991, 15606, 197, 197, -1401
3991, 15607, 197, 197, -1413
3991, 15607, 197, 197, -1413
3991, 15607, 198, 198, -1413
3991, 15607, 198, 198, -1413
3990, 15606, 198, 198, -1413
3992, 15607, 198, 198, -1413
3992, 15607, 198, 198, -1413
3991, 15606, 198, 198, -1413
3991, 15606, 198, 198, -1413
3992, 15606, 198, 198, -1413
3992, 15606, 198, 198, -1413
3993, 15607, 199, 199, -1413
3993, 15607, 199, 199, -1413
3993, 15607, 199, 199, -1413
3993, 15607, 199, 199, -1413
3993, 15606, 200, 200, -1413
3993, 15606, 200, 200, -1413
3994, 15605, 200, 200, -1413
3993, 15606, 200, 200, -1413
3993, 15606, 200, 200, -1413
3993, 15607, 200, 200, -1413
3993, 15607, 200, 200, -1413
3993, 15607, 201, 201, -1413
3993, 15607, 201, 201, -1413
3994, 15606, 201, 201, -1413
3994, 15606, 201, 201, -1413
3994, 15606, 201, 201, -1413
3994, 15606, 201, 201, -1413
3994, 15605, 200, 200, -1409
3995, 15606, 201, 201, -1409
3993, 15606, 201, 201, -1409
3995, 15606, 201, 201, -1409
3995, 15606, 202, 202, -1409
3996, 15605, 201, 201, -1409
3996, 15605, 201, 201, -1409
3995, 15607, 202, 202, -1409
3995, 15607, 202, 202, -1409
3995, 15606, 202, 202, -1409
3995, 15607, 202, 202, -1409
3995, 15607, 202, 202, -1409
3995, 15607, 201, 201, -1409
3995, 15607, 201, 201, -1409
3996, 15607, 202, 202, -1409
3996, 15607, 202, 202, -1409
3996, 15606, 203, 203, -1409
3996, 15606, 203, 203, -1409
3997, 15607, 203, 203, -1409
3997, 15607, 203, 203, -1409
3996, 15606, 203, 203, -1409
3996, 15606, 203, 203, -1409
3997, 15607, 203, 203, -1409
3996, 15606, 203, 203, -1409
3996, 15606, 203, 203, -1409
3996, 15606, 203, 203, -1409
3996, 15606, 203, 203, -1409
3996, 15607, 203, 203, -1417
3996, 15607, 203, 203, -1417
3997, 15605, 204, 204, -1417
3997, 15605, 204, 204, -1417
3996, 15606, 203, 203, -1417
3997, 15606, 204, 204, -1417
3997, 15607, 204, 204, -1417
3998, 15607, 204, 204, -1417
3997, 15606, 204, 204, -1417
3998, 15606, 204, 204, -1417
3998, 15606, 204, 204, -1417
3998, 15606, 204, 204, -1417
3997, 15607, 204, 204, -1417
3997, 15607, 204, 204, -1417
3998, 15606, 205, 205, -1417
3998, 15606, 205, 205, -1417
3998, 15606, 205, 205, -1417
3998, 15607, 205, 205, -1417
3999, 15585, 204, 204, -1417
3999, 15585, 204, 204, -1417
3918, 15570, 131, 131, -1417
3918, 15570, 131, 131, -1417
3912, 15569, 120, 120, -1417
3910, 15568, 118, 118, -1417
3910, 15568, 118, 118, -1417
3908, 15569, 114, 114, -1417
3908, 15569, 114, 114, -1417
3905, 15568, 112, 112, -1417
3903, 15568, 110, 110, -1417
3903, 15568, 110, 110, -1417
3902, 15569, 109, 109, -1417
3900, 15568, 107, 107, -1417
3897, 15568, 104, 104, -1417
3897, 15568, 104, 104, -1417
3895, 15569, 102, 102, -1417
3895, 15569, 102, 102, -1417
3893, 15568, 101, 101, -1417
3893, 15568, 101, 101, -1417
3892, 15568, 99, 99, -1417
3892, 15568, 99, 99, -1417
3891, 15568, 99, 99, -1417
3891, 15568, 99, 99, -1417
3891, 15569, 97, 97, -1417
3891, 15569, 97, 97, -1417
3890, 15569, 97, 97, -1417
3890, 15569, 97, 97, -1417
3891, 15570, 96, 96, -1417
3890, 15568, 97, 97, -1417
3889, 15568, 96, 96, -1417
3889, 15568, 96, 96, -1417
3888, 15569, 95, 95, -1417
3887, 15568, 94, 94, -1417
3887, 15569, 94, 94, -1411
3887, 15568, 94, 94, -1411
3887, 15568, 94, 94, -1411
3887, 15569, 94, 94, -1411
3887, 15568, 93, 93, -1411
3885, 15569, 92, 92, -1411
3885, 15569, 92, 92, -1411
3886, 15569, 92, 92, -1411
3886, 15568, 92, 92, -1411
3886, 15568, 92, 92, -1411
3885, 15569, 91, 91, -1411
3885, 15569, 91, 91, -1411
3884, 15569, 90, 90, -1411
3884, 15569, 90, 90, -1411
3884, 15569, 90, 90, -1411
3884, 15569, 90, 90, -1411
3883, 15568, 90, 90, -1411
3883, 15568, 89, 89, -1411
3883, 15568, 89, 89, -1411
3883, 15569, 89, 89, -1411
3882, 15569, 89, 89, -1411
3882, 15569, 89, 89, -1411
3882, 15569, 88, 88, -1411
3882, 15569, 88, 88, -1413
3882, 15569, 88, 88, -1413
3882, 15570, 88, 88, -1413
3882, 15569, 88, 88, -1413
3882, 15569, 88, 88, -1413
3881, 15569, 88, 88, -1413
3881, 15568, 88, 88, -1413
3879, 15569, 87, 87, -1413
3880, 15568, 87, 87, -1413
3880, 15568, 87, 87, -1413
3881, 15570, 87, 87, -1413
3881, 15570, 87, 87, -1413
3881, 15569, 87, 87, -1413
3879, 15569, 86, 86, -1413
3879, 15569, 86, 86, -1413
3879, 15569, 86, 86, -1413
3879, 15569, 86, 86, -1413
3879, 15569, 85, 85, -1413
3879, 15569, 85, 85, -1413
3879, 15569, 85, 85, -1413
3879, 15569, 85, 85, -1413
3879, 15569, 85, 85, -1413
3879, 15569, 86, 86, -1413
3880, 15570, 86, 86, -1413
3877, 15569, 84, 84, -1413
3877, 15569, 84, 84, -1413
3878, 15570, 85, 85, -1413
3878, 15570, 85, 85, -1413
3877, 15570, 84, 84, -1409
3877, 15570, 84, 84, -1409
3877, 15569, 84, 84, -1409
3877, 15569, 84, 84, -1409
3878, 15569, 84, 84, -1409
3877, 15570, 84, 84, -1409
3877, 15570, 84, 84, -1409
3876, 15569, 83, 83, -1409
3876, 15569, 83, 83, -1409
3877, 15570, 84, 84, -1409
3877, 15570, 84, 84, -1409
3876, 15570, 83, 83, -1409
3876, 15570, 83, 83, -1409
3876, 15569, 83, 83, -1409
3876, 15569, 83, 83, -1409
3876, 15569, 83, 83, -1409
3877, 15570, 83, 83, -1409
3877, 15570, 83, 83, -1409
3877, 15570, 83, 83, -1409
3877, 15570, 83, 83, -1409
3875, 15570, 82, 82, -1409
3875, 15570, 82, 82, -1409
3875, 15570, 82, 82, -1409
3875, 15570, 82, 82, -1411
3875, 15570, 82, 82, -1411
3877, 15568, 82, 82, -1411
3877, 15568, 82, 82, -1411
3874, 15572, 81, 81, -1411
3874, 15572, 81, 81, -1411
3937, 15601, 113, 113, -1411
3950, 15604, 155, 155, -1411
3956, 15605, 160, 160, -1411
3959, 15605, 165, 165, -1411
3962, 15605, 168, 168, -1411
3962, 15605, 168, 168, -1411
3969, 15606, 175, 175, -1411
3971, 15606, 176, 176, -1411
3971, 15606, 176, 176, -1411
3972, 15606, 178, 178, -1411
3972, 15606, 178, 178, -1411
3975, 15607, 181, 181, -1411
3977, 15607, 183, 183, -1411
3976, 15607, 183, 183, -1411
3978, 15607, 184, 184, -1411
3979, 15607, 185, 185, -1411
3979, 15607, 185, 185, -1411
3980, 15607, 186, 186, -1403
3980, 15607, 186, 186, -1403
3980, 15607, 186, 186, -1403
3980, 15606, 187, 187, -1403
3981, 15606, 187, 187, -1403
3981, 15608, 188, 188, -1403
3982, 15607, 189, 189, -1403
3982, 15607, 189, 189, -1403
3981, 15606, 188, 188, -1403
3983, 15607, 189, 189, -1403
3983, 15606, 190, 190, -1403
3984, 15606, 190, 190, -1403
3984, 15606, 190, 190, -1403
3985, 15607, 191, 191, -1403
3986, 15606, 192, 192, -1403
3986, 15606, 192, 192, -1403
3985, 15607, 192, 192, -1403
3986, 15607, 192, 192, -1403
3986, 15607, 193, 193, -1403
3986, 15608, 192, 192, -1403
3986, 15607, 193, 193, -1403
3986, 15606, 193, 193, -1403
3986, 15606, 193, 193, -1403
3988, 15607, 194, 194, -1403
3988, 15607, 194, 194, -1403
3988, 15607, 194, 194, -1403
3988, 15607, 194, 194, -1403
3988, 15607, 195, 195, -1405
3988, 15607, 195, 195, -1405
3989, 15607, 196, 196, -1405
3989, 15607, 196, 196, -1405
3989, 15607, 196, 196, -1405
3989, 15607, 196, 196, -1405
3990, 15607, 196, 196, -1405
3990, 15607, 196, 196, -1405
3990, 15607, 197, 197, -1405
3990, 15606, 197, 197, -1405
3991, 15608, 197, 197, -1405
3991, 15608, 197, 197, -1405
3991, 15607, 197, 197, -1405
3991, 15607, 198, 198, -1405
3991, 15607, 198, 198, -1405
3991, 15607, 198, 198, -1405
3991, 15607, 198, 198, -1405
3991, 15607, 198, 198, -1405
3991, 15607, 198, 198, -1405
3991, 15606, 198, 198, -1405
3991, 15607, 198, 198, -1405
3991, 15607, 198, 198, -1405
3993, 15607, 199, 199, -1405
3992, 15607, 199, 199, -1405
3991, 15607, 199, 199, -1411
3991, 15607, 199, 199, -1411
3992, 15606, 199, 199, -1411
3993, 15607, 199, 199, -1411
3993, 15607, 199, 199, -1411
3992, 15607, 199, 199, -1411
3992, 15606, 199, 199, -1411
3994, 15606, 200, 200, -1411
3994, 15606, 200, 200, -1411
3993, 15606, 200, 200, -1411
3993, 15606, 200, 200, -1411
3993, 15607, 200, 200, -1411
3993, 15607, 200, 200, -1411
3993, 15607, 201, 201, -1411
3993, 15607, 201, 201, -1411
3994, 15606, 200, 200, -1411
3994, 15606, 200, 200, -1411
3995, 15606, 201, 201, -1411
3995, 15606, 202, 202, -1411
3995, 15606, 202, 202, -1411
3995, 15606, 202, 202, -1411
3995, 15606, 202, 202, -1411
3995, 15606, 202, 202, -1411
3996, 15607, 202, 202, -1411
3995, 15606, 202, 202, -1411
3997, 15605, 203, 203, -1411
3997, 15605, 203, 203, -1411
3996, 15606, 202, 202, -1411
3993, 15607, 202, 202, -1409
3995, 15606, 201, 201, -1409
3996, 15606, 202, 202, -1409
3995, 15606, 202, 202, -1409
3995, 15606, 202, 202, -1409
3996, 15606, 203, 203, -1409
3996, 15606, 203, 203, -1409
3997, 15607, 203, 203, -1409
3997, 15607, 203, 203, -1409
3995, 15606, 203, 203, -1409
3997, 15607, 203, 203, -1409
3997, 15607, 203, 203, -1409
3996, 15607, 203, 203, -1409
3997, 15606, 203, 203, -1409
3997, 15607, 203, 203, -1409
3996, 15606, 203, 203, -1409
3996, 15606, 203, 203, -1409
3998, 15606, 204, 204, -1409
3998, 15606, 204, 204, -1409
3997, 15607, 203, 203, -1409
3997, 15607, 203, 203, -1409
3997, 15606, 204, 204, -1409
3996, 15606, 203, 203, -1409
3997, 15606, 204, 204, -1409
3997, 15606, 204, 204, -1409
3998, 15606, 204, 204, -1409
3998, 15606, 204, 204, -1409
3997, 15606, 204, 204, -1409
3998, 15606, 204, 204, -1413
3998, 15606, 204, 204, -1413
3998, 15606, 204, 204, -1413
3998, 15606, 204, 204, -1413
3997, 15607, 205, 205, -1413
3997, 15607, 205, 205, -1413
3998, 15606, 205, 205, -1413
3998, 15606, 205, 205, -1413
3998, 15606, 205, 205, -1413
3998, 15606, 205, 205, -1413
3998, 15606, 205, 205, -1413
3999, 15606, 205, 205, -1413
3999, 15606, 205, 205, -1413
3999, 15606, 205, 205, -1413
3999, 15606, 205, 205, -1413
3998, 15605, 205, 205, -1413
3998, 15605, 205, 205, -1413
3998, 15606, 205, 205, -1413
3999, 15606, 205, 205, -1413
3999, 15606, 205, 205, -1413
3999, 15606, 205, 205, -1413
3999, 15606, 205, 205, -1413
3999, 15607, 205, 205, -1413
3998, 15605, 205, 205, -1413
3999, 15607, 206, 206, -1411
3999, 15607, 206, 206, -1411
3999, 15605, 206, 206, -1411
3999, 15605, 206, 206, -1411
4000, 15606, 206, 206, -1411
4000, 15607, 207, 207, -1411
4000, 15606, 206, 206, -1411
4001, 15606, 206, 206, -1411
4001, 15606, 206, 206, -1411
4000, 15606, 206, 206, -1411
4000, 15606, 206, 206, -1411
4000, 15606, 206, 206, -1411
4000, 15606, 206, 206, -1411
3999, 15606, 206, 206, -1411
3999, 15606, 206, 206, -1411
4000, 15606, 206, 206, -1411
4000, 15606, 206, 206, -1411
3999, 15606, 206, 206, -1411
4000, 15606, 206, 206, -1411
4000, 15607, 206, 206, -1411
4000, 15607, 206, 206, -1411
4000, 15606, 207, 207, -1411
4000, 15606, 207, 207, -1411
4000, 15605, 207, 207, -1411
4000, 15605, 207, 207, -1411
3999, 15606, 206, 206, -1411
4000, 15605, 206, 206, -1411
4001, 15605, 208, 208, -1411
4001, 15605, 208, 208, -1411
4000, 15606, 207, 207, -1417
4000, 15606, 207, 207, -1417
4001, 15606, 207, 207, -1417
4001, 15606, 207, 207, -1417
4000, 15605, 207, 207, -1417
4001, 15605, 207, 207, -1417
4001, 15606, 208, 208, -1417
4001, 15606, 208, 208, -1417
4000, 15605, 207, 207, -1417
4000, 15605, 207, 207, -1417
4002, 15606, 207, 207, -1417
4001, 15605, 207, 207, -1417
4000, 15605, 207, 207, -1417
4001, 15605, 208, 208, -1417
4001, 15605, 208, 208, -1417
4001, 15606, 208, 208, -1417
4001, 15606, 208, 208, -1417
4002, 15606, 208, 208, -1417
4002, 15606, 208, 208, -1417
4001, 15606, 208, 208, -1417
4001, 15606, 208, 208, -1417
4001, 15607, 208, 208, -1411
4001, 15607, 208, 208, -1411
4002, 15606, 208, 208, -1411
4002, 15606, 208, 208, -1411
4001, 15607, 208, 208, -1411
4002, 15604, 208, 208, -1411
4001, 15605, 208, 208, -1411
4001, 15605, 208, 208, -1411
4001, 15605, 208, 208, -1411
4000, 15605, 207, 207, -1411
4000, 15605, 207, 207, -1411
4002, 15606, 208, 208, -1411
4001, 15606, 208, 208, -1411
4001, 15606, 208, 208, -1411
4001, 15606, 208, 208, -1411
4001, 15606, 208, 208, -1411
4001, 15606, 208, 208, -1411
4001, 15606, 208, 208, -1411
4002, 15606, 208, 208, -1411
4001, 15606, 208, 208, -1411
4001, 15606, 208, 208, -1411
4001, 15606, 208, 208, -1411
4002, 15606, 209, 209, -1411
4002, 15606, 209, 209, -1411
4001, 15606, 208, 208, -1411
4001, 15606, 208, 208, -1411
4002, 15605, 209, 209, -1411
4002, 15605, 209, 209, -1411
4003, 15605, 209, 209, -1413
4002, 15605, 209, 209, -1413
4002, 15605, 209, 209, -1413
4002, 15605, 208, 208, -1413
4002, 15605, 208, 208, -1413
4002, 15605, 209, 209, -1413
4003, 15605, 209, 209, -1413
4003, 15606, 209, 209, -1413
4003, 15606, 209, 209, -1413
4003, 15606, 210, 210, -1413
4003, 15606, 210, 210, -1413
4003, 15605, 209, 209, -1413
4003, 15605, 210, 210, -1413
4003, 15605, 210, 210, -1413
4002, 15605, 209, 209, -1413
4002, 15605, 209, 209, -1413
4003, 15606, 209, 209, -1413
4002, 15605, 210, 210, -1413
4003, 15605, 210, 210, -1413
4003, 15605, 210, 210, -1413
4003, 15605, 209, 209, -1413
4003, 15605, 209, 209, -1413
4003, 15604, 209, 209, -1413
4003, 15604, 209, 209, -1413
4004, 15605, 210, 210, -1411
4004, 15605, 210, 210, -1411
4003, 15606, 210, 210, -1411
4003, 15606, 210, 210, -1411
4003, 15605, 210, 210, -1411
4003, 15605, 210, 210, -1411
4003, 15605, 210, 210, -1411
4003, 15606, 210, 210, -1411
4003, 15605, 210, 210, -1411
