4011, 15644, 168, 168, 1352
4011, 15642, 169, 169, 1352
4012, 15644, 169, 169, 1377
4012, 15644, 169, 169, 1377
4012, 15644, 169, 169, 1377
4011, 15643, 169, 169, 1377
4012, 15643, 169, 169, 1377
4011, 15643, 169, 169, 1377
4011, 15643, 169, 169, 1377
4012, 15643, 170, 170, 1377
4012, 15644, 170, 170, 1377
4012, 15644, 170, 170, 1377
4012, 15642, 170, 170, 1377
4012, 15643, 169, 169, 1377
4012, 15643, 169, 169, 1377
4012, 15643, 170, 170, 1377
4012, 15643, 170, 170, 1377
4011, 15643, 169, 169, 1377
4011, 15644, 169, 169, 1377
4011, 15644, 169, 169, 1377
4013, 15645, 170, 170, 1377
4010, 15643, 170, 170, 1377
4012, 15645, 169, 169, 1377
4013, 15643, 170, 170, 1377
4012, 15643, 169, 169, 1377
4012, 15644, 170, 170, 1377
4012, 15644, 170, 170, 1377
4012, 15643, 170, 170, 1377
4013, 15643, 170, 170, 1375
4012, 15644, 169, 169, 1375
4012, 15643, 170, 170, 1375
4012, 15643, 170, 170, 1375
4012, 15644, 170, 170, 1375
4012, 15644, 170, 170, 1375
4011, 15643, 169, 169, 1375
4011, 15643, 169, 169, 1375
4012, 15644, 170, 170, 1375
4011, 15643, 169, 169, 1375
4012, 15645, 169, 169, 1375
4012, 15644, 169, 169, 1375
4011, 15644, 169, 169, 1375
4012, 15644, 170, 170, 1375
4010, 15644, 169, 169, 1375
4010, 15644, 169, 169, 1375
4012, 15644, 169, 169, 1375
4012, 15644, 169, 169, 1375
4013, 15644, 170, 170, 1375
4013, 15644, 170, 170, 1375
4013, 15644, 170, 170, 1375
4012, 15643, 170, 170, 1379
4012, 15643, 170, 170, 1379
4013, 15644, 170, 170, 1379
4011, 15643, 170, 170, 1379
4011, 15643, 169, 169, 1379
4011, 15643, 169, 169, 1379
4012, 15645, 169, 169, 1379
4012, 15644, 170, 170, 1379
4011, 15644, 169, 169, 1379
4011, 15644, 169, 169, 1379
4013, 15644, 169, 169, 1379
4012, 15643, 170, 170, 1379
4012, 15643, 170, 170, 1379
4012, 15643, 169, 169, 1379
4012, 15643, 169, 169, 1379
4012, 15643, 169, 169, 1379
4012, 15643, 170, 170, 1379
4012, 15643, 170, 170, 1379
4010, 15643, 169, 169, 1379
4012, 15643, 169, 169, 1379
4011, 15643, 169, 169, 1379
4011, 15643, 169, 169, 1379
4012, 15644, 170, 170, 1379
4012, 15642, 169, 169, 1379
4012, 15643, 169, 169, 1379
4012, 15644, 169, 169, 1371
4012, 15643, 170, 170, 1371
4012, 15643, 170, 170, 1371
4012, 15643, 170, 170, 1371
4011, 15644, 169, 169, 1371
4012, 15644, 169, 169, 1371
4012, 15644, 169, 169, 1371
4012, 15644, 170, 170, 1371
4011, 15644, 169, 169, 1371
4012, 15644, 169, 169, 1371
4012, 15644, 169, 169, 1371
4011, 15643, 169, 169, 1371
4011, 15643, 169, 169, 1371
4011, 15644, 169, 169, 1371
4012, 15644, 169, 169, 1371
4014, 15643, 171, 171, 1371
4012, 15645, 170, 170, 1371
4012, 15643, 170, 170, 1371
4013, 15643, 170, 170, 1371
4013, 15643, 170, 170, 1371
4011, 15644, 170, 170, 1371
3888, 15633, 97, 97, 1371
3910, 15626, 68, 68, 1371
3912, 15626, 69, 69, 1371
3910, 15627, 69, 69, 1371
3910, 15627, 69, 69, 1371
3912, 15627, 70, 70, 1365
3911, 15627, 69, 69, 1365
3913, 15628, 71, 71, 1365
3913, 15627, 71, 71, 1365
3913, 15627, 71, 71, 1365
3915, 15628, 71, 71, 1365
3915, 15628, 71, 71, 1365
3916, 15629, 72, 72, 1365
3917, 15629, 73, 73, 1365
3913, 15629, 73, 73, 1365
3915, 15628, 73, 73, 1365
3916, 15630, 74, 74, 1365
3916, 15630, 74, 74, 1365
3917, 15629, 75, 75, 1365
3919, 15630, 74, 74, 1365
3919, 15630, 74, 74, 1365
3919, 15630, 74, 74, 1365
3917, 15629, 75, 75, 1365
3917, 15629, 75, 75, 1365
3917, 15630, 75, 75, 1365
3919, 15630, 75, 75, 1365
3920, 15629, 76, 76, 1365
3920, 15629, 76, 76, 1362
3917, 15630, 75, 75, 1362
3918, 15630, 76, 76, 1362
3918, 15630, 76, 76, 1362
3917, 15629, 76, 76, 1362
3918, 15629, 76, 76, 1362
3918, 15629, 76, 76, 1362
3921, 15630, 77, 77, 1362
3921, 15630, 77, 77, 1362
3920, 15629, 77, 77, 1362
3921, 15629, 77, 77, 1362
3921, 15630, 77, 77, 1362
3920, 15629, 77, 77, 1362
3919, 15630, 78, 78, 1362
3919, 15630, 78, 78, 1362
3919, 15630, 78, 78, 1362
3919, 15630, 78, 78, 1362
3920, 15630, 78, 78, 1362
3921, 15629, 77, 77, 1362
3923, 15630, 78, 78, 1362
3921, 15630, 78, 78, 1362
3920, 15628, 78, 78, 1373
3920, 15628, 78, 78, 1373
3921, 15629, 79, 79, 1373
3920, 15629, 79, 79, 1373
3922, 15630, 78, 78, 1373
3922, 15630, 78, 78, 1373
3921, 15629, 78, 78, 1373
3922, 15629, 79, 79, 1373
3923, 15630, 79, 79, 1373
3923, 15630, 79, 79, 1373
3920, 15630, 79, 79, 1373
3923, 15629, 80, 80, 1373
3923, 15629, 80, 80, 1373
3923, 15631, 79, 79, 1373
3920, 15630, 78, 78, 1373
3920, 15630, 78, 78, 1373
3920, 15629, 79, 79, 1373
3920, 15629, 79, 79, 1373
3921, 15629, 80, 80, 1373
3920, 15629, 80, 80, 1373
3923, 15630, 79, 79, 1373
3923, 15630, 79, 79, 1373
3923, 15630, 79, 79, 1373
3923, 15631, 79, 79, 1373
3923, 15630, 79, 79, 1373
3923, 15630, 80, 80, 1373
3921, 15631, 79, 79, 1362
3921, 15629, 79, 79, 1362
3922, 15630, 80, 80, 1362
3922, 15630, 80, 80, 1362
3922, 15630, 80, 80, 1362
3922, 15630, 80, 80, 1362
3920, 15630, 79, 79, 1362
3921, 15630, 80, 80, 1362
3921, 15630, 80, 80, 1362
3922, 15629, 80, 80, 1362
3922, 15630, 81, 81, 1362
3922, 15630, 80, 80, 1362
3922, 15630, 80, 80, 1362
3923, 15630, 80, 80, 1362
3923, 15630, 80, 80, 1362
3924, 15630, 79, 79, 1362
3923, 15631, 80, 80, 1362
3924, 15630, 81, 81, 1362
3923, 15630, 80, 80, 1362
3923, 15630, 80, 80, 1362
3920, 15630, 80, 80, 1362
3921, 15631, 81, 81, 1362
3921, 15631, 81, 81, 1362
3922, 15630, 80, 80, 1362
3922, 15630, 80, 80, 1362
3922, 15630, 80, 80, 1362
3923, 15630, 80, 80, 1369
3924, 15630, 80, 80, 1369
3923, 15630, 80, 80, 1369
3923, 15630, 80, 80, 1369
3924, 15631, 80, 80, 1369
3921, 15629, 80, 80, 1369
4011, 15648, 103, 103, 1369
4022, 15647, 177, 177, 1369
4022, 15647, 177, 177, 1369
4023, 15647, 180, 180, 1369
4023, 15647, 180, 180, 1369
4023, 15646, 180, 180, 1369
4021, 15645, 179, 179, 1369
4022, 15647, 179, 179, 1369
4021, 15646, 178, 178, 1369
4021, 15646, 178, 178, 1369
4021, 15645, 178, 178, 1369
4020, 15646, 178, 178, 1369
4020, 15647, 178, 178, 1369
4020, 15646, 177, 177, 1369
4020, 15646, 177, 177, 1369
4020, 15646, 177, 177, 1369
4019, 15646, 177, 177, 1369
4019, 15646, 177, 177, 1369
4018, 15646, 176, 176, 1369
4019, 15646, 176, 176, 1358
4018, 15646, 176, 176, 1358
4018, 15646, 176, 176, 1358
4017, 15646, 176, 176, 1358
4019, 15646, 176, 176, 1358
4018, 15646, 175, 175, 1358
4018, 15647, 175, 175, 1358
4018, 15647, 175, 175, 1358
4017, 15647, 174, 174, 1358
4017, 15646, 174, 174, 1358
4017, 15646, 174, 174, 1358
4017, 15646, 174, 174, 1358
4017, 15646, 174, 174, 1358
4016, 15646, 174, 174, 1358
4015, 15646, 174, 174, 1358
4017, 15646, 175, 175, 1358
4016, 15645, 173, 173, 1358
4016, 15645, 173, 173, 1358
4016, 15646, 175, 175, 1358
4017, 15645, 174, 174, 1358
4016, 15645, 174, 174, 1358
4016, 15645, 174, 174, 1358
4016, 15645, 174, 174, 1358
4016, 15645, 173, 173, 1358
4016, 15646, 174, 174, 1358
4015, 15645, 173, 173, 1354
4015, 15645, 173, 173, 1354
4016, 15646, 173, 173, 1354
4016, 15645, 174, 174, 1354
4016, 15645, 173, 173, 1354
4015, 15646, 173, 173, 1354
4015, 15646, 173, 173, 1354
4016, 15647, 173, 173, 1354
4015, 15645, 173, 173, 1354
4015, 15646, 173, 173, 1354
4015, 15646, 173, 173, 1354
4015, 15646, 173, 173, 1354
4015, 15646, 173, 173, 1354
4015, 15645, 173, 173, 1354
4016, 15646, 173, 173, 1354
4016, 15645, 173, 173, 1354
4015, 15645, 173, 173, 1354
4015, 15647, 173, 173, 1354
4015, 15647, 173, 173, 1354
4015, 15646, 173, 173, 1354
4015, 15646, 173, 173, 1354
4015, 15646, 172, 172, 1354
4015, 15645, 173, 173, 1354
4015, 15645, 173, 173, 1354
4014, 15645, 172, 172, 1354
4015, 15646, 173, 173, 1354
4015, 15646, 173, 173, 1354
4016, 15645, 173, 173, 1354
4015, 15646, 172, 172, 1354
4015, 15646, 172, 172, 1354
4016, 15645, 173, 173, 1354
4016, 15646, 173, 173, 1354
4015, 15645, 172, 172, 1354
4015, 15646, 172, 172, 1354
4015, 15646, 172, 172, 1354
4014, 15646, 172, 172, 1354
4014, 15646, 172, 172, 1354
4016, 15646, 173, 173, 1354
4016, 15646, 173, 173, 1354
4015, 15645, 172, 172, 1354
4015, 15645, 172, 172, 1354
4014, 15645, 172, 172, 1354
4015, 15645, 172, 172, 1354
4014, 15645, 172, 172, 1354
4014, 15645, 172, 172, 1354
4015, 15646, 172, 172, 1354
4014, 15645, 172, 172, 1354
4014, 15646, 172, 172, 1354
4015, 15646, 172, 172, 1354
4014, 15646, 172, 172, 1354
4013, 15645, 172, 172, 1354
4013, 15645, 172, 172, 1354
4015, 15645, 172, 172, 1354
4013, 15645, 171, 171, 1354
4013, 15645, 171, 171, 1354
4014, 15645, 171, 171, 1354
4015, 15645, 172, 172, 1354
4014, 15646, 171, 171, 1354
4014, 15646, 171, 171, 1354
4014, 15646, 172, 172, 1354
4014, 15645, 172, 172, 1354
4014, 15645, 172, 172, 1354
4014, 15645, 172, 172, 1354
4014, 15645, 172, 172, 1354
4014, 15645, 171, 171, 1354
4014, 15646, 172, 172, 1354
4014, 15646, 172, 172, 1354
4013, 15645, 171, 171, 1354
4014, 15646, 171, 171, 1354
4014, 15646, 172, 172, 1354
4015, 15645, 172, 172, 1354
4015, 15645, 172, 172, 1354
4014, 15646, 172, 172, 1354
4014, 15645, 172, 172, 1354
4014, 15646, 171, 171, 1354
4014, 15645, 172, 172, 1354
4014, 15644, 171, 171, 1354
4013, 15645, 171, 171, 1352
4013, 15646, 171, 171, 1352
4014, 15646, 172, 172, 1352
4014, 15645, 171, 171, 1352
4014, 15646, 171, 171, 1352
4013, 15645, 172, 172, 1352
3959, 15618, 147, 147, 1352
3959, 15618, 147, 147, 1352
3913, 15628, 69, 69, 1352
3913, 15628, 69, 69, 1352
3914, 15629, 71, 71, 1352
3913, 15628, 72, 72, 1352
3913, 15628, 72, 72, 1352
3914, 15629, 72, 72, 1352
3916, 15630, 73, 73, 1352
3917, 15629, 73, 73, 1352
3917, 15629, 73, 73, 1352
3916, 15629, 74, 74, 1352
3916, 15629, 74, 74, 1352
3918, 15629, 75, 75, 1352
3915, 15630, 75, 75, 1352
3915, 15630, 75, 75, 1352
3916, 15630, 74, 74, 1352
3919, 15630, 76, 76, 1352
3918, 15630, 75, 75, 1352
3920, 15630, 76, 76, 1352
3920, 15630, 76, 76, 1352
3917, 15630, 76, 76, 1352
3918, 15631, 76, 76, 1354
3918, 15632, 77, 77, 1354
3918, 15631, 77, 77, 1354
3918, 15631, 77, 77, 1354
3919, 15631, 76, 76, 1354
3920, 15631, 77, 77, 1354
3921, 15631, 77, 77, 1354
3921, 15630, 77, 77, 1354
3920, 15630, 77, 77, 1354
3919, 15631, 78, 78, 1354
3921, 15631, 78, 78, 1354
3919, 15630, 78, 78, 1354
3919, 15630, 78, 78, 1354
3922, 15632, 79, 79, 1354
3922, 15632, 78, 78, 1354
3923, 15631, 80, 80, 1354
3920, 15630, 79, 79, 1354
3920, 15630, 79, 79, 1354
3920, 15631, 79, 79, 1354
3921, 15632, 79, 79, 1354
3921, 15630, 80, 80, 1354
3922, 15631, 80, 80, 1358
3923, 15631, 80, 80, 1358
3923, 15631, 80, 80, 1358
3924, 15632, 80, 80, 1358
3923, 15632, 80, 80, 1358
3923, 15632, 80, 80, 1358
3921, 15632, 80, 80, 1358
3923, 15631, 80, 80, 1358
3922, 15630, 80, 80, 1358
3922, 15632, 80, 80, 1358
3922, 15631, 80, 80, 1358
3922, 15631, 81, 81, 1358
3921, 15632, 80, 80, 1358
3923, 15632, 80, 80, 1358
3926, 15632, 81, 81, 1358
3923, 15632, 80, 80, 1358
3924, 15632, 80, 80, 1358
3924, 15632, 80, 80, 1358
3923, 15632, 81, 81, 1358
3922, 15632, 80, 80, 1358
3922, 15632, 80, 80, 1358
3923, 15632, 81, 81, 1358
3923, 15631, 81, 81, 1358
3923, 15631, 82, 82, 1358
3922, 15631, 81, 81, 1358
3924, 15632, 81, 81, 1356
3924, 15630, 81, 81, 1356
3925, 15632, 81, 81, 1356
3925, 15631, 81, 81, 1356
3925, 15631, 81, 81, 1356
3924, 15633, 81, 81, 1356
3923, 15633, 81, 81, 1356
3923, 15633, 81, 81, 1356
3924, 15633, 81, 81, 1356
3922, 15632, 81, 81, 1356
3923, 15632, 81, 81, 1356
3923, 15632, 81, 81, 1356
3926, 15632, 82, 82, 1356
3926, 15632, 81, 81, 1356
3926, 15632, 81, 81, 1356
3922, 15632, 81, 81, 1356
3922, 15632, 82, 82, 1356
3923, 15632, 82, 82, 1356
3923, 15632, 82, 82, 1356
3925, 15633, 81, 81, 1356
3925, 15633, 82, 82, 1356
3925, 15633, 82, 82, 1356
3925, 15633, 82, 82, 1356
3925, 15633, 82, 82, 1356
3924, 15631, 82, 82, 1356
3923, 15631, 82, 82, 1358
3924, 15631, 82, 82, 1358
3926, 15631, 82, 82, 1358
3926, 15631, 82, 82, 1358
3927, 15632, 82, 82, 1358
3926, 15633, 83, 83, 1358
3923, 15633, 82, 82, 1358
3923, 15633, 82, 82, 1358
3926, 15632, 83, 83, 1358
3924, 15632, 82, 82, 1358
3924, 15632, 82, 82, 1358
3926, 15632, 83, 83, 1358
3926, 15633, 82, 82, 1358
3926, 15632, 82, 82, 1358
3924, 15632, 82, 82, 1358
3925, 15631, 82, 82, 1358
3924, 15633, 82, 82, 1358
4021, 15650, 152, 152, 1358
4024, 15649, 182, 182, 1358
4024, 15649, 182, 182, 1358
4024, 15647, 182, 182, 1358
4024, 15648, 181, 181, 1358
4024, 15648, 181, 181, 1362
4024, 15648, 181, 181, 1362
4023, 15649, 180, 180, 1362
4023, 15647, 180, 180, 1362
4022, 15648, 180, 180, 1362
4022, 15648, 180, 180, 1362
4021, 15648, 179, 179, 1362
4021, 15648, 178, 178, 1362
4021, 15648, 178, 178, 1362
4021, 15647, 179, 179, 1362
4022, 15647, 179, 179, 1362
4020, 15647, 178, 178, 1362
4020, 15647, 178, 178, 1362
4019, 15647, 178, 178, 1362
4019, 15647, 178, 178, 1362
4019, 15647, 177, 177, 1362
4019, 15647, 177, 177, 1362
4019, 15647, 177, 177, 1362
4019, 15647, 177, 177, 1362
4019, 15647, 177, 177, 1362
4019, 15647, 177, 177, 1362
4019, 15648, 176, 176, 1362
4019, 15648, 176, 176, 1362
4019, 15646, 177, 177, 1360
4017, 15647, 176, 176, 1360
4018, 15647, 176, 176, 1360
4019, 15647, 176, 176, 1360
4018, 15646, 176, 176, 1360
4018, 15646, 176, 176, 1360
4018, 15647, 176, 176, 1360
4019, 15647, 176, 176, 1360
4018, 15646, 176, 176, 1360
4018, 15646, 176, 176, 1360
4019, 15646, 175, 175, 1360
4017, 15648, 175, 175, 1360
4018, 15646, 175, 175, 1360
4018, 15646, 175, 175, 1360
4017, 15646, 175, 175, 1360
4018, 15647, 175, 175, 1360
4016, 15646, 175, 175, 1360
4016, 15646, 175, 175, 1360
4017, 15647, 175, 175, 1358
4018, 15646, 175, 175, 1358
4018, 15646, 175, 175, 1358
4017, 15647, 175, 175, 1358
4017, 15647, 174, 174, 1358
4017, 15647, 175, 175, 1358
4018, 15646, 175, 175, 1358
4017, 15645, 175, 175, 1358
4017, 15645, 174, 174, 1358
4017, 15645, 174, 174, 1358
4017, 15647, 174, 174, 1358
4017, 15647, 174, 174, 1358
4017, 15646, 175, 175, 1358
4016, 15647, 174, 174, 1358
4016, 15646, 174, 174, 1358
4016, 15646, 174, 174, 1358
4016, 15647, 174, 174, 1358
4016, 15647, 174, 174, 1358
4017, 15647, 174, 174, 1358
4016, 15646, 174, 174, 1358
4018, 15646, 174, 174, 1358
4015, 15647, 174, 174, 1358
4015, 15646, 173, 173, 1358
4015, 15646, 173, 173, 1358
4016, 15645, 173, 173, 1358
4017, 15647, 174, 174, 1360
4016, 15647, 174, 174, 1360
4016, 15647, 174, 174, 1360
4016, 15647, 174, 174, 1360
4017, 15646, 174, 174, 1360
4016, 15646, 173, 173, 1360
4016, 15647, 174, 174, 1360
4015, 15646, 173, 173, 1360
4015, 15646, 173, 173, 1360
4016, 15647, 173, 173, 1360
4015, 15647, 173, 173, 1360
4017, 15647, 174, 174, 1360
4016, 15648, 173, 173, 1360
4016, 15648, 173, 173, 1360
4016, 15646, 173, 173, 1360
4015, 15647, 173, 173, 1360
4016, 15647, 173, 173, 1360
4015, 15647, 173, 173, 1360
4015, 15647, 173, 173, 1360
4017, 15647, 173, 173, 1360
4017, 15647, 174, 174, 1360
4017, 15647, 174, 174, 1360
4015, 15646, 173, 173, 1360
4015, 15646, 173, 173, 1360
4016, 15646, 174, 174, 1363
4016, 15646, 174, 174, 1363
4015, 15647, 173, 173, 1363
4015, 15647, 173, 173, 1363
4016, 15647, 174, 174, 1363
4016, 15646, 174, 174, 1363
4017, 15647, 173, 173, 1363
4015, 15647, 173, 173, 1363
4015, 15647, 174, 174, 1363
4016, 15647, 173, 173, 1363
4016, 15647, 173, 173, 1363
4016, 15647, 173, 173, 1363
4016, 15647, 173, 173, 1363
4016, 15647, 174, 174, 1363
4016, 15647, 174, 174, 1363
4016, 15647, 173, 173, 1363
4015, 15646, 174, 174, 1363
3936, 15626, 104, 104, 1363
3936, 15626, 104, 104, 1363
3916, 15630, 71, 71, 1363
3916, 15630, 71, 71, 1363
3916, 15630, 73, 73, 1363
3916, 15630, 73, 73, 1363
3917, 15631, 74, 74, 1363
3917, 15631, 74, 74, 1363
3916, 15631, 74, 74, 1363
3916, 15630, 75, 75, 1369
3918, 15631, 75, 75, 1369
3918, 15631, 75, 75, 1369
3919, 15630, 76, 76, 1369
3919, 15630, 76, 76, 1369
3921, 15632, 77, 77, 1369
3921, 15632, 77, 77, 1369
3918, 15632, 77, 77, 1369
3919, 15631, 77, 77, 1369
3919, 15631, 77, 77, 1369
3919, 15632, 77, 77, 1369
3922, 15631, 78, 78, 1369
3922, 15631, 78, 78, 1369
3921, 15632, 78, 78, 1369
3921, 15632, 78, 78, 1369
3921, 15632, 79, 79, 1369
3921, 15631, 79, 79, 1369
3921, 15632, 79, 79, 1369
3921, 15632, 79, 79, 1369
3922, 15633, 79, 79, 1369
3922, 15633, 79, 79, 1369
3921, 15632, 79, 79, 1369
3921, 15632, 79, 79, 1369
3921, 15631, 79, 79, 1360
3922, 15632, 80, 80, 1360
3922, 15632, 80, 80, 1360
3922, 15632, 80, 80, 1360
3924, 15633, 80, 80, 1360
3923, 15633, 80, 80, 1360
3921, 15633, 81, 81, 1360
3921, 15633, 81, 81, 1360
3922, 15632, 80, 80, 1360
3923, 15631, 80, 80, 1360
3922, 15632, 80, 80, 1360
3922, 15632, 80, 80, 1360
3925, 15633, 81, 81, 1360
3925, 15633, 81, 81, 1360
3923, 15633, 81, 81, 1360
3923, 15633, 81, 81, 1360
3922, 15633, 81, 81, 1360
3924, 15633, 82, 82, 1360
3924, 15633, 82, 82, 1360
3925, 15633, 82, 82, 1360
3925, 15633, 82, 82, 1360
3925, 15632, 81, 81, 1360
3926, 15632, 82, 82, 1360
3926, 15632, 82, 82, 1360
3925, 15633, 82, 82, 1360
3924, 15633, 83, 83, 1363
3924, 15633, 83, 83, 1363
3923, 15633, 82, 82, 1363
3923, 15633, 82, 82, 1363
3923, 15632, 82, 82, 1363
3923, 15632, 82, 82, 1363
3926, 15633, 82, 82, 1363
3926, 15633, 82, 82, 1363
3926, 15634, 82, 82, 1363
3926, 15634, 82, 82, 1363
3924, 15633, 83, 83, 1363
3925, 15633, 82, 82, 1363
3923, 15632, 83, 83, 1363
3925, 15633, 82, 82, 1363
3925, 15633, 82, 82, 1363
3925, 15632, 83, 83, 1363
3926, 15633, 82, 82, 1363
3926, 15632, 83, 83, 1363
3926, 15633, 82, 82, 1363
3927, 15633, 83, 83, 1363
3924, 15634, 83, 83, 1363
3924, 15634, 83, 83, 1363
3925, 15633, 83, 83, 1363
3925, 15633, 83, 83, 1363
3926, 15634, 83, 83, 1363
3926, 15634, 83, 83, 1363
3925, 15634, 83, 83, 1367
3926, 15633, 83, 83, 1367
3926, 15633, 83, 83, 1367
3925, 15633, 83, 83, 1367
3925, 15633, 83, 83, 1367
3924, 15632, 83, 83, 1367
3924, 15632, 83, 83, 1367
3926, 15634, 83, 83, 1367
3926, 15634, 83, 83, 1367
3927, 15633, 83, 83, 1367
3925, 15634, 83, 83, 1367
3925, 15634, 83, 83, 1367
3924, 15633, 83, 83, 1367
3924, 15633, 83, 83, 1367
3923, 15633, 83, 83, 1367
3927, 15634, 83, 83, 1367
3925, 15633, 84, 84, 1367
3928, 15634, 84, 84, 1367
3928, 15634, 84, 84, 1367
3924, 15634, 83, 83, 1367
3924, 15634, 83, 83, 1367
3924, 15634, 83, 83, 1367
3924, 15634, 83, 83, 1367
3927, 15634, 84, 84, 1367
3927, 15634, 84, 84, 1367
3927, 15634, 84, 84, 1367
3928, 15634, 84, 84, 1367
3927, 15634, 84, 84, 1367
3925, 15633, 83, 83, 1360
3925, 15633, 84, 84, 1360
3925, 15633, 84, 84, 1360
3926, 15632, 84, 84, 1360
3933, 15634, 84, 84, 1360
4025, 15651, 181, 181, 1360
4025, 15651, 181, 181, 1360
4027, 15650, 185, 185, 1360
4027, 15650, 185, 185, 1360
4025, 15650, 183, 183, 1360
4026, 15650, 184, 184, 1360
4025, 15650, 183, 183, 1360
4025, 15649, 182, 182, 1360
4025, 15649, 182, 182, 1360
4024, 15649, 181, 181, 1360
4023, 15649, 181, 181, 1360
4023, 15649, 181, 181, 1360
4024, 15649, 181, 181, 1360
4022, 15649, 181, 181, 1360
4022, 15648, 180, 180, 1360
4023, 15649, 180, 180, 1360
4023, 15649, 180, 180, 1360
4022, 15647, 180, 180, 1360
4023, 15649, 180, 180, 1360
4023, 15649, 180, 180, 1360
4021, 15648, 179, 179, 1360
4023, 15649, 180, 180, 1365
4021, 15649, 178, 178, 1365
4020, 15649, 178, 178, 1365
4020, 15649, 178, 178, 1365
4021, 15649, 179, 179, 1365
4021, 15647, 178, 178, 1365
4021, 15647, 178, 178, 1365
4020, 15648, 178, 178, 1365
4020, 15648, 178, 178, 1365
4019, 15648, 177, 177, 1365
4019, 15648, 177, 177, 1365
4020, 15649, 177, 177, 1365
4020, 15649, 178, 178, 1365
4020, 15648, 177, 177, 1365
4019, 15648, 177, 177, 1365
4019, 15648, 177, 177, 1365
4019, 15648, 177, 177, 1365
4019, 15648, 177, 177, 1365
4019, 15648, 177, 177, 1365
4019, 15649, 177, 177, 1365
4019, 15649, 177, 177, 1365
4019, 15649, 176, 176, 1365
4019, 15648, 176, 176, 1365
4019, 15648, 176, 176, 1365
4018, 15648, 176, 176, 1369
4018, 15648, 176, 176, 1369
4017, 15649, 175, 175, 1369
4020, 15649, 176, 176, 1369
4020, 15649, 176, 176, 1369
4019, 15649, 176, 176, 1369
4018, 15647, 177, 177, 1369
4019, 15648, 176, 176, 1369
4018, 15648, 176, 176, 1369
4018, 15648, 176, 176, 1369
4019, 15647, 176, 176, 1369
4017, 15649, 176, 176, 1369
4017, 15649, 176, 176, 1369
4017, 15648, 175, 175, 1369
4017, 15648, 175, 175, 1369
4017, 15648, 175, 175, 1369
4018, 15648, 176, 176, 1369
4018, 15648, 176, 176, 1369
4019, 15649, 176, 176, 1369
4017, 15649, 175, 175, 1369
4018, 15649, 175, 175, 1369
4018, 15648, 175, 175, 1369
4018, 15648, 175, 175, 1369
4018, 15649, 175, 175, 1369
4018, 15648, 175, 175, 1369
4018, 15647, 176, 176, 1373
4018, 15649, 175, 175, 1373
4018, 15648, 176, 176, 1373
4018, 15648, 175, 175, 1373
4017, 15647, 174, 174, 1373
4017, 15648, 175, 175, 1373
4017, 15648, 175, 175, 1373
4017, 15648, 175, 175, 1373
4017, 15647, 175, 175, 1373
4017, 15649, 175, 175, 1373
4018, 15648, 175, 175, 1373
4016, 15648, 174, 174, 1373
4016, 15648, 174, 174, 1373
4017, 15648, 175, 175, 1373
4019, 15648, 175, 175, 1373
4018, 15648, 175, 175, 1373
4018, 15648, 175, 175, 1373
4017, 15648, 174, 174, 1373
4017, 15647, 175, 175, 1373
4018, 15647, 175, 175, 1373
4018, 15647, 175, 175, 1373
4017, 15649, 175, 175, 1373
4017, 15648, 175, 175, 1373
4017, 15648, 175, 175, 1373
4017, 15648, 175, 175, 1373
4017, 15648, 175, 175, 1373
4018, 15648, 175, 175, 1363
4018, 15648, 175, 175, 1363
4016, 15649, 174, 174, 1363
4017, 15648, 175, 175, 1363
4017, 15649, 175, 175, 1363
4017, 15649, 175, 175, 1363
4017, 15649, 175, 175, 1363
4018, 15648, 175, 175, 1363
4017, 15648, 175, 175, 1363
4017, 15648, 175, 175, 1363
4017, 15648, 175, 175, 1363
4016, 15648, 174, 174, 1363
4017, 15647, 174, 174, 1363
4017, 15647, 174, 174, 1363
4018, 15649, 174, 174, 1363
4017, 15649, 174, 174, 1363
4017, 15649, 174, 174, 1363
4017, 15648, 174, 174, 1363
4017, 15647, 174, 174, 1363
4017, 15648, 175, 175, 1363
4017, 15647, 174, 174, 1363
4017, 15649, 175, 175, 1363
4017, 15649, 174, 174, 1363
4016, 15648, 174, 174, 1363
4017, 15648, 174, 174, 1363
4017, 15648, 174, 174, 1363
4017, 15648, 174, 174, 1363
4015, 15648, 174, 174, 1362
4016, 15648, 174, 174, 1362
4016, 15648, 174, 174, 1362
4015, 15623, 173, 173, 1362
3913, 15631, 72, 72, 1362
3913, 15631, 72, 72, 1362
3916, 15631, 73, 73, 1362
3919, 15633, 75, 75, 1362
3919, 15633, 75, 75, 1362
3918, 15632, 77, 77, 1362
3918, 15632, 76, 76, 1362
3918, 15632, 76, 76, 1362
3919, 15632, 77, 77, 1362
3922, 15633, 78, 78, 1362
3922, 15633, 78, 78, 1362
3921, 15632, 78, 78, 1362
3921, 15632, 78, 78, 1362
3921, 15632, 78, 78, 1362
3920, 15633, 79, 79, 1362
3921, 15633, 79, 79, 1362
3921, 15633, 79, 79, 1362
3921, 15632, 80, 80, 1362
3923, 15633, 80, 80, 1362
3923, 15633, 80, 80, 1362
3921, 15632, 79, 79, 1365
3922, 15633, 80, 80, 1365
3921, 15634, 80, 80, 1365
3923, 15633, 80, 80, 1365
3924, 15633, 80, 80, 1365
3925, 15634, 81, 81, 1365
3923, 15634, 81, 81, 1365
3923, 15634, 81, 81, 1365
3923, 15634, 81, 81, 1365
3921, 15634, 81, 81, 1365
3924, 15633, 81, 81, 1365
3923, 15633, 81, 81, 1365
3924, 15634, 81, 81, 1365
3926, 15634, 82, 82, 1365
3926, 15634, 82, 82, 1365
3925, 15635, 82, 82, 1365
3924, 15634, 82, 82, 1365
3923, 15633, 82, 82, 1365
3924, 15633, 82, 82, 1365
3924, 15633, 82, 82, 1365
3927, 15634, 83, 83, 1365
3927, 15634, 83, 83, 1365
3927, 15634, 83, 83, 1365
3927, 15635, 82, 82, 1365
3926, 15634, 83, 83, 1365
3926, 15634, 83, 83, 1365
3925, 15635, 83, 83, 1358
3925, 15635, 83, 83, 1358
3925, 15634, 83, 83, 1358
3925, 15633, 83, 83, 1358
3925, 15633, 83, 83, 1358
3927, 15634, 83, 83, 1358
3927, 15634, 83, 83, 1358
3926, 15634, 83, 83, 1358
3926, 15634, 83, 83, 1358
3926, 15635, 83, 83, 1358
3927, 15635, 84, 84, 1358
3926, 15634, 83, 83, 1358
3925, 15634, 84, 84, 1358
3925, 15633, 83, 83, 1358
3926, 15634, 83, 83, 1358
3927, 15635, 84, 84, 1358
3927, 15635, 84, 84, 1358
3929, 15635, 84, 84, 1358
3929, 15634, 84, 84, 1358
3927, 15633, 84, 84, 1358
3928, 15634, 84, 84, 1358
3928, 15634, 84, 84, 1358
3927, 15634, 84, 84, 1358
3927, 15634, 84, 84, 1358
3926, 15635, 85, 85, 1356
3926, 15634, 84, 84, 1356
3926, 15634, 84, 84, 1356
3928, 15634, 84, 84, 1356
3925, 15634, 84, 84, 1356
3926, 15634, 84, 84, 1356
3926, 15635, 85, 85, 1356
3927, 15635, 84, 84, 1356
3927, 15635, 84, 84, 1356
3928, 15635, 85, 85, 1356
3927, 15634, 85, 85, 1356
3927, 15635, 85, 85, 1356
3929, 15635, 85, 85, 1356
3927, 15633, 85, 85, 1356
3929, 15635, 84, 84, 1356
3930, 15635, 85, 85, 1356
3927, 15636, 85, 85, 1356
3925, 15635, 85, 85, 1356
3926, 15634, 85, 85, 1356
3926, 15634, 85, 85, 1356
3929, 15635, 85, 85, 1356
3928, 15636, 85, 85, 1356
3926, 15635, 84, 84, 1360
3926, 15635, 84, 84, 1360
3926, 15635, 84, 84, 1360
3926, 15635, 85, 85, 1360
3926, 15635, 85, 85, 1360
3926, 15635, 85, 85, 1360
3926, 15635, 85, 85, 1360
3926, 15635, 85, 85, 1360
3927, 15635, 85, 85, 1360
3926, 15635, 85, 85, 1360
3926, 15635, 85, 85, 1360
3927, 15635, 85, 85, 1360
3928, 15635, 85, 85, 1360
3928, 15635, 85, 85, 1360
3927, 15634, 85, 85, 1360
3927, 15635, 84, 84, 1360
3933, 15636, 88, 88, 1360
4027, 15652, 184, 184, 1360
4027, 15652, 184, 184, 1360
4029, 15651, 186, 186, 1360
4029, 15651, 186, 186, 1360
4026, 15651, 184, 184, 1360
4026, 15651, 184, 184, 1360
4026, 15651, 184, 184, 1360
4026, 15651, 184, 184, 1360
4025, 15650, 183, 183, 1360
4025, 15651, 182, 182, 1360
4025, 15651, 182, 182, 1360
4024, 15651, 182, 182, 1360
4024, 15650, 182, 182, 1360
4024, 15650, 182, 182, 1360
4023, 15651, 181, 181, 1360
4025, 15650, 182, 182, 1360
4023, 15650, 180, 180, 1360
4023, 15650, 180, 180, 1360
4022, 15649, 180, 180, 1360
4023, 15651, 180, 180, 1360
4022, 15650, 180, 180, 1360
4022, 15650, 180, 180, 1360
4023, 15650, 180, 180, 1360
4023, 15650, 180, 180, 1360
4022, 15650, 179, 179, 1360
4021, 15651, 179, 179, 1360
4021, 15651, 179, 179, 1360
4021, 15650, 179, 179, 1360
4021, 15649, 179, 179, 1360
4021, 15651, 178, 178, 1360
4020, 15650, 178, 178, 1360
4021, 15650, 178, 178, 1360
4020, 15650, 178, 178, 1360
4020, 15650, 178, 178, 1360
4020, 15649, 178, 178, 1365
4020, 15649, 178, 178, 1365
4021, 15650, 178, 178, 1365
4021, 15650, 178, 178, 1365
4021, 15650, 178, 178, 1365
4020, 15649, 178, 178, 1365
4021, 15650, 178, 178, 1365
4021, 15650, 178, 178, 1365
4021, 15650, 178, 178, 1365
4020, 15650, 177, 177, 1365
4019, 15649, 177, 177, 1365
4019, 15649, 177, 177, 1365
4020, 15649, 178, 178, 1365
4020, 15649, 178, 178, 1365
4019, 15649, 177, 177, 1365
4020, 15650, 177, 177, 1365
4019, 15650, 177, 177, 1365
4019, 15650, 177, 177, 1365
4019, 15649, 176, 176, 1365
4019, 15650, 177, 177, 1365
4019, 15650, 177, 177, 1365
4019, 15650, 177, 177, 1365
4019, 15650, 177, 177, 1365
4020, 15650, 177, 177, 1358
4019, 15650, 176, 176, 1358
4019, 15650, 176, 176, 1358
4019, 15650, 177, 177, 1358
4019, 15650, 177, 177, 1358
4019, 15650, 177, 177, 1358
4019, 15650, 177, 177, 1358
4019, 15649, 177, 177, 1358
4019, 15649, 177, 177, 1358
4018, 15650, 177, 177, 1358
4019, 15650, 176, 176, 1358
4019, 15650, 177, 177, 1358
4019, 15650, 176, 176, 1358
4018, 15650, 176, 176, 1358
4018, 15650, 176, 176, 1358
4019, 15650, 177, 177, 1358
4019, 15650, 177, 177, 1358
4020, 15650, 177, 177, 1358
4019, 15650, 177, 177, 1358
4020, 15650, 177, 177, 1358
4020, 15650, 177, 177, 1358
4019, 15649, 177, 177, 1358
4018, 15649, 177, 177, 1358
4018, 15649, 177, 177, 1358
4019, 15650, 177, 177, 1358
4019, 15649, 176, 176, 1358
4019, 15649, 177, 177, 1358
4019, 15649, 177, 177, 1358
4018, 15650, 176, 176, 1375
4018, 15650, 176, 176, 1375
4018, 15650, 176, 176, 1375
4019, 15650, 176, 176, 1375
4017, 15650, 175, 175, 1375
4017, 15650, 176, 176, 1375
4017, 15650, 176, 176, 1375
4019, 15651, 176, 176, 1375
4019, 15649, 176, 176, 1375
4019, 15649, 176, 176, 1375
4020, 15650, 177, 177, 1375
4018, 15649, 176, 176, 1375
4018, 15650, 176, 176, 1375
4017, 15650, 175, 175, 1375
4019, 15650, 175, 175, 1375
4018, 15650, 176, 176, 1375
4018, 15650, 176, 176, 1375
4017, 15650, 175, 175, 1375
4017, 15650, 175, 175, 1375
4019, 15649, 176, 176, 1375
4017, 15650, 175, 175, 1362
4017, 15650, 175, 175, 1362
4019, 15650, 176, 176, 1362
4019, 15650, 176, 176, 1362
4018, 15648, 175, 175, 1362
4018, 15648, 175, 175, 1362
4018, 15650, 175, 175, 1362
4019, 15649, 176, 176, 1362
4018, 15650, 175, 175, 1362
4018, 15650, 175, 175, 1362
4018, 15650, 175, 175, 1362
4019, 15650, 176, 176, 1362
4018, 15650, 175, 175, 1362
3922, 15642, 152, 152, 1362
3916, 15632, 85, 85, 1362
3914, 15631, 73, 73, 1362
3917, 15632, 75, 75, 1362
3919, 15633, 75, 75, 1362
3918, 15633, 76, 76, 1362
3919, 15634, 77, 77, 1362
3919, 15634, 77, 77, 1362
3921, 15634, 77, 77, 1362
3920, 15635, 77, 77, 1362
3921, 15634, 79, 79, 1367
3921, 15634, 79, 79, 1367
3919, 15634, 78, 78, 1367
3920, 15634, 78, 78, 1367
3921, 15634, 79, 79, 1367
3922, 15635, 79, 79, 1367
3921, 15635, 80, 80, 1367
3921, 15636, 80, 80, 1367
3922, 15635, 80, 80, 1367
3921, 15635, 80, 80, 1367
3924, 15635, 81, 81, 1367
3924, 15635, 81, 81, 1367
3925, 15636, 81, 81, 1367
3925, 15636, 81, 81, 1367
3924, 15634, 81, 81, 1367
3924, 15634, 81, 81, 1367
3926, 15636, 82, 82, 1367
3923, 15635, 81, 81, 1367
3925, 15635, 82, 82, 1367
3924, 15635, 83, 83, 1367
3922, 15635, 81, 81, 1367
3923, 15633, 82, 82, 1367
3924, 15636, 82, 82, 1367
3924, 15634, 83, 83, 1367
3927, 15635, 83, 83, 1367
3925, 15635, 83, 83, 1367
3925, 15636, 82, 82, 1363
3925, 15635, 83, 83, 1363
3925, 15636, 83, 83, 1363
3924, 15636, 83, 83, 1363
3924, 15634, 83, 83, 1363
3924, 15634, 83, 83, 1363
3925, 15635, 83, 83, 1363
3926, 15634, 83, 83, 1363
3928, 15634, 83, 83, 1363
3928, 15634, 83, 83, 1363
3927, 15637, 84, 84, 1363
3926, 15636, 84, 84, 1363
3926, 15636, 84, 84, 1363
3929, 15637, 84, 84, 1363
3929, 15637, 84, 84, 1363
3929, 15637, 84, 84, 1363
3928, 15636, 84, 84, 1363
3928, 15637, 84, 84, 1363
3929, 15636, 84, 84, 1363
3925, 15637, 84, 84, 1363
3928, 15635, 84, 84, 1363
3926, 15635, 85, 85, 1363
3925, 15637, 84, 84, 1363
3926, 15636, 85, 85, 1363
3926, 15636, 85, 85, 1363
3925, 15637, 84, 84, 1363
3927, 15635, 85, 85, 1367
3927, 15635, 85, 85, 1367
3927, 15637, 84, 84, 1367
3926, 15636, 85, 85, 1367
3929, 15636, 85, 85, 1367
3929, 15636, 85, 85, 1367
3929, 15636, 85, 85, 1367
3928, 15637, 85, 85, 1367
3930, 15637, 86, 86, 1367
3928, 15637, 85, 85, 1367
3930, 15636, 85, 85, 1367
3927, 15636, 85, 85, 1367
3927, 15636, 85, 85, 1367
3928, 15636, 86, 86, 1367
3927, 15636, 86, 86, 1367
3927, 15636, 86, 86, 1367
3929, 15635, 86, 86, 1367
3927, 15636, 85, 85, 1367
3929, 15636, 85, 85, 1367
3929, 15636, 85, 85, 1367
3930, 15637, 85, 85, 1367
3930, 15636, 86, 86, 1362
3929, 15637, 86, 86, 1362
3930, 15637, 87, 87, 1362
3930, 15637, 85, 85, 1362
3931, 15635, 86, 86, 1362
3931, 15635, 86, 86, 1362
3929, 15637, 86, 86, 1362
3931, 15636, 86, 86, 1362
3930, 15637, 86, 86, 1362
3925, 15637, 85, 85, 1362
3927, 15637, 86, 86, 1362
3927, 15637, 86, 86, 1362
3927, 15637, 86, 86, 1362
3926, 15635, 85, 85, 1362
3926, 15635, 85, 85, 1362
3928, 15636, 85, 85, 1362
3928, 15636, 85, 85, 1362
3932, 15635, 87, 87, 1362
3930, 15637, 86, 86, 1362
3931, 15637, 86, 86, 1362
3929, 15636, 87, 87, 1362
3927, 15637, 86, 86, 1360
4018, 15655, 110, 110, 1360
4030, 15654, 187, 187, 1360
4030, 15654, 187, 187, 1360
4028, 15653, 186, 186, 1360
4028, 15653, 186, 186, 1360
4027, 15652, 185, 185, 1360
4027, 15652, 185, 185, 1360
4027, 15652, 184, 184, 1360
4027, 15652, 184, 184, 1360
4026, 15652, 184, 184, 1360
4025, 15651, 182, 182, 1360
4026, 15652, 183, 183, 1360
4023, 15652, 182, 182, 1360
4023, 15651, 181, 181, 1360
4023, 15651, 181, 181, 1360
4023, 15651, 182, 182, 1360
4024, 15651, 181, 181, 1360
4023, 15652, 181, 181, 1360
4023, 15652, 181, 181, 1360
4023, 15652, 181, 181, 1360
4023, 15651, 181, 181, 1363
4023, 15651, 181, 181, 1363
4021, 15651, 180, 180, 1363
4021, 15651, 180, 180, 1363
4022, 15652, 180, 180, 1363
4022, 15652, 180, 180, 1363
4023, 15651, 180, 180, 1363
4023, 15651, 181, 181, 1363
4021, 15651, 179, 179, 1363
4023, 15652, 180, 180, 1363
4023, 15652, 180, 180, 1363
4022, 15652, 180, 180, 1363
4023, 15652, 180, 180, 1363
4023, 15651, 179, 179, 1363
4023, 15651, 179, 179, 1363
4022, 15651, 179, 179, 1363
4022, 15651, 179, 179, 1363
4021, 15651, 179, 179, 1363
4020, 15652, 179, 179, 1363
4020, 15652, 179, 179, 1363
4021, 15651, 179, 179, 1363
4021, 15651, 179, 179, 1363
4022, 15651, 179, 179, 1363
4022, 15651, 179, 179, 1363
4020, 15651, 179, 179, 1363
4022, 15652, 179, 179, 1373
4022, 15652, 179, 179, 1373
4020, 15650, 178, 178, 1373
4021, 15652, 178, 178, 1373
4020, 15651, 178, 178, 1373
4021, 15650, 178, 178, 1373
4021, 15651, 178, 178, 1373
4021, 15651, 178, 178, 1373
4021, 15651, 179, 179, 1373
4021, 15651, 178, 178, 1373
4020, 15651, 177, 177, 1373
4020, 15651, 178, 178, 1373
4022, 15651, 178, 178, 1373
4020, 15651, 178, 178, 1373
4020, 15651, 178, 178, 1373
4020, 15650, 178, 178, 1373
4021, 15650, 178, 178, 1373
4020, 15650, 178, 178, 1373
4020, 15650, 178, 178, 1373
4021, 15651, 178, 178, 1373
4020, 15651, 178, 178, 1373
4020, 15652, 178, 178, 1373
4021, 15651, 178, 178, 1373
4021, 15651, 178, 178, 1373
4020, 15651, 178, 178, 1373
4021, 15651, 178, 178, 1373
4019, 15652, 178, 178, 1371
4021, 15651, 178, 178, 1371
4021, 15651, 178, 178, 1371
4021, 15651, 178, 178, 1371
4019, 15651, 177, 177, 1371
4020, 15651, 177, 177, 1371
4020, 15652, 177, 177, 1371
4019, 15651, 178, 178, 1371
4019, 15651, 178, 178, 1371
4018, 15650, 177, 177, 1371
4019, 15651, 177, 177, 1371
4019, 15651, 177, 177, 1371
4019, 15651, 177, 177, 1371
4019, 15652, 176, 176, 1371
4020, 15650, 177, 177, 1371
4020, 15650, 177, 177, 1371
4020, 15651, 178, 178, 1371
4019, 15651, 177, 177, 1371
4019, 15651, 177, 177, 1371
4019, 15651, 177, 177, 1371
4020, 15652, 177, 177, 1371
4020, 15652, 177, 177, 1371
4019, 15652, 177, 177, 1363
4019, 15652, 177, 177, 1363
4019, 15651, 177, 177, 1363
4019, 15650, 177, 177, 1363
4019, 15652, 176, 176, 1363
4019, 15652, 176, 176, 1363
4019, 15651, 176, 176, 1363
4019, 15651, 176, 176, 1363
4017, 15650, 175, 175, 1363
4018, 15651, 176, 176, 1363
4019, 15651, 176, 176, 1363
4019, 15651, 176, 176, 1363
4019, 15651, 176, 176, 1363
4018, 15651, 176, 176, 1363
4018, 15651, 176, 176, 1363
4018, 15651, 176, 176, 1363
4018, 15651, 176, 176, 1363
4019, 15651, 176, 176, 1363
4019, 15650, 177, 177, 1363
4019, 15650, 177, 177, 1363
4020, 15650, 176, 176, 1363
4018, 15650, 176, 176, 1363
4017, 15651, 176, 176, 1363
4017, 15651, 176, 176, 1363
4018, 15651, 176, 176, 1363
4018, 15650, 176, 176, 1363
4018, 15650, 176, 176, 1363
4018, 15651, 176, 176, 1363
3827, 15617, -17, -17, 1363
3827, 15617, -17, -17, 1363
3830, 15619, -16, -16, 1363
3827, 15620, -17, -17, 1363
3827, 15620, -17, -17, 1363
3826, 15619, -16, -16, 1363
3826, 15618, -15, -15, 1363
3826, 15620, -15, -15, 1363
3828, 15620, -13, -13, 1363
3828, 15620, -13, -13, 1363
3829, 15621, -13, -13, 1363
3831, 15620, -11, -11, 1363
3830, 15621, -11, -11, 1363
3830, 15621, -11, -11, 1363
3834, 15621, -10, -10, 1363
3835, 15622, -10, -10, 1363
3835, 15623, -8, -8, 1363
3835, 15623, -8, -8, 1363
3831, 15621, -9, -9, 1363
3833, 15621, -8, -8, 1365
3833, 15621, -8, -8, 1365
3838, 15623, -7, -7, 1365
3838, 15623, -7, -7, 1365
3840, 15623, -6, -6, 1365
3836, 15623, -7, -7, 1365
3837, 15622, -6, -6, 1365
3836, 15623, -5, -5, 1365
3837, 15622, -5, -5, 1365
3838, 15622, -4, -4, 1365
3840, 15622, -4, -4, 1365
3839, 15623, -4, -4, 1365
3839, 15623, -4, -4, 1365
3841, 15624, -4, -4, 1365
3837, 15623, -3, -3, 1365
3837, 15623, -3, -3, 1365
3837, 15623, -3, -3, 1365
3838, 15623, -2, -2, 1365
3838, 15623, -2, -2, 1365
3840, 15623, -2, -2, 1365
3840, 15623, -2, -2, 1365
3840, 15624, -2, -2, 1365
3844, 15624, -2, -2, 1365
3839, 15623, -2, -2, 1377
3839, 15623, -2, -2, 1377
3840, 15623, -1, -1, 1377
3838, 15624, -1, -1, 1377
3840, 15624, -1, -1, 1377
3839, 15623, -1, -1, 1377
3839, 15623, -1, -1, 1377
3841, 15623, -1, -1, 1377
3841, 15623, -1, -1, 1377
3844, 15624, -1, -1, 1377
3842, 15624, 1, 1, 1377
3840, 15623, -1, -1, 1377
3846, 15624, 0, 0, 1377
3846, 15624, 0, 0, 1377
3844, 15623, 0, 0, 1377
3844, 15623, 0, 0, 1377
3844, 15624, 0, 0, 1377
3843, 15624, 1, 1, 1377
3842, 15625, 1, 1, 1377
3842, 15624, 1, 1, 1377
3842, 15624, 2, 2, 1377
3846, 15624, 1, 1, 1377
3846, 15624, 1, 1, 1377
3846, 15625, 1, 1, 1371
3846, 15625, 1, 1, 1371
3847, 15624, 2, 2, 1371
3847, 15626, 1, 1, 1371
3847, 15626, 1, 1, 1371
3847, 15626, 2, 2, 1371
3848, 15625, 2, 2, 1371
3845, 15625, 2, 2, 1371
3842, 15624, 2, 2, 1371
3842, 15624, 2, 2, 1371
3842, 15625, 2, 2, 1371
3843, 15625, 2, 2, 1371
3847, 15626, 2, 2, 1371
3847, 15626, 2, 2, 1371
3847, 15626, 2, 2, 1371
3843, 15625, 2, 2, 1371
3845, 15626, 2, 2, 1371
3845, 15626, 2, 2, 1371
3845, 15624, 3, 3, 1371
3845, 15624, 3, 3, 1371
3847, 15625, 3, 3, 1371
3846, 15625, 3, 3, 1371
3846, 15625, 3, 3, 1371
3846, 15626, 3, 3, 1371
3847, 15625, 3, 3, 1371
3845, 15625, 3, 3, 1375
3845, 15626, 4, 4, 1375
3844, 15624, 4, 4, 1375
3843, 15624, 3, 3, 1375
3846, 15625, 4, 4, 1375
3848, 15624, 4, 4, 1375
3850, 15625, 4, 4, 1375
3849, 15626, 3, 3, 1375
3846, 15626, 4, 4, 1375
3845, 15625, 4, 4, 1375
3844, 15625, 4, 4, 1375
3846, 15625, 3, 3, 1375
3846, 15625, 3, 3, 1375
3848, 15626, 4, 4, 1375
3848, 15626, 4, 4, 1375
3845, 15625, 4, 4, 1375
4009, 15659, 47, 47, 1375
4033, 15659, 181, 181, 1375
4033, 15659, 181, 181, 1375
4038, 15657, 195, 195, 1375
4038, 15657, 195, 195, 1375
4039, 15656, 196, 196, 1375
4037, 15656, 196, 196, 1375
4037, 15656, 196, 196, 1375
4035, 15655, 193, 193, 1381
4035, 15655, 193, 193, 1381
4036, 15656, 193, 193, 1381
4036, 15655, 193, 193, 1381
4034, 15655, 192, 192, 1381
4034, 15655, 192, 192, 1381
4033, 15655, 191, 191, 1381
4034, 15654, 191, 191, 1381
4032, 15655, 190, 190, 1381
4032, 15654, 190, 190, 1381
4032, 15654, 190, 190, 1381
4031, 15654, 189, 189, 1381
4031, 15654, 189, 189, 1381
4031, 15654, 188, 188, 1381
4029, 15654, 187, 187, 1381
4030, 15654, 187, 187, 1381
4028, 15653, 187, 187, 1381
4028, 15653, 187, 187, 1381
4030, 15654, 187, 187, 1381
4028, 15654, 185, 185, 1381
4028, 15654, 186, 186, 1381
4028, 15653, 186, 186, 1381
4028, 15653, 186, 186, 1381
4027, 15654, 185, 185, 1381
4026, 15653, 185, 185, 1381
4028, 15653, 185, 185, 1379
4028, 15653, 186, 186, 1379
4027, 15652, 185, 185, 1379
4028, 15654, 185, 185, 1379
4026, 15654, 184, 184, 1379
4025, 15653, 184, 184, 1379
4027, 15653, 184, 184, 1379
4026, 15653, 184, 184, 1379
4026, 15653, 184, 184, 1379
4026, 15654, 183, 183, 1379
4026, 15652, 183, 183, 1379
4026, 15652, 183, 183, 1379
4026, 15652, 183, 183, 1379
4026, 15652, 183, 183, 1379
4025, 15653, 183, 183, 1379
4025, 15653, 182, 182, 1379
4025, 15652, 183, 183, 1379
4024, 15653, 182, 182, 1379
4024, 15653, 181, 181, 1379
4024, 15653, 181, 181, 1379
4025, 15653, 182, 182, 1381
4024, 15653, 181, 181, 1381
4024, 15653, 182, 182, 1381
4023, 15652, 181, 181, 1381
4023, 15652, 181, 181, 1381
4024, 15653, 182, 182, 1381
4024, 15653, 181, 181, 1381
4023, 15654, 181, 181, 1381
4024, 15652, 181, 181, 1381
4023, 15653, 181, 181, 1381
4023, 15653, 181, 181, 1381
4023, 15653, 181, 181, 1381
4024, 15653, 181, 181, 1381
4024, 15653, 181, 181, 1381
4023, 15653, 181, 181, 1381
4023, 15652, 181, 181, 1381
4024, 15653, 181, 181, 1381
4023, 15653, 181, 181, 1381
4023, 15653, 181, 181, 1381
4023, 15652, 181, 181, 1381
4023, 15653, 180, 180, 1381
4023, 15654, 181, 181, 1381
4023, 15654, 181, 181, 1381
4023, 15653, 180, 180, 1381
4022, 15652, 180, 180, 1381
4022, 15652, 180, 180, 1381
4023, 15653, 180, 180, 1381
4022, 15653, 180, 180, 1377
4023, 15653, 180, 180, 1377
4023, 15654, 180, 180, 1377
4023, 15654, 180, 180, 1377
4023, 15653, 180, 180, 1377
4023, 15653, 180, 180, 1377
4022, 15653, 180, 180, 1377
4023, 15652, 180, 180, 1377
4023, 15652, 180, 180, 1377
4023, 15652, 180, 180, 1377
4022, 15653, 180, 180, 1377
4022, 15651, 180, 180, 1377
4022, 15651, 180, 180, 1377
4022, 15652, 180, 180, 1377
4022, 15652, 180, 180, 1377
4023, 15652, 180, 180, 1377
4022, 15652, 179, 179, 1377
4020, 15651, 180, 180, 1377
4020, 15651, 180, 180, 1377
4021, 15652, 179, 179, 1377
4021, 15652, 179, 179, 1377
4021, 15652, 179, 179, 1377
4021, 15652, 179, 179, 1377
4022, 15652, 180, 180, 1377
4021, 15652, 179, 179, 1377
4023, 15653, 180, 180, 1377
4023, 15653, 180, 180, 1377
4022, 15653, 179, 179, 1377
4021, 15652, 179, 179, 1377
4022, 15653, 180, 180, 1377
4022, 15653, 180, 180, 1377
4023, 15653, 180, 180, 1377
4022, 15652, 179, 179, 1377
4022, 15652, 179, 179, 1377
4022, 15652, 179, 179, 1377
4021, 15652, 179, 179, 1377
4021, 15651, 178, 178, 1377
4021, 15652, 178, 178, 1377
4022, 15654, 179, 179, 1377
4021, 15653, 179, 179, 1377
4021, 15652, 178, 178, 1377
4022, 15653, 179, 179, 1377
3711, 15622, 101, 101, 1377
3711, 15622, 101, 101, 1377
3826, 15621, -14, -14, 1377
3826, 15621, -14, -14, 1377
3825, 15619, -15, -15, 1377
3831, 15622, -13, -13, 1377
3832, 15621, -11, -11, 1377
3832, 15621, -11, -11, 1377
3836, 15621, -10, -10, 1377
3836, 15623, -10, -10, 1373
3835, 15623, -10, -10, 1373
3835, 15623, -10, -10, 1373
3833, 15623, -9, -9, 1373
3834, 15623, -8, -8, 1373
3837, 15623, -7, -7, 1373
3838, 15623, -6, -6, 1373
3834, 15623, -6, -6, 1373
3835, 15623, -6, -6, 1373
3836, 15624, -4, -4, 1373
3836, 15624, -4, -4, 1373
3837, 15623, -4, -4, 1373
3837, 15623, -4, -4, 1373
3841, 15625, -4, -4, 1373
3842, 15625, -4, -4, 1373
3838, 15624, -3, -3, 1373
3837, 15624, -2, -2, 1373
3837, 15624, -2, -2, 1373
3839, 15624, -1, -1, 1373
3839, 15624, -1, -1, 1373
3842, 15625, -2, -2, 1373
3842, 15624, -1, -1, 1373
3841, 15624, -2, -2, 1377
3841, 15624, -2, -2, 1377
3843, 15625, -1, -1, 1377
3845, 15625, 0, 0, 1377
3843, 15626, 0, 0, 1377
3844, 15625, 1, 1, 1377
3841, 15624, 1, 1, 1377
3841, 15624, 1, 1, 1377
3842, 15624, 1, 1, 1377
3846, 15626, 1, 1, 1377
3846, 15626, 1, 1, 1377
3847, 15626, 1, 1, 1377
3842, 15625, 1, 1, 1377
3844, 15626, 2, 2, 1377
3844, 15626, 2, 2, 1377
3842, 15625, 1, 1, 1377
3842, 15625, 2, 2, 1377
3842, 15625, 2, 2, 1377
3842, 15626, 2, 2, 1377
3842, 15625, 2, 2, 1377
3842, 15625, 2, 2, 1377
3845, 15625, 3, 3, 1377
3845, 15626, 3, 3, 1377
3849, 15625, 3, 3, 1377
3847, 15626, 4, 4, 1373
3848, 15626, 3, 3, 1373
3849, 15626, 3, 3, 1373
3849, 15626, 3, 3, 1373
3848, 15627, 4, 4, 1373
3848, 15627, 4, 4, 1373
3845, 15627, 3, 3, 1373
3845, 15626, 4, 4, 1373
3846, 15626, 4, 4, 1373
3843, 15626, 4, 4, 1373
3843, 15626, 4, 4, 1373
3844, 15626, 4, 4, 1373
3848, 15626, 4, 4, 1373
3848, 15625, 4, 4, 1373
3849, 15626, 4, 4, 1373
3848, 15625, 4, 4, 1373
3848, 15625, 4, 4, 1373
3849, 15627, 4, 4, 1373
3844, 15627, 5, 5, 1373
3844, 15627, 5, 5, 1373
3844, 15626, 5, 5, 1373
3851, 15625, 5, 5, 1373
3851, 15625, 5, 5, 1373
3849, 15627, 5, 5, 1387
3849, 15627, 5, 5, 1387
3847, 15626, 5, 5, 1387
3847, 15626, 6, 6, 1387
3845, 15626, 5, 5, 1387
3845, 15626, 5, 5, 1387
3849, 15626, 6, 6, 1387
3849, 15626, 6, 6, 1387
3850, 15626, 6, 6, 1387
3850, 15627, 6, 6, 1387
3850, 15627, 6, 6, 1387
3846, 15626, 6, 6, 1387
3846, 15626, 6, 6, 1387
3848, 15626, 6, 6, 1387
3849, 15626, 6, 6, 1387
3852, 15626, 7, 7, 1387
3852, 15626, 7, 7, 1387
3848, 15626, 7, 7, 1387
3846, 15626, 6, 6, 1387
3846, 15626, 6, 6, 1387
3851, 15627, 7, 7, 1387
3851, 15627, 7, 7, 1387
3847, 15627, 5, 5, 1379
3847, 15627, 5, 5, 1379
3847, 15626, 7, 7, 1379
4017, 15659, 52, 52, 1379
4017, 15659, 52, 52, 1379
4038, 15661, 191, 191, 1379
4041, 15659, 197, 197, 1379
4042, 15659, 199, 199, 1379
4040, 15658, 198, 198, 1379
4040, 15659, 198, 198, 1379
4040, 15658, 198, 198, 1379
4038, 15658, 197, 197, 1379
4038, 15657, 196, 196, 1379
4037, 15657, 195, 195, 1379
4037, 15657, 195, 195, 1379
4038, 15655, 195, 195, 1379
4035, 15657, 194, 194, 1379
4035, 15656, 193, 193, 1379
4035, 15656, 193, 193, 1379
4034, 15656, 192, 192, 1379
4035, 15656, 193, 193, 1379
4034, 15656, 192, 192, 1379
4033, 15655, 191, 191, 1379
4033, 15656, 190, 190, 1379
4033, 15656, 190, 190, 1379
4033, 15656, 190, 190, 1397
4033, 15656, 190, 190, 1397
4032, 15655, 189, 189, 1397
4030, 15656, 188, 188, 1397
4030, 15656, 188, 188, 1397
4030, 15656, 188, 188, 1397
4030, 15656, 188, 188, 1397
4031, 15655, 188, 188, 1397
4031, 15655, 188, 188, 1397
4030, 15655, 188, 188, 1397
4029, 15655, 187, 187, 1397
4029, 15655, 187, 187, 1397
4030, 15655, 187, 187, 1397
4029, 15655, 187, 187, 1397
4029, 15655, 187, 187, 1397
4029, 15655, 187, 187, 1397
4028, 15655, 186, 186, 1397
4029, 15655, 186, 186, 1397
4028, 15654, 185, 185, 1397
4028, 15654, 186, 186, 1397
4028, 15654, 186, 186, 1402
4028, 15654, 186, 186, 1402
4028, 15654, 186, 186, 1402
4027, 15655, 185, 185, 1402
4029, 15656, 186, 186, 1402
4029, 15656, 186, 186, 1402
4027, 15655, 185, 185, 1402
4026, 15656, 185, 185, 1402
4026, 15656, 185, 185, 1402
4027, 15656, 185, 185, 1402
4027, 15656, 185, 185, 1402
4027, 15655, 185, 185, 1402
4025, 15654, 184, 184, 1402
4025, 15656, 184, 184, 1402
4026, 15654, 183, 183, 1402
4026, 15655, 184, 184, 1402
4026, 15655, 184, 184, 1402
4026, 15655, 184, 184, 1402
4025, 15655, 184, 184, 1402
4026, 15655, 184, 184, 1402
4026, 15655, 184, 184, 1402
4027, 15654, 184, 184, 1402
4026, 15655, 184, 184, 1402
4026, 15654, 184, 184, 1402
4025, 15654, 183, 183, 1402
4025, 15654, 183, 183, 1402
4026, 15654, 183, 183, 1402
4025, 15655, 183, 183, 1393
4025, 15655, 183, 183, 1393
4025, 15654, 183, 183, 1393
4025, 15654, 183, 183, 1393
4025, 15654, 183, 183, 1393
4025, 15655, 183, 183, 1393
4025, 15655, 183, 183, 1393
4025, 15654, 182, 182, 1393
4026, 15655, 183, 183, 1393
4026, 15655, 183, 183, 1393
4025, 15654, 183, 183, 1393
4025, 15654, 182, 182, 1393
4026, 15654, 183, 183, 1393
4025, 15654, 183, 183, 1393
4025, 15654, 183, 183, 1393
4025, 15655, 182, 182, 1393
4025, 15654, 182, 182, 1393
4025, 15654, 182, 182, 1393
4024, 15654, 181, 181, 1393
4024, 15654, 181, 181, 1393
4024, 15654, 181, 181, 1393
4024, 15654, 182, 182, 1393
4024, 15654, 182, 182, 1393
4024, 15653, 182, 182, 1393
4023, 15653, 182, 182, 1387
4024, 15654, 181, 181, 1387
4023, 15654, 181, 181, 1387
4023, 15655, 181, 181, 1387
4025, 15654, 181, 181, 1387
4024, 15654, 181, 181, 1387
4023, 15655, 181, 181, 1387
4023, 15655, 181, 181, 1387
4023, 15654, 181, 181, 1387
4024, 15655, 181, 181, 1387
4023, 15655, 181, 181, 1387
4024, 15654, 182, 182, 1387
4023, 15654, 181, 181, 1387
4024, 15654, 182, 182, 1387
4024, 15654, 181, 181, 1387
4024, 15654, 181, 181, 1387
4024, 15654, 182, 182, 1387
4023, 15653, 180, 180, 1387
4023, 15654, 180, 180, 1387
4023, 15654, 180, 180, 1387
4023, 15653, 181, 181, 1387
4023, 15655, 180, 180, 1387
4023, 15653, 181, 181, 1383
3832, 15621, -11, -11, 1383
3826, 15621, -14, -14, 1383
3830, 15622, -13, -13, 1383
3836, 15623, -10, -10, 1383
3831, 15625, -10, -10, 1383
3835, 15625, -9, -9, 1383
3832, 15623, -8, -8, 1383
3832, 15623, -8, -8, 1383
3835, 15623, -7, -7, 1383
3838, 15624, -6, -6, 1383
3839, 15625, -5, -5, 1383
3839, 15625, -5, -5, 1383
3839, 15625, -5, -5, 1383
3835, 15624, -4, -4, 1383
3836, 15624, -4, -4, 1383
3839, 15624, -3, -3, 1383
3839, 15624, -3, -3, 1383
3843, 15625, -3, -3, 1383
3843, 15625, -3, -3, 1383
3841, 15625, -3, -3, 1383
3841, 15627, -2, -2, 1385
3841, 15627, -2, -2, 1385
3843, 15627, -1, -1, 1385
3837, 15624, -2, -2, 1385
3838, 15626, -1, -1, 1385
3838, 15626, -1, -1, 1385
3842, 15625, -1, -1, 1385
3841, 15625, -1, -1, 1385
3843, 15625, -1, -1, 1385
3845, 15627, 0, 0, 1385
3845, 15627, 0, 0, 1385
3841, 15626, 0, 0, 1385
3842, 15626, 1, 1, 1385
3842, 15626, 1, 1, 1385
3842, 15626, 1, 1, 1385
3844, 15626, 2, 2, 1385
3844, 15626, 2, 2, 1385
3848, 15627, 2, 2, 1385
3845, 15628, 3, 3, 1385
3845, 15628, 3, 3, 1385
3845, 15627, 2, 2, 1385
3845, 15626, 3, 3, 1385
3845, 15626, 3, 3, 1385
3845, 15625, 4, 4, 1385
3845, 15625, 4, 4, 1385
3849, 15627, 3, 3, 1385
3848, 15628, 3, 3, 1393
3848, 15628, 3, 3, 1393
3849, 15628, 4, 4, 1393
3847, 15628, 4, 4, 1393
3843, 15627, 4, 4, 1393
3849, 15628, 4, 4, 1393
3850, 15627, 4, 4, 1393
3847, 15627, 4, 4, 1393
3847, 15627, 4, 4, 1393
3849, 15627, 5, 5, 1393
3849, 15627, 5, 5, 1393
3847, 15627, 5, 5, 1393
3846, 15628, 4, 4, 1393
3846, 15626, 5, 5, 1393
3844, 15627, 5, 5, 1393
3844, 15627, 5, 5, 1393
3849, 15628, 5, 5, 1393
3849, 15628, 5, 5, 1393
3852, 15628, 5, 5, 1393
3849, 15627, 6, 6, 1393
3849, 15627, 6, 6, 1393
3849, 15629, 6, 6, 1393
3849, 15628, 6, 6, 1393
3848, 15628, 6, 6, 1393
3847, 15627, 6, 6, 1377
3847, 15627, 6, 6, 1377
3845, 15627, 6, 6, 1377
3845, 15628, 6, 6, 1377
3849, 15628, 7, 7, 1377
3849, 15628, 7, 7, 1377
3848, 15627, 6, 6, 1377
3851, 15628, 7, 7, 1377
3851, 15628, 7, 7, 1377
3847, 15628, 6, 6, 1377
3847, 15628, 6, 6, 1377
3848, 15627, 8, 8, 1377
3848, 15627, 8, 8, 1377
3852, 15628, 6, 6, 1377
3852, 15628, 6, 6, 1377
3850, 15628, 7, 7, 1377
3850, 15628, 7, 7, 1377
3849, 15629, 8, 8, 1377
3849, 15629, 8, 8, 1377
3847, 15627, 7, 7, 1377
3849, 15627, 7, 7, 1377
3847, 15627, 8, 8, 1377
3847, 15627, 8, 8, 1377
3852, 15629, 7, 7, 1377
3849, 15628, 7, 7, 1389
3851, 15628, 8, 8, 1389
3851, 15628, 8, 8, 1389
3851, 15628, 9, 9, 1389
3851, 15628, 9, 9, 1389
3849, 15628, 8, 8, 1389
3850, 15628, 9, 9, 1389
3853, 15628, 7, 7, 1389
3853, 15628, 7, 7, 1389
3850, 15629, 8, 8, 1389
3847, 15628, 8, 7, 1389
3847, 15628, 8, 7, 1389
3849, 15627, 9, 9, 1389
3852, 15628, 8, 8, 1389
3852, 15628, 8, 8, 1389
3865, 15629, 10, 10, 1389
3865, 15629, 10, 10, 1389
4028, 15661, 92, 92, 1389
4043, 15660, 200, 200, 1389
4043, 15660, 200, 200, 1389
4043, 15660, 200, 200, 1389
4041, 15659, 199, 199, 1389
4040, 15660, 198, 198, 1389
4041, 15659, 199, 199, 1389
4039, 15659, 197, 197, 1389
4038, 15659, 196, 196, 1381
4038, 15659, 196, 196, 1381
4038, 15658, 196, 196, 1381
4036, 15658, 195, 195, 1381
4036, 15657, 194, 194, 1381
4037, 15657, 194, 194, 1381
4036, 15656, 194, 194, 1381
4036, 15656, 194, 194, 1381
4036, 15657, 193, 193, 1381
4035, 15657, 193, 193, 1381
4034, 15657, 192, 192, 1381
4035, 15656, 192, 192, 1381
4035, 15656, 192, 192, 1381
4035, 15658, 192, 192, 1381
4033, 15656, 192, 192, 1381
4032, 15657, 191, 191, 1381
4032, 15657, 191, 191, 1381
4033, 15656, 191, 191, 1381
4031, 15656, 189, 189, 1381
4031, 15656, 189, 189, 1381
4032, 15657, 189, 189, 1381
4032, 15656, 189, 189, 1381
4032, 15655, 189, 189, 1381
4032, 15656, 190, 190, 1383
4031, 15655, 188, 188, 1383
4030, 15656, 188, 188, 1383
4030, 15657, 188, 188, 1383
4030, 15657, 188, 188, 1383
4030, 15656, 188, 188, 1383
4030, 15656, 187, 187, 1383
4030, 15656, 187, 187, 1383
4030, 15656, 187, 187, 1383
4028, 15656, 187, 187, 1383
4028, 15656, 187, 187, 1383
4029, 15657, 186, 186, 1383
4028, 15657, 187, 187, 1383
4029, 15656, 187, 187, 1383
4028, 15656, 186, 186, 1383
4028, 15656, 186, 186, 1383
4028, 15656, 186, 186, 1383
4028, 15657, 186, 186, 1383
4028, 15656, 186, 186, 1383
4028, 15656, 186, 186, 1383
4028, 15656, 186, 186, 1383
4028, 15656, 186, 186, 1383
4029, 15656, 186, 186, 1383
4028, 15655, 185, 185, 1383
4028, 15656, 186, 186, 1383
4028, 15656, 186, 186, 1383
4028, 15655, 186, 186, 1383
4027, 15655, 185, 185, 1389
4028, 15656, 185, 185, 1389
4028, 15655, 185, 185, 1389
4027, 15656, 184, 184, 1389
4027, 15656, 184, 184, 1389
4026, 15657, 185, 185, 1389
4027, 15656, 184, 184, 1389
4027, 15656, 184, 184, 1389
4028, 15656, 185, 185, 1389
4027, 15655, 185, 185, 1389
4028, 15656, 185, 185, 1389
4026, 15656, 184, 184, 1389
4026, 15655, 184, 184, 1389
4026, 15655, 184, 184, 1389
4027, 15656, 184, 184, 1389
4027, 15656, 184, 184, 1389
4027, 15655, 184, 184, 1389
4027, 15656, 184, 184, 1389
4027, 15656, 184, 184, 1389
4026, 15655, 184, 184, 1389
4025, 15655, 183, 183, 1389
4026, 15656, 184, 184, 1389
4026, 15656, 184, 184, 1389
4026, 15656, 184, 184, 1389
4026, 15656, 184, 184, 1389
4026, 15654, 184, 184, 1389
4026, 15655, 184, 184, 1387
4026, 15655, 184, 184, 1387
4026, 15655, 183, 183, 1387
4025, 15655, 183, 183, 1387
4025, 15655, 183, 183, 1387
4026, 15655, 183, 183, 1387
4026, 15656, 184, 184, 1387
4026, 15655, 184, 184, 1387
4026, 15655, 184, 184, 1387
4024, 15655, 183, 183, 1387
4025, 15655, 183, 183, 1387
4025, 15655, 183, 183, 1387
4025, 15655, 183, 183, 1387
4025, 15656, 183, 183, 1387
4025, 15656, 183, 183, 1387
4025, 15656, 183, 183, 1387
4025, 15655, 183, 183, 1387
4026, 15656, 184, 184, 1387
4026, 15656, 184, 184, 1387
4025, 15656, 182, 182, 1387
4025, 15656, 182, 182, 1387
4024, 15655, 183, 183, 1387
4025, 15656, 182, 182, 1387
4025, 15655, 183, 183, 1387
4026, 15656, 183, 183, 1387
4026, 15656, 183, 183, 1387
4026, 15656, 183, 183, 1387
4026, 15656, 183, 183, 1379
4025, 15656, 182, 182, 1379
4025, 15656, 182, 182, 1379
4025, 15655, 183, 183, 1379
4025, 15656, 182, 182, 1379
4025, 15656, 182, 182, 1379
4024, 15655, 182, 182, 1379
4024, 15655, 182, 182, 1379
4025, 15656, 182, 182, 1379
4025, 15657, 182, 182, 1379
4025, 15656, 182, 182, 1379
4024, 15656, 182, 182, 1379
4025, 15656, 182, 182, 1379
4025, 15656, 182, 182, 1379
3855, 15617, 65, 65, 1379
3855, 15617, 65, 65, 1379
3831, 15622, -13, -13, 1379
3831, 15622, -13, -13, 1379
3835, 15624, -10, -10, 1379
3835, 15624, -10, -10, 1379
3829, 15625, -9, -9, 1379
3835, 15624, -7, -7, 1379
3835, 15625, -6, -6, 1379
3835, 15625, -6, -6, 1379
3839, 15626, -6, -6, 1379
3837, 15625, -4, -4, 1381
3841, 15626, -5, -5, 1381
3841, 15626, -5, -5, 1381
3841, 15627, -3, -3, 1381
3839, 15625, -3, -3, 1381
3839, 15625, -3, -3, 1381
3840, 15626, -2, -2, 1381
3843, 15626, -1, -1, 1381
3843, 15626, -1, -1, 1381
3845, 15626, -1, -1, 1381
3846, 15628, 0, 0, 1381
3846, 15628, 0, 0, 1381
3842, 15627, 0, 0, 1381
3841, 15627, 1, 1, 1381
3840, 15628, 1, 1, 1381
3840, 15628, 1, 1, 1381
3845, 15627, 1, 1, 1381
3846, 15626, 2, 2, 1381
3846, 15626, 2, 2, 1381
3849, 15627, 3, 3, 1381
3848, 15628, 2, 2, 1381
3847, 15628, 2, 2, 1383
3846, 15628, 3, 3, 1383
3850, 15628, 3, 3, 1383
3850, 15628, 3, 3, 1383
3846, 15627, 4, 4, 1383
3849, 15628, 4, 4, 1383
3849, 15629, 5, 5, 1383
3846, 15629, 4, 4, 1383
3846, 15628, 4, 4, 1383
3848, 15629, 4, 4, 1383
3850, 15628, 5, 5, 1383
3847, 15629, 4, 4, 1383
3851, 15628, 5, 5, 1383
3846, 15628, 5, 5, 1383
3845, 15629, 5, 5, 1383
3845, 15629, 5, 5, 1383
3845, 15627, 5, 5, 1383
3845, 15627, 5, 5, 1383
3850, 15628, 6, 6, 1383
3850, 15628, 6, 6, 1383
3851, 15629, 6, 6, 1383
3851, 15629, 6, 6, 1383
3850, 15629, 6, 6, 1383
3850, 15629, 6, 6, 1383
3850, 15629, 7, 7, 1383
3850, 15629, 7, 7, 1383
3847, 15629, 7, 7, 1387
3847, 15629, 7, 7, 1387
3849, 15628, 7, 7, 1387
3852, 15630, 7, 7, 1387
3847, 15629, 6, 6, 1387
3847, 15629, 6, 6, 1387
3849, 15629, 7, 7, 1387
3849, 15629, 7, 7, 1387
3848, 15630, 7, 7, 1387
3848, 15630, 7, 7, 1387
3849, 15629, 7, 7, 1387
3850, 15629, 7, 7, 1387
3850, 15629, 7, 7, 1387
3853, 15629, 8, 8, 1387
3852, 15630, 8, 8, 1387
3852, 15630, 8, 8, 1387
3848, 15628, 8, 8, 1387
3847, 15629, 8, 8, 1387
3848, 15629, 8, 8, 1387
3851, 15628, 9, 9, 1387
3851, 15629, 8, 8, 1387
3852, 15629, 9, 9, 1387
3852, 15629, 9, 9, 1387
3855, 15629, 9, 9, 1387
3855, 15629, 9, 9, 1387
3849, 15631, 8, 8, 1387
3849, 15631, 8, 8, 1387
3849, 15629, 8, 8, 1385
3849, 15629, 8, 8, 1385
3852, 15629, 8, 8, 1385
3852, 15629, 8, 8, 1385
3853, 15630, 9, 9, 1385
3854, 15630, 9, 9, 1385
3847, 15629, 8, 8, 1385
3849, 15629, 8, 8, 1385
3849, 15628, 9, 9, 1385
3852, 15629, 9, 9, 1385
3852, 15629, 10, 10, 1385
3852, 15629, 10, 10, 1385
3855, 15630, 10, 10, 1385
3855, 15630, 10, 10, 1385
3851, 15630, 9, 9, 1385
3851, 15630, 9, 9, 1385
3851, 15630, 9, 9, 1385
3850, 15629, 10, 10, 1385
3850, 15629, 10, 10, 1385
3850, 15628, 10, 10, 1385
3850, 15628, 10, 10, 1385
3851, 15629, 10, 10, 1385
3853, 15630, 9, 9, 1385
3853, 15630, 9, 9, 1385
3853, 15631, 10, 10, 1385
3851, 15634, 12, 12, 1391
3851, 15634, 12, 12, 1391
4036, 15662, 141, 141, 1391
4044, 15662, 202, 202, 1391
4044, 15661, 201, 201, 1391
4042, 15660, 200, 200, 1391
4042, 15660, 200, 200, 1391
4042, 15660, 200, 200, 1391
4041, 15660, 199, 199, 1391
4040, 15660, 198, 198, 1391
4041, 15659, 198, 198, 1391
4041, 15659, 198, 198, 1391
4039, 15659, 197, 197, 1391
4038, 15659, 195, 195, 1391
4038, 15659, 195, 195, 1391
4037, 15659, 195, 195, 1391
4036, 15659, 194, 194, 1391
4036, 15659, 194, 194, 1391
4036, 15658, 193, 193, 1391
4036, 15658, 193, 193, 1391
4035, 15659, 193, 193, 1391
4035, 15658, 193, 193, 1391
4034, 15658, 193, 193, 1391
4034, 15658, 192, 192, 1391
4035, 15658, 192, 192, 1385
4035, 15658, 192, 192, 1385
4034, 15659, 192, 192, 1385
4033, 15658, 191, 191, 1385
4033, 15658, 191, 191, 1385
4034, 15658, 191, 191, 1385
4034, 15658, 191, 191, 1385
4032, 15659, 190, 190, 1385
4033, 15658, 190, 190, 1385
4032, 15657, 190, 190, 1385
4032, 15657, 190, 190, 1385
4031, 15659, 189, 189, 1385
4031, 15659, 189, 189, 1385
4033, 15658, 189, 189, 1385
4032, 15658, 190, 190, 1385
4031, 15658, 189, 189, 1385
4032, 15657, 189, 189, 1385
4032, 15657, 189, 189, 1385
4031, 15658, 189, 189, 1385
4030, 15658, 188, 188, 1385
4031, 15658, 189, 189, 1385
4030, 15657, 188, 188, 1385
4030, 15657, 188, 188, 1385
4030, 15658, 188, 188, 1385
4031, 15657, 188, 188, 1387
4031, 15656, 188, 188, 1387
4030, 15657, 188, 188, 1387
4030, 15657, 188, 188, 1387
4030, 15657, 188, 188, 1387
4030, 15658, 187, 187, 1387
4029, 15657, 187, 187, 1387
4030, 15657, 187, 187, 1387
4028, 15657, 187, 187, 1387
4027, 15657, 186, 186, 1387
4027, 15657, 186, 186, 1387
4029, 15658, 186, 186, 1387
4029, 15657, 186, 186, 1387
4029, 15657, 186, 186, 1387
4029, 15658, 186, 186, 1387
4029, 15658, 187, 187, 1387
4029, 15658, 187, 187, 1387
4028, 15658, 186, 186, 1387
4028, 15657, 186, 186, 1387
4028, 15657, 186, 186, 1387
4029, 15658, 186, 186, 1387
4030, 15657, 186, 186, 1387
4028, 15657, 186, 186, 1387
4029, 15657, 185, 185, 1387
4028, 15657, 186, 186, 1387
4028, 15657, 186, 186, 1387
4028, 15657, 185, 185, 1387
4027, 15657, 185, 185, 1389
4027, 15657, 185, 185, 1389
4027, 15657, 185, 185, 1389
4028, 15657, 185, 185, 1389
4027, 15657, 185, 185, 1389
4027, 15657, 185, 185, 1389
4027, 15657, 185, 185, 1389
4028, 15658, 185, 185, 1389
4026, 15656, 185, 185, 1389
4027, 15657, 184, 184, 1389
4027, 15657, 184, 184, 1389
4026, 15658, 184, 184, 1389
4026, 15658, 184, 184, 1389
4027, 15657, 184, 184, 1389
4028, 15657, 185, 185, 1389
4026, 15655, 184, 184, 1389
4026, 15657, 184, 184, 1389
4026, 15657, 184, 184, 1389
4026, 15657, 184, 184, 1389
4026, 15658, 184, 184, 1389
4026, 15656, 184, 184, 1389
4026, 15656, 184, 184, 1389
4028, 15657, 184, 184, 1389
4028, 15657, 184, 184, 1389
4027, 15657, 184, 184, 1389
4026, 15657, 184, 184, 1389
4026, 15657, 184, 184, 1389
4027, 15657, 184, 184, 1375
4027, 15657, 184, 184, 1375
4026, 15657, 184, 184, 1375
4027, 15656, 184, 184, 1375
4027, 15657, 184, 184, 1375
4025, 15658, 183, 183, 1375
4026, 15656, 184, 184, 1375
4026, 15656, 184, 184, 1375
4026, 15657, 184, 184, 1375
4026, 15657, 183, 183, 1375
4026, 15657, 183, 183, 1375
4025, 15656, 184, 184, 1375
4025, 15656, 184, 184, 1375
4026, 15657, 183, 183, 1375
4027, 15657, 184, 184, 1375
4027, 15657, 184, 184, 1375
4026, 15656, 184, 184, 1375
4026, 15657, 183, 183, 1375
4026, 15657, 183, 183, 1375
4027, 15657, 184, 184, 1375
3832, 15622, -33, -33, 1381
3832, 15622, -33, -33, 1381
3836, 15624, -9, -9, 1381
3836, 15624, -9, -9, 1381
3834, 15625, -11, -11, 1381
3839, 15626, -8, -8, 1381
3838, 15627, -8, -8, 1381
3839, 15626, -7, -7, 1381
3836, 15626, -5, -5, 1381
3836, 15627, -5, -5, 1381
3836, 15627, -5, -5, 1381
3837, 15627, -4, -4, 1381
3837, 15626, -4, -4, 1381
3843, 15628, -3, -3, 1381
3843, 15628, -3, -3, 1381
3839, 15628, -3, -3, 1381
3841, 15628, -2, -2, 1381
3841, 15628, -2, -2, 1381
3840, 15628, 0, 0, 1381
3840, 15628, 0, 0, 1381
3842, 15629, 0, 0, 1381
3841, 15628, 0, 0, 1381
3841, 15628, 0, 0, 1381
3845, 15628, 2, 2, 1381
3845, 15628, 2, 2, 1381
3844, 15630, 1, 1, 1381
3844, 15630, 1, 1, 1381
3849, 15631, 3, 3, 1381
3848, 15629, 3, 3, 1381
3849, 15630, 3, 3, 1381
3843, 15629, 3, 3, 1381
3844, 15629, 3, 3, 1381
3844, 15627, 3, 3, 1381
3846, 15628, 4, 4, 1381
3846, 15628, 4, 4, 1381
3847, 15630, 3, 3, 1381
3850, 15629, 4, 4, 1381
3848, 15630, 5, 5, 1381
3845, 15629, 5, 5, 1381
3845, 15629, 5, 5, 1381
3846, 15629, 5, 5, 1381
3845, 15630, 5, 5, 1381
3849, 15629, 6, 6, 1381
3849, 15629, 6, 6, 1381
3852, 15631, 6, 6, 1381
3852, 15631, 6, 6, 1381
3852, 15630, 6, 6, 1381
3851, 15630, 6, 6, 1381
3851, 15630, 6, 6, 1381
3851, 15630, 6, 6, 1381
3848, 15630, 6, 6, 1383
3848, 15630, 6, 6, 1383
3848, 15630, 7, 7, 1383
3848, 15630, 7, 7, 1383
3848, 15629, 7, 7, 1383
3848, 15629, 7, 7, 1383
3853, 15630, 7, 7, 1383
3848, 15630, 7, 7, 1383
3848, 15630, 7, 7, 1383
3847, 15630, 8, 8, 1383
3847, 15630, 8, 8, 1383
3848, 15630, 7, 7, 1383
3848, 15630, 8, 8, 1383
3851, 15630, 7, 7, 1383
3853, 15630, 8, 8, 1383
3852, 15631, 7, 7, 1383
3854, 15631, 9, 9, 1383
3847, 15631, 8, 8, 1383
3847, 15631, 8, 8, 1383
3849, 15630, 9, 9, 1383
3849, 15630, 9, 9, 1383
3850, 15631, 9, 9, 1383
3854, 15630, 9, 9, 1383
3850, 15630, 8, 8, 1383
3850, 15631, 9, 9, 1383
3851, 15631, 9, 9, 1383
3851, 15631, 9, 9, 1383
3849, 15630, 9, 9, 1387
3850, 15630, 9, 9, 1387
3854, 15630, 10, 10, 1387
3854, 15630, 10, 10, 1387
3854, 15630, 10, 10, 1387
3854, 15630, 10, 10, 1387
3853, 15631, 9, 9, 1387
3851, 15629, 10, 10, 1387
3855, 15631, 10, 10, 1387
3854, 15631, 9, 9, 1387
3854, 15631, 10, 10, 1387
3854, 15631, 10, 10, 1387
3853, 15632, 10, 10, 1387
3852, 15631, 10, 10, 1387
3848, 15630, 10, 10, 1387
3853, 15630, 11, 11, 1387
3855, 15632, 10, 10, 1387
3854, 15631, 10, 10, 1387
3854, 15631, 10, 10, 1387
3856, 15631, 11, 11, 1387
3854, 15630, 11, 11, 1387
3854, 15632, 10, 10, 1387
3854, 15632, 10, 10, 1387
3854, 15632, 10, 10, 1387
3850, 15631, 10, 10, 1387
3852, 15631, 10, 10, 1387
3852, 15631, 10, 10, 1387
3855, 15632, 11, 11, 1379
3855, 15632, 11, 11, 1379
3855, 15632, 10, 10, 1379
3856, 15631, 11, 11, 1379
3855, 15632, 11, 11, 1379
3853, 15631, 10, 10, 1379
3853, 15631, 10, 10, 1379
3850, 15631, 10, 10, 1379
3850, 15631, 10, 10, 1379
3858, 15634, 12, 12, 1379
4036, 15664, 139, 139, 1379
4036, 15664, 139, 139, 1379
4045, 15664, 202, 202, 1379
4045, 15664, 202, 202, 1379
4046, 15663, 203, 203, 1379
4044, 15662, 202, 202, 1379
4044, 15662, 201, 201, 1379
4043, 15662, 201, 201, 1379
4043, 15661, 200, 200, 1379
4042, 15662, 200, 200, 1379
4041, 15661, 198, 198, 1379
4039, 15660, 197, 197, 1379
4039, 15660, 197, 197, 1379
4039, 15660, 197, 197, 1385
4037, 15660, 196, 196, 1385
4038, 15660, 195, 195, 1385
4038, 15660, 195, 195, 1385
4036, 15659, 195, 195, 1385
4036, 15659, 195, 195, 1385
4036, 15660, 194, 194, 1385
4036, 15661, 194, 194, 1385
4036, 15661, 194, 194, 1385
4036, 15660, 193, 193, 1385
4035, 15660, 193, 193, 1385
4035, 15660, 193, 193, 1385
4034, 15660, 192, 192, 1385
4035, 15660, 192, 192, 1385
4034, 15660, 193, 193, 1385
4034, 15660, 193, 193, 1385
4034, 15661, 192, 192, 1385
4034, 15660, 192, 192, 1385
4035, 15660, 192, 192, 1385
4034, 15659, 191, 191, 1385
4034, 15659, 191, 191, 1385
4033, 15660, 191, 191, 1385
4033, 15660, 191, 191, 1385
4033, 15660, 190, 190, 1385
4033, 15660, 190, 190, 1385
4033, 15659, 191, 191, 1385
4032, 15659, 190, 190, 1389
4032, 15659, 190, 190, 1389
4032, 15659, 190, 190, 1389
4032, 15659, 190, 190, 1389
4032, 15659, 190, 190, 1389
4031, 15658, 189, 189, 1389
4032, 15659, 189, 189, 1389
4032, 15659, 190, 190, 1389
4032, 15659, 190, 190, 1389
4032, 15658, 189, 189, 1389
4032, 15658, 189, 189, 1389
4032, 15659, 189, 189, 1389
4032, 15659, 189, 189, 1389
4032, 15659, 189, 189, 1389
4031, 15659, 188, 188, 1389
4031, 15659, 189, 189, 1389
4031, 15659, 189, 189, 1389
4031, 15658, 188, 188, 1389
4030, 15660, 188, 188, 1389
4030, 15659, 188, 188, 1389
4031, 15659, 188, 188, 1389
4031, 15659, 188, 188, 1389
4029, 15659, 187, 187, 1389
4030, 15659, 188, 188, 1389
4029, 15659, 187, 187, 1389
4029, 15659, 187, 187, 1389
4031, 15659, 188, 188, 1385
4030, 15659, 188, 188, 1385
4029, 15658, 187, 187, 1385
4029, 15658, 187, 187, 1385
4029, 15659, 187, 187, 1385
4029, 15658, 187, 187, 1385
4029, 15658, 187, 187, 1385
4029, 15658, 187, 187, 1385
4028, 15658, 186, 186, 1385
4028, 15658, 186, 186, 1385
4029, 15658, 186, 186, 1385
4028, 15659, 186, 186, 1385
4028, 15659, 186, 186, 1385
4028, 15659, 187, 187, 1385
4029, 15658, 186, 186, 1385
4029, 15658, 186, 186, 1385
4029, 15659, 187, 187, 1385
4028, 15658, 187, 187, 1385
4028, 15659, 186, 186, 1385
4029, 15659, 186, 186, 1385
4029, 15658, 186, 186, 1385
4029, 15658, 186, 186, 1385
4029, 15658, 186, 186, 1385
4028, 15659, 186, 186, 1385
4027, 15658, 186, 186, 1387
4029, 15658, 186, 186, 1387
4029, 15658, 186, 186, 1387
4029, 15658, 186, 186, 1387
4029, 15658, 186, 186, 1387
4029, 15658, 186, 186, 1387
4026, 15658, 185, 185, 1387
4028, 15659, 185, 185, 1387
4027, 15659, 185, 185, 1387
4028, 15658, 186, 186, 1387
4028, 15657, 185, 185, 1387
4029, 15659, 186, 186, 1387
4027, 15658, 186, 186, 1387
4029, 15658, 186, 186, 1387
4028, 15658, 186, 186, 1387
4028, 15658, 186, 186, 1387
4028, 15658, 185, 185, 1387
4028, 15658, 185, 185, 1387
4028, 15658, 185, 185, 1387
4028, 15658, 186, 186, 1387
4029, 15657, 185, 185, 1387
4029, 15657, 185, 185, 1387
4029, 15659, 186, 186, 1387
4027, 15658, 185, 185, 1387
4028, 15658, 185, 185, 1387
4027, 15659, 185, 185, 1389
4027, 15657, 185, 185, 1389
4027, 15658, 185, 185, 1389
4028, 15657, 185, 185, 1389
4028, 15657, 185, 185, 1389
4026, 15659, 185, 185, 1389
4027, 15659, 184, 184, 1389
4027, 15658, 185, 185, 1389
4027, 15658, 185, 185, 1389
4027, 15658, 185, 185, 1389
4027, 15659, 185, 185, 1389
4027, 15659, 185, 185, 1389
4027, 15659, 185, 185, 1389
4027, 15659, 184, 184, 1389
4027, 15658, 185, 185, 1389
4027, 15659, 184, 184, 1389
4027, 15659, 184, 184, 1389
4026, 15658, 184, 184, 1389
4026, 15658, 184, 184, 1389
4026, 15658, 184, 184, 1389
4026, 15658, 184, 184, 1389
4026, 15658, 184, 184, 1389
4027, 15659, 184, 184, 1389
4027, 15659, 184, 184, 1389
4026, 15659, 184, 184, 1389
4026, 15659, 183, 183, 1389
4026, 15658, 184, 184, 1389
4026, 15658, 184, 184, 1389
4026, 15658, 184, 184, 1389
4026, 15658, 184, 184, 1389
4027, 15659, 184, 184, 1389
4026, 15659, 184, 184, 1389
4027, 15659, 185, 185, 1389
4027, 15659, 185, 185, 1389
4027, 15659, 184, 184, 1389
4027, 15659, 184, 184, 1389
4027, 15659, 185, 185, 1389
4027, 15659, 184, 184, 1389
4026, 15659, 184, 184, 1389
4027, 15659, 184, 184, 1389
4027, 15659, 184, 184, 1389
4026, 15658, 184, 184, 1389
4026, 15658, 184, 184, 1389
4026, 15658, 184, 184, 1389
4026, 15658, 184, 184, 1389
4026, 15658, 183, 183, 1389
4027, 15659, 184, 184, 1389
4027, 15658, 184, 184, 1389
4027, 15659, 184, 184, 1389
4027, 15659, 184, 184, 1389
4026, 15659, 184, 184, 1389
4027, 15658, 184, 184, 1389
4027, 15659, 185, 185, 1389
4027, 15659, 185, 185, 1389
4026, 15658, 184, 184, 1389
4026, 15658, 184, 184, 1389
4027, 15658, 184, 184, 1389
4027, 15658, 184, 184, 1389
4026, 15660, 184, 184, 1389
4026, 15659, 184, 184, 1389
4026, 15659, 184, 184, 1389
4027, 15658, 184, 184, 1389
4027, 15658, 184, 184, 1389
4025, 15659, 183, 183, 1389
4025, 15659, 183, 183, 1389
4027, 15659, 184, 184, 1389
4027, 15659, 184, 184, 1389
4027, 15659, 184, 184, 1389
4025, 15658, 183, 183, 1389
4025, 15658, 183, 183, 1389
4026, 15658, 184, 184, 1389
4027, 15658, 184, 184, 1389
4027, 15658, 184, 184, 1389
4027, 15659, 184, 184, 1389
4027, 15659, 184, 184, 1389
4026, 15658, 184, 184, 1389
4026, 15657, 184, 184, 1389
4028, 15659, 184, 184, 1389
4027, 15659, 185, 185, 1389
4026, 15658, 184, 184, 1389
4027, 15659, 184, 184, 1389
4025, 15659, 184, 184, 1389
4026, 15658, 184, 184, 1389
4026, 15658, 184, 184, 1389
4026, 15658, 184, 184, 1389
4027, 15659, 184, 184, 1389
4027, 15658, 185, 185, 1389
4025, 15658, 184, 184, 1389
4025, 15658, 184, 184, 1389
4026, 15658, 184, 184, 1389
4027, 15658, 184, 184, 1389
4027, 15658, 184, 184, 1389
4027, 15659, 185, 185, 1385
4027, 15658, 184, 184, 1385
4027, 15658, 184, 184, 1385
4027, 15658, 184, 184, 1385
4026, 15658, 184, 184, 1385
4026, 15658, 184, 184, 1385
4025, 15658, 184, 184, 1385
4025, 15658, 184, 184, 1385
4025, 15658, 184, 184, 1385
4026, 15658, 184, 184, 1385
4026, 15658, 184, 184, 1385
