3594, 15364, -248, -248, 6181
3594, 15364, -248, -248, 6181
3594, 15365, -248, -248, 6181
3594, 15365, -248, -248, 6181
3595, 15364, -248, -248, 6181
3595, 15363, -248, -248, 6181
3595, 15363, -248, -248, 6181
3595, 15364, -248, -248, 6181
3595, 15364, -248, -248, 6181
3596, 15364, -247, -247, 6181
3596, 15365, -247, -247, 6210
3596, 15365, -247, -247, 6210
3595, 15364, -247, -247, 6210
3594, 15365, -248, -248, 6210
3595, 15365, -248, -248, 6210
3596, 15365, -247, -247, 6210
3596, 15365, -247, -247, 6210
3595, 15367, -247, -247, 6210
3595, 15367, -247, -247, 6210
3595, 15366, -247, -247, 6210
3595, 15365, -247, -247, 6210
3596, 15367, -247, -247, 6210
3596, 15367, -247, -247, 6210
3596, 15367, -247, -247, 6210
3596, 15367, -247, -247, 6210
3597, 15367, -246, -246, 6210
3596, 15367, -246, -246, 6210
3596, 15367, -246, -246, 6210
3596, 15367, -246, -246, 6210
3597, 15367, -246, -246, 6210
3597, 15368, -246, -246, 6210
3597, 15368, -246, -246, 6210
3596, 15367, -246, -246, 6210
3598, 15368, -245, -245, 6210
3597, 15367, -245, -245, 6227
3597, 15367, -245, -245, 6227
3597, 15367, -246, -246, 6227
3598, 15368, -246, -246, 6227
3597, 15368, -246, -246, 6227
3597, 15368, -245, -245, 6227
3598, 15369, -245, -245, 6227
3597, 15368, -245, -245, 6227
3599, 15368, -244, -244, 6227
3597, 15368, -245, -245, 6227
3597, 15368, -245, -245, 6227
3598, 15367, -245, -245, 6227
3598, 15369, -244, -244, 6227
3599, 15368, -244, -244, 6227
3598, 15368, -244, -244, 6227
3598, 15368, -245, -245, 6227
3598, 15369, -244, -244, 6227
3598, 15369, -244, -244, 6227
3598, 15369, -244, -244, 6227
3599, 15369, -244, -244, 6227
3599, 15369, -244, -244, 6227
3599, 15369, -244, -244, 6227
3599, 15369, -244, -244, 6227
3599, 15371, -243, -243, 6227
3599, 15371, -243, -243, 6227
3600, 15369, -243, -243, 6227
3600, 15369, -243, -243, 6227
3599, 15370, -243, -243, 6223
3599, 15370, -243, -243, 6223
3600, 15370, -242, -242, 6223
3600, 15370, -242, -242, 6223
3599, 15370, -243, -243, 6223
3599, 15370, -243, -243, 6223
3600, 15371, -243, -243, 6223
3600, 15371, -243, -243, 6223
3600, 15370, -242, -242, 6223
3600, 15370, -242, -242, 6223
3600, 15370, -242, -242, 6223
3600, 15372, -242, -242, 6223
3601, 15372, -241, -241, 6223
3601, 15372, -241, -241, 6223
3601, 15371, -242, -242, 6223
3601, 15371, -242, -242, 6223
3601, 15372, -242, -242, 6223
3601, 15372, -242, -242, 6223
3602, 15372, -241, -241, 6223
3601, 15373, -241, -241, 6223
3603, 15372, -241, -241, 6223
3603, 15372, -241, -241, 6223
3601, 15372, -241, -241, 6223
3601, 15372, -241, -241, 6223
3601, 15372, -241, -241, 6223
3602, 15371, -240, -240, 6225
3600, 15372, -241, -241, 6225
3602, 15373, -240, -240, 6225
3602, 15373, -240, -240, 6225
3602, 15374, -240, -240, 6225
3602, 15373, -239, -239, 6225
3602, 15373, -239, -239, 6225
3603, 15373, -239, -239, 6225
3603, 15374, -240, -240, 6225
3603, 15374, -239, -239, 6225
3603, 15375, -239, -239, 6225
3602, 15373, -240, -240, 6225
3603, 15374, -239, -239, 6225
3602, 15374, -239, -239, 6225
3380, 15367, -295, -295, 6225
3507, 15361, -336, -336, 6225
3511, 15361, -330, -330, 6225
3505, 15362, -331, -331, 6225
3505, 15362, -331, -331, 6225
3511, 15363, -330, -330, 6225
3511, 15363, -330, -330, 6225
3509, 15363, -329, -329, 6225
3512, 15363, -327, -327, 6220
3512, 15363, -327, -327, 6220
3512, 15363, -327, -327, 6220
3514, 15363, -327, -327, 6220
3516, 15365, -325, -325, 6220
3520, 15365, -325, -325, 6220
3520, 15365, -325, -325, 6220
3520, 15365, -325, -325, 6220
3519, 15366, -325, -325, 6220
3521, 15365, -324, -324, 6220
3519, 15366, -325, -325, 6220
3522, 15365, -323, -323, 6220
3520, 15365, -322, -322, 6220
3518, 15366, -322, -322, 6220
3519, 15366, -321, -321, 6220
3522, 15366, -321, -321, 6220
3522, 15366, -321, -321, 6220
3522, 15366, -321, -321, 6220
3523, 15367, -321, -321, 6220
3523, 15367, -321, -321, 6221
3523, 15367, -321, -321, 6221
3523, 15367, -321, -321, 6221
3524, 15366, -321, -321, 6221
3524, 15367, -320, -320, 6221
3524, 15367, -320, -320, 6221
3523, 15368, -320, -320, 6221
3523, 15367, -320, -320, 6221
3521, 15367, -319, -319, 6221
3521, 15367, -319, -319, 6221
3520, 15367, -320, -320, 6221
3521, 15367, -320, -320, 6221
3523, 15367, -319, -319, 6221
3525, 15367, -320, -320, 6221
3526, 15368, -319, -319, 6221
3521, 15369, -319, -319, 6221
3522, 15367, -318, -318, 6221
3522, 15369, -318, -318, 6221
3524, 15368, -318, -318, 6221
3524, 15368, -318, -318, 6221
3523, 15369, -317, -317, 6221
3527, 15369, -319, -319, 6221
3526, 15369, -318, -318, 6221
3528, 15369, -317, -317, 6221
3524, 15369, -318, -318, 6221
3528, 15369, -317, -317, 6229
3526, 15369, -318, -318, 6229
3523, 15370, -317, -317, 6229
3523, 15370, -316, -316, 6229
3524, 15367, -317, -317, 6229
3525, 15369, -315, -315, 6229
3525, 15370, -316, -316, 6229
3525, 15370, -316, -316, 6229
3527, 15370, -315, -315, 6229
3526, 15370, -315, -315, 6229
3526, 15370, -315, -315, 6229
3528, 15369, -314, -314, 6229
3528, 15369, -314, -314, 6229
3527, 15370, -315, -315, 6229
3531, 15371, -314, -314, 6229
3531, 15371, -314, -314, 6229
3529, 15372, -315, -315, 6229
3530, 15371, -315, -315, 6229
3526, 15371, -314, -314, 6229
3527, 15371, -314, -314, 6229
3527, 15371, -314, -314, 6229
3529, 15372, -314, -314, 6229
3529, 15372, -314, -314, 6229
3531, 15371, -313, -313, 6229
3531, 15372, -314, -314, 6229
3532, 15373, -314, -314, 6229
3530, 15372, -313, -313, 6221
3531, 15371, -313, -313, 6221
3531, 15372, -314, -314, 6221
3529, 15372, -314, -314, 6221
3530, 15372, -313, -313, 6221
3527, 15371, -312, -312, 6221
3527, 15371, -312, -312, 6221
3528, 15372, -312, -312, 6221
3532, 15373, -312, -312, 6221
3532, 15373, -312, -312, 6221
3532, 15373, -312, -312, 6221
3533, 15373, -313, -313, 6221
3530, 15373, -312, -312, 6221
3531, 15372, -312, -312, 6221
3531, 15372, -312, -312, 6221
3533, 15373, -312, -312, 6221
3533, 15373, -312, -312, 6221
3533, 15374, -312, -312, 6221
3531, 15373, -311, -311, 6221
3530, 15374, -311, -311, 6221
3531, 15375, -311, -311, 6221
3529, 15374, -311, -311, 6221
3529, 15374, -311, -311, 6221
3534, 15375, -310, -310, 6223
3534, 15375, -310, -310, 6223
3533, 15375, -310, -310, 6223
3534, 15388, -307, -307, 6223
3628, 15388, -214, -214, 6223
3626, 15388, -215, -215, 6223
3626, 15388, -215, -215, 6223
3627, 15389, -215, -215, 6223
3624, 15388, -218, -218, 6223
3625, 15389, -218, -218, 6223
3625, 15388, -218, -218, 6223
3624, 15389, -218, -218, 6223
3624, 15389, -219, -219, 6223
3623, 15389, -219, -219, 6223
3624, 15388, -219, -219, 6223
3624, 15388, -219, -219, 6223
3624, 15388, -218, -218, 6223
3623, 15387, -219, -219, 6223
3622, 15390, -219, -219, 6223
3623, 15390, -219, -219, 6223
3623, 15390, -219, -219, 6223
3621, 15389, -220, -220, 6223
3623, 15390, -220, -220, 6223
3622, 15390, -220, -220, 6223
3622, 15390, -220, -220, 6223
3623, 15389, -219, -219, 6223
3624, 15390, -218, -218, 6223
3623, 15390, -219, -219, 6223
3623, 15390, -219, -219, 6223
3623, 15390, -219, -219, 6223
3623, 15390, -219, -219, 6223
3624, 15390, -219, -219, 6223
3624, 15390, -219, -219, 6223
3623, 15391, -219, -219, 6223
3625, 15391, -219, -219, 6223
3623, 15390, -219, -219, 6223
3624, 15390, -219, -219, 6223
3624, 15390, -219, -219, 6223
3624, 15390, -219, -219, 6223
3624, 15391, -219, -219, 6223
3624, 15392, -218, -218, 6223
3624, 15391, -219, -219, 6223
3624, 15391, -219, -219, 6223
3624, 15391, -219, -219, 6223
3624, 15391, -219, -219, 6223
3624, 15392, -219, -219, 6223
3624, 15392, -219, -219, 6223
3624, 15392, -218, -218, 6223
3625, 15392, -218, -218, 6214
3624, 15392, -218, -218, 6214
3624, 15391, -218, -218, 6214
3624, 15391, -218, -218, 6214
3624, 15391, -219, -219, 6214
3624, 15392, -219, -219, 6214
3624, 15391, -218, -218, 6214
3624, 15392, -218, -218, 6214
3625, 15392, -218, -218, 6214
3625, 15393, -218, -218, 6214
3625, 15393, -218, -218, 6214
3625, 15393, -218, -218, 6214
3625, 15393, -218, -218, 6214
3624, 15393, -218, -218, 6214
3625, 15393, -217, -217, 6214
3625, 15392, -218, -218, 6214
3624, 15392, -218, -218, 6214
3626, 15394, -217, -217, 6214
3626, 15394, -217, -217, 6214
3626, 15394, -217, -217, 6214
3625, 15393, -217, -217, 6214
3625, 15394, -217, -217, 6214
3625, 15394, -217, -217, 6214
3624, 15393, -217, -217, 6221
3626, 15394, -217, -217, 6221
3626, 15394, -217, -217, 6221
3625, 15394, -218, -218, 6221
3626, 15394, -216, -216, 6221
3626, 15393, -217, -217, 6221
3627, 15394, -217, -217, 6221
3627, 15394, -217, -217, 6221
3625, 15395, -217, -217, 6221
3626, 15393, -216, -216, 6221
3626, 15393, -216, -216, 6221
3625, 15395, -217, -217, 6221
3627, 15394, -216, -216, 6221
3627, 15394, -216, -216, 6221
3626, 15395, -216, -216, 6221
3627, 15395, -216, -216, 6221
3626, 15395, -216, -216, 6221
3626, 15395, -216, -216, 6221
3626, 15396, -216, -216, 6221
3626, 15395, -216, -216, 6221
3627, 15395, -216, -216, 6221
3626, 15396, -216, -216, 6221
3626, 15396, -216, -216, 6221
3626, 15396, -216, -216, 6221
3627, 15395, -215, -215, 6221
3628, 15397, -215, -215, 6218
3626, 15395, -216, -216, 6218
3627, 15397, -216, -216, 6218
3628, 15396, -215, -215, 6218
3627, 15396, -215, -215, 6218
3627, 15396, -215, -215, 6218
3628, 15396, -215, -215, 6218
3627, 15395, -215, -215, 6218
3628, 15396, -215, -215, 6218
3628, 15396, -215, -215, 6218
3627, 15396, -215, -215, 6218
3627, 15396, -215, -215, 6218
3628, 15397, -214, -214, 6218
3628, 15397, -214, -214, 6218
3628, 15396, -214, -214, 6218
3628, 15397, -214, -214, 6218
3629, 15397, -214, -214, 6218
3629, 15397, -214, -214, 6218
3629, 15397, -214, -214, 6218
3630, 15397, -214, -214, 6218
3629, 15397, -214, -214, 6218
3629, 15397, -214, -214, 6218
3628, 15398, -214, -214, 6218
3628, 15398, -214, -214, 6218
3627, 15398, -214, -214, 6220
3627, 15398, -214, -214, 6220
3628, 15398, -214, -214, 6220
3555, 15392, -232, -232, 6220
3524, 15385, -325, -325, 6220
3533, 15385, -307, -307, 6220
3538, 15386, -306, -306, 6220
3538, 15386, -306, -306, 6220
3539, 15386, -305, -305, 6220
3539, 15385, -304, -304, 6220
3541, 15385, -303, -303, 6220
3541, 15385, -303, -303, 6220
3542, 15387, -303, -303, 6220
3541, 15387, -303, -303, 6220
3542, 15385, -303, -303, 6220
3541, 15387, -302, -302, 6220
3541, 15386, -302, -302, 6220
3541, 15386, -301, -301, 6220
3539, 15386, -301, -301, 6220
3540, 15388, -301, -301, 6220
3540, 15388, -300, -300, 6220
3541, 15388, -300, -300, 6220
3541, 15388, -300, -300, 6220
3544, 15387, -299, -299, 6218
3545, 15388, -299, -299, 6218
3545, 15388, -299, -299, 6218
3546, 15389, -298, -298, 6218
3546, 15389, -298, -298, 6218
3546, 15389, -299, -299, 6218
3545, 15389, -298, -298, 6218
3545, 15389, -297, -297, 6218
3545, 15388, -298, -298, 6218
3548, 15389, -297, -297, 6218
3548, 15389, -297, -297, 6218
3547, 15390, -297, -297, 6218
3547, 15390, -297, -297, 6218
3548, 15391, -296, -296, 6218
3548, 15391, -296, -296, 6218
3548, 15390, -297, -297, 6218
3546, 15390, -297, -297, 6218
3547, 15389, -296, -296, 6218
3546, 15390, -296, -296, 6218
3546, 15390, -296, -296, 6218
3546, 15391, -295, -295, 6218
3544, 15389, -295, -295, 6218
3546, 15390, -295, -295, 6218
3548, 15391, -295, -295, 6218
3549, 15390, -295, -295, 6218
3549, 15390, -295, -295, 6218
3549, 15391, -295, -295, 6218
3549, 15391, -295, -295, 6218
3549, 15391, -295, -295, 6218
3550, 15391, -295, -295, 6218
3550, 15391, -295, -295, 6218
3549, 15392, -295, -295, 6218
3546, 15391, -294, -294, 6218
3546, 15391, -294, -294, 6218
3547, 15391, -294, -294, 6218
3547, 15391, -294, -294, 6218
3550, 15391, -293, -293, 6218
3546, 15392, -293, -293, 6218
3550, 15392, -293, -293, 6218
3551, 15391, -293, -293, 6218
3552, 15392, -293, -293, 6218
3552, 15393, -293, -293, 6218
3551, 15392, -293, -293, 6218
3548, 15392, -292, -292, 6218
3547, 15392, -292, -292, 6218
3550, 15392, -292, -292, 6218
3550, 15392, -292, -292, 6218
3550, 15392, -292, -292, 6218
3553, 15393, -291, -291, 6216
3551, 15393, -292, -292, 6216
3550, 15392, -293, -293, 6216
3554, 15393, -292, -292, 6216
3554, 15393, -292, -292, 6216
3553, 15393, -292, -292, 6216
3550, 15394, -291, -291, 6216
3548, 15394, -292, -292, 6216
3549, 15393, -291, -291, 6216
3549, 15394, -291, -291, 6216
3549, 15394, -291, -291, 6216
3551, 15393, -291, -291, 6216
3551, 15393, -291, -291, 6216
3551, 15394, -290, -290, 6216
3555, 15394, -290, -290, 6216
3555, 15394, -290, -290, 6216
3555, 15396, -290, -290, 6216
3553, 15394, -290, -290, 6216
3555, 15394, -290, -290, 6216
3551, 15395, -290, -290, 6216
3551, 15395, -290, -290, 6216
3551, 15394, -289, -289, 6216
3551, 15395, -290, -290, 6216
3551, 15395, -290, -290, 6216
3551, 15395, -289, -289, 6216
3555, 15395, -289, -289, 6218
3555, 15394, -290, -290, 6218
3557, 15396, -289, -289, 6218
3554, 15396, -289, -289, 6218
3554, 15395, -289, -289, 6218
3552, 15395, -289, -289, 6218
3551, 15394, -288, -288, 6218
3552, 15395, -288, -288, 6218
3553, 15395, -288, -288, 6218
3553, 15395, -288, -288, 6218
3553, 15396, -288, -288, 6218
3553, 15396, -288, -288, 6218
3556, 15396, -288, -288, 6218
3556, 15396, -288, -288, 6218
3557, 15397, -288, -288, 6218
3557, 15397, -288, -288, 6218
3655, 15408, -236, -236, 6218
3655, 15408, -236, -236, 6218
3652, 15409, -190, -190, 6218
3650, 15409, -191, -191, 6218
3648, 15408, -194, -194, 6218
3648, 15408, -194, -194, 6218
3648, 15409, -195, -195, 6218
3647, 15408, -196, -196, 6218
3647, 15408, -196, -196, 6218
3646, 15408, -196, -196, 6220
3646, 15408, -196, -196, 6220
3646, 15408, -197, -197, 6220
3646, 15408, -197, -197, 6220
3646, 15409, -197, -197, 6220
3645, 15410, -197, -197, 6220
3646, 15410, -197, -197, 6220
3646, 15410, -197, -197, 6220
3646, 15410, -197, -197, 6220
3646, 15410, -197, -197, 6220
3645, 15410, -198, -198, 6220
3644, 15410, -198, -198, 6220
3646, 15410, -197, -197, 6220
3645, 15411, -197, -197, 6220
3645, 15411, -197, -197, 6220
3645, 15411, -198, -198, 6220
3644, 15410, -198, -198, 6220
3645, 15411, -197, -197, 6220
3645, 15410, -197, -197, 6220
3645, 15410, -198, -198, 6220
3645, 15411, -197, -197, 6220
3645, 15411, -198, -198, 6220
3645, 15411, -198, -198, 6220
3645, 15411, -198, -198, 6220
3645, 15411, -198, -198, 6220
3645, 15410, -197, -197, 6220
3646, 15411, -197, -197, 6220
3646, 15411, -197, -197, 6220
3645, 15411, -197, -197, 6220
3645, 15412, -197, -197, 6220
3645, 15412, -197, -197, 6220
3646, 15412, -197, -197, 6220
3646, 15411, -197, -197, 6220
3646, 15412, -197, -197, 6220
3645, 15411, -197, -197, 6220
3645, 15411, -197, -197, 6220
3645, 15411, -197, -197, 6220
3646, 15412, -197, -197, 6220
3645, 15412, -197, -197, 6220
3645, 15412, -197, -197, 6220
3645, 15412, -197, -197, 6220
3646, 15413, -197, -197, 6220
3646, 15412, -197, -197, 6220
3645, 15414, -197, -197, 6220
3646, 15412, -197, -197, 6220
3646, 15412, -197, -197, 6220
3646, 15412, -196, -196, 6220
3647, 15413, -196, -196, 6220
3646, 15414, -196, -196, 6218
3646, 15414, -196, -196, 6218
3645, 15412, -197, -197, 6218
3646, 15414, -197, -197, 6218
3646, 15414, -197, -197, 6218
3646, 15414, -196, -196, 6218
3647, 15413, -196, -196, 6218
3646, 15413, -196, -196, 6218
3645, 15413, -197, -197, 6218
3647, 15414, -196, -196, 6218
3647, 15414, -196, -196, 6218
3647, 15414, -196, -196, 6218
3646, 15414, -196, -196, 6218
3645, 15413, -196, -196, 6218
3647, 15413, -196, -196, 6218
3647, 15414, -196, -196, 6218
3646, 15413, -196, -196, 6218
3646, 15413, -196, -196, 6218
3647, 15413, -196, -196, 6218
3647, 15415, -195, -195, 6218
3647, 15415, -195, -195, 6218
3647, 15414, -195, -195, 6218
3647, 15414, -196, -196, 6218
3648, 15414, -195, -195, 6214
3647, 15414, -196, -196, 6214
3647, 15414, -196, -196, 6214
3647, 15415, -195, -195, 6214
3647, 15414, -195, -195, 6214
3647, 15414, -195, -195, 6214
3647, 15416, -196, -196, 6214
3648, 15415, -195, -195, 6214
3647, 15415, -195, -195, 6214
3647, 15415, -195, -195, 6214
3647, 15416, -196, -196, 6214
3647, 15415, -195, -195, 6214
3648, 15415, -195, -195, 6214
3648, 15416, -194, -194, 6214
3648, 15416, -194, -194, 6214
3647, 15416, -195, -195, 6214
3649, 15416, -194, -194, 6214
3647, 15414, -195, -195, 6214
3647, 15414, -195, -195, 6214
3648, 15415, -194, -194, 6214
3648, 15416, -194, -194, 6214
3648, 15416, -194, -194, 6214
3649, 15415, -194, -194, 6214
3648, 15415, -194, -194, 6214
3648, 15416, -194, -194, 6214
3648, 15416, -194, -194, 6214
3648, 15416, -195, -195, 6214
3649, 15416, -194, -194, 6214
3649, 15416, -194, -194, 6214
3649, 15416, -194, -194, 6214
3649, 15417, -194, -194, 6214
3649, 15416, -193, -193, 6214
3649, 15417, -194, -194, 6214
3649, 15417, -194, -194, 6214
3649, 15417, -194, -194, 6214
3649, 15417, -194, -194, 6214
3649, 15416, -193, -193, 6214
3648, 15418, -193, -193, 6214
3649, 15417, -194, -194, 6214
3649, 15417, -193, -193, 6214
3649, 15417, -193, -193, 6214
3545, 15405, -293, -293, 6214
3545, 15405, -293, -293, 6214
3559, 15405, -287, -287, 6214
3559, 15405, -287, -287, 6214
3559, 15406, -286, -286, 6214
3559, 15406, -286, -286, 6214
3560, 15406, -285, -285, 6214
3561, 15406, -285, -285, 6214
3559, 15406, -283, -283, 6214
3558, 15406, -284, -284, 6214
3556, 15404, -283, -283, 6223
3556, 15404, -283, -283, 6223
3561, 15406, -282, -282, 6223
3560, 15406, -282, -282, 6223
3560, 15406, -282, -282, 6223
3564, 15407, -282, -282, 6223
3564, 15407, -282, -282, 6223
3560, 15407, -281, -281, 6223
3565, 15406, -280, -280, 6223
3565, 15406, -280, -280, 6223
3560, 15407, -281, -281, 6223
3560, 15407, -281, -281, 6223
3561, 15406, -280, -280, 6223
3562, 15406, -280, -280, 6223
3563, 15406, -279, -279, 6223
3566, 15406, -279, -279, 6223
3566, 15406, -279, -279, 6223
3562, 15407, -280, -280, 6223
3562, 15407, -280, -280, 6223
3561, 15407, -279, -279, 6223
3561, 15407, -279, -279, 6223
3562, 15408, -279, -279, 6223
3563, 15407, -278, -278, 6223
3565, 15407, -277, -277, 6223
3565, 15407, -277, -277, 6223
3566, 15408, -277, -277, 6218
3568, 15408, -277, -277, 6218
3568, 15408, -277, -277, 6218
3568, 15408, -277, -277, 6218
3569, 15409, -276, -276, 6218
3569, 15409, -276, -276, 6218
3569, 15409, -276, -276, 6218
3569, 15409, -276, -276, 6218
3570, 15411, -276, -276, 6218
3569, 15408, -275, -275, 6218
3565, 15409, -275, -275, 6218
3565, 15409, -275, -275, 6218
3566, 15409, -275, -275, 6218
3566, 15409, -275, -275, 6218
3567, 15408, -275, -275, 6218
3570, 15409, -274, -274, 6218
3570, 15409, -274, -274, 6218
3568, 15410, -275, -275, 6218
3568, 15410, -275, -275, 6218
3568, 15409, -274, -274, 6218
3568, 15409, -275, -275, 6218
3566, 15409, -274, -274, 6218
3566, 15409, -274, -274, 6218
3570, 15410, -273, -273, 6218
3570, 15410, -273, -273, 6218
3570, 15411, -274, -274, 6220
3568, 15411, -274, -274, 6220
3571, 15409, -273, -273, 6220
3571, 15409, -273, -273, 6220
3571, 15410, -273, -273, 6220
3571, 15412, -272, -272, 6220
3571, 15412, -272, -272, 6220
3566, 15410, -274, -274, 6220
3567, 15411, -273, -273, 6220
3567, 15411, -273, -273, 6220
3566, 15411, -273, -273, 6220
3566, 15411, -273, -273, 6220
3567, 15411, -272, -272, 6220
3571, 15411, -273, -273, 6220
3572, 15412, -272, -272, 6220
3572, 15412, -272, -272, 6220
3572, 15412, -272, -272, 6220
3572, 15412, -272, -272, 6220
3573, 15412, -272, -272, 6220
3574, 15411, -272, -272, 6220
3574, 15411, -272, -272, 6220
3573, 15412, -272, -272, 6220
3574, 15411, -271, -271, 6220
3573, 15412, -271, -271, 6221
3574, 15410, -271, -271, 6221
3574, 15410, -271, -271, 6221
3571, 15411, -271, -271, 6221
3575, 15412, -271, -271, 6221
3574, 15412, -271, -271, 6221
3571, 15413, -270, -270, 6221
3571, 15413, -270, -270, 6221
3571, 15411, -271, -271, 6221
3571, 15411, -271, -271, 6221
3570, 15413, -271, -271, 6221
3571, 15413, -270, -270, 6221
3571, 15413, -270, -270, 6221
3575, 15412, -270, -270, 6221
3575, 15412, -269, -269, 6221
3573, 15413, -269, -269, 6221
3573, 15413, -269, -269, 6221
3574, 15414, -269, -269, 6221
3573, 15414, -269, -269, 6221
3573, 15413, -270, -270, 6221
3573, 15414, -269, -269, 6221
3573, 15414, -269, -269, 6221
3573, 15414, -269, -269, 6221
3572, 15414, -269, -269, 6221
3571, 15412, -269, -269, 6221
3575, 15414, -269, -269, 6221
3574, 15414, -268, -268, 6227
3575, 15413, -269, -269, 6227
3575, 15413, -269, -269, 6227
3673, 15427, -191, -191, 6227
3673, 15427, -191, -191, 6227
3669, 15426, -173, -173, 6227
3669, 15426, -173, -173, 6227
3668, 15426, -174, -174, 6227
3668, 15426, -175, -175, 6227
3666, 15427, -176, -176, 6227
3665, 15426, -177, -177, 6227
3666, 15426, -176, -176, 6227
3665, 15427, -177, -177, 6227
3665, 15427, -177, -177, 6227
3665, 15427, -177, -177, 6227
3665, 15426, -177, -177, 6227
3664, 15426, -178, -178, 6227
3665, 15426, -178, -178, 6227
3664, 15426, -178, -178, 6227
3663, 15427, -178, -178, 6227
3664, 15427, -178, -178, 6227
3664, 15427, -179, -179, 6227
3665, 15426, -178, -178, 6221
3665, 15426, -178, -178, 6221
3664, 15427, -179, -179, 6221
3665, 15427, -179, -179, 6221
3665, 15427, -178, -178, 6221
3664, 15427, -179, -179, 6221
3663, 15427, -178, -178, 6221
3664, 15428, -178, -178, 6221
3664, 15427, -179, -179, 6221
3663, 15428, -179, -179, 6221
3663, 15428, -179, -179, 6221
3664, 15428, -179, -179, 6221
3665, 15428, -179, -179, 6221
3664, 15429, -179, -179, 6221
3664, 15428, -179, -179, 6221
3663, 15427, -179, -179, 6221
3663, 15427, -179, -179, 6221
3663, 15429, -179, -179, 6221
3664, 15428, -179, -179, 6221
3662, 15428, -179, -179, 6221
3663, 15429, -179, -179, 6221
3664, 15429, -179, -179, 6221
3662, 15428, -179, -179, 6221
3662, 15428, -179, -179, 6221
3663, 15429, -179, -179, 6221
3664, 15428, -179, -179, 6221
3664, 15429, -179, -179, 6223
3663, 15428, -179, -179, 6223
3663, 15429, -179, -179, 6223
3663, 15429, -179, -179, 6223
3664, 15429, -179, -179, 6223
3664, 15429, -179, -179, 6223
3664, 15429, -179, -179, 6223
3662, 15430, -180, -180, 6223
3662, 15430, -180, -180, 6223
3663, 15429, -180, -180, 6223
3664, 15429, -179, -179, 6223
3664, 15429, -179, -179, 6223
3663, 15430, -179, -179, 6223
3663, 15430, -179, -179, 6223
3664, 15430, -179, -179, 6223
3664, 15430, -179, -179, 6223
3664, 15430, -179, -179, 6223
3663, 15430, -179, -179, 6223
3663, 15430, -179, -179, 6223
3664, 15430, -178, -178, 6223
3664, 15430, -179, -179, 6223
3665, 15431, -178, -178, 6223
3664, 15430, -178, -178, 6223
3665, 15431, -178, -178, 6223
3664, 15430, -178, -178, 6223
3665, 15431, -178, -178, 6221
3663, 15430, -179, -179, 6221
3663, 15432, -179, -179, 6221
3665, 15431, -178, -178, 6221
3665, 15430, -177, -177, 6221
3665, 15432, -177, -177, 6221
3665, 15432, -177, -177, 6221
3665, 15431, -177, -177, 6221
3665, 15431, -177, -177, 6221
3665, 15431, -178, -178, 6221
3665, 15431, -178, -178, 6221
3664, 15432, -178, -178, 6221
3664, 15431, -178, -178, 6221
3666, 15432, -177, -177, 6221
3664, 15431, -178, -178, 6221
3664, 15431, -178, -178, 6221
3665, 15432, -178, -178, 6221
3665, 15432, -177, -177, 6221
3665, 15432, -177, -177, 6221
3665, 15432, -177, -177, 6221
3664, 15432, -178, -178, 6221
3664, 15432, -178, -178, 6221
3665, 15431, -177, -177, 6221
3665, 15431, -177, -177, 6218
3665, 15432, -177, -177, 6218
3665, 15432, -177, -177, 6218
3666, 15432, -177, -177, 6218
3666, 15432, -176, -176, 6218
3666, 15432, -176, -176, 6218
3666, 15432, -177, -177, 6218
3667, 15433, -176, -176, 6218
3666, 15433, -176, -176, 6218
3666, 15433, -176, -176, 6218
3665, 15433, -176, -176, 6218
3667, 15433, -176, -176, 6218
3667, 15433, -176, -176, 6218
3666, 15433, -176, -176, 6218
3666, 15433, -176, -176, 6218
3666, 15433, -176, -176, 6218
3667, 15433, -176, -176, 6218
3666, 15433, -176, -176, 6218
3666, 15433, -176, -176, 6218
3666, 15432, -176, -176, 6218
3666, 15433, -176, -176, 6218
3666, 15433, -176, -176, 6218
3667, 15433, -176, -176, 6218
3666, 15432, -176, -176, 6223
3666, 15432, -176, -176, 6223
3667, 15433, -176, -176, 6223
3450, 15427, -230, -230, 6223
3564, 15421, -269, -269, 6223
3564, 15421, -269, -269, 6223
3570, 15421, -270, -270, 6223
3570, 15421, -270, -270, 6223
3572, 15421, -269, -269, 6223
3573, 15422, -267, -267, 6223
3575, 15422, -266, -266, 6223
3576, 15422, -266, -266, 6223
3577, 15421, -265, -265, 6223
3574, 15421, -264, -264, 6223
3580, 15423, -264, -264, 6223
3580, 15422, -264, -264, 6223
3581, 15423, -263, -263, 6223
3581, 15423, -263, -263, 6223
3581, 15423, -263, -263, 6223
3581, 15423, -263, -263, 6223
3578, 15423, -262, -262, 6223
3578, 15423, -262, -262, 6223
3578, 15423, -262, -262, 6223
3579, 15423, -262, -262, 6223
3582, 15423, -262, -262, 6223
3582, 15424, -261, -261, 6223
3582, 15424, -261, -261, 6223
3584, 15423, -261, -261, 6223
3584, 15423, -260, -260, 6223
3584, 15423, -260, -260, 6223
3586, 15423, -260, -260, 6223
3584, 15424, -260, -260, 6223
3584, 15424, -260, -260, 6223
3583, 15423, -260, -260, 6223
3585, 15425, -260, -260, 6223
3583, 15423, -259, -259, 6223
3583, 15423, -259, -259, 6223
3581, 15424, -260, -260, 6223
3582, 15424, -259, -259, 6223
3583, 15424, -259, -259, 6223
3583, 15424, -259, -259, 6223
3585, 15424, -259, -259, 6223
3585, 15424, -259, -259, 6223
3585, 15424, -259, -259, 6223
3587, 15424, -258, -258, 6223
3586, 15426, -259, -259, 6223
3587, 15424, -258, -258, 6223
3585, 15426, -257, -257, 6221
3585, 15426, -257, -257, 6221
3583, 15426, -257, -257, 6221
3583, 15424, -258, -258, 6221
3584, 15425, -257, -257, 6221
3588, 15426, -257, -257, 6221
3586, 15426, -257, -257, 6221
3587, 15424, -256, -256, 6221
3588, 15425, -257, -257, 6221
3588, 15425, -257, -257, 6221
3589, 15426, -257, -257, 6221
3589, 15426, -257, -257, 6221
3584, 15424, -256, -256, 6221
3585, 15426, -256, -256, 6221
3585, 15426, -256, -256, 6221
3585, 15426, -256, -256, 6221
3585, 15426, -256, -256, 6221
3585, 15427, -256, -256, 6221
3585, 15426, -256, -256, 6221
3590, 15426, -256, -256, 6221
3590, 15426, -256, -256, 6221
3590, 15426, -256, -256, 6221
3589, 15427, -256, -256, 6221
3589, 15426, -256, -256, 6221
3589, 15427, -256, -256, 6221
3586, 15426, -256, -256, 6221
3587, 15426, -255, -255, 6221
3587, 15426, -255, -255, 6221
3585, 15425, -255, -255, 6221
3590, 15427, -255, -255, 6221
3590, 15427, -255, -255, 6221
3590, 15427, -255, -255, 6221
3590, 15427, -255, -255, 6221
3591, 15427, -253, -253, 6221
3586, 15427, -254, -254, 6221
3586, 15427, -254, -254, 6221
3587, 15427, -254, -254, 6221
3589, 15427, -254, -254, 6221
3587, 15428, -255, -255, 6221
3587, 15428, -253, -253, 6221
3587, 15428, -253, -253, 6221
3587, 15428, -253, -253, 6221
3590, 15429, -253, -253, 6221
3590, 15428, -253, -253, 6221
3587, 15427, -253, -253, 6221
3589, 15429, -253, -253, 6221
3588, 15427, -253, -253, 6221
3587, 15428, -253, -253, 6223
3588, 15428, -253, -253, 6223
3589, 15428, -253, -253, 6223
3589, 15428, -253, -253, 6223
3591, 15429, -252, -252, 6223
3591, 15429, -252, -252, 6223
3591, 15428, -252, -252, 6223
3591, 15429, -252, -252, 6223
3592, 15429, -253, -253, 6223
3592, 15429, -252, -252, 6223
3592, 15429, -252, -252, 6223
3593, 15429, -252, -252, 6223
3592, 15430, -252, -252, 6223
3592, 15429, -252, -252, 6223
3592, 15430, -251, -251, 6223
3592, 15430, -251, -251, 6223
3687, 15442, -153, -153, 6223
3687, 15442, -156, -156, 6223
3687, 15442, -156, -156, 6223
3685, 15441, -157, -157, 6223
3684, 15440, -159, -159, 6223
3683, 15442, -160, -160, 6223
3683, 15442, -160, -160, 6223
3682, 15441, -160, -160, 6223
3682, 15441, -160, -160, 6223
3681, 15443, -160, -160, 6223
3681, 15441, -161, -161, 6223
3681, 15441, -161, -161, 6223
3681, 15442, -162, -162, 6223
3681, 15441, -161, -161, 6223
3681, 15441, -161, -161, 6223
3681, 15443, -161, -161, 6223
3681, 15442, -161, -161, 6223
3681, 15442, -161, -161, 6223
3681, 15443, -161, -161, 6223
3681, 15443, -161, -161, 6223
3681, 15443, -161, -161, 6223
3681, 15443, -162, -162, 6223
3682, 15442, -162, -162, 6223
3682, 15442, -162, -162, 6223
3682, 15443, -161, -161, 6223
3681, 15443, -162, -162, 6223
3681, 15443, -162, -162, 6223
3680, 15443, -162, -162, 6223
3681, 15442, -162, -162, 6223
3680, 15444, -163, -163, 6223
3681, 15443, -162, -162, 6223
3681, 15443, -162, -162, 6221
3680, 15443, -162, -162, 6221
3681, 15443, -162, -162, 6221
3680, 15443, -162, -162, 6221
3680, 15443, -162, -162, 6221
3680, 15443, -163, -163, 6221
3679, 15443, -163, -163, 6221
3679, 15443, -163, -163, 6221
3680, 15443, -163, -163, 6221
3680, 15443, -163, -163, 6221
3680, 15443, -163, -163, 6221
3680, 15443, -162, -162, 6221
3680, 15443, -162, -162, 6221
3680, 15444, -163, -163, 6221
3680, 15444, -163, -163, 6221
3680, 15444, -162, -162, 6221
3680, 15444, -162, -162, 6221
3680, 15444, -162, -162, 6221
3680, 15444, -162, -162, 6221
3680, 15444, -162, -162, 6221
3680, 15444, -162, -162, 6221
3680, 15444, -162, -162, 6221
3679, 15444, -163, -163, 6221
3679, 15444, -163, -163, 6221
3680, 15444, -163, -163, 6221
3679, 15444, -163, -163, 6223
3679, 15444, -163, -163, 6223
3679, 15444, -163, -163, 6223
3679, 15445, -163, -163, 6223
3680, 15445, -163, -163, 6223
3680, 15445, -163, -163, 6223
3680, 15444, -163, -163, 6223
3679, 15445, -163, -163, 6223
3679, 15445, -163, -163, 6223
3680, 15446, -162, -162, 6223
3681, 15445, -162, -162, 6223
3680, 15445, -162, -162, 6223
3681, 15445, -162, -162, 6223
3680, 15446, -162, -162, 6223
3680, 15446, -162, -162, 6223
3680, 15445, -163, -163, 6223
3680, 15445, -163, -163, 6223
3680, 15445, -163, -163, 6223
3680, 15446, -162, -162, 6223
3680, 15446, -162, -162, 6223
3680, 15446, -162, -162, 6223
3680, 15446, -162, -162, 6223
3680, 15447, -162, -162, 6223
3681, 15446, -161, -161, 6223
3681, 15446, -162, -162, 6223
3681, 15446, -162, -162, 6223
3681, 15446, -162, -162, 6223
3680, 15445, -162, -162, 6218
3681, 15445, -162, -162, 6218
3681, 15445, -162, -162, 6218
3681, 15445, -162, -162, 6218
3681, 15446, -161, -161, 6218
3681, 15447, -161, -161, 6218
3682, 15445, -161, -161, 6218
3681, 15446, -161, -161, 6218
3681, 15446, -162, -162, 6218
3680, 15447, -162, -162, 6218
3680, 15447, -162, -162, 6218
3681, 15447, -162, -162, 6218
3681, 15447, -162, -162, 6218
3682, 15445, -161, -161, 6218
3682, 15447, -161, -161, 6218
3680, 15446, -161, -161, 6218
3682, 15446, -161, -161, 6218
3681, 15446, -161, -161, 6218
3681, 15446, -161, -161, 6218
3681, 15446, -161, -161, 6218
3681, 15447, -161, -161, 6218
3681, 15445, -161, -161, 6218
3681, 15447, -161, -161, 6218
3683, 15447, -160, -160, 6218
3681, 15446, -160, -160, 6225
3681, 15446, -160, -160, 6225
3681, 15447, -161, -161, 6225
3681, 15447, -161, -161, 6225
3682, 15447, -161, -161, 6225
3682, 15447, -161, -161, 6225
3682, 15447, -161, -161, 6225
3682, 15446, -160, -160, 6225
3682, 15447, -160, -160, 6225
3682, 15446, -160, -160, 6225
3682, 15446, -160, -160, 6225
3682, 15447, -160, -160, 6225
3683, 15448, -160, -160, 6225
3682, 15447, -160, -160, 6225
3682, 15447, -160, -160, 6225
3682, 15447, -160, -160, 6225
3684, 15448, -160, -160, 6225
3682, 15447, -160, -160, 6225
3579, 15435, -254, -254, 6225
3579, 15435, -254, -254, 6225
3589, 15435, -254, -254, 6225
3589, 15435, -253, -253, 6225
3589, 15435, -253, -253, 6225
3591, 15436, -252, -252, 6225
3591, 15436, -251, -251, 6225
3590, 15436, -251, -251, 6225
3590, 15436, -251, -251, 6225
3591, 15437, -251, -251, 6221
3593, 15435, -250, -250, 6221
3595, 15436, -249, -249, 6221
3595, 15436, -249, -249, 6221
3594, 15437, -249, -249, 6221
3594, 15437, -249, -249, 6221
3595, 15435, -249, -249, 6221
3595, 15437, -248, -248, 6221
3597, 15438, -249, -249, 6221
3598, 15437, -247, -247, 6221
3595, 15437, -247, -247, 6221
3595, 15437, -247, -247, 6221
3594, 15437, -247, -247, 6221
3595, 15437, -247, -247, 6221
3597, 15437, -247, -247, 6221
3598, 15437, -246, -246, 6221
3598, 15437, -246, -246, 6221
3598, 15438, -246, -246, 6221
3598, 15438, -246, -246, 6221
3599, 15438, -246, -246, 6221
3598, 15439, -246, -246, 6221
3598, 15439, -246, -246, 6221
3600, 15438, -245, -245, 6221
3598, 15438, -245, -245, 6221
3594, 15438, -246, -246, 6221
3595, 15438, -245, -245, 6221
3595, 15438, -245, -245, 6221
3595, 15437, -245, -245, 6225
3595, 15437, -245, -245, 6225
3595, 15438, -245, -245, 6225
3596, 15439, -245, -245, 6225
3599, 15439, -244, -244, 6225
3599, 15439, -244, -244, 6225
3599, 15439, -244, -244, 6225
3599, 15439, -244, -244, 6225
3600, 15440, -244, -244, 6225
3599, 15439, -243, -243, 6225
3597, 15439, -243, -243, 6225
3598, 15439, -244, -244, 6225
3601, 15439, -243, -243, 6225
3602, 15439, -243, -243, 6225
3600, 15439, -243, -243, 6225
3600, 15439, -243, -243, 6225
3599, 15439, -243, -243, 6225
3601, 15440, -243, -243, 6225
3601, 15440, -243, -243, 6225
3599, 15440, -242, -242, 6225
3599, 15440, -242, -242, 6225
3599, 15440, -242, -242, 6225
3599, 15440, -242, -242, 6225
3602, 15440, -242, -242, 6225
3603, 15439, -241, -241, 6221
3602, 15440, -242, -242, 6221
3603, 15439, -241, -241, 6221
3603, 15439, -241, -241, 6221
3602, 15440, -242, -242, 6221
3602, 15441, -241, -241, 6221
3600, 15441, -242, -242, 6221
3599, 15439, -241, -241, 6221
3600, 15440, -241, -241, 6221
3600, 15440, -241, -241, 6221
3603, 15441, -241, -241, 6221
3599, 15440, -241, -241, 6221
3604, 15441, -240, -240, 6221
3604, 15441, -240, -240, 6221
3606, 15440, -240, -240, 6221
3603, 15440, -240, -240, 6221
3603, 15440, -240, -240, 6221
3602, 15441, -239, -239, 6221
3602, 15441, -239, -239, 6221
3603, 15442, -239, -239, 6221
3603, 15442, -239, -239, 6221
3601, 15441, -239, -239, 6221
3602, 15441, -240, -240, 6229
3602, 15441, -240, -240, 6229
3605, 15441, -240, -239, 6229
3605, 15442, -239, -239, 6229
3605, 15441, -239, -239, 6229
3604, 15442, -240, -240, 6229
3606, 15442, -239, -239, 6229
3604, 15441, -239, -239, 6229
3604, 15441, -239, -239, 6229
3607, 15443, -239, -239, 6229
3606, 15443, -238, -238, 6229
3606, 15442, -238, -238, 6229
3606, 15443, -238, -238, 6229
3606, 15443, -238, -238, 6229
3606, 15443, -238, -238, 6229
3606, 15443, -238, -238, 6229
3602, 15442, -238, -238, 6229
3605, 15443, -238, -238, 6229
3604, 15444, -237, -237, 6229
3604, 15444, -237, -237, 6229
3603, 15442, -238, -238, 6229
3604, 15443, -238, -238, 6229
3615, 15443, -236, -236, 6229
3615, 15443, -236, -236, 6229
3703, 15456, -139, -139, 6229
3703, 15456, -139, -139, 6229
3699, 15456, -142, -142, 6229
3699, 15456, -142, -142, 6229
3697, 15456, -145, -145, 6229
3697, 15456, -145, -145, 6229
3697, 15456, -145, -145, 6229
3697, 15456, -145, -145, 6229
3696, 15455, -146, -146, 6229
3696, 15454, -146, -146, 6229
3694, 15455, -147, -147, 6229
3694, 15455, -147, -147, 6229
3695, 15455, -148, -148, 6229
3695, 15456, -147, -147, 6229
3695, 15455, -148, -148, 6229
3694, 15456, -148, -148, 6229
3694, 15456, -148, -148, 6229
3694, 15455, -148, -148, 6229
3695, 15456, -148, -148, 6229
3694, 15455, -148, -148, 6229
3694, 15456, -148, -148, 6229
3693, 15456, -149, -149, 6223
3693, 15456, -149, -149, 6223
3693, 15456, -149, -149, 6223
3693, 15456, -149, -149, 6223
3694, 15456, -149, -149, 6223
3694, 15456, -149, -149, 6223
3695, 15456, -148, -148, 6223
3694, 15457, -148, -148, 6223
3694, 15456, -149, -149, 6223
3693, 15457, -149, -149, 6223
3694, 15456, -149, -149, 6223
3694, 15456, -149, -149, 6223
3694, 15457, -149, -149, 6223
3693, 15457, -149, -149, 6223
3693, 15456, -149, -149, 6223
3694, 15456, -149, -149, 6223
3693, 15457, -149, -149, 6223
3693, 15457, -149, -149, 6223
3693, 15456, -149, -149, 6223
3693, 15456, -149, -149, 6223
3693, 15456, -149, -149, 6223
3693, 15456, -149, -149, 6223
3693, 15456, -149, -149, 6223
3693, 15457, -150, -150, 6223
3693, 15457, -150, -150, 6223
3692, 15457, -150, -150, 6223
3693, 15455, -149, -149, 6223
3693, 15455, -149, -149, 6223
3691, 15455, -149, -149, 6229
3693, 15456, -149, -149, 6229
3693, 15458, -149, -149, 6229
3693, 15457, -149, -149, 6229
3693, 15457, -149, -149, 6229
3693, 15457, -149, -149, 6229
3693, 15458, -149, -149, 6229
3694, 15458, -149, -149, 6229
3694, 15457, -149, -149, 6229
3694, 15457, -149, -149, 6229
3694, 15457, -149, -149, 6229
3694, 15457, -149, -149, 6229
3693, 15457, -149, -149, 6229
3695, 15457, -148, -148, 6229
3694, 15459, -149, -149, 6229
3694, 15458, -149, -149, 6229
3694, 15458, -149, -149, 6229
3694, 15457, -149, -149, 6229
3694, 15457, -149, -149, 6229
3694, 15458, -149, -149, 6229
3694, 15458, -149, -149, 6229
3693, 15457, -149, -149, 6229
3695, 15458, -148, -148, 6220
3692, 15458, -150, -150, 6220
3694, 15459, -149, -149, 6220
3693, 15459, -149, -149, 6220
3694, 15458, -149, -149, 6220
3694, 15458, -148, -148, 6220
3694, 15458, -148, -148, 6220
3694, 15458, -148, -148, 6220
3693, 15458, -149, -149, 6220
3694, 15459, -149, -149, 6220
3693, 15458, -149, -149, 6220
3694, 15459, -149, -149, 6220
3694, 15459, -149, -149, 6220
3694, 15459, -148, -148, 6220
3693, 15458, -149, -149, 6220
3694, 15459, -149, -149, 6220
3695, 15459, -148, -148, 6220
3695, 15459, -148, -148, 6220
3694, 15458, -148, -148, 6220
3694, 15460, -148, -148, 6220
3694, 15459, -148, -148, 6220
3695, 15459, -148, -148, 6220
3695, 15459, -148, -148, 6220
3695, 15459, -148, -148, 6220
3694, 15460, -148, -148, 6220
3696, 15461, -148, -148, 6220
3694, 15459, -148, -148, 6220
3694, 15459, -148, -148, 6220
3694, 15459, -148, -148, 6220
3696, 15459, -148, -148, 6220
3696, 15459, -148, -148, 6220
3696, 15461, -148, -148, 6220
3695, 15460, -148, -148, 6220
3695, 15459, -147, -147, 6220
3695, 15459, -147, -147, 6220
3693, 15459, -148, -148, 6220
3693, 15459, -148, -148, 6220
3695, 15459, -148, -148, 6220
3695, 15460, -148, -148, 6220
3694, 15460, -148, -148, 6220
3694, 15460, -148, -148, 6220
3694, 15460, -148, -148, 6220
3694, 15460, -148, -148, 6220
3695, 15460, -148, -148, 6220
3694, 15460, -148, -148, 6220
3694, 15460, -148, -148, 6220
3695, 15460, -147, -147, 6220
3695, 15461, -147, -147, 6220
3695, 15459, -148, -148, 6220
3695, 15460, -148, -148, 6220
3695, 15460, -147, -147, 6227
3694, 15461, -147, -147, 6227
3694, 15461, -147, -147, 6227
3695, 15459, -147, -147, 6227
3695, 15460, -147, -147, 6227
3695, 15461, -147, -147, 6227
3695, 15461, -147, -147, 6227
3694, 15461, -148, -148, 6227
3695, 15461, -147, -147, 6227
3695, 15461, -147, -147, 6227
3695, 15461, -147, -147, 6227
3507, 15437, -334, -334, 6227
3507, 15437, -334, -334, 6227
3524, 15439, -319, -319, 6227
3527, 15439, -314, -314, 6227
3525, 15439, -312, -312, 6227
3525, 15439, -312, -312, 6227
3526, 15439, -313, -313, 6227
3535, 15439, -311, -311, 6227
3535, 15439, -311, -311, 6227
3536, 15440, -311, -311, 6227
3536, 15441, -310, -310, 6225
3528, 15439, -310, -310, 6225
3528, 15439, -310, -310, 6225
3531, 15440, -310, -310, 6225
3530, 15440, -310, -310, 6225
3535, 15441, -308, -308, 6225
3535, 15441, -308, -308, 6225
3535, 15439, -308, -308, 6225
3541, 15440, -307, -307, 6225
3541, 15440, -307, -307, 6225
3534, 15440, -307, -307, 6225
3534, 15440, -307, -307, 6225
3532, 15440, -307, -307, 6225
3532, 15440, -307, -307, 6225
3534, 15440, -306, -306, 6225
3535, 15441, -306, -306, 6225
3537, 15440, -305, -305, 6225
3537, 15440, -305, -305, 6225
3543, 15441, -304, -304, 6225
3544, 15441, -304, -304, 6225
3544, 15441, -304, -304, 6225
3543, 15442, -303, -303, 6225
3537, 15442, -303, -303, 6225
3537, 15442, -303, -303, 6225
3535, 15441, -303, -303, 6225
3535, 15441, -303, -303, 6225
3541, 15441, -303, -303, 6225
3541, 15441, -303, -303, 6225
3543, 15442, -303, -303, 6225
3543, 15443, -302, -302, 6225
3536, 15442, -302, -302, 6225
3536, 15442, -302, -302, 6225
3536, 15442, -302, -302, 6225
3537, 15440, -302, -302, 6225
3537, 15440, -302, -302, 6225
3537, 15441, -301, -301, 6225
3541, 15441, -301, -301, 6225
3542, 15442, -301, -301, 6225
3545, 15443, -301, -301, 6225
3545, 15443, -301, -301, 6225
3545, 15443, -301, -301, 6225
3538, 15442, -301, -301, 6225
3539, 15442, -300, -300, 6225
3541, 15443, -300, -300, 6225
3541, 15443, -300, -300, 6225
3541, 15443, -300, -300, 6225
3544, 15443, -299, -299, 6225
3544, 15443, -299, -299, 6225
3544, 15444, -299, -299, 6225
3542, 15442, -300, -300, 6225
3542, 15442, -300, -300, 6225
3546, 15445, -301, -301, 6225
3547, 15443, -299, -299, 6225
3542, 15443, -298, -298, 6225
3542, 15443, -298, -298, 6225
3541, 15443, -298, -298, 6225
3541, 15443, -298, -298, 6225
3541, 15444, -298, -298, 6225
3549, 15445, -298, -298, 6225
3543, 15444, -298, -298, 6225
3544, 15443, -298, -298, 6225
3544, 15443, -298, -298, 6225
3550, 15445, -297, -297, 6225
3550, 15445, -297, -297, 6225
3545, 15445, -297, -297, 6225
3544, 15444, -297, -297, 6225
3541, 15443, -297, -297, 6225
3541, 15443, -297, -297, 6225
3542, 15445, -297, -297, 6225
3548, 15445, -298, -298, 6225
3548, 15445, -296, -296, 6225
3548, 15445, -296, -296, 6225
3547, 15445, -297, -297, 6225
3549, 15447, -296, -296, 6231
3542, 15444, -297, -297, 6231
3543, 15444, -296, -296, 6231
3542, 15446, -297, -297, 6231
3545, 15444, -296, -296, 6231
3547, 15445, -295, -295, 6231
3547, 15444, -295, -295, 6231
3552, 15447, -295, -295, 6231
3552, 15446, -295, -295, 6231
3552, 15446, -295, -295, 6231
3544, 15444, -295, -295, 6231
3545, 15445, -295, -295, 6231
3543, 15446, -295, -295, 6231
3542, 15445, -294, -294, 6231
3548, 15444, -293, -293, 6231
3553, 15446, -294, -294, 6231
3553, 15446, -294, -294, 6231
3553, 15447, -294, -294, 6231
3554, 15447, -293, -293, 6231
3554, 15447, -293, -293, 6231
3731, 15470, -151, -151, 6231
3731, 15470, -151, -151, 6231
3724, 15469, -119, -119, 6233
3724, 15469, -119, -119, 6233
3721, 15469, -121, -121, 6233
3718, 15469, -124, -124, 6233
3718, 15469, -124, -124, 6233
3717, 15468, -125, -125, 6233
3717, 15468, -125, -125, 6233
3717, 15469, -125, -125, 6233
3715, 15467, -127, -127, 6233
3715, 15468, -128, -128, 6233
3714, 15469, -128, -128, 6233
3715, 15468, -128, -128, 6233
3715, 15468, -128, -128, 6233
3713, 15468, -129, -129, 6233
3712, 15469, -129, -129, 6233
3712, 15469, -129, -129, 6233
3712, 15468, -130, -130, 6233
3712, 15469, -130, -130, 6233
3712, 15468, -130, -130, 6233
3712, 15469, -130, -130, 6233
3712, 15469, -130, -130, 6233
3712, 15468, -131, -131, 6233
3712, 15468, -131, -131, 6233
3711, 15469, -131, -131, 6233
3710, 15468, -132, -132, 6233
3710, 15468, -132, -132, 6233
3709, 15469, -132, -132, 6233
3710, 15469, -133, -133, 6233
3710, 15469, -133, -133, 6233
3709, 15468, -133, -133, 6233
3710, 15468, -133, -133, 6233
3710, 15469, -132, -132, 6233
3710, 15469, -132, -132, 6233
3710, 15467, -133, -133, 6233
3710, 15468, -133, -133, 6233
3708, 15469, -134, -134, 6233
3708, 15469, -133, -133, 6233
3708, 15469, -133, -133, 6233
3710, 15468, -134, -134, 6233
3709, 15470, -133, -133, 6233
3708, 15469, -134, -134, 6233
3709, 15470, -134, -134, 6233
3708, 15468, -134, -134, 6233
3708, 15469, -134, -134, 6233
3708, 15468, -134, -134, 6233
3708, 15469, -134, -134, 6233
3708, 15470, -134, -134, 6233
3708, 15469, -134, -134, 6233
3708, 15469, -135, -135, 6233
3708, 15469, -134, -134, 6235
3708, 15469, -135, -135, 6235
3708, 15469, -135, -135, 6235
3707, 15469, -135, -135, 6235
3709, 15469, -134, -134, 6235
3708, 15469, -135, -135, 6235
3708, 15469, -135, -135, 6235
3708, 15469, -135, -135, 6235
3708, 15469, -134, -134, 6235
3707, 15470, -135, -135, 6235
3708, 15469, -134, -134, 6235
3707, 15470, -135, -135, 6235
3708, 15469, -135, -135, 6235
3707, 15469, -135, -135, 6235
3707, 15469, -135, -135, 6235
3707, 15469, -135, -135, 6235
3708, 15470, -135, -135, 6235
3708, 15470, -135, -135, 6235
3707, 15468, -136, -136, 6235
3707, 15468, -136, -136, 6235
3707, 15470, -135, -135, 6235
3709, 15471, -135, -135, 6231
3709, 15471, -135, -135, 6231
3708, 15469, -135, -135, 6231
3708, 15469, -135, -135, 6231
3708, 15469, -134, -134, 6231
3708, 15470, -135, -135, 6231
3708, 15470, -135, -135, 6231
3707, 15470, -135, -135, 6231
3707, 15470, -135, -135, 6231
3707, 15470, -135, -135, 6231
3708, 15469, -135, -135, 6231
3708, 15469, -135, -135, 6231
3707, 15471, -135, -135, 6231
3708, 15470, -135, -135, 6231
3707, 15470, -135, -135, 6231
3706, 15471, -136, -136, 6231
3707, 15470, -136, -136, 6231
3707, 15471, -135, -135, 6231
3708, 15470, -135, -135, 6231
3709, 15470, -134, -134, 6231
3709, 15470, -134, -134, 6231
3707, 15470, -135, -135, 6231
3708, 15471, -135, -135, 6231
3708, 15472, -134, -134, 6231
3708, 15472, -134, -134, 6231
3707, 15471, -135, -135, 6231
3706, 15470, -136, -136, 6231
3707, 15471, -136, -136, 6233
3707, 15471, -136, -136, 6233
3707, 15471, -135, -135, 6233
3707, 15471, -135, -135, 6233
3708, 15471, -135, -135, 6233
3708, 15471, -134, -134, 6233
3708, 15471, -134, -134, 6233
3707, 15470, -135, -135, 6233
3707, 15471, -135, -135, 6233
3707, 15471, -135, -135, 6233
3707, 15471, -135, -135, 6233
3708, 15472, -134, -134, 6233
3708, 15470, -135, -135, 6233
3708, 15470, -135, -135, 6233
3708, 15472, -135, -135, 6233
3708, 15472, -135, -135, 6233
3708, 15471, -135, -135, 6233
3707, 15471, -135, -135, 6233
3707, 15471, -135, -135, 6233
3708, 15472, -135, -135, 6233
3708, 15471, -135, -135, 6233
3708, 15472, -135, -135, 6233
3708, 15472, -135, -135, 6233
3547, 15453, -281, -281, 6233
3547, 15453, -281, -281, 6233
3536, 15448, -310, -310, 6233
3536, 15449, -307, -307, 6233
3536, 15449, -307, -307, 6233
3535, 15449, -306, -306, 6233
3535, 15448, -304, -304, 6233
3536, 15448, -303, -303, 6233
3538, 15449, -302, -302, 6233
3540, 15450, -301, -301, 6233
3540, 15450, -299, -299, 6233
3540, 15449, -299, -299, 6233
3543, 15449, -298, -298, 6233
3545, 15449, -298, -298, 6233
3549, 15450, -297, -297, 6233
3549, 15450, -297, -297, 6233
3551, 15451, -297, -297, 6233
3551, 15451, -295, -295, 6233
3551, 15451, -295, -295, 6233
3545, 15451, -295, -295, 6233
3544, 15452, -295, -295, 6233
3544, 15450, -295, -295, 6233
3544, 15450, -295, -295, 6233
3545, 15451, -294, -294, 6233
3549, 15451, -293, -293, 6233
3549, 15451, -293, -293, 6233
3554, 15452, -293, -293, 6233
3552, 15452, -291, -291, 6231
3551, 15452, -293, -293, 6231
3547, 15450, -293, -293, 6231
3546, 15451, -293, -293, 6231
3546, 15451, -293, -293, 6231
3551, 15452, -292, -292, 6231
3553, 15452, -291, -291, 6231
3554, 15452, -291, -291, 6231
3554, 15452, -291, -291, 6231
3555, 15452, -291, -291, 6231
3553, 15452, -291, -291, 6231
3553, 15452, -291, -291, 6231
3554, 15452, -291, -291, 6231
3553, 15452, -291, -291, 6231
3553, 15452, -291, -291, 6231
3547, 15453, -291, -291, 6231
3547, 15452, -290, -290, 6231
3553, 15451, -290, -290, 6231
3553, 15452, -290, -290, 6231
3553, 15452, -290, -290, 6231
3557, 15453, -290, -290, 6231
3555, 15453, -289, -289, 6231
3555, 15453, -289, -289, 6231
3555, 15454, -289, -289, 6231
3555, 15454, -289, -289, 6231
3555, 15452, -289, -289, 6231
3555, 15452, -289, -289, 6231
3551, 15453, -289, -289, 6235
3550, 15453, -289, -289, 6235
3551, 15453, -288, -288, 6235
3549, 15452, -288, -288, 6235
3551, 15453, -287, -287, 6235
3554, 15453, -287, -287, 6235
3555, 15453, -288, -288, 6235
3551, 15453, -287, -287, 6235
3557, 15454, -287, -287, 6235
3552, 15452, -287, -287, 6235
3552, 15452, -287, -287, 6235
3559, 15454, -287, -287, 6235
3558, 15454, -287, -287, 6235
3558, 15454, -287, -287, 6235
3557, 15454, -286, -286, 6235
3551, 15454, -286, -286, 6235
3551, 15454, -286, -286, 6235
3556, 15454, -286, -286, 6235
3552, 15453, -286, -286, 6235
3552, 15453, -286, -286, 6235
3557, 15455, -284, -284, 6235
3558, 15454, -286, -286, 6235
3558, 15454, -286, -286, 6235
3561, 15454, -285, -285, 6235
3561, 15455, -286, -286, 6235
3555, 15455, -285, -285, 6235
3555, 15454, -285, -285, 6235
3555, 15454, -285, -285, 6235
3553, 15454, -285, -285, 6235
3553, 15454, -285, -285, 6235
3559, 15455, -284, -284, 6235
3559, 15455, -284, -284, 6235
3559, 15455, -284, -284, 6235
3562, 15455, -284, -284, 6235
3555, 15454, -284, -284, 6235
3555, 15454, -284, -284, 6235
3554, 15454, -284, -284, 6235
3556, 15454, -283, -283, 6235
3563, 15455, -283, -283, 6235
3563, 15455, -283, -283, 6235
3561, 15456, -283, -283, 6235
3561, 15456, -283, -283, 6235
3555, 15455, -283, -283, 6235
3556, 15455, -283, -283, 6235
3556, 15455, -283, -283, 6235
3556, 15455, -283, -283, 6235
3557, 15456, -284, -284, 6237
3558, 15455, -283, -283, 6237
3555, 15453, -283, -283, 6237
3564, 15456, -282, -282, 6237
3563, 15456, -282, -282, 6237
3556, 15457, -281, -281, 6237
3574, 15482, -276, -276, 6237
3574, 15482, -276, -276, 6237
3736, 15479, -106, -106, 6237
3733, 15478, -108, -108, 6237
3733, 15478, -108, -108, 6237
3732, 15478, -110, -110, 6237
3730, 15479, -112, -112, 6237
3730, 15479, -112, -112, 6237
3728, 15478, -115, -115, 6237
3728, 15478, -115, -115, 6237
3727, 15478, -115, -115, 6237
3726, 15478, -116, -116, 6237
3725, 15478, -117, -117, 6237
3725, 15478, -117, -117, 6237
3724, 15477, -119, -119, 6237
3724, 15478, -118, -118, 6237
3725, 15479, -118, -118, 6237
3725, 15479, -118, -118, 6237
3724, 15479, -118, -118, 6237
3722, 15479, -120, -120, 6237
3723, 15477, -120, -120, 6237
3723, 15478, -119, -119, 6237
3723, 15478, -119, -119, 6237
3721, 15478, -120, -120, 6237
3721, 15478, -120, -120, 6237
3722, 15478, -120, -120, 6237
3722, 15479, -121, -121, 6237
3722, 15479, -121, -121, 6237
3723, 15478, -121, -121, 6237
3722, 15478, -121, -121, 6237
3721, 15479, -121, -121, 6237
3722, 15478, -120, -120, 6237
3722, 15479, -121, -121, 6237
3722, 15479, -121, -121, 6237
3721, 15478, -121, -121, 6237
3720, 15478, -122, -122, 6237
3720, 15478, -122, -122, 6237
3721, 15478, -122, -122, 6237
3720, 15478, -122, -122, 6237
3720, 15479, -122, -122, 6237
3719, 15477, -123, -123, 6241
3720, 15479, -123, -123, 6241
3720, 15479, -122, -122, 6241
3720, 15479, -122, -122, 6241
3720, 15479, -122, -122, 6241
3721, 15479, -122, -122, 6241
3721, 15479, -122, -122, 6241
3720, 15479, -122, -122, 6241
3719, 15478, -123, -123, 6241
3720, 15477, -123, -123, 6241
3720, 15478, -122, -122, 6241
3720, 15479, -122, -122, 6241
3719, 15479, -123, -123, 6241
3719, 15479, -123, -123, 6241
3719, 15479, -123, -123, 6241
3719, 15479, -123, -123, 6241
3719, 15478, -123, -123, 6241
3719, 15478, -123, -123, 6241
3719, 15479, -123, -123, 6241
3719, 15479, -123, -123, 6241
3719, 15479, -123, -123, 6241
3718, 15477, -123, -123, 6241
3719, 15478, -123, -123, 6241
3719, 15479, -123, -123, 6241
3719, 15479, -123, -123, 6241
3720, 15479, -123, -123, 6235
3719, 15478, -124, -124, 6235
3719, 15478, -123, -123, 6235
3719, 15478, -123, -123, 6235
3718, 15479, -124, -124, 6235
3718, 15479, -124, -124, 6235
3719, 15479, -124, -124, 6235
3719, 15479, -124, -124, 6235
3719, 15479, -123, -123, 6235
3718, 15479, -124, -124, 6235
3718, 15478, -124, -124, 6235
3718, 15478, -124, -124, 6235
3719, 15479, -124, -124, 6235
3718, 15479, -124, -124, 6235
3719, 15477, -124, -124, 6235
3718, 15479, -124, -124, 6235
3719, 15480, -124, -123, 6235
3719, 15479, -123, -123, 6235
3718, 15479, -124, -124, 6235
3719, 15479, -124, -124, 6235
3719, 15479, -124, -124, 6235
3718, 15479, -124, -124, 6235
3718, 15480, -124, -124, 6235
3718, 15479, -124, -124, 6235
3717, 15479, -124, -124, 6235
3718, 15479, -124, -124, 6235
3718, 15479, -124, -124, 6235
3718, 15478, -124, -124, 6247
3718, 15479, -125, -125, 6247
3718, 15480, -125, -125, 6247
3718, 15479, -124, -124, 6247
3717, 15480, -125, -125, 6247
3717, 15480, -125, -125, 6247
3717, 15479, -124, -124, 6247
3717, 15479, -124, -124, 6247
3719, 15479, -124, -124, 6247
3719, 15480, -124, -124, 6247
3719, 15480, -124, -124, 6247
3719, 15480, -124, -124, 6247
3718, 15480, -124, -124, 6247
3718, 15480, -125, -125, 6247
3719, 15480, -124, -124, 6247
3719, 15479, -124, -124, 6247
3718, 15480, -124, -124, 6247
3718, 15480, -124, -124, 6247
3718, 15480, -124, -124, 6247
3718, 15480, -124, -124, 6247
3718, 15480, -124, -124, 6247
3718, 15480, -124, -124, 6247
3718, 15480, -124, -124, 6247
3719, 15479, -124, -124, 6247
3719, 15480, -124, -124, 6247
3719, 15480, -123, -123, 6235
3719, 15480, -124, -124, 6235
3718, 15479, -124, -124, 6235
3718, 15479, -124, -124, 6235
3719, 15480, -123, -123, 6235
3719, 15480, -124, -124, 6235
3718, 15479, -124, -124, 6235
3719, 15480, -123, -123, 6235
3719, 15481, -124, -124, 6235
3720, 15480, -123, -123, 6235
3719, 15480, -124, -124, 6235
3717, 15480, -124, -124, 6235
3374, 15443, -210, -210, 6235
3540, 15457, -304, -304, 6235
3540, 15457, -304, -304, 6235
3545, 15458, -294, -294, 6235
3545, 15458, -294, -294, 6235
3544, 15458, -293, -293, 6235
3544, 15458, -293, -293, 6235
3545, 15458, -292, -292, 6235
3554, 15459, -290, -290, 6235
3554, 15459, -290, -290, 6235
3556, 15459, -289, -289, 6235
3557, 15460, -288, -288, 6235
3557, 15460, -288, -288, 6235
3555, 15459, -287, -287, 6235
3555, 15459, -287, -287, 6235
3552, 15459, -285, -285, 6237
3561, 15459, -286, -286, 6237
3561, 15459, -286, -286, 6237
3558, 15461, -285, -285, 6237
3560, 15460, -284, -284, 6237
3558, 15461, -284, -284, 6237
3557, 15459, -283, -283, 6237
3557, 15459, -283, -283, 6237
3563, 15462, -282, -282, 6237
3563, 15461, -282, -282, 6237
3564, 15461, -282, -282, 6237
3562, 15463, -282, -282, 6237
3562, 15463, -282, -282, 6237
3562, 15462, -282, -282, 6237
3562, 15461, -281, -281, 6237
3558, 15460, -280, -280, 6237
3557, 15461, -281, -281, 6237
3557, 15461, -281, -281, 6237
3557, 15461, -281, -281, 6237
3557, 15460, -280, -280, 6237
3563, 15461, -281, -281, 6237
3566, 15462, -280, -280, 6237
3566, 15462, -280, -280, 6237
3563, 15462, -279, -279, 6237
3561, 15462, -280, -280, 6237
3560, 15461, -279, -279, 6237
3560, 15461, -279, -279, 6237
3560, 15461, -279, -279, 6237
3567, 15462, -279, -279, 6237
3567, 15462, -279, -279, 6237
3564, 15461, -278, -278, 6237
3564, 15462, -278, -278, 6237
3561, 15461, -278, -278, 6237
3566, 15463, -279, -279, 6237
3566, 15463, -279, -279, 6237
3568, 15463, -278, -278, 6237
3567, 15463, -278, -278, 6237
3567, 15463, -278, -278, 6237
3567, 15463, -277, -277, 6237
3566, 15464, -277, -277, 6237
3562, 15463, -278, -278, 6237
3566, 15462, -277, -277, 6237
3566, 15462, -277, -277, 6237
3566, 15462, -276, -276, 6237
3568, 15461, -276, -276, 6237
3568, 15461, -276, -276, 6237
3567, 15463, -277, -277, 6237
3562, 15461, -277, -277, 6237
3562, 15462, -276, -276, 6239
3562, 15462, -276, -276, 6239
3568, 15463, -276, -276, 6239
3569, 15463, -276, -276, 6239
3569, 15463, -277, -277, 6239
3570, 15464, -275, -275, 6239
3570, 15464, -275, -275, 6239
3564, 15463, -275, -275, 6239
3564, 15463, -275, -275, 6239
3565, 15463, -275, -275, 6239
3565, 15463, -275, -275, 6239
3572, 15464, -275, -275, 6239
3572, 15464, -275, -275, 6239
3573, 15465, -274, -274, 6239
3572, 15464, -275, -275, 6239
3571, 15464, -274, -274, 6239
3571, 15464, -274, -274, 6239
3571, 15464, -275, -275, 6239
3565, 15464, -275, -275, 6239
3565, 15464, -275, -275, 6239
3564, 15462, -274, -274, 6239
3567, 15463, -274, -274, 6239
3567, 15463, -274, -274, 6239
3573, 15465, -273, -273, 6239
3573, 15465, -274, -274, 6239
3573, 15465, -274, -274, 6239
3573, 15464, -274, -274, 6239
3572, 15465, -273, -273, 6239
3575, 15465, -274, -274, 6239
3575, 15465, -274, -274, 6239
3574, 15465, -273, -273, 6239
3570, 15465, -274, -274, 6239
3573, 15465, -273, -273, 6239
3571, 15464, -273, -273, 6239
3573, 15464, -273, -273, 6239
3572, 15464, -274, -274, 6239
3568, 15464, -273, -273, 6239
3566, 15464, -273, -273, 6239
3567, 15464, -273, -273, 6239
3566, 15464, -272, -272, 6239
3567, 15465, -272, -272, 6239
3571, 15465, -271, -271, 6239
3571, 15465, -271, -271, 6239
3570, 15465, -272, -272, 6239
3571, 15465, -272, -272, 6239
3573, 15465, -272, -272, 6239
3574, 15465, -271, -271, 6239
3574, 15466, -271, -271, 6239
3574, 15466, -271, -271, 6239
3750, 15488, -89, -89, 6239
3745, 15487, -96, -96, 6239
3745, 15487, -96, -96, 6239
3743, 15487, -98, -98, 6239
3742, 15488, -99, -99, 6239
3741, 15487, -101, -101, 6239
3740, 15486, -103, -103, 6239
3740, 15486, -103, -103, 6239
3738, 15487, -104, -104, 6239
3737, 15487, -105, -105, 6239
3737, 15487, -105, -105, 6239
3737, 15486, -106, -106, 6239
3736, 15486, -106, -106, 6239
3736, 15487, -107, -107, 6239
3736, 15487, -107, -107, 6239
3736, 15487, -107, -107, 6239
3734, 15486, -108, -108, 6239
3734, 15486, -108, -108, 6239
3735, 15488, -107, -107, 6239
3733, 15487, -109, -109, 6239
3734, 15488, -109, -109, 6239
3734, 15488, -109, -109, 6239
3733, 15486, -109, -109, 6239
3733, 15487, -110, -110, 6239
3733, 15488, -110, -110, 6239
3733, 15488, -110, -110, 6239
3733, 15487, -110, -110, 6247
3732, 15486, -111, -111, 6247
3731, 15487, -111, -111, 6247
3732, 15487, -111, -111, 6247
3732, 15487, -111, -111, 6247
3732, 15487, -111, -111, 6247
3732, 15487, -111, -111, 6247
3732, 15487, -111, -111, 6247
3731, 15487, -111, -111, 6247
3731, 15487, -111, -111, 6247
3732, 15487, -111, -111, 6247
3731, 15486, -112, -112, 6247
3730, 15487, -112, -112, 6247
3730, 15487, -112, -112, 6247
3731, 15487, -112, -112, 6247
3730, 15487, -112, -112, 6247
3730, 15487, -112, -112, 6247
3732, 15486, -112, -112, 6247
3731, 15487, -112, -112, 6247
3731, 15487, -112, -112, 6247
3731, 15487, -112, -112, 6247
3731, 15486, -112, -112, 6247
3731, 15486, -112, -112, 6247
3730, 15486, -112, -112, 6247
3730, 15488, -112, -112, 6247
3730, 15488, -112, -112, 6247
3730, 15488, -113, -113, 6249
3730, 15488, -113, -113, 6249
3729, 15486, -113, -113, 6249
3730, 15487, -112, -112, 6249
3730, 15487, -112, -112, 6249
3729, 15487, -113, -113, 6249
3729, 15487, -113, -113, 6249
3730, 15487, -112, -112, 6249
3730, 15487, -113, -113, 6249
3731, 15487, -112, -112, 6249
3728, 15486, -113, -113, 6249
3730, 15487, -112, -112, 6249
3728, 15487, -113, -113, 6249
3730, 15487, -113, -113, 6249
3730, 15487, -113, -113, 6249
3729, 15487, -113, -113, 6249
3729, 15488, -113, -113, 6249
3729, 15487, -113, -113, 6249
3729, 15488, -113, -113, 6249
3729, 15488, -113, -113, 6249
3729, 15488, -113, -113, 6249
3730, 15487, -114, -114, 6249
3730, 15487, -114, -114, 6249
3728, 15487, -114, -114, 6249
3728, 15487, -114, -114, 6249
3729, 15487, -114, -114, 6249
3729, 15488, -114, -114, 6249
3729, 15486, -114, -114, 6249
3728, 15488, -115, -115, 6247
3728, 15487, -114, -114, 6247
3728, 15487, -114, -114, 6247
3728, 15488, -114, -114, 6247
3728, 15488, -114, -114, 6247
3728, 15487, -114, -114, 6247
3728, 15486, -115, -115, 6247
3728, 15487, -114, -114, 6247
3729, 15487, -114, -114, 6247
3727, 15487, -114, -114, 6247
3728, 15487, -115, -115, 6247
3729, 15487, -115, -115, 6247
3729, 15487, -115, -115, 6247
3729, 15487, -114, -114, 6247
3728, 15487, -114, -114, 6247
3727, 15488, -115, -115, 6247
3728, 15488, -114, -114, 6247
3728, 15488, -114, -114, 6247
3728, 15487, -114, -114, 6247
3729, 15488, -114, -114, 6247
3729, 15488, -114, -114, 6247
3729, 15488, -114, -114, 6247
3728, 15487, -114, -114, 6247
3728, 15487, -114, -114, 6247
3727, 15487, -115, -115, 6237
3728, 15488, -115, -115, 6237
3728, 15488, -115, -115, 6237
3727, 15488, -115, -115, 6237
3728, 15488, -115, -115, 6237
3728, 15488, -114, -114, 6237
3727, 15488, -115, -115, 6237
3727, 15488, -115, -115, 6237
3729, 15488, -114, -114, 6237
3729, 15488, -114, -114, 6237
3728, 15489, -114, -114, 6237
3728, 15488, -115, -115, 6237
3728, 15488, -115, -115, 6237
3728, 15488, -115, -115, 6237
3728, 15488, -114, -114, 6237
3728, 15488, -114, -114, 6237
3728, 15488, -114, -114, 6237
3728, 15488, -114, -114, 6237
3728, 15488, -114, -114, 6237
3727, 15488, -115, -115, 6237
3728, 15489, -114, -114, 6237
3728, 15489, -114, -114, 6237
3728, 15489, -114, -114, 6237
3501, 15465, -285, -285, 6237
3501, 15465, -285, -285, 6237
3556, 15466, -288, -288, 6241
3556, 15466, -288, -288, 6241
3560, 15466, -287, -287, 6241
3562, 15467, -285, -285, 6241
3563, 15466, -283, -283, 6241
3559, 15465, -283, -283, 6241
3566, 15467, -281, -281, 6241
3567, 15467, -280, -280, 6241
3561, 15467, -280, -280, 6241
3569, 15469, -277, -277, 6241
3569, 15469, -277, -277, 6241
3565, 15468, -275, -275, 6241
3565, 15468, -275, -275, 6241
3566, 15468, -275, -275, 6241
3563, 15468, -275, -275, 6241
3563, 15468, -275, -275, 6241
3564, 15467, -274, -274, 6241
3569, 15470, -274, -274, 6239
3568, 15468, -273, -273, 6239
3570, 15469, -273, -273, 6239
3572, 15469, -272, -272, 6239
3574, 15469, -271, -271, 6239
3573, 15470, -272, -272, 6239
3573, 15470, -272, -272, 6239
3573, 15470, -272, -272, 6239
3566, 15469, -272, -272, 6239
3566, 15469, -272, -272, 6239
3568, 15469, -271, -271, 6239
3571, 15469, -271, -271, 6239
3577, 15470, -270, -270, 6239
3577, 15470, -270, -270, 6239
3576, 15470, -269, -269, 6239
3576, 15470, -269, -269, 6239
3577, 15471, -269, -269, 6239
3577, 15470, -268, -268, 6239
3577, 15470, -268, -268, 6239
3570, 15470, -268, -268, 6239
3568, 15470, -269, -269, 6239
3569, 15470, -269, -269, 6247
3569, 15470, -269, -269, 6247
3571, 15469, -268, -268, 6247
3579, 15471, -269, -269, 6247
3579, 15471, -269, -269, 6247
3578, 15470, -268, -268, 6247
3574, 15470, -268, -268, 6247
3573, 15471, -268, -268, 6247
3571, 15472, -267, -267, 6247
3571, 15469, -267, -267, 6247
3573, 15472, -267, -267, 6247
3573, 15472, -267, -267, 6247
3572, 15471, -267, -267, 6247
3574, 15471, -266, -266, 6247
3573, 15469, -266, -266, 6247
3576, 15471, -265, -265, 6247
3576, 15471, -265, -265, 6247
3577, 15471, -267, -267, 6247
3577, 15471, -267, -267, 6247
3579, 15472, -267, -267, 6247
3580, 15471, -266, -266, 6247
3580, 15471, -266, -266, 6247
3574, 15471, -265, -265, 6247
3573, 15472, -265, -265, 6247
3574, 15472, -266, -266, 6239
3580, 15472, -264, -264, 6239
3580, 15471, -266, -266, 6239
3580, 15471, -266, -266, 6239
3579, 15472, -265, -265, 6239
3578, 15472, -266, -266, 6239
3573, 15472, -265, -265, 6239
3573, 15472, -265, -265, 6239
3573, 15471, -265, -265, 6239
3580, 15472, -265, -265, 6239
3580, 15472, -264, -264, 6239
3580, 15472, -264, -264, 6239
3580, 15472, -265, -265, 6239
3582, 15472, -264, -264, 6239
3582, 15471, -264, -264, 6239
3580, 15473, -263, -263, 6239
3580, 15473, -263, -263, 6239
3578, 15471, -263, -263, 6239
3578, 15471, -263, -263, 6239
3578, 15472, -264, -264, 6239
3577, 15473, -263, -263, 6239
3577, 15473, -263, -263, 6239
3577, 15472, -263, -263, 6239
3577, 15472, -263, -263, 6239
3576, 15471, -263, -263, 6239
3579, 15472, -264, -264, 6241
3581, 15473, -263, -263, 6241
3581, 15473, -263, -263, 6241
3584, 15473, -262, -262, 6241
3583, 15474, -262, -262, 6241
3583, 15474, -262, -262, 6241
3580, 15473, -262, -262, 6241
3580, 15473, -262, -262, 6241
3576, 15472, -263, -263, 6241
3576, 15472, -262, -262, 6241
3581, 15473, -262, -262, 6241
3581, 15473, -262, -262, 6241
3576, 15471, -263, -263, 6241
3585, 15472, -259, -259, 6241
3759, 15495, -82, -82, 6241
3759, 15495, -82, -82, 6241
3752, 15495, -90, -90, 6241
3751, 15495, -92, -92, 6241
3749, 15495, -93, -93, 6241
3748, 15494, -94, -94, 6241
3747, 15495, -95, -95, 6241
3745, 15493, -97, -97, 6241
3745, 15493, -97, -97, 6241
3745, 15495, -97, -97, 6241
3743, 15495, -98, -98, 6241
3744, 15494, -98, -98, 6245
3744, 15494, -98, -98, 6245
3744, 15495, -99, -99, 6245
3743, 15494, -99, -99, 6245
3743, 15494, -99, -99, 6245
3742, 15496, -100, -100, 6245
3743, 15494, -99, -99, 6245
3742, 15494, -101, -101, 6245
3742, 15494, -101, -101, 6245
3741, 15495, -101, -101, 6245
3742, 15494, -101, -101, 6245
3741, 15495, -101, -101, 6245
3741, 15495, -101, -101, 6245
3741, 15494, -101, -101, 6245
3740, 15495, -102, -102, 6245
3741, 15494, -102, -102, 6245
3741, 15494, -102, -102, 6245
3740, 15494, -102, -102, 6245
3741, 15496, -102, -102, 6245
3739, 15494, -102, -102, 6245
3740, 15495, -103, -103, 6245
3739, 15495, -103, -103, 6245
3739, 15495, -103, -103, 6245
3740, 15495, -103, -103, 6245
3739, 15495, -103, -103, 6241
3739, 15495, -103, -103, 6241
3740, 15495, -103, -103, 6241
3740, 15494, -103, -103, 6241
3739, 15495, -103, -103, 6241
3738, 15495, -104, -104, 6241
3738, 15494, -104, -104, 6241
3739, 15494, -104, -104, 6241
3739, 15494, -104, -104, 6241
3738, 15495, -104, -104, 6241
3739, 15494, -104, -104, 6241
3738, 15493, -104, -104, 6241
3738, 15494, -104, -104, 6241
3738, 15494, -105, -105, 6241
3738, 15494, -104, -104, 6241
3738, 15495, -105, -105, 6241
3737, 15495, -105, -105, 6241
3737, 15495, -105, -105, 6241
3737, 15495, -105, -105, 6241
3737, 15493, -105, -105, 6241
3737, 15493, -105, -105, 6241
3737, 15495, -105, -105, 6245
3737, 15495, -105, -105, 6245
3737, 15494, -105, -105, 6245
3739, 15495, -105, -105, 6245
3737, 15495, -105, -105, 6245
3736, 15494, -106, -106, 6245
3738, 15495, -105, -105, 6245
3738, 15495, -105, -105, 6245
3737, 15495, -105, -105, 6245
3737, 15495, -105, -105, 6245
3738, 15494, -105, -105, 6245
3737, 15495, -105, -105, 6245
3738, 15494, -105, -105, 6245
3738, 15494, -105, -105, 6245
3737, 15494, -106, -106, 6245
3738, 15494, -105, -105, 6245
3737, 15496, -105, -105, 6245
3737, 15496, -105, -105, 6245
3737, 15494, -106, -106, 6245
3737, 15495, -106, -106, 6245
3736, 15494, -105, -105, 6245
3737, 15495, -105, -105, 6245
3737, 15495, -105, -105, 6245
3738, 15495, -105, -105, 6239
3736, 15495, -106, -106, 6239
3736, 15495, -106, -106, 6239
3736, 15495, -106, -106, 6239
3737, 15495, -106, -106, 6239
3736, 15495, -106, -106, 6239
3736, 15494, -106, -106, 6239
3736, 15495, -106, -106, 6239
3737, 15494, -105, -105, 6239
3737, 15494, -105, -105, 6239
3736, 15495, -106, -106, 6239
3736, 15495, -107, -107, 6239
3736, 15495, -106, -106, 6239
3736, 15495, -106, -106, 6239
3736, 15495, -106, -106, 6239
3736, 15495, -106, -106, 6239
3736, 15495, -106, -106, 6239
3736, 15496, -106, -106, 6239
3737, 15496, -106, -106, 6239
3737, 15496, -106, -106, 6239
3737, 15495, -106, -106, 6239
3736, 15495, -106, -106, 6239
3737, 15495, -106, -106, 6239
3736, 15496, -106, -106, 6239
3737, 15496, -106, -106, 6239
3735, 15494, -106, -106, 6241
3736, 15495, -107, -107, 6241
3736, 15495, -107, -107, 6241
3736, 15495, -106, -106, 6241
3736, 15495, -107, -107, 6241
3736, 15496, -107, -107, 6241
3736, 15496, -107, -107, 6241
3735, 15495, -107, -107, 6241
3735, 15495, -107, -107, 6241
3736, 15495, -107, -107, 6241
3737, 15495, -106, -106, 6241
3541, 15481, -174, -174, 6241
3541, 15481, -174, -174, 6241
3575, 15473, -288, -288, 6241
3558, 15474, -281, -281, 6241
3564, 15472, -276, -276, 6241
3565, 15474, -275, -275, 6241
3568, 15473, -274, -274, 6241
3567, 15473, -274, -274, 6241
3570, 15474, -272, -272, 6241
3571, 15474, -271, -271, 6241
3571, 15474, -271, -271, 6241
3577, 15474, -270, -270, 6241
3576, 15475, -268, -268, 6247
3576, 15475, -268, -268, 6247
3573, 15474, -269, -269, 6247
3573, 15475, -269, -269, 6247
3574, 15475, -267, -267, 6247
3571, 15475, -268, -268, 6247
3578, 15475, -267, -267, 6247
3578, 15475, -267, -267, 6247
3581, 15476, -266, -266, 6247
3581, 15476, -266, -266, 6247
3580, 15476, -267, -267, 6247
3581, 15476, -266, -266, 6247
3581, 15476, -266, -266, 6247
3582, 15475, -265, -265, 6247
3578, 15476, -265, -265, 6247
3577, 15475, -265, -265, 6247
3575, 15476, -264, -264, 6247
3576, 15476, -264, -264, 6247
3576, 15476, -264, -264, 6247
3577, 15476, -264, -264, 6247
3577, 15476, -264, -264, 6247
3581, 15477, -264, -264, 6247
3584, 15477, -263, -263, 6247
3581, 15476, -263, -263, 6247
3581, 15476, -263, -263, 6247
3579, 15477, -263, -263, 6247
3576, 15476, -263, -263, 6247
3576, 15476, -263, -263, 6247
3579, 15476, -262, -262, 6247
3579, 15476, -262, -262, 6247
3584, 15477, -263, -263, 6247
3584, 15476, -263, -263, 6247
3584, 15476, -263, -263, 6247
3579, 15477, -262, -262, 6247
3579, 15475, -261, -261, 6247
3578, 15477, -262, -262, 6247
3577, 15475, -261, -261, 6247
3577, 15475, -261, -261, 6247
3585, 15477, -261, -261, 6247
3585, 15477, -261, -261, 6247
3582, 15475, -261, -261, 6247
3583, 15476, -260, -260, 6247
3582, 15476, -261, -261, 6247
3579, 15476, -260, -260, 6247
3582, 15476, -260, -260, 6247
3580, 15476, -260, -260, 6247
3587, 15477, -259, -259, 6247
3586, 15477, -259, -259, 6247
3586, 15477, -259, -259, 6247
3587, 15477, -259, -259, 6247
3582, 15477, -258, -258, 6245
3581, 15475, -259, -259, 6245
3581, 15475, -259, -259, 6245
3581, 15476, -260, -260, 6245
3582, 15477, -258, -258, 6245
3588, 15478, -259, -259, 6245
3583, 15478, -259, -259, 6245
3583, 15478, -259, -259, 6245
3584, 15478, -258, -258, 6245
3583, 15479, -258, -258, 6245
3581, 15476, -258, -258, 6245
3581, 15476, -258, -258, 6245
3581, 15476, -258, -258, 6245
3588, 15477, -257, -257, 6245
3588, 15477, -257, -257, 6245
3590, 15477, -257, -257, 6245
3590, 15477, -257, -257, 6245
3590, 15477, -257, -257, 6245
3586, 15478, -257, -257, 6245
3587, 15478, -257, -257, 6245
3587, 15478, -257, -257, 6245
3581, 15477, -257, -257, 6245
3582, 15476, -257, -257, 6245
3585, 15477, -258, -258, 6245
3588, 15477, -256, -256, 6245
3589, 15479, -257, -257, 6241
3589, 15476, -257, -257, 6241
3584, 15478, -257, -257, 6241
3584, 15479, -257, -257, 6241
3584, 15478, -257, -257, 6241
3584, 15477, -256, -256, 6241
3583, 15478, -257, -257, 6241
3582, 15477, -257, -257, 6241
3585, 15477, -256, -256, 6241
3584, 15479, -256, -256, 6241
3585, 15477, -256, -256, 6241
3587, 15478, -255, -255, 6241
3592, 15478, -255, -255, 6241
3592, 15478, -255, -255, 6241
3586, 15478, -255, -255, 6241
3585, 15479, -256, -256, 6241
3585, 15479, -256, -256, 6241
3583, 15478, -255, -255, 6241
3583, 15478, -255, -255, 6241
3584, 15477, -255, -255, 6241
3585, 15478, -255, -255, 6241
3591, 15479, -255, -255, 6241
3591, 15479, -255, -255, 6241
3592, 15479, -255, -255, 6241
3592, 15480, -255, -255, 6241
3585, 15480, -254, -254, 6241
3585, 15480, -254, -254, 6241
3596, 15481, -254, -254, 6249
3763, 15502, -78, -78, 6249
3763, 15502, -78, -78, 6249
3758, 15501, -83, -83, 6249
3758, 15501, -83, -83, 6249
3758, 15500, -85, -85, 6249
3758, 15500, -85, -85, 6249
3756, 15501, -86, -86, 6249
3754, 15500, -88, -88, 6249
3754, 15500, -88, -88, 6249
3754, 15501, -88, -88, 6249
3753, 15500, -89, -89, 6249
3751, 15500, -90, -90, 6249
3752, 15500, -90, -90, 6249
3751, 15500, -91, -91, 6249
3750, 15500, -92, -92, 6249
3751, 15499, -91, -91, 6249
3751, 15500, -92, -92, 6249
3749, 15501, -92, -92, 6249
3750, 15501, -92, -92, 6249
3750, 15502, -93, -93, 6249
3749, 15500, -93, -93, 6249
3749, 15501, -94, -94, 6249
3749, 15501, -94, -94, 6249
3747, 15500, -94, -94, 6241
3747, 15500, -94, -94, 6241
3748, 15500, -95, -95, 6241
3748, 15500, -95, -95, 6241
3748, 15501, -95, -95, 6241
3748, 15501, -95, -95, 6241
3747, 15500, -95, -95, 6241
3748, 15500, -95, -95, 6241
3746, 15500, -95, -95, 6241
3746, 15500, -95, -95, 6241
3746, 15500, -96, -96, 6241
3746, 15500, -96, -96, 6241
3746, 15500, -96, -96, 6241
3746, 15499, -96, -96, 6241
3746, 15501, -96, -96, 6241
3746, 15501, -96, -96, 6241
3747, 15501, -96, -96, 6241
3746, 15500, -97, -97, 6241
3746, 15500, -96, -96, 6241
3746, 15500, -96, -96, 6241
3745, 15500, -97, -97, 6241
3745, 15500, -97, -97, 6241
3746, 15500, -97, -97, 6241
3746, 15500, -97, -97, 6241
3746, 15500, -97, -97, 6241
3745, 15500, -97, -97, 6241
3745, 15501, -97, -97, 6241
3747, 15502, -97, -97, 6245
3747, 15502, -97, -97, 6245
3745, 15500, -97, -97, 6245
3745, 15500, -97, -97, 6245
3745, 15501, -97, -97, 6245
3745, 15501, -97, -97, 6245
3745, 15500, -97, -97, 6245
3745, 15501, -97, -97, 6245
3745, 15501, -98, -98, 6245
3745, 15500, -98, -98, 6245
3745, 15499, -98, -98, 6245
3745, 15499, -98, -98, 6245
3744, 15501, -98, -98, 6245
3744, 15500, -99, -99, 6245
3743, 15500, -99, -99, 6245
3743, 15501, -99, -99, 6245
3743, 15501, -99, -99, 6245
3744, 15500, -99, -99, 6245
3743, 15500, -99, -99, 6245
3743, 15501, -99, -99, 6245
3744, 15500, -98, -98, 6245
3744, 15500, -98, -98, 6245
3744, 15500, -98, -98, 6245
3744, 15501, -99, -99, 6245
3743, 15500, -99, -99, 6245
3742, 15501, -100, -100, 6239
3742, 15501, -100, -100, 6239
3744, 15500, -99, -99, 6239
3743, 15500, -99, -99, 6239
3743, 15500, -99, -99, 6239
3743, 15500, -99, -99, 6239
3743, 15500, -100, -100, 6239
3743, 15500, -100, -100, 6239
3743, 15500, -100, -100, 6239
3743, 15502, -99, -99, 6239
3743, 15500, -99, -99, 6239
3743, 15501, -99, -99, 6239
3742, 15500, -99, -99, 6239
3743, 15500, -99, -99, 6239
3743, 15501, -99, -99, 6239
3744, 15500, -99, -99, 6239
3744, 15500, -99, -99, 6239
3743, 15501, -99, -99, 6239
3743, 15501, -99, -99, 6239
3743, 15500, -99, -99, 6239
3743, 15501, -99, -99, 6239
3743, 15501, -99, -99, 6239
3742, 15500, -100, -100, 6239
3742, 15500, -100, -100, 6239
3742, 15499, -100, -100, 6243
3742, 15501, -100, -100, 6243
3742, 15501, -100, -100, 6243
3743, 15501, -100, -100, 6243
3744, 15501, -99, -99, 6243
3743, 15500, -99, -99, 6243
3742, 15500, -100, -100, 6243
3742, 15500, -100, -100, 6243
3742, 15501, -99, -99, 6243
3744, 15500, -99, -99, 6243
3742, 15500, -100, -100, 6243
3743, 15500, -100, -100, 6243
3742, 15500, -100, -100, 6243
3742, 15500, -100, -100, 6243
3743, 15501, -100, -100, 6243
3743, 15501, -100, -100, 6243
3743, 15500, -100, -100, 6243
3742, 15501, -100, -100, 6243
3742, 15501, -100, -100, 6243
3744, 15502, -100, -100, 6243
3743, 15501, -99, -99, 6243
3743, 15501, -99, -99, 6243
3743, 15502, -100, -100, 6243
3742, 15501, -100, -100, 6243
3742, 15501, -100, -100, 6243
3743, 15501, -100, -100, 6243
3743, 15501, -99, -99, 6243
3742, 15500, -100, -100, 6243
3742, 15500, -100, -100, 6243
3743, 15501, -100, -100, 6243
3742, 15501, -100, -100, 6243
3742, 15501, -100, -100, 6243
3743, 15501, -100, -100, 6243
3743, 15501, -100, -100, 6243
3743, 15501, -99, -99, 6243
3743, 15501, -99, -99, 6243
3743, 15501, -99, -99, 6243
3743, 15501, -99, -99, 6243
3743, 15501, -100, -100, 6243
3742, 15501, -100, -100, 6243
3742, 15501, -100, -100, 6243
3742, 15501, -100, -100, 6243
3743, 15500, -100, -100, 6243
3742, 15501, -100, -100, 6243
3743, 15501, -100, -100, 6243
3743, 15501, -100, -100, 6243
3742, 15502, -99, -99, 6243
3742, 15502, -100, -100, 6243
3743, 15501, -99, -99, 6243
3743, 15501, -100, -100, 6243
3743, 15501, -100, -100, 6243
3742, 15501, -100, -100, 6247
3742, 15501, -99, -99, 6247
3743, 15502, -99, -99, 6247
3743, 15502, -99, -99, 6247
3742, 15502, -100, -100, 6247
3743, 15501, -100, -100, 6247
3743, 15501, -99, -99, 6247
3743, 15501, -99, -99, 6247
3743, 15501, -99, -99, 6247
3743, 15501, -99, -99, 6247
3743, 15502, -100, -100, 6247
3743, 15502, -100, -100, 6247
3743, 15501, -100, -100, 6247
3743, 15501, -100, -100, 6247
3743, 15502, -100, -100, 6247
3743, 15501, -100, -100, 6247
3743, 15501, -100, -100, 6247
3743, 15501, -100, -100, 6247
3743, 15500, -99, -99, 6247
3743, 15500, -100, -100, 6247
3743, 15502, -99, -99, 6247
3743, 15502, -99, -99, 6247
3743, 15502, -99, -99, 6247
3743, 15502, -99, -99, 6247
3743, 15502, -99, -99, 6247
3744, 15501, -99, -99, 6247
3742, 15502, -99, -99, 6247
3742, 15502, -99, -99, 6247
3743, 15501, -99, -99, 6247
3743, 15501, -100, -100, 6247
3742, 15501, -100, -100, 6247
3742, 15502, -100, -100, 6247
3743, 15500, -99, -99, 6247
3743, 15502, -100, -100, 6247
3742, 15502, -100, -100, 6247
3743, 15502, -99, -99, 6247
3742, 15501, -100, -100, 6247
3743, 15502, -100, -100, 6247
3743, 15502, -100, -100, 6247
3743, 15502, -99, -99, 6247
3743, 15502, -99, -99, 6247
3743, 15502, -99, -99, 6247
3743, 15502, -99, -99, 6247
3743, 15502, -99, -99, 6243
3742, 15501, -99, -99, 6243
3743, 15502, -100, -100, 6243
3743, 15502, -100, -100, 6243
3743, 15503, -100, -100, 6243
3742, 15501, -100, -100, 6243
3742, 15501, -100, -100, 6243
3743, 15503, -100, -100, 6243
3744, 15502, -99, -99, 6243
3742, 15502, -100, -100, 6243
3743, 15503, -100, -100, 6243
3743, 15503, -100, -100, 6243
3743, 15502, -100, -100, 6243
3743, 15502, -100, -100, 6243
3743, 15502, -100, -100, 6243
3743, 15502, -100, -100, 6243
3743, 15503, -100, -100, 6243
3743, 15503, -100, -99, 6243
3743, 15501, -100, -100, 6243
3743, 15501, -100, -100, 6243
3744, 15502, -99, -99, 6243
3742, 15502, -100, -100, 6243
3743, 15502, -100, -100, 6243
3743, 15502, -100, -100, 6243
3742, 15502, -100, -100, 6243
3743, 15502, -100, -100, 6245
3743, 15502, -100, -100, 6245
3742, 15503, -100, -100, 6245
3742, 15502, -100, -100, 6245
3742, 15501, -100, -100, 6245
3742, 15501, -100, -100, 6245
3744, 15503, -99, -99, 6245
3744, 15503, -99, -99, 6245
3743, 15503, -99, -99, 6245
3743, 15503, -100, -100, 6245
3743, 15503, -100, -100, 6245
3742, 15503, -100, -100, 6245
3743, 15504, -99, -99, 6245
3743, 15502, -99, -99, 6245
3743, 15502, -99, -99, 6245
3744, 15503, -99, -99, 6245
3743, 15503, -99, -99, 6245
3742, 15503, -100, -100, 6245
3742, 15503, -100, -100, 6245
3743, 15503, -99, -99, 6245
3743, 15503, -99, -99, 6245
3743, 15503, -99, -99, 6245
3743, 15502, -99, -99, 6245
3744, 15504, -99, -99, 6239
3743, 15503, -100, -100, 6239
3743, 15503, -100, -100, 6239
3743, 15503, -99, -99, 6239
3742, 15502, -100, -100, 6239
3743, 15502, -99, -99, 6239
3743, 15502, -99, -99, 6239
3742, 15503, -100, -100, 6239
3742, 15502, -100, -100, 6239
3742, 15502, -100, -100, 6239
3743, 15503, -99, -99, 6239
3743, 15502, -99, -99, 6239
3743, 15502, -99, -99, 6239
3742, 15503, -100, -100, 6239
3743, 15503, -100, -100, 6239
3743, 15503, -99, -99, 6239
3743, 15503, -99, -99, 6239
3743, 15503, -99, -99, 6239
3743, 15503, -99, -99, 6239
3743, 15502, -99, -99, 6239
3744, 15504, -99, -99, 6239
3744, 15504, -99, -99, 6239
3743, 15503, -99, -99, 6239
3743, 15502, -99, -99, 6239
3743, 15501, -99, -99, 6239
3743, 15501, -99, -99, 6239
3742, 15503, -99, -99, 6239
3743, 15502, -100, -100, 6245
3743, 15502, -100, -100, 6245
3742, 15502, -100, -100, 6245
3742, 15502, -100, -100, 6245
3743, 15502, -99, -99, 6245
3743, 15502, -100, -100, 6245
3743, 15502, -100, -100, 6245
3743, 15502, -99, -99, 6245
3743, 15502, -99, -99, 6245
3742, 15503, -100, -100, 6245
3743, 15503, -100, -100, 6245
3743, 15503, -100, -100, 6245
3743, 15501, -99, -99, 6245
3743, 15501, -99, -99, 6245
3743, 15503, -99, -99, 6245
3743, 15503, -99, -99, 6245
3743, 15502, -100, -100, 6245
3743, 15502, -100, -100, 6245
3744, 15503, -99, -99, 6245
3743, 15503, -99, -99, 6245
3743, 15503, -99, -99, 6245
3744, 15503, -99, -99, 6245
3743, 15502, -99, -99, 6245
3743, 15503, -100, -100, 6245
3743, 15504, -99, -99, 6245
3743, 15503, -99, -99, 6245
3743, 15503, -99, -99, 6245
3743, 15503, -100, -100, 6245
3743, 15503, -99, -99, 6245
3743, 15504, -99, -99, 6245
3743, 15504, -99, -99, 6245
3743, 15502, -99, -99, 6245
3744, 15504, -98, -98, 6245
3744, 15504, -98, -98, 6245
3744, 15504, -98, -98, 6245
3744, 15503, -98, -98, 6245
3744, 15504, -99, -99, 6245
3744, 15504, -99, -99, 6245
3744, 15504, -98, -98, 6245
3743, 15504, -99, -99, 6245
3744, 15504, -98, -98, 6245
3744, 15504, -98, -98, 6245
3744, 15504, -99, -99, 6245
3743, 15504, -99, -99, 6245
3744, 15504, -99, -99, 6245
3744, 15504, -99, -99, 6245
3744, 15504, -98, -98, 6245
3744, 15504, -98, -98, 6245
3742, 15503, -99, -99, 6241
3744, 15504, -99, -99, 6241
3744, 15504, -99, -99, 6241
3744, 15504, -99, -99, 6241
3744, 15503, -99, -99, 6241
3744, 15503, -99, -99, 6241
3744, 15503, -98, -98, 6241
3744, 15503, -98, -98, 6241
3743, 15504, -99, -99, 6241
3743, 15503, -99, -99, 6241
3743, 15503, -99, -99, 6241
3745, 15504, -98, -98, 6241
3744, 15504, -98, -98, 6241
3744, 15504, -98, -98, 6241
3744, 15503, -98, -98, 6241
3744, 15505, -98, -98, 6241
3744, 15504, -98, -98, 6241
3744, 15504, -98, -98, 6241
3745, 15505, -98, -98, 6241
3745, 15505, -98, -98, 6241
3744, 15504, -99, -99, 6241
3744, 15504, -98, -98, 6241
3744, 15504, -98, -98, 6241
3744, 15504, -98, -98, 6241
3745, 15505, -98, -98, 6241
3744, 15503, -98, -98, 6241
3742, 15503, -99, -99, 6243
3742, 15503, -99, -99, 6243
3744, 15504, -99, -99, 6243
3744, 15504, -98, -98, 6243
3745, 15504, -98, -98, 6243
3745, 15504, -98, -98, 6243
3743, 15504, -99, -99, 6243
3744, 15504, -99, -99, 6243
3744, 15504, -98, -98, 6243
3744, 15504, -98, -98, 6243
3744, 15505, -98, -98, 6243
3744, 15505, -98, -98, 6243
3744, 15503, -98, -98, 6243
3744, 15504, -98, -98, 6243
3744, 15504, -98, -98, 6243
3744, 15504, -99, -99, 6243
3745, 15504, -98, -98, 6243
3745, 15504, -98, -98, 6243
3745, 15505, -98, -98, 6243
3745, 15505, -98, -98, 6243
3744, 15504, -99, -99, 6243
3745, 15504, -98, -98, 6243
3744, 15503, -98, -98, 6243
3745, 15504, -98, -98, 6243
3745, 15504, -98, -98, 6243
3744, 15505, -98, -98, 6243
3744, 15505, -98, -98, 6249
3745, 15504, -99, -99, 6249
3745, 15504, -98, -98, 6249
3744, 15504, -98, -98, 6249
3744, 15504, -98, -98, 6249
3744, 15504, -98, -98, 6249
3745, 15504, -98, -98, 6249
3745, 15504, -98, -98, 6249
3745, 15504, -98, -98, 6249
3745, 15505, -98, -98, 6249
3745, 15504, -98, -98, 6249
3745, 15504, -98, -98, 6249
3745, 15505, -98, -98, 6249
3744, 15504, -98, -98, 6249
3744, 15505, -98, -98, 6249
3745, 15505, -98, -98, 6249
3745, 15505, -98, -98, 6249
3744, 15504, -98, -98, 6249
3745, 15504, -98, -98, 6249
3745, 15504, -98, -98, 6249
3745, 15505, -98, -98, 6249
3745, 15505, -98, -98, 6249
3745, 15505, -98, -98, 6245
3745, 15505, -98, -98, 6245
3744, 15503, -98, -98, 6245
3744, 15503, -98, -98, 6245
3743, 15506, -99, -99, 6245
3745, 15505, -98, -98, 6245
3744, 15504, -98, -98, 6245
3745, 15505, -98, -98, 6245
3745, 15505, -98, -98, 6245
3744, 15505, -98, -98, 6245
3745, 15504, -97, -97, 6245
3745, 15504, -97, -97, 6245
3745, 15504, -98, -98, 6245
3744, 15505, -98, -98, 6245
3744, 15505, -98, -98, 6245
3744, 15505, -98, -98, 6245
3745, 15505, -98, -98, 6245
3745, 15505, -98, -98, 6245
3744, 15504, -98, -98, 6245
3745, 15505, -98, -98, 6245
3745, 15505, -98, -98, 6245
3745, 15504, -98, -98, 6245
3745, 15505, -98, -98, 6245
3744, 15505, -98, -98, 6245
3744, 15505, -98, -98, 6245
3744, 15505, -98, -98, 6245
3744, 15504, -98, -98, 6245
3743, 15505, -99, -99, 6245
3744, 15505, -99, -99, 6245
3744, 15505, -99, -99, 6245
3744, 15505, -98, -98, 6245
3745, 15503, -98, -98, 6245
3745, 15503, -98, -98, 6245
3744, 15504, -98, -98, 6245
3745, 15504, -98, -98, 6245
3744, 15506, -98, -98, 6245
3744, 15505, -98, -98, 6245
3745, 15506, -98, -98, 6245
3744, 15505, -98, -98, 6245
3744, 15505, -98, -98, 6245
3745, 15505, -98, -98, 6245
3745, 15505, -97, -97, 6245
3745, 15505, -97, -97, 6245
3745, 15505, -98, -98, 6245
3744, 15504, -98, -98, 6245
3744, 15504, -98, -98, 6245
3745, 15506, -98, -98, 6245
3745, 15504, -98, -98, 6245
3745, 15504, -98, -98, 6245
3744, 15506, -98, -98, 6245
3745, 15505, -97, -97, 6245
3746, 15506, -97, -97, 6251
3745, 15504, -97, -97, 6251
3745, 15504, -97, -97, 6251
3745, 15506, -98, -98, 6251
3745, 15505, -97, -97, 6251
3745, 15506, -97, -97, 6251
3745, 15505, -98, -98, 6251
3746, 15505, -97, -97, 6251
3746, 15506, -97, -97, 6251
3746, 15506, -97, -97, 6251
3744, 15505, -97, -97, 6251
3744, 15505, -98, -98, 6251
3745, 15506, -97, -97, 6251
3746, 15505, -97, -97, 6251
3745, 15504, -97, -97, 6251
3745, 15504, -97, -97, 6251
3745, 15505, -97, -97, 6251
3745, 15506, -97, -97, 6251
3744, 15505, -98, -98, 6251
3744, 15506, -98, -98, 6251
3744, 15506, -98, -98, 6251
3745, 15506, -98, -98, 6251
3745, 15505, -98, -98, 6251
3745, 15505, -98, -98, 6251
3745, 15505, -97, -97, 6251
3745, 15505, -98, -98, 6251
3745, 15505, -98, -98, 6251
3744, 15504, -97, -97, 6253
3745, 15505, -98, -98, 6253
3745, 15505, -98, -98, 6253
3745, 15505, -97, -97, 6253
3745, 15505, -97, -97, 6253
3745, 15506, -97, -97, 6253
3746, 15505, -97, -97, 6253
3746, 15505, -97, -97, 6253
3746, 15505, -97, -97, 6253
3746, 15505, -97, -97, 6253
3745, 15506, -97, -97, 6253
3745, 15506, -97, -97, 6253
3745, 15506, -97, -97, 6253
3745, 15505, -97, -97, 6253
3745, 15505, -97, -97, 6253
3745, 15504, -97, -97, 6253
3745, 15506, -98, -98, 6253
3745, 15506, -98, -98, 6253
3745, 15505, -97, -97, 6253
3745, 15505, -97, -97, 6253
3745, 15504, -97, -97, 6253
3746, 15504, -97, -97, 6253
3746, 15504, -97, -97, 6253
3746, 15506, -97, -97, 6253
3745, 15505, -97, -97, 6253
3745, 15504, -98, -98, 6243
3745, 15504, -98, -98, 6243
3745, 15505, -97, -97, 6243
3745, 15505, -97, -97, 6243
3746, 15506, -97, -97, 6243
3746, 15505, -96, -96, 6243
3746, 15506, -97, -97, 6243
3746, 15506, -97, -97, 6243
3747, 15506, -96, -96, 6243
3746, 15504, -97, -97, 6243
3746, 15506, -97, -97, 6243
3746, 15506, -97, -97, 6243
3746, 15506, -97, -97, 6243
3745, 15506, -97, -97, 6243
3745, 15505, -97, -97, 6243
3746, 15505, -97, -97, 6243
3746, 15505, -97, -97, 6243
3746, 15506, -97, -97, 6243
3746, 15506, -97, -97, 6243
3744, 15505, -97, -97, 6243
3744, 15505, -97, -97, 6243
3745, 15506, -97, -97, 6243
3746, 15506, -97, -97, 6243
3745, 15505, -97, -97, 6243
3745, 15505, -97, -97, 6243
3746, 15505, -97, -97, 6243
3746, 15506, -97, -97, 6249
3746, 15505, -97, -97, 6249
3746, 15505, -97, -97, 6249
3746, 15505, -97, -97, 6249
3745, 15505, -97, -97, 6249
3745, 15505, -97, -97, 6249
3746, 15506, -96, -96, 6249
3745, 15506, -97, -97, 6249
3745, 15506, -97, -97, 6249
3746, 15505, -97, -97, 6249
3746, 15505, -97, -97, 6249
3745, 15506, -96, -96, 6249
3747, 15506, -97, -97, 6249
3747, 15506, -97, -97, 6249
3747, 15506, -96, -96, 6249
3746, 15505, -97, -97, 6249
3746, 15504, -97, -97, 6249
3747, 15505, -96, -96, 6249
3747, 15505, -96, -96, 6249
3745, 15505, -96, -96, 6249
3745, 15505, -96, -96, 6249
3746, 15505, -96, -96, 6249
3746, 15506, -97, -97, 6249
3746, 15506, -97, -97, 6249
3746, 15506, -97, -97, 6249
3747, 15505, -96, -96, 6251
3747, 15505, -96, -96, 6251
3746, 15505, -96, -96, 6251
3745, 15505, -96, -96, 6251
3745, 15505, -96, -96, 6251
3747, 15506, -96, -96, 6251
3747, 15506, -96, -96, 6251
3746, 15505, -96, -96, 6251
3746, 15505, -96, -96, 6251
3747, 15505, -96, -96, 6251
3747, 15505, -96, -96, 6251
3747, 15506, -96, -96, 6251
3747, 15506, -96, -96, 6251
3746, 15506, -96, -96, 6251
3746, 15506, -96, -96, 6251
3746, 15505, -96, -96, 6251
3746, 15505, -96, -96, 6251
3746, 15507, -96, -96, 6251
3746, 15507, -96, -96, 6251
3747, 15505, -96, -96, 6251
3747, 15506, -96, -96, 6251
3746, 15506, -97, -97, 6251
3747, 15506, -96, -96, 6251
3747, 15506, -96, -96, 6251
3746, 15507, -96, -96, 6251
3746, 15506, -96, -96, 6251
3747, 15505, -95, -95, 6253
3746, 15506, -96, -96, 6253
3746, 15506, -96, -96, 6253
3747, 15506, -96, -96, 6253
3747, 15506, -96, -96, 6253
3747, 15507, -96, -96, 6253
3746, 15506, -96, -96, 6253
3747, 15506, -96, -96, 6253
3746, 15506, -96, -96, 6253
3746, 15506, -96, -96, 6253
3747, 15506, -96, -96, 6253
3746, 15507, -96, -96, 6253
3746, 15506, -96, -96, 6253
3746, 15506, -96, -96, 6253
3746, 15506, -96, -96, 6253
3746, 15506, -96, -96, 6253
3746, 15506, -96, -96, 6253
3746, 15506, -96, -96, 6253
3747, 15506, -95, -95, 6253
3747, 15506, -95, -95, 6253
3747, 15507, -96, -96, 6253
3747, 15507, -96, -96, 6253
3747, 15507, -95, -95, 6253
3745, 15507, -96, -96, 6253
3745, 15507, -96, -96, 6253
3746, 15507, -97, -97, 6253
3746, 15505, -96, -96, 6255
3746, 15505, -96, -96, 6255
3746, 15506, -97, -97, 6255
3746, 15506, -96, -96, 6255
3746, 15506, -96, -96, 6255
3747, 15507, -96, -96, 6255
3746, 15507, -97, -97, 6255
3747, 15507, -96, -96, 6255
3747, 15507, -96, -96, 6255
3745, 15506, -97, -97, 6255
3746, 15506, -97, -97, 6255
3746, 15506, -96, -96, 6255
3746, 15507, -96, -96, 6255
3747, 15505, -96, -96, 6255
3747, 15506, -96, -96, 6255
3746, 15507, -96, -96, 6255
3746, 15507, -96, -96, 6255
3747, 15506, -96, -96, 6255
3747, 15506, -96, -96, 6255
3747, 15506, -95, -95, 6255
3747, 15506, -95, -95, 6255
