3900, 15498, 58, 58, 377
3900, 15498, 58, 58, 377
3900, 15497, 58, 58, 377
3901, 15497, 58, 58, 414
3901, 15498, 59, 59, 414
3901, 15498, 59, 59, 414
3900, 15499, 58, 58, 414
3900, 15499, 58, 58, 414
3901, 15498, 59, 59, 414
3901, 15498, 59, 59, 414
3901, 15498, 58, 58, 414
3901, 15498, 58, 58, 414
3901, 15498, 58, 58, 414
3901, 15498, 58, 58, 414
3901, 15498, 59, 59, 414
3901, 15498, 58, 58, 414
3901, 15498, 58, 58, 414
3901, 15498, 58, 58, 414
3901, 15498, 58, 58, 414
3901, 15498, 58, 58, 414
3901, 15499, 59, 59, 414
3901, 15498, 59, 59, 414
3901, 15499, 59, 59, 414
3901, 15499, 59, 59, 414
3901, 15499, 59, 59, 414
3902, 15499, 59, 59, 414
3902, 15499, 59, 59, 414
3901, 15499, 59, 59, 414
3901, 15499, 59, 59, 414
3901, 15500, 59, 59, 434
3901, 15500, 59, 59, 434
3901, 15499, 59, 59, 434
3901, 15498, 59, 59, 434
3902, 15498, 59, 59, 434
3902, 15499, 59, 59, 434
3903, 15498, 60, 60, 434
3902, 15498, 59, 59, 434
3902, 15499, 59, 59, 434
3902, 15499, 59, 59, 434
3901, 15498, 59, 59, 434
3901, 15499, 59, 59, 434
3901, 15499, 59, 59, 434
3901, 15498, 59, 59, 434
3902, 15499, 59, 59, 434
3902, 15499, 59, 59, 434
3901, 15498, 59, 59, 434
3901, 15499, 59, 59, 434
3901, 15498, 59, 59, 434
3901, 15499, 59, 59, 434
3901, 15499, 59, 59, 434
3901, 15497, 59, 59, 445
3901, 15497, 59, 59, 445
3901, 15499, 59, 59, 445
3901, 15499, 59, 59, 445
3902, 15498, 59, 59, 445
3902, 15499, 59, 59, 445
3901, 15499, 59, 59, 445
3901, 15499, 59, 59, 445
3901, 15498, 59, 59, 445
3901, 15499, 59, 59, 445
3901, 15499, 59, 59, 445
3900, 15498, 58, 58, 445
3900, 15498, 58, 58, 445
3901, 15498, 59, 59, 445
3901, 15499, 59, 59, 445
3901, 15499, 59, 59, 445
3902, 15498, 59, 59, 445
3902, 15498, 59, 59, 445
3901, 15499, 59, 59, 445
3901, 15499, 59, 59, 445
3901, 15500, 59, 59, 445
3902, 15498, 59, 59, 445
3902, 15499, 59, 59, 445
3902, 15499, 59, 59, 445
3901, 15498, 59, 59, 445
3900, 15499, 59, 59, 445
3901, 15498, 59, 59, 445
3901, 15498, 59, 59, 445
3902, 15499, 59, 59, 445
3901, 15499, 59, 59, 445
3901, 15499, 59, 59, 445
3902, 15498, 59, 59, 445
3902, 15498, 59, 59, 445
3902, 15499, 59, 59, 445
3902, 15499, 60, 60, 445
3901, 15500, 59, 59, 445
3901, 15500, 59, 59, 445
3901, 15499, 59, 59, 445
3901, 15499, 59, 59, 445
3901, 15499, 59, 59, 445
3900, 15498, 59, 59, 445
3900, 15498, 59, 59, 445
3901, 15499, 59, 59, 445
3901, 15499, 59, 59, 445
3901, 15498, 59, 59, 445
3901, 15498, 59, 59, 445
3902, 15499, 59, 59, 445
3817, 15480, -19, -19, 445
3817, 15480, -19, -19, 445
3807, 15481, -35, -35, 443
3808, 15480, -35, -35, 443
3806, 15481, -37, -37, 443
3806, 15481, -37, -37, 443
3805, 15480, -39, -39, 443
3802, 15481, -39, -39, 443
3802, 15481, -39, -39, 443
3803, 15480, -40, -40, 443
3803, 15480, -40, -40, 443
3802, 15481, -41, -41, 443
3802, 15482, -41, -41, 443
3802, 15482, -41, -41, 443
3802, 15482, -41, -41, 443
3801, 15481, -41, -41, 443
3801, 15481, -41, -41, 443
3802, 15481, -41, -41, 443
3801, 15483, -41, -41, 443
3800, 15482, -42, -42, 443
3800, 15482, -42, -42, 443
3800, 15481, -42, -42, 443
3800, 15481, -42, -42, 443
3800, 15481, -42, -42, 443
3799, 15481, -42, -42, 443
3799, 15481, -42, -42, 443
3799, 15481, -43, -43, 441
3801, 15482, -42, -42, 441
3801, 15482, -42, -42, 441
3802, 15481, -42, -42, 441
3801, 15481, -42, -42, 441
3802, 15481, -41, -41, 441
3802, 15481, -41, -41, 441
3801, 15481, -42, -42, 441
3801, 15481, -42, -42, 441
3801, 15482, -42, -42, 441
3801, 15481, -42, -42, 441
3801, 15481, -42, -42, 441
3800, 15481, -42, -42, 441
3800, 15481, -42, -42, 441
3801, 15482, -42, -42, 441
3801, 15482, -42, -42, 441
3801, 15482, -43, -43, 441
3800, 15482, -42, -42, 441
3800, 15482, -42, -42, 441
3800, 15482, -42, -42, 441
3801, 15482, -42, -42, 441
3802, 15482, -41, -41, 441
3802, 15482, -41, -41, 441
3801, 15482, -41, -41, 441
3801, 15482, -41, -41, 441
3801, 15482, -42, -42, 441
3801, 15483, -41, -41, 441
3799, 15482, -42, -42, 439
3801, 15482, -42, -42, 439
3802, 15482, -42, -42, 439
3802, 15481, -42, -42, 439
3800, 15481, -42, -42, 439
3800, 15482, -41, -41, 439
3800, 15482, -41, -41, 439
3800, 15482, -42, -42, 439
3800, 15482, -42, -42, 439
3801, 15482, -41, -41, 439
3800, 15481, -42, -42, 439
3800, 15481, -42, -42, 439
3801, 15481, -42, -42, 439
3801, 15482, -41, -41, 439
3801, 15482, -41, -41, 439
3801, 15482, -42, -42, 439
3800, 15482, -42, -42, 439
3800, 15482, -42, -42, 439
3800, 15482, -42, -42, 439
3801, 15482, -42, -42, 439
3801, 15482, -42, -42, 439
3802, 15483, -41, -41, 439
3803, 15481, -41, -41, 439
3803, 15481, -41, -41, 439
3802, 15482, -41, -41, 439
3802, 15483, -41, -41, 449
3802, 15483, -41, -41, 449
3802, 15482, -41, -41, 449
3802, 15483, -41, -41, 449
3802, 15482, -41, -41, 449
3802, 15482, -41, -41, 449
3801, 15482, -41, -41, 449
3801, 15481, -41, -41, 449
3800, 15482, -41, -41, 449
3802, 15483, -41, -41, 449
3804, 15482, -41, -41, 449
3804, 15482, -41, -41, 449
3803, 15482, -40, -40, 449
3802, 15482, -40, -40, 449
3802, 15482, -40, -40, 449
3802, 15482, -40, -40, 449
3801, 15482, -41, -41, 449
3800, 15482, -41, -41, 449
3801, 15482, -40, -40, 449
3801, 15482, -40, -40, 449
3801, 15482, -41, -41, 449
3802, 15481, -40, -40, 449
3804, 15483, -40, -40, 449
3804, 15482, -40, -40, 449
3804, 15482, -40, -40, 449
3803, 15483, -40, -40, 449
3803, 15483, -40, -40, 449
3802, 15484, -40, -40, 449
3803, 15482, -40, -40, 449
3803, 15482, -40, -40, 449
3801, 15482, -40, -40, 449
3801, 15482, -40, -40, 449
3805, 15481, -41, -41, 449
3805, 15481, -41, -41, 449
3802, 15492, -39, -39, 449
3883, 15500, 34, 34, 449
3891, 15500, 48, 48, 449
3891, 15500, 48, 48, 449
3895, 15500, 52, 52, 449
3895, 15500, 53, 53, 449
3895, 15500, 53, 53, 449
3896, 15500, 54, 54, 449
3896, 15500, 54, 54, 449
3898, 15500, 56, 56, 449
3898, 15500, 56, 56, 449
3900, 15499, 57, 57, 449
3900, 15500, 57, 57, 449
3899, 15500, 57, 57, 449
3899, 15500, 57, 57, 449
3900, 15500, 58, 58, 449
3902, 15500, 59, 59, 443
3902, 15500, 59, 59, 443
3902, 15500, 59, 59, 443
3901, 15499, 59, 59, 443
3901, 15499, 59, 59, 443
3902, 15499, 59, 59, 443
3901, 15501, 59, 59, 443
3902, 15500, 60, 60, 443
3902, 15500, 60, 60, 443
3902, 15500, 59, 59, 443
3902, 15500, 60, 60, 443
3902, 15500, 60, 60, 443
3902, 15500, 60, 60, 443
3902, 15500, 60, 60, 443
3902, 15500, 60, 60, 443
3902, 15500, 60, 60, 443
3902, 15500, 60, 60, 443
3902, 15499, 59, 59, 443
3903, 15500, 60, 60, 443
3903, 15500, 60, 60, 443
3902, 15500, 60, 60, 443
3903, 15499, 60, 60, 443
3902, 15500, 60, 60, 443
3902, 15500, 60, 60, 443
3902, 15501, 60, 60, 451
3902, 15501, 60, 60, 451
3902, 15499, 60, 60, 451
3902, 15501, 60, 60, 451
3902, 15501, 60, 60, 451
3902, 15499, 60, 60, 451
3902, 15500, 60, 60, 451
3902, 15500, 60, 60, 451
3903, 15500, 60, 60, 451
3903, 15500, 60, 60, 451
3902, 15500, 60, 60, 451
3902, 15501, 60, 60, 451
3902, 15500, 59, 59, 451
3901, 15500, 59, 59, 451
3901, 15500, 59, 59, 451
3903, 15499, 60, 60, 451
3902, 15499, 60, 60, 451
3901, 15499, 59, 59, 451
3901, 15499, 59, 59, 451
3902, 15500, 59, 59, 451
3901, 15499, 59, 59, 451
3901, 15499, 59, 59, 451
3903, 15500, 59, 59, 451
3902, 15500, 60, 60, 451
3902, 15499, 60, 60, 451
3902, 15500, 60, 60, 451
3902, 15500, 60, 60, 451
3902, 15500, 60, 60, 445
3903, 15500, 60, 60, 445
3903, 15500, 60, 60, 445
3903, 15500, 60, 60, 445
3902, 15499, 60, 60, 445
3902, 15499, 59, 59, 445
3901, 15500, 59, 59, 445
3901, 15500, 59, 59, 445
3902, 15499, 59, 59, 445
3902, 15499, 59, 59, 445
3902, 15500, 60, 60, 445
3901, 15499, 59, 59, 445
3902, 15500, 60, 60, 445
3902, 15500, 60, 60, 445
3903, 15500, 60, 60, 445
3902, 15499, 60, 60, 445
3902, 15500, 59, 59, 445
3902, 15500, 59, 59, 445
3902, 15500, 60, 60, 445
3902, 15500, 60, 60, 445
3902, 15499, 59, 59, 445
3902, 15499, 59, 59, 445
3902, 15499, 60, 60, 445
3902, 15500, 59, 59, 445
3902, 15499, 59, 59, 445
3902, 15499, 59, 59, 445
3902, 15500, 59, 59, 451
3901, 15500, 59, 59, 451
3901, 15499, 59, 59, 451
3901, 15499, 59, 59, 451
3901, 15499, 59, 59, 451
3901, 15499, 59, 59, 451
3901, 15499, 59, 59, 451
3903, 15499, 60, 60, 451
3902, 15499, 59, 59, 451
3902, 15499, 59, 59, 451
3902, 15499, 59, 59, 451
3902, 15499, 59, 59, 451
3902, 15499, 59, 59, 451
3902, 15500, 60, 60, 451
3902, 15499, 60, 60, 451
3902, 15499, 60, 60, 451
3902, 15499, 60, 60, 451
3903, 15499, 60, 60, 451
3901, 15499, 59, 59, 451
3901, 15499, 59, 59, 451
3902, 15499, 60, 60, 451
3902, 15499, 60, 60, 451
3902, 15499, 59, 59, 451
3901, 15499, 59, 59, 451
3901, 15499, 59, 59, 451
3902, 15498, 59, 59, 449
3902, 15498, 59, 59, 449
3902, 15499, 59, 59, 449
3901, 15499, 59, 59, 449
3901, 15499, 59, 59, 449
3902, 15499, 59, 59, 449
3902, 15500, 60, 60, 449
3861, 15476, 49, 49, 449
3861, 15476, 49, 49, 449
3813, 15480, -28, -28, 449
3813, 15480, -28, -28, 449
3810, 15481, -32, -32, 449
3810, 15481, -32, -32, 449
3807, 15482, -35, -35, 449
3807, 15482, -35, -35, 449
3807, 15481, -36, -36, 449
3804, 15481, -38, -38, 449
3802, 15481, -39, -39, 449
3804, 15481, -39, -39, 449
3804, 15481, -39, -39, 449
3803, 15481, -39, -39, 449
3802, 15481, -40, -40, 449
3804, 15482, -39, -39, 449
3801, 15481, -39, -39, 449
3801, 15481, -41, -41, 443
3801, 15481, -41, -41, 443
3803, 15482, -40, -40, 443
3803, 15482, -40, -40, 443
3803, 15482, -41, -41, 443
3804, 15482, -40, -40, 443
3802, 15482, -41, -41, 443
3802, 15482, -40, -40, 443
3803, 15481, -41, -41, 443
3803, 15481, -41, -41, 443
3800, 15482, -41, -41, 443
3802, 15482, -41, -41, 443
3802, 15482, -41, -41, 443
3801, 15481, -41, -41, 443
3804, 15482, -40, -40, 443
3804, 15482, -40, -40, 443
3804, 15483, -41, -41, 443
3802, 15483, -41, -41, 443
3802, 15483, -41, -41, 443
3800, 15482, -41, -41, 443
3801, 15482, -41, -41, 443
3801, 15482, -41, -41, 443
3803, 15482, -40, -40, 443
3803, 15482, -40, -40, 443
3802, 15482, -40, -40, 451
3802, 15482, -41, -41, 451
3801, 15482, -40, -40, 451
3803, 15482, -40, -40, 451
3803, 15482, -40, -40, 451
3803, 15482, -40, -40, 451
3803, 15482, -40, -40, 451
3803, 15483, -40, -40, 451
3802, 15482, -40, -40, 451
3801, 15482, -40, -40, 451
3801, 15482, -40, -40, 451
3803, 15482, -40, -40, 451
3801, 15482, -41, -41, 451
3802, 15482, -40, -40, 451
3803, 15482, -40, -40, 451
3802, 15483, -40, -40, 451
3802, 15483, -40, -40, 451
3802, 15483, -40, -40, 451
3801, 15483, -40, -40, 451
3802, 15483, -39, -39, 451
3803, 15482, -39, -39, 451
3803, 15482, -39, -39, 451
3803, 15483, -40, -40, 447
3803, 15483, -40, -40, 447
3804, 15483, -40, -40, 447
3804, 15483, -40, -40, 447
3803, 15483, -39, -39, 447
3803, 15483, -39, -39, 447
3803, 15483, -39, -39, 447
3803, 15483, -39, -39, 447
3804, 15483, -39, -39, 447
3804, 15483, -39, -39, 447
3805, 15482, -39, -39, 447
3805, 15482, -39, -39, 447
3805, 15483, -39, -39, 447
3803, 15482, -39, -39, 447
3803, 15482, -40, -40, 447
3802, 15483, -40, -40, 447
3802, 15483, -40, -40, 447
3801, 15481, -40, -40, 447
3801, 15482, -40, -40, 447
3803, 15482, -40, -40, 447
3804, 15483, -39, -39, 447
3804, 15483, -39, -39, 447
3804, 15483, -39, -39, 447
3803, 15483, -39, -39, 447
3802, 15483, -39, -39, 447
3801, 15482, -39, -39, 447
3802, 15483, -40, -40, 447
3804, 15482, -38, -38, 453
3801, 15483, -39, -39, 453
3801, 15483, -39, -39, 453
3803, 15482, -39, -39, 453
3802, 15482, -39, -39, 453
3802, 15482, -39, -39, 453
3802, 15483, -40, -40, 453
3803, 15482, -39, -39, 453
3803, 15482, -39, -39, 453
3804, 15483, -39, -39, 453
3804, 15483, -39, -39, 453
3803, 15483, -39, -39, 453
3803, 15483, -39, -39, 453
3803, 15482, -39, -39, 453
3803, 15482, -39, -39, 453
3804, 15483, -39, -39, 453
3804, 15483, -39, -39, 453
3803, 15484, -38, -38, 453
3804, 15483, -38, -38, 453
3874, 15501, -9, -9, 453
3891, 15501, 47, 47, 453
3891, 15501, 47, 47, 453
3895, 15500, 52, 52, 453
3895, 15500, 52, 52, 453
3897, 15501, 54, 54, 453
3898, 15500, 55, 55, 459
3898, 15500, 56, 56, 459
3899, 15501, 56, 56, 459
3901, 15501, 58, 58, 459
3901, 15501, 58, 58, 459
3901, 15500, 58, 58, 459
3901, 15501, 58, 58, 459
3902, 15500, 60, 60, 459
3903, 15501, 60, 60, 459
3902, 15500, 60, 60, 459
3902, 15500, 60, 60, 459
3903, 15500, 60, 60, 459
3903, 15500, 60, 60, 459
3902, 15501, 60, 60, 459
3903, 15500, 61, 61, 459
3904, 15501, 61, 61, 459
3903, 15500, 61, 61, 459
3902, 15501, 60, 60, 459
3903, 15500, 61, 61, 459
3903, 15501, 61, 61, 459
3903, 15501, 61, 61, 459
3903, 15501, 61, 61, 459
3903, 15500, 61, 61, 459
3904, 15500, 61, 61, 459
3904, 15500, 61, 61, 459
3904, 15500, 61, 61, 459
3903, 15500, 61, 61, 457
3904, 15500, 61, 61, 457
3904, 15501, 61, 61, 457
3904, 15501, 61, 61, 457
3904, 15501, 61, 61, 457
3904, 15500, 61, 61, 457
3904, 15500, 61, 61, 457
3904, 15500, 61, 61, 457
3905, 15500, 62, 62, 457
3904, 15501, 62, 62, 457
3904, 15501, 62, 62, 457
3904, 15501, 62, 62, 457
3904, 15501, 62, 62, 457
3904, 15500, 62, 62, 457
3903, 15499, 61, 61, 457
3905, 15500, 61, 61, 457
3903, 15500, 61, 61, 457
3904, 15500, 62, 62, 457
3904, 15500, 62, 62, 457
3904, 15500, 62, 62, 457
3904, 15499, 61, 61, 457
3904, 15499, 61, 61, 457
3903, 15501, 61, 61, 457
3904, 15500, 61, 61, 457
3904, 15499, 62, 62, 457
3903, 15499, 61, 61, 453
3903, 15499, 61, 61, 453
3903, 15500, 61, 61, 453
3904, 15500, 61, 61, 453
3904, 15501, 61, 61, 453
3904, 15500, 61, 61, 453
3905, 15500, 61, 61, 453
3904, 15500, 62, 62, 453
3905, 15501, 62, 62, 453
3903, 15501, 61, 61, 453
3903, 15501, 61, 61, 453
3904, 15499, 61, 61, 453
3904, 15499, 61, 61, 453
3903, 15500, 61, 61, 453
3903, 15500, 61, 61, 453
3904, 15500, 62, 62, 453
3904, 15500, 62, 62, 453
3903, 15500, 61, 61, 453
3903, 15500, 61, 61, 453
3905, 15501, 62, 62, 453
3904, 15500, 61, 61, 453
3903, 15500, 61, 61, 453
3903, 15500, 61, 61, 453
3904, 15500, 61, 61, 453
3904, 15499, 61, 61, 453
3904, 15499, 61, 61, 453
3904, 15500, 61, 61, 453
3904, 15500, 61, 61, 453
3903, 15500, 61, 61, 463
3903, 15500, 61, 61, 463
3903, 15500, 61, 61, 463
3903, 15500, 61, 61, 463
3904, 15500, 61, 61, 463
3904, 15500, 61, 61, 463
3903, 15500, 61, 61, 463
3903, 15500, 61, 61, 463
3903, 15500, 61, 61, 463
3903, 15500, 61, 61, 463
3904, 15499, 61, 61, 463
3904, 15499, 61, 61, 463
3903, 15500, 61, 61, 463
3904, 15500, 61, 61, 463
3902, 15500, 61, 61, 463
3903, 15500, 61, 61, 463
3903, 15500, 61, 61, 463
3903, 15500, 61, 61, 463
3903, 15500, 61, 61, 463
3903, 15500, 61, 61, 463
3904, 15499, 61, 61, 463
3903, 15499, 61, 61, 463
3903, 15500, 61, 61, 463
3903, 15500, 60, 60, 463
3903, 15500, 61, 61, 463
3902, 15499, 60, 60, 463
3904, 15499, 61, 61, 463
3905, 15499, 62, 62, 459
3903, 15499, 61, 61, 459
3903, 15499, 61, 61, 459
3903, 15500, 60, 60, 459
3903, 15500, 60, 60, 459
3903, 15500, 60, 60, 459
3903, 15500, 60, 60, 459
3903, 15500, 60, 60, 459
3903, 15500, 61, 61, 459
3903, 15500, 61, 61, 459
3903, 15499, 61, 61, 459
3903, 15499, 60, 60, 459
3903, 15499, 60, 60, 459
3903, 15499, 61, 61, 459
3903, 15499, 61, 61, 459
3902, 15500, 60, 60, 459
3903, 15500, 61, 61, 459
3903, 15500, 61, 61, 459
3902, 15500, 60, 60, 459
3815, 15481, -21, -21, 459
3815, 15481, -21, -21, 459
3815, 15481, -27, -27, 459
3812, 15481, -29, -29, 459
3808, 15480, -34, -34, 459
3808, 15480, -34, -34, 459
3806, 15483, -36, -36, 463
3806, 15482, -36, -36, 463
3805, 15482, -37, -37, 463
3804, 15482, -38, -38, 463
3804, 15482, -38, -38, 463
3805, 15481, -38, -38, 463
3804, 15481, -38, -38, 463
3804, 15482, -38, -38, 463
3804, 15483, -38, -38, 463
3804, 15482, -38, -38, 463
3804, 15482, -38, -38, 463
3803, 15482, -39, -39, 463
3804, 15483, -39, -39, 463
3803, 15482, -39, -39, 463
3803, 15482, -39, -39, 463
3803, 15482, -39, -39, 463
3804, 15481, -39, -39, 463
3803, 15482, -39, -39, 463
3805, 15482, -39, -39, 463
3804, 15482, -38, -38, 463
3804, 15482, -39, -39, 463
3803, 15482, -39, -39, 463
3804, 15482, -38, -38, 463
3803, 15482, -39, -39, 463
3803, 15482, -39, -39, 463
3803, 15482, -39, -39, 463
3803, 15482, -39, -39, 465
3802, 15482, -39, -39, 465
3803, 15482, -39, -39, 465
3803, 15482, -40, -40, 465
3804, 15483, -39, -39, 465
3804, 15483, -39, -39, 465
3804, 15482, -39, -39, 465
3802, 15482, -40, -40, 465
3802, 15482, -39, -39, 465
3802, 15482, -39, -39, 465
3802, 15482, -39, -39, 465
3803, 15482, -39, -39, 465
3803, 15482, -39, -39, 465
3804, 15483, -39, -39, 465
3804, 15483, -39, -39, 465
3804, 15483, -38, -38, 465
3803, 15483, -39, -39, 465
3803, 15482, -38, -38, 465
3803, 15483, -39, -39, 465
3804, 15483, -39, -39, 465
3803, 15483, -39, -39, 465
3804, 15484, -39, -39, 467
3804, 15484, -39, -39, 467
3805, 15483, -39, -39, 467
3802, 15482, -40, -40, 467
3802, 15482, -40, -40, 467
3803, 15482, -39, -39, 467
3802, 15482, -39, -39, 467
3802, 15482, -39, -39, 467
3804, 15483, -39, -39, 467
3804, 15483, -39, -39, 467
3805, 15482, -38, -38, 467
3805, 15482, -38, -38, 467
3803, 15483, -39, -39, 467
3805, 15482, -38, -38, 467
3805, 15482, -38, -38, 467
3803, 15482, -38, -38, 467
3803, 15483, -38, -38, 467
3804, 15483, -39, -39, 467
3803, 15483, -39, -39, 467
3805, 15483, -38, -38, 467
3804, 15482, -39, -39, 467
3805, 15483, -39, -39, 467
3805, 15483, -39, -39, 467
3805, 15484, -39, -39, 467
3804, 15483, -38, -38, 467
3804, 15483, -38, -38, 467
3803, 15482, -38, -38, 467
3804, 15483, -38, -38, 467
3805, 15483, -38, -38, 459
3805, 15482, -38, -38, 459
3805, 15483, -38, -38, 459
3805, 15483, -38, -38, 459
3805, 15483, -38, -38, 459
3805, 15482, -39, -39, 459
3804, 15482, -38, -38, 459
3804, 15482, -38, -38, 459
3804, 15483, -38, -38, 459
3803, 15483, -38, -38, 459
3805, 15484, -38, -38, 459
3804, 15483, -38, -38, 459
3804, 15483, -38, -38, 459
3805, 15483, -38, -38, 459
3806, 15484, -38, -38, 459
3806, 15484, -38, -38, 459
3805, 15483, -38, -38, 459
3805, 15483, -38, -38, 459
3804, 15483, -38, -38, 459
3805, 15483, -38, -38, 459
3805, 15483, -38, -38, 459
3804, 15483, -38, -38, 459
3804, 15483, -38, -38, 459
3803, 15483, -38, -38, 459
3805, 15483, -37, -37, 472
3805, 15483, -37, -37, 472
3805, 15483, -38, -38, 472
3806, 15483, -37, -37, 472
3842, 15501, -28, -28, 472
3842, 15501, -28, -28, 472
3891, 15501, 47, 47, 472
3891, 15501, 47, 47, 472
3897, 15500, 53, 53, 472
3897, 15500, 53, 53, 472
3898, 15501, 55, 55, 472
3899, 15501, 56, 56, 472
3900, 15501, 58, 58, 472
3901, 15502, 59, 59, 472
3901, 15501, 59, 59, 472
3902, 15500, 60, 60, 472
3902, 15500, 60, 60, 472
3903, 15501, 60, 60, 472
3903, 15501, 60, 60, 472
3902, 15501, 60, 60, 472
3903, 15501, 61, 61, 472
3903, 15501, 61, 61, 472
3904, 15500, 61, 61, 472
3904, 15501, 61, 61, 472
3904, 15501, 61, 61, 472
3904, 15500, 62, 62, 469
3904, 15501, 61, 61, 469
3904, 15500, 62, 62, 469
3904, 15500, 62, 62, 469
3905, 15500, 62, 62, 469
3905, 15500, 62, 62, 469
3904, 15501, 62, 62, 469
3904, 15500, 62, 62, 469
3905, 15500, 62, 62, 469
3905, 15500, 62, 62, 469
3905, 15500, 62, 62, 469
3905, 15500, 62, 62, 469
3905, 15500, 63, 63, 469
3905, 15501, 63, 63, 469
3905, 15500, 62, 62, 469
3905, 15500, 62, 62, 469
3906, 15500, 62, 62, 469
3904, 15501, 62, 62, 469
3905, 15501, 62, 62, 469
3905, 15500, 62, 62, 469
3905, 15500, 63, 63, 469
3904, 15500, 62, 62, 469
3905, 15501, 62, 62, 469
3905, 15501, 62, 62, 469
3904, 15500, 62, 62, 469
3904, 15500, 62, 62, 469
3904, 15500, 63, 63, 476
3905, 15498, 62, 62, 476
3905, 15500, 62, 62, 476
3905, 15500, 62, 62, 476
3905, 15500, 62, 62, 476
3905, 15501, 63, 63, 476
3905, 15501, 62, 62, 476
3905, 15501, 63, 63, 476
3905, 15501, 63, 63, 476
3905, 15501, 63, 63, 476
3905, 15501, 63, 63, 476
3905, 15500, 62, 62, 476
3905, 15500, 62, 62, 476
3904, 15499, 62, 62, 476
3905, 15500, 62, 62, 476
3905, 15500, 62, 62, 476
3905, 15500, 62, 62, 476
3904, 15501, 62, 62, 476
3905, 15500, 62, 62, 476
3903, 15499, 61, 61, 476
3904, 15500, 62, 62, 476
3904, 15500, 62, 62, 476
3903, 15500, 62, 62, 476
3904, 15500, 62, 62, 476
3904, 15500, 62, 62, 476
3905, 15500, 62, 62, 472
3904, 15499, 62, 62, 472
3904, 15499, 62, 62, 472
3904, 15500, 62, 62, 472
3904, 15499, 62, 62, 472
3905, 15500, 62, 62, 472
3904, 15501, 62, 62, 472
3904, 15501, 62, 62, 472
3904, 15500, 62, 62, 472
3904, 15500, 62, 62, 472
3903, 15499, 61, 61, 472
3903, 15499, 61, 61, 472
3904, 15500, 62, 62, 472
3904, 15500, 61, 61, 472
3904, 15500, 61, 61, 472
3905, 15500, 62, 62, 472
3904, 15500, 61, 61, 472
3904, 15500, 62, 62, 472
3903, 15500, 62, 62, 472
3904, 15500, 61, 61, 472
3904, 15500, 61, 61, 472
3904, 15500, 62, 62, 472
3905, 15500, 62, 62, 472
3903, 15499, 61, 61, 472
3903, 15499, 61, 61, 472
3903, 15499, 61, 61, 472
3904, 15499, 61, 61, 472
3903, 15500, 61, 61, 474
3903, 15500, 61, 61, 474
3903, 15500, 61, 61, 474
3903, 15500, 62, 62, 474
3903, 15500, 62, 62, 474
3904, 15500, 61, 61, 474
3904, 15500, 61, 61, 474
3903, 15499, 61, 61, 474
3903, 15499, 61, 61, 474
3904, 15499, 61, 61, 474
3903, 15499, 61, 61, 474
3903, 15500, 61, 61, 474
3904, 15499, 61, 61, 474
3904, 15499, 61, 61, 474
3903, 15500, 61, 61, 474
3904, 15499, 62, 62, 474
3904, 15499, 61, 61, 474
3903, 15499, 61, 61, 474
3903, 15499, 61, 61, 474
3904, 15499, 61, 61, 474
3904, 15500, 61, 61, 474
3903, 15499, 61, 61, 474
3903, 15499, 61, 61, 474
3902, 15499, 61, 61, 474
3904, 15499, 61, 61, 474
3904, 15499, 61, 61, 474
3904, 15499, 61, 61, 474
3903, 15500, 61, 61, 476
3903, 15500, 61, 61, 476
3904, 15499, 61, 61, 476
3904, 15499, 61, 61, 476
3825, 15480, -31, -31, 476
3825, 15480, -31, -31, 476
3814, 15482, -29, -29, 476
3812, 15481, -30, -30, 476
3812, 15481, -30, -30, 476
3808, 15481, -33, -33, 476
3808, 15482, -34, -34, 476
3808, 15482, -34, -34, 476
3807, 15481, -36, -36, 476
3807, 15481, -36, -36, 476
3808, 15481, -35, -35, 476
3807, 15482, -36, -36, 476
3805, 15482, -36, -36, 476
3805, 15482, -36, -36, 476
3805, 15482, -37, -37, 476
3805, 15481, -37, -37, 476
3805, 15481, -37, -37, 476
3804, 15482, -38, -38, 476
3804, 15482, -38, -38, 476
3804, 15482, -39, -39, 476
3804, 15481, -38, -38, 476
3804, 15481, -39, -39, 476
3804, 15481, -39, -39, 476
3804, 15481, -38, -38, 476
3804, 15481, -38, -38, 476
3805, 15482, -39, -39, 476
3804, 15482, -38, -38, 476
3803, 15483, -38, -38, 476
3803, 15483, -39, -39, 476
3803, 15482, -38, -38, 476
3803, 15482, -38, -38, 476
3804, 15482, -39, -39, 476
3803, 15481, -39, -39, 476
3803, 15481, -39, -39, 476
3803, 15482, -39, -39, 476
3804, 15483, -39, -39, 476
3803, 15482, -39, -39, 476
3803, 15482, -39, -39, 476
3804, 15482, -39, -39, 476
3803, 15482, -39, -39, 476
3803, 15482, -40, -40, 476
3803, 15482, -40, -40, 476
3803, 15482, -39, -39, 476
3803, 15483, -40, -40, 476
3803, 15483, -40, -40, 476
3803, 15482, -39, -39, 476
3803, 15483, -39, -39, 476
3802, 15482, -39, -39, 476
3802, 15482, -39, -39, 476
3805, 15483, -38, -38, 480
3805, 15483, -38, -38, 480
3804, 15482, -38, -38, 480
3803, 15482, -39, -39, 480
3804, 15483, -39, -39, 480
3804, 15482, -39, -39, 480
3803, 15481, -39, -39, 480
3803, 15481, -39, -39, 480
3805, 15483, -38, -38, 480
3805, 15482, -38, -38, 480
3805, 15483, -38, -38, 480
3805, 15483, -38, -38, 480
3804, 15482, -39, -39, 480
3804, 15482, -39, -39, 480
3804, 15482, -39, -39, 480
3804, 15482, -39, -39, 480
3804, 15482, -38, -38, 480
3804, 15482, -38, -38, 480
3804, 15483, -38, -38, 480
3804, 15483, -38, -38, 480
3804, 15483, -38, -38, 480
3804, 15483, -39, -39, 480
3806, 15483, -38, -38, 480
3805, 15483, -38, -38, 480
3805, 15483, -38, -38, 480
3804, 15482, -39, -39, 480
3804, 15483, -39, -39, 480
3804, 15483, -38, -38, 478
3805, 15482, -38, -38, 478
3805, 15482, -38, -38, 478
3804, 15483, -39, -39, 478
3806, 15482, -37, -37, 478
3806, 15482, -37, -37, 478
3806, 15483, -38, -38, 478
3806, 15483, -38, -38, 478
3805, 15482, -38, -38, 478
3803, 15482, -38, -38, 478
3805, 15481, -37, -37, 478
3804, 15483, -38, -38, 478
3804, 15483, -38, -38, 478
3805, 15483, -38, -38, 478
3805, 15483, -38, -38, 478
3806, 15483, -37, -37, 478
3804, 15482, -38, -38, 478
3804, 15482, -38, -38, 478
3805, 15483, -38, -38, 478
3805, 15483, -37, -37, 478
3806, 15482, -37, -37, 478
3806, 15482, -37, -37, 478
3806, 15483, -37, -37, 478
3806, 15483, -37, -37, 478
3805, 15483, -37, -37, 478
3805, 15483, -37, -37, 478
3803, 15483, -38, -38, 480
3803, 15483, -38, -38, 480
3805, 15483, -37, -37, 480
3805, 15483, -37, -37, 480
3805, 15483, -37, -37, 480
3805, 15482, -38, -38, 480
3805, 15482, -37, -37, 480
3805, 15482, -37, -37, 480
3804, 15482, -38, -38, 480
3806, 15483, -37, -37, 480
3804, 15484, -37, -37, 480
3805, 15483, -37, -37, 480
3805, 15483, -37, -37, 480
3803, 15484, -38, -38, 480
3799, 15484, -38, -38, 480
3799, 15484, -38, -38, 480
3806, 15484, -38, -38, 480
3890, 15501, 44, 44, 480
3890, 15501, 44, 44, 480
3897, 15501, 55, 55, 480
3901, 15501, 59, 59, 480
3901, 15501, 59, 59, 480
3902, 15501, 59, 59, 480
3903, 15501, 60, 60, 482
3903, 15501, 60, 60, 482
3903, 15501, 60, 60, 482
3903, 15501, 60, 60, 482
3902, 15500, 61, 61, 482
3904, 15500, 61, 61, 482
3904, 15500, 61, 61, 482
3904, 15500, 62, 62, 482
3904, 15501, 62, 62, 482
3904, 15501, 62, 62, 482
3904, 15501, 62, 62, 482
3904, 15501, 61, 61, 482
3905, 15501, 63, 63, 482
3905, 15501, 62, 62, 482
3905, 15501, 63, 63, 482
3905, 15501, 63, 63, 482
3905, 15501, 62, 62, 482
3905, 15501, 62, 62, 482
3905, 15500, 62, 62, 482
3904, 15501, 62, 62, 482
3905, 15501, 62, 62, 482
3905, 15501, 62, 62, 482
3905, 15500, 63, 63, 482
3904, 15501, 62, 62, 482
3905, 15501, 63, 63, 482
3905, 15500, 62, 62, 480
3905, 15500, 62, 62, 480
3904, 15500, 62, 62, 480
3905, 15500, 62, 62, 480
3905, 15500, 62, 62, 480
3906, 15500, 63, 63, 480
3905, 15500, 63, 63, 480
3904, 15500, 62, 62, 480
3905, 15500, 62, 62, 480
3905, 15500, 62, 62, 480
3905, 15500, 63, 63, 480
3905, 15500, 63, 63, 480
3904, 15500, 62, 62, 480
3904, 15500, 62, 62, 480
3904, 15500, 62, 62, 480
3905, 15500, 62, 62, 480
3905, 15500, 63, 63, 480
3904, 15500, 62, 62, 480
3904, 15500, 62, 62, 480
3905, 15500, 62, 62, 480
3905, 15500, 63, 63, 480
3904, 15500, 62, 62, 480
3905, 15500, 62, 62, 480
3905, 15499, 62, 62, 480
3905, 15499, 62, 62, 480
3904, 15500, 62, 62, 480
3904, 15500, 62, 62, 480
3904, 15500, 62, 62, 474
3905, 15500, 62, 62, 474
3905, 15499, 62, 62, 474
3906, 15500, 62, 62, 474
3905, 15501, 63, 63, 474
3905, 15501, 63, 63, 474
3905, 15500, 63, 63, 474
3905, 15500, 62, 62, 474
3905, 15500, 62, 62, 474
3905, 15500, 62, 62, 474
3905, 15500, 62, 62, 474
3906, 15500, 63, 63, 474
3905, 15500, 62, 62, 474
3904, 15499, 62, 62, 474
3905, 15500, 62, 62, 474
3904, 15500, 63, 63, 474
3903, 15500, 61, 61, 474
3903, 15500, 61, 61, 474
3904, 15499, 62, 62, 474
3905, 15500, 62, 62, 474
3905, 15500, 62, 62, 474
3904, 15500, 62, 62, 474
3904, 15499, 62, 62, 474
3904, 15500, 62, 62, 474
3905, 15500, 62, 62, 474
3905, 15500, 62, 62, 474
3904, 15500, 62, 62, 480
3904, 15500, 62, 62, 480
3904, 15500, 62, 62, 480
3904, 15500, 62, 62, 480
3905, 15500, 62, 62, 480
3903, 15500, 62, 62, 480
3904, 15500, 61, 61, 480
3904, 15500, 61, 61, 480
3904, 15499, 61, 61, 480
3904, 15500, 62, 62, 480
3904, 15500, 62, 62, 480
3903, 15500, 62, 62, 480
3903, 15500, 62, 62, 480
3904, 15500, 61, 61, 480
3904, 15500, 62, 62, 480
3905, 15500, 62, 62, 480
3904, 15499, 62, 62, 480
3904, 15499, 62, 62, 480
3905, 15500, 62, 62, 480
3904, 15499, 61, 61, 480
3904, 15499, 62, 62, 480
3904, 15499, 62, 62, 480
3904, 15499, 61, 61, 478
3904, 15498, 62, 62, 478
3904, 15498, 62, 62, 478
3904, 15499, 61, 61, 478
3903, 15500, 61, 61, 478
3904, 15499, 62, 62, 478
3904, 15499, 62, 62, 478
3905, 15498, 62, 62, 478
3904, 15500, 62, 62, 478
3904, 15499, 61, 61, 478
3904, 15498, 61, 61, 478
3904, 15498, 61, 61, 478
3905, 15500, 61, 61, 478
3905, 15500, 61, 61, 478
3904, 15498, 61, 61, 478
3813, 15484, -6, -6, 478
3813, 15484, -6, -6, 478
3813, 15481, -28, -28, 478
3813, 15481, -28, -28, 478
3811, 15482, -31, -31, 478
3811, 15482, -31, -31, 478
3809, 15481, -33, -33, 478
3809, 15481, -33, -33, 478
3809, 15482, -34, -34, 478
3807, 15482, -35, -35, 478
3806, 15482, -36, -36, 478
3806, 15482, -36, -36, 478
3804, 15482, -37, -37, 478
3804, 15482, -37, -37, 478
3803, 15482, -38, -38, 478
3804, 15482, -38, -38, 478
3805, 15482, -38, -38, 478
3805, 15483, -37, -37, 478
3805, 15482, -38, -38, 478
3804, 15482, -38, -38, 478
3804, 15482, -38, -38, 478
3805, 15483, -38, -38, 478
3804, 15483, -38, -38, 478
3803, 15482, -39, -39, 478
3803, 15482, -39, -39, 478
3803, 15483, -38, -38, 478
3803, 15483, -38, -38, 478
3804, 15482, -39, -39, 478
3804, 15483, -38, -38, 478
3804, 15483, -39, -39, 478
3804, 15483, -39, -39, 478
3805, 15483, -38, -38, 478
3804, 15482, -39, -39, 478
3802, 15483, -39, -39, 478
3802, 15483, -39, -39, 478
3803, 15483, -39, -39, 478
3803, 15483, -38, -38, 478
3804, 15483, -39, -39, 486
3804, 15483, -39, -39, 486
3805, 15482, -38, -38, 486
3805, 15483, -39, -39, 486
3805, 15483, -39, -39, 486
3804, 15483, -38, -38, 486
3804, 15483, -39, -39, 486
3804, 15483, -39, -39, 486
3804, 15483, -38, -38, 486
3804, 15483, -38, -38, 486
3804, 15482, -38, -38, 486
3804, 15483, -38, -38, 486
3805, 15483, -38, -38, 486
3805, 15483, -38, -38, 486
3805, 15483, -38, -38, 486
3805, 15481, -38, -38, 486
3804, 15482, -38, -38, 486
3805, 15482, -38, -38, 486
3805, 15483, -38, -38, 486
3805, 15483, -38, -38, 486
3804, 15483, -38, -38, 486
3804, 15483, -38, -38, 486
3805, 15482, -38, -38, 486
3805, 15482, -38, -38, 486
3804, 15483, -38, -38, 486
3804, 15483, -38, -38, 486
3803, 15483, -38, -38, 472
3803, 15484, -38, -38, 472
3803, 15484, -38, -38, 472
3805, 15483, -38, -38, 472
3805, 15483, -38, -38, 472
3805, 15483, -38, -38, 472
3805, 15483, -38, -38, 472
3804, 15483, -38, -38, 472
3804, 15483, -38, -38, 472
3803, 15483, -38, -38, 472
3803, 15483, -38, -38, 472
3804, 15483, -37, -37, 472
3804, 15483, -37, -37, 472
3805, 15483, -38, -38, 472
3805, 15483, -38, -38, 472
3805, 15483, -38, -38, 472
3803, 15484, -38, -38, 472
3803, 15484, -38, -38, 472
3805, 15483, -38, -38, 472
3803, 15483, -38, -38, 472
3803, 15483, -38, -38, 472
3805, 15484, -38, -38, 472
3805, 15481, -38, -38, 472
3805, 15481, -38, -38, 472
3806, 15483, -37, -37, 472
3806, 15483, -37, -37, 472
3806, 15483, -37, -37, 486
3804, 15483, -37, -37, 486
3805, 15483, -37, -37, 486
3805, 15483, -37, -37, 486
3804, 15483, -37, -37, 486
3805, 15484, -37, -37, 486
3805, 15484, -37, -37, 486
3805, 15483, -37, -37, 486
3805, 15484, -38, -38, 486
3804, 15484, -37, -37, 486
3805, 15484, -36, -36, 486
3806, 15483, -37, -37, 486
3806, 15483, -37, -37, 486
3804, 15483, -37, -37, 486
3806, 15483, -38, -38, 486
3806, 15484, -37, -37, 486
3806, 15484, -37, -37, 486
3806, 15484, -36, -36, 486
3806, 15484, -36, -36, 486
3806, 15483, -37, -37, 486
3806, 15483, -37, -37, 486
3806, 15484, -37, -37, 486
3806, 15484, -37, -37, 486
3805, 15484, -37, -37, 494
3806, 15484, -37, -37, 494
3891, 15501, 47, 47, 494
3891, 15501, 47, 47, 494
3896, 15501, 53, 53, 494
3896, 15501, 53, 53, 494
3898, 15501, 55, 55, 494
3900, 15500, 57, 57, 494
3900, 15500, 57, 57, 494
3901, 15501, 58, 58, 494
3901, 15501, 58, 58, 494
3902, 15500, 59, 59, 494
3903, 15500, 60, 60, 494
3903, 15500, 60, 60, 494
3904, 15501, 62, 62, 494
3904, 15501, 62, 62, 494
3904, 15501, 62, 62, 494
3904, 15501, 62, 62, 494
3905, 15500, 63, 63, 494
3905, 15500, 63, 63, 494
3905, 15500, 62, 62, 494
3905, 15500, 62, 62, 494
3904, 15501, 62, 62, 494
3905, 15501, 63, 63, 494
3905, 15501, 63, 63, 494
3906, 15500, 63, 63, 482
3905, 15501, 63, 63, 482
3905, 15500, 63, 63, 482
3905, 15501, 63, 63, 482
3905, 15501, 63, 63, 482
3905, 15501, 63, 63, 482
3906, 15501, 63, 63, 482
3905, 15501, 63, 63, 482
3905, 15501, 63, 63, 482
3905, 15501, 63, 63, 482
3905, 15501, 63, 63, 482
3906, 15500, 63, 63, 482
3906, 15500, 63, 63, 482
3906, 15501, 63, 63, 482
3906, 15501, 63, 63, 482
3906, 15501, 63, 63, 482
3906, 15500, 63, 63, 482
3906, 15500, 63, 63, 482
3906, 15500, 63, 63, 482
3905, 15501, 63, 63, 482
3905, 15501, 63, 63, 482
3906, 15501, 63, 63, 482
3905, 15501, 63, 63, 482
3906, 15500, 63, 63, 482
3906, 15500, 63, 63, 482
3905, 15500, 63, 63, 482
3904, 15501, 63, 63, 482
3904, 15501, 63, 63, 482
3905, 15499, 63, 63, 482
3906, 15501, 63, 63, 482
3905, 15500, 63, 63, 482
3905, 15500, 63, 63, 482
3905, 15500, 63, 63, 482
3905, 15500, 63, 63, 482
3905, 15500, 63, 63, 482
3905, 15500, 63, 63, 482
3905, 15500, 62, 62, 482
3905, 15500, 62, 62, 482
3905, 15500, 62, 62, 482
3905, 15501, 63, 63, 482
3905, 15500, 63, 63, 482
3905, 15500, 63, 63, 482
3905, 15500, 63, 63, 482
3905, 15500, 63, 63, 482
3905, 15500, 63, 63, 482
3905, 15499, 63, 63, 482
3906, 15499, 62, 62, 482
3904, 15499, 62, 62, 482
3904, 15500, 62, 62, 482
3904, 15500, 62, 62, 482
3905, 15499, 62, 62, 482
3904, 15499, 62, 62, 482
3905, 15500, 62, 62, 482
3905, 15500, 62, 62, 482
3904, 15500, 62, 62, 482
3904, 15499, 62, 62, 482
3904, 15499, 61, 61, 482
3904, 15500, 62, 62, 482
3905, 15500, 62, 62, 482
3905, 15500, 62, 62, 482
3904, 15499, 62, 62, 482
3904, 15499, 62, 62, 482
3905, 15500, 62, 62, 482
3904, 15499, 62, 62, 482
3904, 15499, 62, 62, 482
3904, 15500, 62, 62, 482
3904, 15500, 62, 62, 482
3904, 15500, 62, 62, 482
3904, 15498, 62, 62, 482
3905, 15500, 62, 62, 482
3905, 15500, 62, 62, 482
3904, 15500, 62, 62, 482
3905, 15500, 62, 62, 482
3905, 15500, 62, 62, 482
3905, 15498, 62, 62, 482
3905, 15498, 62, 62, 482
3905, 15499, 62, 62, 482
3904, 15500, 61, 61, 482
3904, 15499, 62, 62, 482
3904, 15500, 62, 62, 492
3904, 15500, 62, 62, 492
3904, 15499, 62, 62, 492
3904, 15499, 62, 62, 492
3904, 15499, 62, 62, 492
3904, 15499, 61, 61, 492
3903, 15499, 61, 61, 492
3904, 15499, 61, 61, 492
3903, 15499, 61, 61, 492
3904, 15500, 61, 61, 492
3904, 15500, 61, 61, 492
3903, 15499, 61, 61, 492
3904, 15499, 61, 61, 492
3904, 15500, 61, 61, 492
3904, 15500, 61, 61, 492
3904, 15500, 61, 61, 492
3903, 15499, 61, 61, 492
3903, 15499, 61, 61, 492
3903, 15499, 61, 61, 492
3902, 15499, 60, 60, 492
3902, 15499, 60, 60, 492
3904, 15499, 61, 61, 492
3904, 15499, 61, 61, 492
3904, 15499, 61, 61, 492
3903, 15499, 61, 61, 492
3903, 15499, 61, 61, 492
3902, 15498, 61, 61, 492
3902, 15499, 61, 61, 488
3902, 15499, 61, 61, 488
3903, 15499, 61, 61, 488
3903, 15499, 61, 61, 488
3903, 15499, 61, 61, 488
3692, 15481, 8, 8, 488
3692, 15481, 8, 8, 488
3743, 15466, -98, -98, 488
3743, 15466, -98, -98, 488
3731, 15465, -108, -108, 488
3731, 15465, -108, -108, 488
3731, 15467, -112, -112, 488
3731, 15467, -112, -112, 488
3727, 15466, -116, -116, 488
3725, 15467, -117, -117, 488
3725, 15467, -117, -117, 488
3723, 15467, -119, -119, 488
3720, 15467, -120, -120, 488
3720, 15467, -120, -120, 488
3719, 15467, -123, -123, 488
3719, 15467, -123, -123, 488
3722, 15467, -122, -122, 488
3722, 15467, -122, -122, 488
3717, 15467, -124, -124, 488
3720, 15468, -124, -124, 488
3716, 15466, -125, -125, 488
3716, 15466, -125, -125, 488
3718, 15467, -125, -125, 490
3718, 15467, -125, -125, 490
3718, 15466, -125, -125, 490
3718, 15466, -125, -125, 490
3719, 15468, -125, -125, 490
3715, 15467, -126, -126, 490
3715, 15467, -126, -126, 490
3715, 15467, -126, -126, 490
3715, 15467, -126, -126, 490
3715, 15467, -126, -126, 490
3715, 15467, -126, -126, 490
3716, 15467, -127, -127, 490
3716, 15468, -127, -127, 490
3716, 15468, -127, -127, 490
3716, 15468, -127, -127, 490
3714, 15468, -126, -126, 490
3714, 15468, -127, -127, 490
3714, 15468, -127, -127, 490
3715, 15468, -127, -127, 490
3715, 15468, -127, -127, 490
3718, 15467, -126, -126, 490
3718, 15467, -126, -126, 490
3717, 15467, -127, -127, 490
3715, 15469, -127, -127, 490
3714, 15468, -127, -127, 490
3714, 15468, -127, -127, 490
3715, 15467, -127, -127, 488
3717, 15468, -127, -126, 488
3717, 15468, -127, -126, 488
3717, 15467, -127, -127, 488
3717, 15467, -127, -127, 488
3715, 15469, -127, -127, 488
3715, 15469, -127, -127, 488
3713, 15467, -127, -127, 488
3713, 15467, -127, -127, 488
3718, 15467, -126, -126, 488
3718, 15467, -126, -126, 488
3717, 15468, -127, -127, 488
3717, 15468, -127, -127, 488
3716, 15467, -128, -128, 488
3716, 15467, -127, -127, 488
3716, 15467, -127, -127, 488
3717, 15468, -127, -127, 488
3717, 15468, -127, -127, 488
3713, 15468, -128, -128, 488
3713, 15468, -128, -128, 488
3714, 15468, -127, -127, 488
3714, 15468, -127, -127, 488
3718, 15469, -127, -127, 488
3718, 15469, -127, -127, 488
3718, 15468, -126, -126, 488
3718, 15468, -126, -126, 488
3717, 15469, -127, -127, 498
3717, 15469, -127, -127, 498
3714, 15468, -127, -127, 498
3714, 15468, -127, -127, 498
3715, 15469, -126, -126, 498
3714, 15469, -127, -127, 498
3716, 15468, -126, -126, 498
3716, 15468, -126, -126, 498
3716, 15468, -126, -126, 498
3718, 15468, -126, -126, 498
3718, 15468, -126, -126, 498
3717, 15468, -126, -126, 498
3717, 15468, -126, -126, 498
3717, 15468, -126, -126, 498
3717, 15469, -126, -126, 498
3717, 15469, -126, -126, 498
3715, 15468, -126, -126, 498
3715, 15468, -126, -126, 498
3718, 15468, -126, -126, 498
3718, 15468, -126, -126, 498
3720, 15469, -125, -125, 498
3720, 15469, -125, -125, 498
3717, 15470, -125, -125, 498
3717, 15470, -125, -125, 498
3716, 15469, -125, -125, 498
3716, 15469, -125, -125, 498
3719, 15468, -125, -125, 492
3719, 15468, -125, -125, 492
3718, 15469, -126, -126, 492
3718, 15469, -126, -126, 492
3716, 15468, -126, -126, 492
3719, 15469, -125, -125, 492
3718, 15469, -125, -125, 492
3716, 15468, -125, -125, 492
3716, 15468, -125, -125, 492
3717, 15468, -125, -125, 492
3717, 15468, -125, -125, 492
3719, 15469, -125, -125, 492
3719, 15469, -125, -125, 492
3719, 15469, -125, -125, 492
3719, 15469, -125, -125, 492
3716, 15468, -125, -125, 492
3716, 15468, -125, -125, 492
3724, 15467, -125, -125, 492
3724, 15467, -125, -125, 492
3719, 15468, -120, -120, 492
3865, 15500, 7, 7, 492
3882, 15500, 37, 37, 492
3882, 15500, 37, 37, 492
3889, 15500, 45, 45, 492
3892, 15500, 48, 48, 492
3892, 15500, 48, 48, 492
3893, 15500, 50, 50, 492
3894, 15500, 52, 52, 496
3897, 15500, 54, 54, 496
3899, 15502, 56, 56, 496
3899, 15501, 56, 56, 496
3899, 15501, 56, 56, 496
3900, 15501, 57, 57, 496
3900, 15501, 57, 57, 496
3901, 15501, 59, 59, 496
3901, 15501, 59, 59, 496
3901, 15501, 59, 59, 496
3901, 15501, 59, 59, 496
3903, 15501, 60, 60, 496
3903, 15501, 60, 60, 496
3902, 15502, 60, 60, 496
3902, 15502, 60, 60, 496
3904, 15502, 61, 61, 496
3903, 15501, 61, 61, 496
3905, 15501, 62, 62, 496
3904, 15500, 61, 61, 496
3904, 15500, 61, 61, 496
3904, 15501, 61, 61, 496
3904, 15501, 61, 61, 496
3905, 15501, 62, 62, 496
3904, 15500, 62, 62, 496
3904, 15500, 62, 62, 496
3905, 15500, 62, 62, 496
3905, 15500, 62, 62, 496
3904, 15499, 62, 62, 496
3905, 15500, 62, 62, 496
3905, 15500, 62, 62, 496
3905, 15500, 62, 62, 496
3905, 15500, 62, 62, 496
3904, 15500, 62, 62, 496
3904, 15500, 62, 62, 496
3905, 15501, 63, 63, 496
3905, 15501, 63, 63, 496
3904, 15500, 62, 62, 496
3904, 15500, 62, 62, 496
3906, 15501, 63, 63, 496
3906, 15501, 63, 63, 496
3904, 15500, 62, 62, 496
3905, 15501, 62, 62, 496
3905, 15501, 62, 62, 496
3905, 15500, 62, 62, 496
3905, 15500, 62, 62, 496
3905, 15500, 62, 62, 496
3905, 15500, 62, 62, 496
3905, 15501, 62, 62, 492
3905, 15501, 62, 62, 492
3904, 15501, 61, 61, 492
3904, 15501, 61, 61, 492
3904, 15500, 62, 62, 492
3904, 15500, 62, 62, 492
3904, 15501, 62, 62, 492
3904, 15501, 62, 62, 492
3905, 15500, 62, 62, 492
3905, 15500, 62, 62, 492
3905, 15500, 62, 62, 492
3905, 15500, 62, 62, 492
3904, 15499, 62, 62, 492
3904, 15499, 62, 62, 492
3905, 15500, 62, 62, 492
3905, 15500, 62, 62, 492
3904, 15500, 62, 62, 492
3905, 15500, 62, 62, 492
3905, 15500, 62, 62, 492
3904, 15500, 62, 62, 492
3904, 15500, 62, 62, 492
3904, 15500, 61, 61, 492
3904, 15500, 61, 61, 492
3904, 15500, 62, 62, 492
3904, 15500, 62, 62, 492
3904, 15499, 62, 62, 490
3904, 15499, 62, 62, 490
3905, 15499, 61, 61, 490
3904, 15500, 61, 61, 490
3905, 15499, 62, 62, 490
3905, 15499, 62, 62, 490
3905, 15500, 62, 62, 490
3905, 15500, 62, 62, 490
3904, 15500, 62, 62, 490
3904, 15500, 62, 62, 490
3904, 15500, 62, 62, 490
3904, 15500, 62, 62, 490
3904, 15500, 62, 62, 490
3904, 15500, 61, 61, 490
3904, 15500, 61, 61, 490
3903, 15500, 61, 61, 490
3903, 15500, 61, 61, 490
3904, 15500, 61, 61, 490
3905, 15500, 62, 62, 490
3905, 15500, 62, 62, 490
3904, 15499, 62, 62, 490
3905, 15498, 62, 62, 490
3904, 15500, 62, 62, 490
3904, 15500, 62, 62, 490
3904, 15499, 62, 62, 490
3904, 15499, 62, 62, 490
3904, 15500, 61, 61, 492
3904, 15500, 61, 61, 492
3905, 15499, 62, 62, 492
3903, 15500, 61, 61, 492
3904, 15498, 62, 62, 492
3904, 15498, 62, 62, 492
3904, 15501, 62, 62, 492
3904, 15501, 62, 62, 492
3903, 15500, 62, 62, 492
3904, 15500, 62, 62, 492
3904, 15500, 62, 62, 492
3904, 15500, 61, 61, 492
3904, 15500, 61, 61, 492
3903, 15499, 61, 61, 492
3903, 15499, 61, 61, 492
3903, 15500, 61, 61, 492
3903, 15500, 61, 61, 492
3752, 15468, -73, -73, 492
3741, 15467, -98, -98, 492
3741, 15467, -98, -98, 492
3735, 15467, -106, -106, 492
3735, 15467, -106, -106, 492
3736, 15466, -109, -109, 492
3732, 15466, -111, -111, 492
3727, 15466, -115, -115, 492
3725, 15466, -117, -117, 492
3725, 15466, -117, -117, 492
3723, 15467, -120, -120, 500
3723, 15467, -120, -120, 500
3723, 15468, -119, -119, 500
3723, 15467, -121, -121, 500
3721, 15467, -122, -122, 500
3721, 15467, -122, -122, 500
3721, 15467, -122, -122, 500
3721, 15467, -122, -122, 500
3718, 15468, -123, -123, 500
3718, 15467, -123, -123, 500
3718, 15467, -123, -123, 500
3718, 15468, -124, -124, 500
3718, 15468, -124, -124, 500
3720, 15468, -124, -124, 500
3720, 15468, -124, -124, 500
3718, 15468, -124, -124, 500
3718, 15468, -124, -124, 500
3716, 15467, -125, -125, 500
3716, 15467, -125, -125, 500
3717, 15468, -126, -126, 500
3717, 15468, -126, -126, 500
3718, 15469, -125, -125, 500
3718, 15469, -125, -125, 500
3716, 15467, -125, -125, 500
3716, 15467, -125, -125, 500
3716, 15466, -125, -125, 492
3716, 15466, -125, -125, 492
3716, 15468, -125, -125, 492
3715, 15467, -125, -125, 492
3717, 15468, -125, -125, 492
3718, 15468, -126, -126, 492
3718, 15468, -126, -126, 492
3718, 15468, -126, -126, 492
3717, 15469, -126, -126, 492
3717, 15469, -126, -126, 492
3716, 15468, -126, -126, 492
3715, 15467, -126, -126, 492
3716, 15468, -125, -125, 492
3717, 15468, -126, -126, 492
3716, 15467, -125, -125, 492
3716, 15468, -126, -126, 492
3716, 15468, -126, -126, 492
3718, 15468, -126, -126, 492
3718, 15468, -126, -126, 492
3719, 15468, -126, -126, 492
3719, 15468, -126, -126, 492
3719, 15468, -126, -126, 492
3718, 15468, -126, -126, 492
3718, 15468, -126, -126, 492
3720, 15469, -125, -125, 492
3719, 15469, -124, -124, 498
3715, 15468, -126, -126, 498
3715, 15468, -126, -126, 498
3716, 15468, -125, -125, 498
3716, 15468, -125, -125, 498
3716, 15468, -125, -125, 498
3719, 15469, -125, -125, 498
3717, 15468, -125, -125, 498
3717, 15468, -125, -125, 498
3717, 15468, -125, -125, 498
3717, 15468, -125, -125, 498
3717, 15468, -125, -125, 498
3718, 15469, -124, -124, 498
3717, 15469, -124, -124, 498
3716, 15469, -125, -125, 498
3716, 15469, -125, -125, 498
3719, 15469, -124, -124, 498
3719, 15469, -124, -124, 498
3719, 15469, -124, -124, 498
3719, 15469, -124, -124, 498
3716, 15469, -125, -125, 498
3716, 15469, -125, -125, 498
3716, 15469, -124, -124, 498
3719, 15469, -125, -125, 500
3719, 15469, -125, -125, 500
3720, 15470, -124, -124, 500
3720, 15470, -124, -124, 500
3720, 15470, -124, -124, 500
3720, 15470, -124, -124, 500
3717, 15469, -124, -124, 500
3717, 15469, -124, -124, 500
3719, 15470, -123, -123, 500
3719, 15469, -124, -124, 500
3719, 15469, -124, -124, 500
3720, 15469, -123, -123, 500
3720, 15469, -123, -123, 500
3719, 15468, -123, -123, 500
3718, 15469, -124, -124, 500
3722, 15470, -123, -123, 500
3722, 15470, -123, -123, 500
3719, 15470, -124, -124, 500
3719, 15470, -124, -124, 500
3717, 15470, -125, -125, 500
3717, 15470, -125, -125, 500
3718, 15468, -124, -124, 500
3718, 15468, -124, -124, 500
3720, 15470, -123, -123, 500
3718, 15468, -123, -123, 500
3718, 15468, -123, -123, 500
3719, 15469, -123, -123, 500
3720, 15470, -124, -124, 504
3720, 15470, -124, -124, 504
3719, 15470, -123, -123, 504
3726, 15469, -122, -122, 504
3726, 15469, -122, -122, 504
3874, 15501, 25, 25, 504
3874, 15501, 25, 25, 504
3886, 15501, 41, 41, 504
3886, 15501, 41, 41, 504
3891, 15502, 48, 48, 504
3891, 15502, 48, 48, 504
3895, 15502, 52, 52, 504
3895, 15502, 52, 52, 504
3896, 15501, 54, 54, 504
3896, 15501, 54, 54, 504
3899, 15502, 56, 56, 504
3899, 15502, 56, 56, 504
3901, 15502, 57, 57, 504
3901, 15502, 57, 57, 504
3902, 15501, 59, 59, 504
3902, 15501, 59, 59, 504
3902, 15501, 60, 60, 504
3904, 15502, 61, 61, 504
3904, 15502, 61, 61, 504
3904, 15500, 62, 62, 504
3904, 15500, 62, 62, 504
3904, 15502, 62, 62, 504
3905, 15501, 63, 63, 504
3905, 15501, 63, 63, 504
3905, 15502, 63, 63, 504
3905, 15502, 63, 63, 504
3905, 15501, 63, 63, 504
3905, 15501, 63, 63, 504
3906, 15502, 63, 63, 504
3906, 15501, 64, 64, 504
3906, 15501, 64, 64, 504
3906, 15501, 64, 64, 504
3906, 15501, 64, 64, 504
3906, 15500, 63, 63, 504
3906, 15500, 63, 63, 504
3906, 15502, 63, 63, 504
3906, 15501, 64, 64, 504
3907, 15501, 64, 64, 504
3907, 15501, 64, 64, 504
3906, 15501, 64, 64, 504
3906, 15501, 64, 64, 504
3906, 15500, 64, 64, 504
3906, 15501, 64, 64, 504
3906, 15501, 64, 64, 504
3906, 15500, 64, 64, 504
3906, 15500, 64, 64, 504
3907, 15501, 64, 64, 504
3907, 15501, 64, 64, 507
3906, 15500, 64, 64, 507
3906, 15500, 64, 64, 507
3906, 15501, 64, 64, 507
3906, 15501, 64, 64, 507
3906, 15501, 64, 64, 507
3906, 15501, 64, 64, 507
3906, 15499, 64, 64, 507
3906, 15499, 64, 64, 507
3906, 15500, 64, 64, 507
3906, 15501, 64, 64, 507
3906, 15501, 63, 63, 507
3906, 15501, 64, 64, 507
3906, 15499, 64, 64, 507
3906, 15499, 64, 64, 507
3906, 15501, 64, 64, 507
3906, 15501, 64, 64, 507
3906, 15501, 64, 64, 507
3906, 15500, 64, 64, 507
3906, 15500, 64, 64, 507
3906, 15500, 64, 64, 507
3907, 15501, 64, 64, 507
3905, 15501, 64, 64, 507
3906, 15501, 64, 64, 507
3906, 15501, 64, 64, 507
3907, 15501, 64, 64, 507
3907, 15501, 64, 64, 507
3906, 15500, 63, 63, 504
3906, 15500, 63, 63, 504
3907, 15500, 64, 64, 504
3907, 15500, 64, 64, 504
3907, 15500, 64, 64, 504
3907, 15500, 64, 64, 504
3906, 15500, 64, 64, 504
3906, 15500, 64, 64, 504
3907, 15500, 64, 64, 504
3907, 15500, 64, 64, 504
3906, 15500, 63, 63, 504
3906, 15500, 63, 63, 504
3905, 15500, 63, 63, 504
3905, 15500, 63, 63, 504
3905, 15500, 63, 63, 504
3906, 15500, 63, 63, 504
3905, 15500, 63, 63, 504
3905, 15501, 63, 63, 504
3906, 15500, 63, 63, 504
3906, 15500, 63, 63, 504
3906, 15500, 63, 63, 504
3904, 15498, 63, 63, 504
3904, 15498, 63, 63, 504
3905, 15500, 62, 62, 504
3905, 15500, 62, 62, 504
3905, 15500, 63, 63, 504
3905, 15500, 63, 63, 504
3906, 15501, 63, 63, 504
3906, 15501, 63, 63, 504
3905, 15500, 63, 63, 504
3905, 15500, 63, 63, 504
3904, 15499, 62, 62, 504
3904, 15499, 62, 62, 504
3905, 15500, 63, 63, 504
3905, 15500, 63, 63, 504
3905, 15500, 63, 63, 504
3906, 15499, 63, 63, 504
3905, 15500, 63, 63, 504
3905, 15500, 63, 63, 504
3905, 15500, 63, 63, 504
3905, 15501, 63, 63, 504
3905, 15501, 63, 63, 504
3905, 15499, 63, 63, 504
3905, 15500, 63, 63, 504
3906, 15500, 63, 63, 504
3906, 15500, 63, 63, 504
3905, 15500, 63, 63, 504
3905, 15500, 63, 63, 504
3905, 15500, 62, 62, 504
3905, 15500, 62, 62, 504
3906, 15501, 63, 63, 504
3906, 15501, 63, 63, 504
3905, 15500, 63, 63, 504
3905, 15500, 63, 63, 511
3905, 15500, 63, 63, 511
3749, 15467, -90, -90, 511
3749, 15467, -90, -90, 511
3737, 15469, -104, -104, 511
3737, 15469, -104, -104, 511
3729, 15468, -112, -112, 511
3729, 15468, -112, -112, 511
3726, 15468, -115, -115, 511
3726, 15468, -115, -115, 511
3726, 15467, -117, -117, 511
3726, 15467, -117, -117, 511
3726, 15469, -118, -118, 511
3726, 15469, -118, -118, 511
3720, 15468, -121, -121, 511
3720, 15468, -121, -121, 511
3721, 15467, -121, -121, 511
3721, 15467, -121, -121, 511
3722, 15467, -122, -122, 511
3722, 15467, -122, -122, 511
3719, 15468, -123, -123, 511
3719, 15468, -123, -123, 511
3720, 15467, -122, -122, 511
3717, 15467, -123, -123, 511
3717, 15468, -124, -124, 507
3717, 15468, -124, -124, 507
3720, 15468, -124, -124, 507
3720, 15468, -124, -124, 507
3721, 15469, -124, -124, 507
3718, 15469, -124, -124, 507
3718, 15469, -124, -124, 507
3717, 15467, -124, -124, 507
3717, 15467, -124, -124, 507
3717, 15468, -124, -124, 507
3719, 15468, -124, -124, 507
3720, 15468, -125, -125, 507
3718, 15468, -124, -124, 507
3718, 15468, -124, -124, 507
3722, 15469, -124, -124, 507
3722, 15469, -124, -124, 507
3716, 15468, -125, -125, 507
3716, 15468, -125, -125, 507
3715, 15468, -125, -125, 507
3715, 15468, -125, -125, 507
3717, 15468, -124, -124, 507
3717, 15466, -124, -124, 507
3719, 15469, -124, -124, 507
3719, 15469, -124, -124, 507
3719, 15470, -125, -125, 507
3719, 15470, -125, -125, 507
3717, 15467, -124, -124, 507
3717, 15467, -124, -124, 515
3716, 15468, -124, -124, 515
3718, 15468, -124, -124, 515
3719, 15468, -124, -124, 515
3719, 15470, -124, -124, 515
3721, 15469, -124, -124, 515
3721, 15469, -124, -124, 515
3717, 15469, -123, -123, 515
3715, 15469, -125, -125, 515
3718, 15469, -125, -125, 515
3716, 15468, -124, -124, 515
3720, 15470, -124, -124, 515
3720, 15470, -124, -124, 515
3719, 15470, -124, -124, 515
3719, 15470, -124, -124, 515
3717, 15469, -124, -124, 515
3717, 15469, -124, -124, 515
3718, 15468, -123, -123, 515
3719, 15469, -124, -124, 515
3719, 15469, -124, -124, 515
3721, 15469, -124, -124, 515
3721, 15469, -124, -124, 515
3719, 15470, -123, -123, 515
3719, 15470, -123, -123, 515
3716, 15469, -124, -124, 515
3716, 15469, -124, -124, 515
3718, 15470, -124, -124, 515
3718, 15470, -124, -124, 515
3719, 15469, -124, -124, 507
3721, 15470, -124, -124, 507
3717, 15470, -124, -124, 507
3717, 15470, -124, -124, 507
3717, 15470, -124, -124, 507
3717, 15470, -124, -124, 507
3717, 15469, -123, -123, 507
3717, 15469, -123, -123, 507
3719, 15469, -124, -124, 507
3719, 15469, -124, -124, 507
3720, 15471, -124, -124, 507
3720, 15471, -124, -124, 507
3716, 15469, -124, -124, 507
3716, 15469, -124, -124, 507
3719, 15469, -123, -123, 507
3719, 15469, -123, -123, 507
3717, 15469, -124, -124, 507
3717, 15469, -124, -124, 507
3718, 15469, -124, -124, 507
3718, 15469, -124, -124, 507
3722, 15470, -123, -123, 507
3722, 15470, -123, -123, 507
3718, 15469, -124, -124, 507
3718, 15469, -124, -124, 507
3718, 15469, -123, -123, 513
3718, 15469, -123, -123, 513
3722, 15469, -123, -123, 513
3722, 15470, -122, -122, 513
3720, 15470, -123, -123, 513
3721, 15469, -122, -122, 513
3719, 15470, -122, -122, 513
3718, 15469, -123, -123, 513
3718, 15469, -123, -123, 513
3718, 15469, -122, -122, 513
3719, 15470, -122, -122, 513
3719, 15470, -122, -122, 513
3750, 15503, -114, -114, 513
3750, 15503, -114, -114, 513
3878, 15501, 32, 32, 513
3878, 15501, 32, 32, 513
3885, 15502, 40, 40, 513
3888, 15502, 44, 44, 513
3891, 15502, 48, 48, 513
3895, 15501, 52, 52, 513
3895, 15501, 52, 52, 513
3899, 15501, 55, 55, 513
3899, 15501, 55, 55, 513
3899, 15502, 57, 57, 513
3899, 15502, 57, 57, 513
3900, 15502, 58, 58, 513
3902, 15502, 59, 59, 506
3902, 15502, 59, 59, 506
3902, 15502, 59, 59, 506
3902, 15502, 59, 59, 506
3903, 15501, 60, 60, 506
3903, 15501, 60, 60, 506
3904, 15501, 61, 61, 506
3905, 15501, 62, 62, 506
3905, 15501, 62, 62, 506
3905, 15500, 63, 63, 506
3905, 15502, 63, 63, 506
3905, 15501, 63, 63, 506
3907, 15501, 64, 64, 506
3907, 15501, 64, 64, 506
3907, 15501, 64, 64, 506
3907, 15503, 64, 64, 506
3907, 15503, 64, 64, 506
3906, 15502, 64, 64, 506
3907, 15500, 65, 65, 506
3907, 15501, 65, 65, 506
3907, 15501, 65, 65, 506
3906, 15501, 64, 64, 506
3906, 15502, 64, 64, 506
3906, 15502, 64, 64, 506
3907, 15502, 64, 64, 504
3907, 15502, 64, 64, 504
3908, 15501, 65, 65, 504
3907, 15502, 65, 65, 504
3907, 15502, 65, 65, 504
3907, 15502, 65, 65, 504
3907, 15502, 65, 65, 504
3907, 15502, 65, 65, 504
3907, 15501, 65, 65, 504
3907, 15501, 65, 65, 504
3907, 15501, 65, 65, 504
3907, 15501, 65, 65, 504
3908, 15501, 65, 65, 504
3907, 15501, 65, 65, 504
3906, 15501, 65, 65, 504
3906, 15501, 64, 64, 504
3907, 15501, 64, 64, 504
3907, 15502, 65, 65, 504
3907, 15501, 65, 65, 504
3907, 15501, 65, 65, 504
3907, 15501, 65, 65, 504
3907, 15501, 65, 65, 504
3907, 15501, 65, 65, 504
3907, 15501, 65, 65, 504
3907, 15501, 65, 65, 504
3907, 15500, 64, 64, 504
3907, 15500, 64, 64, 504
3907, 15501, 64, 64, 507
3907, 15501, 64, 64, 507
3907, 15501, 65, 65, 507
3907, 15500, 64, 64, 507
3907, 15500, 64, 64, 507
3907, 15500, 65, 65, 507
3908, 15500, 65, 65, 507
3906, 15501, 64, 64, 507
3906, 15501, 64, 64, 507
3907, 15501, 64, 64, 507
3907, 15501, 64, 64, 507
3907, 15500, 64, 64, 507
3907, 15500, 64, 64, 507
3907, 15501, 65, 65, 507
3907, 15501, 65, 65, 507
3906, 15500, 64, 64, 507
3906, 15500, 64, 64, 507
3905, 15500, 63, 63, 507
3907, 15501, 64, 64, 507
3906, 15500, 63, 63, 507
3906, 15500, 63, 63, 507
3905, 15500, 64, 64, 507
3906, 15501, 64, 64, 507
3906, 15500, 63, 63, 507
3906, 15501, 64, 64, 507
3907, 15500, 64, 64, 507
3907, 15500, 64, 64, 507
3906, 15501, 64, 64, 507
3906, 15500, 64, 64, 509
3906, 15500, 64, 64, 509
3906, 15500, 64, 64, 509
3906, 15501, 64, 64, 509
3906, 15500, 64, 64, 509
3906, 15500, 64, 64, 509
3906, 15500, 64, 64, 509
3906, 15500, 64, 64, 509
3906, 15500, 63, 63, 509
3906, 15501, 63, 63, 509
3906, 15501, 63, 63, 509
3907, 15501, 64, 64, 509
3906, 15501, 63, 63, 509
3906, 15501, 63, 63, 509
3906, 15499, 64, 64, 509
3905, 15500, 63, 63, 509
3905, 15500, 63, 63, 509
3905, 15500, 63, 63, 509
3905, 15500, 63, 63, 509
3906, 15500, 63, 63, 509
3905, 15501, 63, 63, 509
3906, 15501, 63, 63, 509
3906, 15501, 63, 63, 509
3907, 15500, 64, 64, 509
3907, 15500, 64, 64, 509
3905, 15500, 63, 63, 509
3906, 15502, 64, 64, 509
3906, 15502, 64, 64, 509
3905, 15500, 63, 63, 509
3905, 15500, 63, 63, 509
3905, 15501, 63, 63, 509
3905, 15501, 63, 63, 509
3905, 15501, 63, 63, 509
3905, 15500, 63, 63, 509
3905, 15500, 63, 63, 509
3905, 15500, 63, 63, 509
3905, 15500, 63, 63, 509
3904, 15500, 62, 62, 509
3905, 15500, 62, 62, 509
3904, 15447, 62, 62, 509
3749, 15466, -86, -86, 509
3737, 15467, -103, -103, 509
3737, 15467, -103, -103, 509
3730, 15466, -110, -110, 509
3730, 15466, -110, -110, 509
3729, 15467, -111, -111, 509
3729, 15468, -113, -113, 509
3730, 15468, -114, -114, 509
3726, 15468, -117, -117, 509
3726, 15468, -117, -117, 509
3722, 15468, -118, -118, 509
3722, 15468, -118, -118, 509
3721, 15467, -120, -120, 507
3721, 15467, -120, -120, 507
3722, 15468, -120, -120, 507
3722, 15468, -120, -120, 507
3723, 15469, -121, -121, 507
3723, 15469, -121, -121, 507
3719, 15467, -122, -122, 507
3719, 15467, -122, -122, 507
3720, 15468, -122, -122, 507
3720, 15468, -122, -122, 507
3719, 15468, -122, -122, 507
3719, 15468, -122, -122, 507
3719, 15468, -122, -122, 507
3722, 15468, -122, -122, 507
3722, 15468, -122, -122, 507
3721, 15469, -123, -123, 507
3718, 15468, -123, -123, 507
3718, 15468, -123, -123, 507
3717, 15467, -124, -124, 507
3717, 15468, -123, -123, 507
3717, 15468, -123, -123, 507
3718, 15467, -124, -124, 507
3718, 15467, -124, -124, 507
3721, 15468, -123, -123, 507
3721, 15468, -123, -123, 507
3719, 15468, -125, -125, 507
3719, 15468, -125, -125, 507
3717, 15469, -124, -124, 507
3717, 15469, -124, -124, 507
3716, 15468, -124, -124, 506
3716, 15468, -124, -124, 506
3719, 15468, -124, -124, 506
3719, 15468, -124, -124, 506
3719, 15469, -124, -124, 506
3719, 15469, -124, -124, 506
3717, 15469, -124, -124, 506
3717, 15469, -124, -124, 506
3717, 15469, -125, -125, 506
3717, 15469, -125, -125, 506
3719, 15468, -124, -124, 506
3719, 15468, -124, -124, 506
3719, 15469, -124, -124, 506
3719, 15469, -124, -124, 506
3719, 15470, -124, -124, 506
3719, 15470, -124, -124, 506
3716, 15469, -125, -125, 506
3716, 15469, -125, -125, 506
3718, 15469, -124, -124, 506
3718, 15469, -124, -124, 506
3718, 15468, -124, -124, 506
3718, 15469, -123, -123, 506
3718, 15470, -124, -124, 506
3720, 15470, -123, -123, 506
3720, 15470, -123, -123, 506
3719, 15470, -124, -124, 506
3719, 15470, -124, -124, 506
3718, 15469, -123, -123, 513
3718, 15469, -123, -123, 513
3717, 15468, -123, -123, 513
3717, 15468, -123, -123, 513
3720, 15469, -124, -124, 513
3720, 15469, -124, -124, 513
3719, 15470, -124, -124, 513
3719, 15470, -124, -124, 513
3719, 15469, -124, -124, 513
3719, 15469, -124, -124, 513
3719, 15471, -123, -123, 513
3719, 15470, -123, -123, 513
3719, 15470, -123, -123, 513
3721, 15469, -122, -122, 513
3721, 15469, -123, -123, 513
3721, 15469, -123, -123, 513
3721, 15469, -123, -123, 513
3721, 15470, -123, -123, 513
3721, 15470, -123, -123, 513
3718, 15469, -123, -123, 513
3718, 15469, -123, -123, 513
3719, 15469, -123, -123, 513
3719, 15469, -122, -122, 513
3721, 15470, -123, -123, 513
3721, 15470, -123, -123, 513
3721, 15470, -123, -123, 519
3721, 15470, -123, -123, 519
3719, 15470, -123, -123, 519
3719, 15469, -122, -122, 519
3719, 15469, -122, -122, 519
3718, 15469, -123, -123, 519
3718, 15470, -123, -123, 519
3718, 15470, -123, -123, 519
3719, 15469, -123, -123, 519
3718, 15470, -123, -123, 519
3718, 15470, -123, -123, 519
3719, 15469, -123, -123, 519
3719, 15469, -123, -123, 519
3723, 15469, -122, -122, 519
3723, 15469, -122, -122, 519
3720, 15470, -122, -122, 519
3719, 15470, -122, -122, 519
3719, 15470, -122, -122, 519
3719, 15469, -123, -123, 519
3719, 15469, -123, -123, 519
3722, 15469, -122, -122, 519
3722, 15470, -121, -121, 519
3722, 15470, -121, -121, 519
3722, 15483, -122, -122, 519
3722, 15483, -122, -122, 519
3874, 15502, 26, 26, 515
3880, 15502, 35, 35, 515
3886, 15502, 42, 42, 515
3893, 15502, 49, 49, 515
3893, 15502, 49, 49, 515
3896, 15502, 53, 53, 515
3896, 15502, 53, 53, 515
3898, 15502, 56, 56, 515
3899, 15501, 57, 57, 515
3899, 15501, 57, 57, 515
3900, 15501, 58, 58, 515
3900, 15501, 58, 58, 515
3902, 15502, 59, 59, 515
3902, 15502, 59, 59, 515
3903, 15501, 60, 60, 515
3904, 15501, 61, 61, 515
3904, 15501, 61, 61, 515
3905, 15501, 62, 62, 515
3905, 15501, 62, 62, 515
3904, 15503, 62, 62, 515
3904, 15503, 62, 62, 515
3906, 15503, 63, 63, 515
3906, 15503, 63, 63, 515
3907, 15502, 64, 64, 515
3907, 15502, 64, 64, 515
3907, 15502, 64, 64, 513
3907, 15502, 64, 64, 513
3906, 15501, 64, 64, 513
3907, 15502, 65, 65, 513
3907, 15502, 65, 65, 513
3907, 15501, 65, 65, 513
3907, 15501, 65, 65, 513
3907, 15501, 65, 65, 513
3907, 15502, 65, 65, 513
3907, 15501, 65, 65, 513
3907, 15501, 65, 65, 513
3907, 15501, 65, 65, 513
3907, 15500, 64, 64, 513
3907, 15501, 64, 64, 513
3907, 15501, 65, 65, 513
3908, 15502, 65, 65, 513
3908, 15502, 65, 65, 513
3907, 15502, 65, 65, 513
3907, 15502, 65, 65, 513
3907, 15501, 65, 65, 513
3907, 15501, 65, 65, 513
3907, 15501, 65, 65, 513
3907, 15501, 65, 65, 513
3907, 15501, 65, 65, 513
3908, 15502, 65, 65, 513
3908, 15502, 65, 65, 513
3907, 15500, 65, 65, 513
3907, 15502, 65, 65, 519
3907, 15501, 65, 65, 519
3907, 15501, 65, 65, 519
3906, 15501, 65, 65, 519
3906, 15501, 65, 65, 519
3907, 15502, 65, 65, 519
3907, 15501, 65, 65, 519
3907, 15501, 65, 65, 519
3907, 15501, 65, 65, 519
3907, 15501, 65, 65, 519
3907, 15500, 64, 64, 519
3907, 15501, 64, 64, 519
3907, 15501, 64, 64, 519
3906, 15502, 65, 65, 519
3906, 15502, 65, 65, 519
3907, 15501, 64, 64, 519
3907, 15501, 64, 64, 519
3907, 15501, 64, 64, 519
3906, 15501, 64, 64, 519
3907, 15501, 64, 64, 519
3907, 15501, 64, 64, 519
3907, 15501, 65, 65, 519
3907, 15501, 65, 65, 519
3907, 15501, 64, 64, 519
3907, 15501, 64, 64, 519
3906, 15501, 64, 64, 519
3906, 15501, 64, 64, 519
3907, 15501, 65, 65, 519
3907, 15501, 65, 65, 519
3906, 15501, 64, 64, 519
3907, 15501, 64, 64, 519
3906, 15500, 64, 64, 519
3906, 15500, 64, 64, 519
3907, 15501, 64, 64, 519
3907, 15501, 64, 64, 519
3906, 15501, 64, 64, 519
3907, 15501, 64, 64, 519
3907, 15501, 64, 64, 519
3907, 15502, 64, 64, 519
3907, 15502, 64, 64, 519
3907, 15501, 64, 64, 519
3906, 15500, 64, 64, 519
3906, 15500, 64, 64, 519
3906, 15501, 64, 64, 519
3907, 15500, 64, 64, 519
3907, 15500, 64, 64, 519
3906, 15501, 64, 64, 519
3906, 15501, 64, 64, 519
3907, 15501, 64, 64, 519
3907, 15501, 64, 64, 519
3906, 15500, 64, 64, 519
3906, 15501, 64, 64, 509
3906, 15501, 64, 64, 509
3905, 15501, 63, 63, 509
3905, 15501, 63, 63, 509
3906, 15500, 64, 64, 509
3906, 15501, 64, 64, 509
3906, 15501, 64, 64, 509
3906, 15500, 64, 64, 509
3905, 15501, 63, 63, 509
3905, 15500, 63, 63, 509
3905, 15500, 63, 63, 509
3906, 15501, 63, 63, 509
3905, 15500, 63, 63, 509
3905, 15500, 63, 63, 509
3906, 15500, 63, 63, 509
3906, 15500, 63, 63, 509
3906, 15501, 63, 63, 509
3906, 15501, 63, 63, 509
3906, 15499, 63, 63, 509
3905, 15500, 63, 63, 509
3905, 15500, 63, 63, 509
3905, 15500, 63, 63, 509
3905, 15501, 63, 63, 509
3744, 15471, -34, -34, 509
3744, 15471, -34, -34, 509
3751, 15467, -94, -94, 509
3744, 15467, -96, -96, 509
3738, 15468, -105, -105, 521
3738, 15468, -105, -105, 521
3733, 15469, -108, -108, 521
3732, 15467, -110, -110, 521
3730, 15468, -112, -112, 521
3726, 15468, -116, -116, 521
3726, 15468, -116, -116, 521
3724, 15468, -117, -117, 521
3724, 15468, -117, -117, 521
3724, 15468, -118, -118, 521
3723, 15468, -120, -120, 521
3725, 15469, -120, -120, 521
3721, 15467, -120, -120, 521
3721, 15467, -120, -120, 521
3722, 15469, -120, -120, 521
3722, 15469, -120, -120, 521
3720, 15468, -121, -121, 521
3720, 15468, -121, -121, 521
3723, 15468, -122, -122, 521
3722, 15469, -123, -123, 521
3720, 15469, -123, -123, 521
3720, 15469, -122, -122, 521
3721, 15467, -123, -123, 521
3719, 15467, -123, -123, 515
3719, 15467, -123, -123, 515
3720, 15468, -123, -123, 515
3720, 15468, -123, -123, 515
3718, 15469, -123, -123, 515
3718, 15469, -123, -123, 515
3718, 15469, -124, -124, 515
3718, 15469, -124, -124, 515
3719, 15470, -124, -124, 515
3719, 15469, -123, -123, 515
3720, 15468, -123, -123, 515
3719, 15470, -124, -124, 515
3719, 15470, -124, -124, 515
3720, 15469, -124, -124, 515
3720, 15469, -124, -124, 515
3720, 15469, -123, -123, 515
3718, 15469, -123, -123, 515
3718, 15469, -124, -124, 515
3718, 15469, -124, -124, 515
3718, 15469, -124, -124, 515
3718, 15469, -123, -123, 515
3717, 15470, -123, -123, 515
3720, 15469, -124, -124, 515
3720, 15469, -124, -124, 515
3719, 15469, -124, -124, 515
3721, 15469, -124, -124, 515
3720, 15470, -123, -123, 515
3718, 15470, -124, -124, 519
3718, 15470, -124, -124, 519
3719, 15469, -123, -123, 519
3719, 15469, -123, -123, 519
3717, 15469, -123, -123, 519
3721, 15469, -123, -123, 519
3721, 15469, -123, -123, 519
3720, 15470, -123, -123, 519
3719, 15470, -123, -123, 519
3719, 15470, -123, -123, 519
3718, 15469, -123, -123, 519
3718, 15469, -123, -123, 519
3718, 15468, -124, -124, 519
3718, 15468, -124, -124, 519
3721, 15469, -123, -123, 519
3721, 15469, -123, -123, 519
3721, 15469, -123, -123, 519
3721, 15469, -123, -123, 519
3720, 15469, -122, -122, 519
3720, 15469, -122, -122, 519
3719, 15469, -123, -123, 519
3718, 15469, -124, -124, 519
3718, 15468, -123, -123, 519
3721, 15469, -122, -122, 519
3721, 15469, -122, -122, 519
3720, 15470, -122, -122, 519
3720, 15470, -122, -122, 519
3720, 15471, -123, -123, 517
3718, 15469, -123, -123, 517
3720, 15469, -123, -123, 517
3718, 15469, -123, -123, 517
3720, 15470, -123, -123, 517
3720, 15470, -123, -123, 517
3721, 15470, -122, -122, 517
3721, 15470, -122, -122, 517
3719, 15470, -123, -123, 517
3722, 15470, -123, -123, 517
3720, 15469, -122, -122, 517
3720, 15469, -122, -122, 517
3720, 15471, -123, -123, 517
3720, 15471, -123, -123, 517
3720, 15469, -123, -123, 517
3720, 15469, -123, -123, 517
3721, 15470, -122, -122, 517
3721, 15470, -122, -122, 517
3721, 15471, -122, -122, 517
3721, 15470, -122, -122, 517
3720, 15470, -122, -122, 517
3720, 15470, -122, -122, 517
3719, 15470, -123, -123, 517
3719, 15470, -123, -123, 517
3721, 15470, -122, -122, 515
3719, 15470, -121, -121, 515
3721, 15471, -122, -122, 515
3721, 15471, -122, -122, 515
3720, 15471, -122, -122, 515
3720, 15471, -122, -122, 515
3718, 15471, -123, -123, 515
3718, 15471, -123, -123, 515
3722, 15469, -122, -122, 515
3857, 15502, -57, -57, 515
3873, 15503, 24, 24, 515
3873, 15503, 24, 24, 515
3886, 15502, 42, 42, 515
3886, 15502, 42, 42, 515
3890, 15502, 47, 47, 515
3894, 15502, 50, 50, 515
3896, 15502, 52, 52, 515
3898, 15503, 55, 55, 515
3898, 15503, 55, 55, 515
3899, 15502, 56, 56, 515
3902, 15503, 59, 59, 515
3902, 15503, 59, 59, 515
3902, 15502, 60, 60, 515
3902, 15502, 60, 60, 515
3904, 15502, 61, 61, 515
3904, 15502, 61, 61, 515
3904, 15502, 62, 62, 521
3904, 15502, 62, 62, 521
3905, 15500, 63, 63, 521
3905, 15500, 63, 63, 521
3905, 15502, 63, 63, 521
3906, 15502, 62, 62, 521
3906, 15502, 62, 62, 521
3906, 15502, 64, 64, 521
3906, 15502, 64, 64, 521
3906, 15503, 63, 63, 521
3906, 15503, 63, 63, 521
3907, 15502, 64, 64, 521
3907, 15503, 65, 65, 521
3907, 15503, 65, 65, 521
3907, 15501, 64, 64, 521
3907, 15501, 64, 64, 521
3906, 15501, 64, 64, 521
3906, 15501, 64, 64, 521
3907, 15502, 65, 65, 521
3907, 15502, 65, 65, 521
3908, 15503, 65, 65, 521
3907, 15502, 65, 65, 521
3907, 15502, 65, 65, 521
3908, 15502, 65, 65, 521
3908, 15502, 65, 65, 521
3907, 15502, 65, 65, 521
3907, 15502, 65, 65, 521
3909, 15503, 65, 65, 515
3909, 15503, 65, 65, 515
3907, 15502, 65, 65, 515
3908, 15501, 65, 65, 515
3908, 15501, 65, 65, 515
3908, 15502, 66, 66, 515
3908, 15502, 66, 66, 515
3908, 15502, 65, 65, 515
3908, 15502, 65, 65, 515
3908, 15502, 66, 66, 515
3907, 15501, 65, 65, 515
3907, 15502, 65, 65, 515
3907, 15502, 65, 65, 515
3907, 15500, 65, 65, 515
3907, 15500, 65, 65, 515
3907, 15501, 65, 65, 515
3908, 15501, 65, 65, 515
3907, 15501, 65, 65, 515
3907, 15501, 65, 65, 515
3908, 15501, 65, 65, 515
3908, 15501, 65, 65, 515
3908, 15502, 65, 65, 515
3908, 15502, 65, 65, 515
3907, 15501, 65, 65, 515
3907, 15501, 65, 65, 515
3907, 15502, 64, 64, 515
3907, 15502, 64, 64, 515
3907, 15502, 64, 64, 513
3907, 15502, 64, 64, 513
3908, 15501, 65, 65, 513
3908, 15501, 65, 65, 513
3908, 15501, 65, 65, 513
3907, 15501, 65, 65, 513
3908, 15500, 65, 65, 513
3907, 15501, 65, 65, 513
3907, 15501, 65, 65, 513
3907, 15501, 65, 65, 513
3907, 15501, 65, 65, 513
3907, 15501, 65, 65, 513
3907, 15501, 64, 64, 513
3907, 15501, 65, 65, 513
3907, 15501, 65, 65, 513
3907, 15500, 64, 64, 513
3906, 15500, 64, 64, 513
3906, 15501, 64, 64, 513
3906, 15501, 64, 64, 513
3906, 15501, 64, 64, 513
3906, 15501, 64, 64, 513
3907, 15501, 64, 64, 513
3907, 15501, 64, 64, 513
3906, 15501, 64, 64, 513
3907, 15500, 64, 64, 513
3906, 15500, 63, 63, 513
3906, 15500, 63, 63, 513
3907, 15501, 64, 64, 515
3907, 15501, 64, 64, 515
3907, 15501, 64, 64, 515
3907, 15502, 64, 64, 515
3907, 15501, 65, 65, 515
3907, 15501, 65, 65, 515
3906, 15500, 64, 64, 515
3906, 15500, 64, 64, 515
3906, 15500, 64, 64, 515
3907, 15501, 64, 64, 515
3907, 15501, 64, 64, 515
3906, 15501, 64, 64, 515
3906, 15501, 64, 64, 515
3906, 15500, 64, 64, 515
3906, 15500, 64, 64, 515
3905, 15500, 63, 63, 515
3906, 15500, 64, 64, 515
3906, 15500, 64, 64, 515
3907, 15500, 64, 64, 515
3907, 15500, 64, 64, 515
3906, 15501, 64, 64, 515
3906, 15501, 64, 64, 515
3906, 15501, 64, 64, 515
3906, 15500, 64, 64, 515
3906, 15501, 63, 63, 515
3906, 15501, 63, 63, 515
3905, 15501, 63, 63, 517
3905, 15501, 63, 63, 517
3906, 15501, 63, 63, 517
3906, 15501, 63, 63, 517
3906, 15501, 63, 63, 517
3905, 15501, 63, 63, 517
3906, 15501, 63, 63, 517
3906, 15501, 63, 63, 517
3906, 15499, 63, 63, 517
3906, 15499, 63, 63, 517
3905, 15500, 63, 63, 517
3905, 15500, 63, 63, 517
3906, 15501, 63, 63, 517
3906, 15501, 63, 63, 517
3906, 15500, 63, 63, 517
3906, 15500, 63, 63, 517
3905, 15500, 63, 63, 517
3905, 15500, 63, 63, 517
3905, 15500, 63, 63, 517
3905, 15500, 62, 62, 517
3906, 15500, 63, 63, 517
3906, 15500, 63, 63, 517
3905, 15501, 63, 63, 517
3904, 15500, 62, 62, 517
3905, 15500, 63, 63, 517
3906, 15500, 63, 63, 521
3905, 15500, 63, 63, 521
3905, 15499, 63, 63, 521
3905, 15500, 62, 62, 521
3905, 15499, 63, 63, 521
3905, 15499, 63, 63, 521
3905, 15500, 63, 63, 521
3906, 15501, 63, 63, 521
3906, 15501, 63, 63, 521
3906, 15500, 63, 63, 521
3906, 15500, 63, 63, 521
3905, 15500, 63, 63, 521
3905, 15500, 63, 63, 521
3906, 15500, 63, 63, 521
3905, 15501, 63, 63, 521
3905, 15501, 63, 63, 521
3904, 15499, 62, 62, 521
3905, 15500, 63, 63, 521
3905, 15500, 63, 63, 521
3905, 15500, 63, 63, 521
3904, 15501, 62, 62, 521
3905, 15500, 62, 62, 519
3905, 15500, 62, 62, 519
3905, 15500, 63, 63, 519
3905, 15500, 62, 62, 519
3905, 15500, 62, 62, 519
3905, 15500, 62, 62, 519
3905, 15500, 62, 62, 519
3904, 15500, 62, 62, 519
3904, 15500, 62, 62, 519
3905, 15498, 63, 63, 519
3905, 15498, 63, 63, 519
3905, 15499, 63, 63, 519
3905, 15499, 63, 63, 519
3904, 15500, 62, 62, 519
3905, 15500, 62, 62, 519
3904, 15500, 62, 62, 519
3904, 15500, 62, 62, 519
3904, 15499, 62, 62, 519
3904, 15499, 62, 62, 519
3904, 15500, 62, 62, 519
3903, 15500, 62, 62, 519
3904, 15499, 62, 62, 519
3904, 15499, 62, 62, 519
3904, 15499, 62, 62, 519
3904, 15500, 62, 62, 519
3904, 15500, 62, 62, 519
3905, 15499, 62, 62, 519
3905, 15499, 62, 62, 519
3904, 15500, 62, 62, 513
3904, 15500, 62, 62, 513
3905, 15500, 62, 62, 513
3904, 15499, 62, 62, 513
