3932, 15511, 90, 90, -502
3932, 15511, 90, 90, -502
3932, 15513, 90, 90, -502
3932, 15513, 90, 90, -502
3933, 15513, 91, 91, -504
3932, 15513, 91, 91, -504
3933, 15512, 90, 90, -504
3933, 15512, 90, 90, -504
3933, 15513, 90, 90, -504
3933, 15513, 90, 90, -504
3932, 15513, 90, 90, -504
3934, 15513, 91, 91, -504
3933, 15512, 90, 90, -504
3933, 15512, 90, 90, -504
3932, 15513, 90, 90, -504
3933, 15513, 90, 90, -504
3933, 15513, 90, 90, -504
3932, 15513, 90, 90, -504
3933, 15512, 90, 90, -504
3932, 15513, 90, 90, -504
3932, 15513, 90, 90, -504
3932, 15512, 90, 90, -504
3933, 15512, 90, 90, -504
3933, 15512, 90, 90, -504
3932, 15514, 90, 90, -504
3933, 15513, 90, 90, -504
3934, 15512, 90, 90, -504
3934, 15512, 90, 90, -504
3932, 15512, 90, 90, -504
3933, 15513, 90, 90, -504
3933, 15513, 90, 90, -504
3934, 15513, 91, 91, -504
3933, 15513, 90, 90, -504
3933, 15513, 91, 91, -504
3933, 15513, 91, 91, -504
3933, 15513, 91, 91, -504
3933, 15512, 90, 90, -504
3932, 15513, 90, 90, -504
3933, 15512, 90, 90, -504
3932, 15512, 90, 90, -504
3932, 15512, 90, 90, -504
3932, 15513, 90, 90, -504
3932, 15514, 90, 90, -504
3932, 15513, 89, 89, -504
3933, 15513, 90, 90, -504
3932, 15512, 91, 91, -504
3932, 15511, 90, 90, -504
3933, 15513, 91, 91, -504
3933, 15513, 91, 91, -504
3932, 15513, 90, 90, -504
3932, 15513, 91, 91, -504
3932, 15513, 91, 91, -504
3931, 15513, 90, 90, -504
3932, 15512, 89, 89, -504
3932, 15512, 90, 90, -504
3932, 15512, 90, 90, -504
3933, 15513, 90, 90, -504
3933, 15513, 90, 90, -504
3932, 15513, 90, 90, -504
3933, 15513, 90, 90, -504
3932, 15512, 90, 90, -504
3932, 15513, 90, 90, -504
3933, 15513, 90, 90, -504
3932, 15513, 90, 90, -504
3932, 15513, 90, 90, -504
3932, 15514, 90, 90, -504
3932, 15513, 90, 90, -504
3932, 15513, 90, 90, -504
3933, 15513, 90, 90, -504
3933, 15513, 90, 90, -504
3932, 15511, 90, 90, -504
3932, 15513, 90, 90, -504
3932, 15513, 90, 90, -504
3932, 15513, 90, 90, -504
3933, 15514, 90, 90, -504
3932, 15514, 90, 90, -504
3933, 15512, 90, 90, -504
3933, 15512, 90, 90, -504
3932, 15513, 90, 90, -504
3932, 15513, 90, 90, -504
3932, 15513, 90, 90, -504
3933, 15512, 90, 90, -504
3932, 15513, 90, 90, -496
3932, 15513, 90, 90, -496
3932, 15513, 90, 90, -496
3932, 15514, 90, 90, -496
3932, 15514, 90, 90, -496
3933, 15513, 90, 90, -496
3932, 15513, 90, 90, -496
3931, 15512, 89, 89, -496
3931, 15512, 89, 89, -496
3932, 15513, 90, 90, -496
3932, 15513, 90, 90, -496
3932, 15513, 90, 90, -496
3932, 15512, 90, 90, -496
3932, 15513, 90, 90, -496
3932, 15513, 90, 90, -496
3932, 15513, 90, 90, -496
3932, 15513, 90, 90, -496
3932, 15513, 90, 90, -496
3932, 15513, 90, 90, -496
3932, 15512, 89, 89, -496
3932, 15512, 89, 89, -496
3932, 15513, 90, 90, -496
3932, 15513, 90, 90, -496
3932, 15513, 90, 90, -496
3931, 15513, 90, 90, -496
3931, 15513, 90, 90, -496
3932, 15514, 90, 90, -498
3932, 15513, 90, 90, -498
3932, 15512, 90, 90, -498
3932, 15512, 90, 90, -498
3932, 15513, 90, 90, -498
3932, 15513, 90, 90, -498
3918, 15475, 86, 86, -498
3874, 15491, 34, 34, -498
3867, 15493, 24, 24, -498
3859, 15495, 19, 19, -498
3859, 15494, 17, 17, -498
3858, 15494, 16, 16, -498
3858, 15494, 16, 16, -498
3856, 15494, 14, 14, -498
3856, 15494, 13, 13, -498
3855, 15495, 12, 12, -498
3853, 15495, 10, 10, -498
3853, 15495, 10, 10, -498
3852, 15495, 10, 10, -498
3851, 15494, 8, 8, -498
3851, 15494, 9, 9, -498
3851, 15494, 9, 9, -498
3850, 15495, 8, 8, -498
3850, 15495, 7, 7, -498
3850, 15494, 7, 7, -498
3850, 15494, 7, 7, -494
3850, 15494, 7, 7, -494
3848, 15495, 6, 6, -494
3848, 15496, 6, 6, -494
3848, 15496, 6, 6, -494
3847, 15495, 5, 5, -494
3847, 15495, 5, 5, -494
3846, 15494, 5, 5, -494
3848, 15495, 4, 4, -494
3848, 15495, 4, 4, -494
3847, 15496, 4, 4, -494
3847, 15495, 4, 4, -494
3847, 15495, 4, 4, -494
3846, 15495, 3, 3, -494
3846, 15495, 3, 3, -494
3847, 15494, 3, 3, -494
3846, 15496, 4, 4, -494
3844, 15494, 3, 3, -494
3844, 15494, 3, 3, -494
3845, 15494, 4, 4, -494
3845, 15494, 4, 4, -494
3845, 15494, 3, 3, -494
3844, 15495, 3, 3, -494
3843, 15495, 2, 2, -494
3843, 15494, 2, 2, -494
3843, 15495, 1, 1, -494
3843, 15495, 1, 1, -494
3843, 15494, 1, 1, -494
3843, 15494, 1, 1, -494
3845, 15495, 1, 1, -494
3845, 15495, 1, 1, -494
3844, 15495, 2, 2, -494
3843, 15494, 1, 1, -494
3843, 15495, 2, 2, -494
3843, 15495, 2, 2, -494
3843, 15494, 1, 1, -494
3843, 15494, 1, 1, -494
3843, 15494, 0, 0, -494
3842, 15494, 0, 0, -494
3842, 15494, 1, 1, -494
3843, 15496, 0, 0, -494
3843, 15496, 0, 0, -494
3843, 15495, 0, 0, -494
3843, 15496, 0, 0, -494
3842, 15495, 0, 0, -494
3842, 15495, 0, 0, -494
3842, 15496, -1, -1, -494
3842, 15496, -1, -1, -494
3842, 15496, -1, -1, -494
3844, 15496, 0, 0, -494
3844, 15496, 0, 0, -494
3842, 15495, 0, 0, -494
3842, 15495, 0, 0, -494
3842, 15494, 0, 0, -494
3842, 15495, -1, -1, -491
3842, 15495, -1, -1, -491
3841, 15495, -1, -1, -491
3842, 15495, -1, -1, -491
3842, 15495, -1, -1, -491
3841, 15495, -1, -1, -491
3841, 15495, -1, -1, -491
3841, 15495, -1, -1, -491
3841, 15495, -1, -1, -491
3841, 15495, -1, -1, -491
3841, 15495, -1, -1, -491
3840, 15494, -2, -2, -491
3840, 15494, -2, -2, -491
3840, 15496, -2, -2, -491
3840, 15496, -2, -2, -491
3840, 15495, -2, -2, -491
3841, 15495, -1, -1, -491
3841, 15496, -2, -2, -491
3841, 15496, -2, -2, -491
3840, 15495, -3, -3, -491
3841, 15495, -2, -2, -491
3841, 15495, -2, -2, -491
3839, 15495, -2, -2, -491
3840, 15495, -2, -2, -491
3839, 15495, -2, -2, -491
3839, 15495, -2, -2, -491
3840, 15495, -3, -3, -485
3840, 15494, -3, -3, -485
3839, 15495, -3, -3, -485
3839, 15495, -3, -3, -485
3840, 15496, -2, -2, -485
3840, 15496, -2, -2, -485
3839, 15495, -3, -3, -485
3840, 15496, -3, -3, -485
3839, 15494, -3, -3, -485
3839, 15495, -3, -3, -485
3839, 15495, -3, -3, -485
3840, 15496, -3, -3, -485
3838, 15495, -3, -3, -485
3838, 15495, -3, -3, -485
3839, 15496, -4, -4, -485
3838, 15495, -4, -4, -485
3837, 15495, -4, -4, -485
3837, 15495, -4, -4, -485
3841, 15495, -1, -1, -485
3841, 15495, -1, -1, -485
3901, 15513, 57, 57, -485
3901, 15513, 57, 57, -485
3906, 15513, 61, 61, -485
3907, 15514, 64, 64, -485
3908, 15514, 66, 66, -485
3910, 15513, 67, 67, -485
3911, 15513, 68, 68, -485
3912, 15513, 69, 69, -494
3914, 15513, 70, 70, -494
3914, 15513, 70, 70, -494
3915, 15513, 72, 72, -494
3915, 15513, 72, 72, -494
3915, 15513, 73, 73, -494
3916, 15513, 74, 74, -494
3916, 15514, 74, 74, -494
3916, 15514, 74, 74, -494
3917, 15513, 74, 74, -494
3917, 15513, 75, 75, -494
3918, 15513, 76, 76, -494
3919, 15514, 76, 76, -494
3919, 15514, 76, 76, -494
3918, 15513, 76, 76, -494
3918, 15514, 76, 76, -494
3919, 15513, 77, 77, -494
3919, 15513, 77, 77, -494
3918, 15514, 76, 76, -494
3918, 15514, 76, 76, -494
3920, 15512, 77, 77, -494
3920, 15513, 78, 78, -494
3921, 15512, 78, 78, -494
3921, 15514, 79, 79, -494
3921, 15514, 79, 79, -494
3921, 15513, 78, 78, -494
3921, 15513, 78, 78, -494
3921, 15513, 79, 79, -494
3921, 15513, 79, 79, -494
3921, 15513, 79, 79, -494
3921, 15513, 79, 79, -494
3921, 15513, 79, 79, -494
3922, 15513, 79, 79, -494
3922, 15512, 80, 80, -494
3922, 15512, 80, 80, -494
3922, 15513, 80, 80, -494
3922, 15513, 80, 80, -494
3922, 15513, 80, 80, -494
3922, 15513, 80, 80, -494
3922, 15513, 80, 80, -494
3922, 15513, 80, 80, -494
3921, 15513, 80, 80, -494
3922, 15513, 80, 80, -494
3923, 15512, 80, 80, -494
3923, 15512, 81, 81, -494
3923, 15512, 81, 81, -494
3923, 15513, 80, 80, -494
3923, 15513, 81, 81, -494
3923, 15513, 81, 81, -494
3923, 15513, 80, 80, -494
3924, 15513, 81, 81, -494
3924, 15513, 81, 81, -494
3924, 15513, 82, 82, -494
3924, 15513, 82, 82, -483
3924, 15513, 81, 81, -483
3924, 15513, 81, 81, -483
3924, 15512, 82, 82, -483
3924, 15512, 82, 82, -483
3924, 15512, 81, 81, -483
3924, 15513, 82, 82, -483
3924, 15513, 82, 82, -483
3925, 15513, 82, 82, -483
3925, 15513, 82, 82, -483
3924, 15512, 82, 82, -483
3926, 15512, 83, 83, -483
3925, 15513, 83, 83, -483
3925, 15513, 83, 83, -483
3925, 15512, 82, 82, -483
3925, 15512, 82, 82, -483
3925, 15512, 82, 82, -483
3925, 15512, 83, 83, -483
3925, 15513, 83, 83, -483
3925, 15513, 82, 82, -483
3925, 15513, 82, 82, -483
3925, 15513, 83, 83, -483
3925, 15513, 83, 83, -483
3926, 15512, 83, 83, -483
3924, 15512, 83, 83, -481
3925, 15512, 83, 83, -481
3925, 15513, 82, 82, -481
3925, 15512, 83, 83, -481
3925, 15512, 83, 83, -481
3924, 15512, 82, 82, -481
3925, 15512, 83, 83, -481
3925, 15512, 83, 83, -481
3926, 15513, 83, 83, -481
3926, 15511, 83, 83, -481
3926, 15512, 83, 83, -481
3925, 15512, 83, 83, -481
3926, 15513, 83, 83, -481
3926, 15513, 83, 83, -481
3925, 15512, 83, 83, -481
3926, 15512, 83, 83, -481
3926, 15512, 83, 83, -481
3925, 15512, 83, 83, -481
3926, 15512, 83, 83, -481
3926, 15511, 84, 84, -481
3926, 15512, 83, 83, -481
3926, 15512, 83, 83, -481
3926, 15513, 83, 83, -481
3925, 15513, 83, 83, -481
3925, 15513, 83, 83, -481
3927, 15512, 84, 84, -481
3927, 15512, 84, 84, -481
3926, 15513, 84, 84, -487
3926, 15512, 84, 84, -487
3926, 15512, 84, 84, -487
3926, 15512, 84, 84, -487
3926, 15512, 84, 84, -487
3927, 15511, 84, 84, -487
3926, 15512, 83, 83, -487
3925, 15512, 84, 84, -487
3925, 15512, 84, 84, -487
3926, 15512, 84, 84, -487
3927, 15513, 84, 84, -487
3927, 15513, 84, 84, -487
3926, 15513, 84, 84, -487
3927, 15512, 85, 85, -487
3927, 15512, 85, 85, -487
3927, 15512, 85, 85, -487
3926, 15512, 84, 84, -487
3927, 15513, 84, 84, -487
3927, 15513, 84, 84, -487
3926, 15513, 84, 84, -487
3864, 15492, 25, 25, -487
3863, 15493, 21, 21, -487
3859, 15494, 18, 18, -487
3857, 15493, 16, 16, -487
3857, 15494, 15, 15, -487
3856, 15495, 13, 13, -487
3852, 15495, 10, 10, -487
3852, 15495, 10, 10, -487
3851, 15495, 9, 9, -483
3851, 15494, 9, 9, -483
3850, 15494, 8, 8, -483
3848, 15494, 6, 6, -483
3848, 15494, 6, 6, -483
3849, 15495, 6, 6, -483
3847, 15495, 6, 6, -483
3847, 15495, 6, 6, -483
3848, 15495, 5, 5, -483
3846, 15494, 4, 4, -483
3845, 15494, 4, 4, -483
3845, 15495, 3, 3, -483
3844, 15494, 4, 4, -483
3844, 15494, 4, 4, -483
3847, 15495, 3, 3, -483
3846, 15495, 2, 2, -483
3846, 15495, 2, 2, -483
3846, 15496, 2, 2, -483
3844, 15495, 2, 2, -483
3842, 15494, 1, 1, -483
3842, 15494, 1, 1, -483
3843, 15495, 2, 2, -483
3845, 15495, 2, 2, -483
3844, 15494, 2, 2, -483
3843, 15496, 1, 1, -483
3844, 15495, 1, 1, -483
3843, 15496, 1, 1, -483
3843, 15495, 0, 0, -483
3843, 15496, 1, 1, -483
3842, 15495, 1, 1, -483
3842, 15494, 0, 0, -483
3842, 15495, 0, 0, -483
3842, 15494, 0, 0, -483
3842, 15494, 0, 0, -483
3841, 15495, -1, -1, -483
3841, 15495, -1, -1, -483
3842, 15495, -1, -1, -483
3842, 15495, -1, -1, -483
3842, 15495, -1, -1, -483
3841, 15494, -1, -1, -483
3842, 15495, -1, -1, -483
3842, 15495, -1, -1, -483
3842, 15495, -1, -1, -483
3842, 15495, -1, -1, -483
3842, 15495, -1, -1, -483
3840, 15496, -1, -1, -483
3841, 15496, -1, -1, -483
3841, 15496, -1, -1, -483
3841, 15495, -2, -2, -483
3840, 15496, -2, -2, -483
3840, 15496, -2, -2, -483
3840, 15496, -2, -2, -483
3841, 15495, -2, -2, -483
3842, 15495, -1, -1, -483
3839, 15494, -2, -2, -483
3839, 15494, -2, -2, -483
3840, 15495, -3, -3, -483
3840, 15495, -2, -2, -483
3840, 15495, -2, -2, -483
3840, 15495, -2, -2, -483
3840, 15494, -3, -3, -483
3840, 15494, -3, -3, -483
3838, 15495, -3, -3, -483
3840, 15495, -3, -3, -483
3840, 15495, -3, -3, -483
3840, 15494, -3, -3, -483
3840, 15495, -3, -3, -483
3840, 15495, -3, -3, -483
3839, 15495, -3, -3, -483
3839, 15495, -3, -3, -483
3839, 15495, -3, -3, -483
3840, 15496, -3, -3, -483
3839, 15495, -3, -3, -483
3839, 15495, -4, -4, -483
3840, 15495, -3, -3, -483
3839, 15495, -4, -4, -483
3839, 15495, -4, -4, -483
3840, 15496, -3, -3, -483
3840, 15496, -4, -4, -477
3839, 15496, -4, -4, -477
3839, 15495, -4, -4, -477
3839, 15495, -4, -4, -477
3839, 15495, -4, -4, -477
3840, 15495, -4, -4, -477
3838, 15495, -4, -4, -477
3838, 15495, -4, -4, -477
3838, 15495, -4, -4, -477
3837, 15494, -4, -4, -477
3837, 15494, -4, -4, -477
3838, 15494, -4, -4, -477
3837, 15496, -5, -5, -477
3837, 15496, -5, -5, -477
3838, 15495, -5, -5, -477
3837, 15494, -5, -5, -477
3837, 15494, -5, -5, -477
3837, 15494, -4, -4, -477
3836, 15495, -4, -4, -477
3836, 15495, -4, -4, -477
3835, 15495, -5, -5, -477
3835, 15495, -5, -5, -477
3836, 15495, -6, -6, -477
3837, 15495, -5, -5, -477
3837, 15495, -5, -5, -477
3840, 15494, -4, -4, -477
3838, 15497, -4, -4, -477
3838, 15497, -4, -4, -477
3906, 15513, 62, 62, -477
3906, 15513, 63, 63, -477
3906, 15513, 63, 63, -477
3907, 15513, 65, 65, -477
3908, 15513, 65, 65, -477
3911, 15513, 68, 68, -477
3911, 15513, 69, 69, -477
3911, 15513, 69, 69, -477
3912, 15513, 69, 69, -477
3914, 15513, 71, 71, -477
3914, 15514, 72, 72, -477
3914, 15514, 72, 72, -477
3915, 15512, 72, 72, -477
3916, 15512, 73, 73, -477
3915, 15512, 73, 73, -477
3915, 15512, 73, 73, -477
3916, 15512, 73, 73, -477
3917, 15513, 74, 74, -477
3917, 15513, 74, 74, -477
3917, 15513, 75, 75, -477
3918, 15513, 75, 75, -473
3917, 15513, 75, 75, -473
3917, 15513, 75, 75, -473
3918, 15512, 75, 75, -473
3918, 15512, 75, 75, -473
3919, 15513, 76, 76, -473
3919, 15513, 76, 76, -473
3919, 15513, 76, 76, -473
3919, 15513, 76, 76, -473
3920, 15513, 77, 77, -473
3919, 15512, 76, 76, -473
3920, 15513, 77, 77, -473
3919, 15512, 77, 77, -473
3919, 15512, 77, 77, -473
3919, 15513, 77, 77, -473
3920, 15513, 77, 77, -473
3920, 15512, 77, 77, -473
3921, 15512, 78, 78, -473
3921, 15513, 78, 78, -473
3921, 15513, 78, 78, -473
3921, 15512, 78, 78, -473
3921, 15513, 78, 78, -473
3921, 15513, 78, 78, -473
3921, 15513, 79, 79, -473
3921, 15512, 79, 79, -473
3921, 15512, 79, 79, -473
3921, 15513, 78, 78, -473
3922, 15513, 79, 79, -473
3921, 15513, 79, 79, -473
3922, 15513, 79, 79, -473
3922, 15513, 79, 79, -473
3921, 15511, 79, 79, -473
3921, 15511, 79, 79, -473
3923, 15512, 80, 80, -473
3923, 15512, 80, 80, -473
3922, 15513, 79, 79, -473
3923, 15512, 80, 80, -473
3922, 15513, 80, 80, -473
3922, 15512, 80, 80, -473
3922, 15512, 80, 80, -473
3921, 15512, 79, 79, -473
3922, 15512, 80, 80, -473
3923, 15512, 80, 80, -473
3922, 15513, 80, 80, -473
3922, 15513, 80, 80, -473
3922, 15512, 80, 80, -473
3923, 15513, 81, 81, -473
3923, 15512, 80, 80, -473
3923, 15512, 80, 80, -473
3923, 15513, 80, 80, -473
3923, 15512, 81, 81, -473
3923, 15512, 80, 80, -473
3923, 15512, 81, 81, -473
3923, 15512, 81, 81, -473
3922, 15512, 80, 80, -473
3922, 15512, 80, 80, -473
3924, 15512, 81, 81, -479
3924, 15512, 81, 81, -479
3924, 15512, 81, 81, -479
3923, 15511, 81, 81, -479
3925, 15513, 81, 81, -479
3924, 15512, 81, 81, -479
3924, 15512, 82, 82, -479
3923, 15513, 81, 81, -479
3924, 15512, 81, 81, -479
3924, 15512, 82, 82, -479
3924, 15512, 82, 82, -479
3924, 15513, 81, 81, -479
3924, 15512, 81, 81, -479
3923, 15511, 81, 81, -479
3924, 15512, 81, 81, -479
3924, 15513, 82, 82, -479
3924, 15513, 82, 82, -479
3924, 15512, 81, 81, -479
3923, 15512, 81, 81, -479
3924, 15512, 82, 82, -479
3924, 15512, 82, 82, -479
3924, 15512, 82, 82, -479
3924, 15512, 82, 82, -479
3924, 15511, 82, 82, -479
3925, 15513, 82, 82, -475
3925, 15513, 82, 82, -475
3924, 15513, 82, 82, -475
3924, 15512, 82, 82, -475
3924, 15512, 82, 82, -475
3925, 15512, 82, 82, -475
3925, 15512, 83, 83, -475
3925, 15513, 83, 83, -475
3926, 15511, 83, 83, -475
3925, 15513, 83, 83, -475
3925, 15512, 83, 83, -475
3926, 15513, 83, 83, -475
3925, 15512, 83, 83, -475
3925, 15513, 83, 83, -475
3925, 15513, 83, 83, -475
3925, 15513, 83, 83, -475
3925, 15511, 83, 83, -475
3925, 15511, 83, 83, -475
3925, 15512, 82, 82, -475
3925, 15512, 83, 83, -475
3925, 15512, 83, 83, -475
3925, 15512, 83, 83, -475
3925, 15512, 83, 83, -475
3925, 15511, 83, 83, -475
3925, 15513, 83, 83, -475
3926, 15512, 83, 83, -475
3926, 15512, 83, 83, -475
3926, 15512, 83, 83, -473
3861, 15495, 27, 27, -473
3861, 15495, 27, 27, -473
3860, 15493, 19, 19, -473
3858, 15493, 16, 16, -473
3855, 15494, 13, 13, -473
3855, 15494, 13, 13, -473
3853, 15494, 11, 11, -473
3852, 15494, 9, 9, -473
3852, 15494, 9, 9, -473
3850, 15494, 9, 9, -473
3849, 15493, 8, 8, -473
3849, 15493, 7, 7, -473
3849, 15495, 6, 6, -473
3849, 15495, 6, 6, -473
3848, 15494, 6, 6, -473
3847, 15494, 5, 5, -473
3847, 15495, 4, 4, -473
3846, 15495, 4, 4, -473
3846, 15494, 4, 4, -473
3846, 15494, 4, 4, -473
3844, 15495, 3, 3, -473
3845, 15494, 3, 3, -473
3845, 15494, 3, 3, -473
3844, 15494, 2, 2, -473
3844, 15495, 1, 1, -465
3844, 15495, 1, 1, -465
3844, 15495, 1, 1, -465
3843, 15495, 1, 1, -465
3843, 15495, 0, 0, -465
3844, 15494, 0, 0, -465
3842, 15494, 0, 0, -465
3842, 15494, 0, 0, -465
3842, 15494, 0, 0, -465
3841, 15495, -1, -1, -465
3841, 15495, -1, -1, -465
3843, 15495, 0, 0, -465
3842, 15494, -1, -1, -465
3843, 15495, -1, -1, -465
3840, 15495, -1, -1, -465
3840, 15495, -1, -1, -465
3840, 15495, -1, -1, -465
3841, 15494, -1, -1, -465
3841, 15494, -1, -1, -465
3841, 15495, -1, -1, -465
3842, 15495, -1, -1, -465
3842, 15495, -1, -1, -465
3841, 15495, -1, -1, -465
3839, 15495, -2, -2, -465
3839, 15495, -2, -2, -465
3840, 15495, -2, -2, -465
3840, 15493, -2, -2, -465
3841, 15495, -2, -2, -471
3841, 15496, -2, -2, -471
3840, 15495, -3, -3, -471
3838, 15495, -3, -3, -471
3838, 15495, -3, -3, -471
3839, 15495, -3, -3, -471
3838, 15495, -4, -4, -471
3839, 15495, -4, -4, -471
3839, 15495, -4, -4, -471
3841, 15495, -3, -3, -471
3841, 15495, -3, -3, -471
3838, 15494, -4, -4, -471
3839, 15495, -4, -4, -471
3840, 15495, -3, -3, -471
3838, 15495, -4, -4, -471
3838, 15495, -4, -4, -471
3838, 15495, -4, -4, -471
3838, 15495, -4, -4, -471
3839, 15495, -4, -4, -471
3839, 15495, -4, -4, -471
3839, 15495, -4, -4, -471
3838, 15496, -4, -4, -471
3838, 15495, -4, -4, -467
3838, 15495, -4, -4, -467
3838, 15496, -5, -5, -467
3838, 15496, -5, -5, -467
3838, 15496, -5, -5, -467
3837, 15495, -4, -4, -467
3837, 15495, -4, -4, -467
3837, 15495, -5, -5, -467
3836, 15496, -5, -5, -467
3838, 15495, -5, -5, -467
3838, 15495, -5, -5, -467
3838, 15495, -5, -5, -467
3837, 15495, -5, -5, -467
3839, 15495, -5, -5, -467
3837, 15496, -5, -5, -467
3836, 15496, -5, -5, -467
3836, 15495, -5, -5, -467
3836, 15495, -5, -5, -467
3837, 15495, -6, -6, -467
3837, 15495, -6, -6, -467
3838, 15495, -5, -5, -467
3838, 15495, -5, -5, -467
3838, 15495, -5, -5, -467
3838, 15495, -4, -4, -467
3838, 15495, -4, -4, -467
3836, 15495, -5, -5, -467
3836, 15494, -6, -6, -467
3837, 15495, -6, -6, -463
3838, 15494, -6, -6, -463
3838, 15494, -6, -6, -463
3838, 15495, -6, -6, -463
3837, 15496, -6, -6, -463
3837, 15496, -6, -6, -463
3837, 15495, -6, -6, -463
3836, 15495, -6, -6, -463
3836, 15495, -6, -6, -463
3835, 15496, -6, -6, -463
3837, 15495, -6, -6, -463
3837, 15495, -6, -6, -463
3837, 15495, -7, -7, -463
3837, 15496, -5, -5, -463
3837, 15496, -5, -5, -463
3888, 15513, 19, 19, -463
3901, 15514, 57, 57, -463
3901, 15514, 57, 57, -463
3903, 15513, 60, 60, -463
3906, 15513, 62, 62, -463
3909, 15513, 66, 66, -463
3909, 15513, 66, 66, -463
3910, 15513, 68, 68, -463
3910, 15513, 68, 68, -463
3911, 15514, 69, 69, -463
3912, 15513, 70, 70, -463
3913, 15513, 70, 70, -463
3914, 15513, 71, 71, -465
3913, 15513, 71, 71, -465
3914, 15513, 71, 71, -465
3914, 15513, 71, 71, -465
3914, 15513, 72, 72, -465
3915, 15513, 72, 72, -465
3916, 15512, 73, 73, -465
3915, 15512, 73, 73, -465
3917, 15512, 74, 74, -465
3917, 15512, 74, 74, -465
3917, 15513, 75, 75, -465
3917, 15513, 75, 75, -465
3918, 15513, 75, 75, -465
3918, 15513, 75, 75, -465
3918, 15513, 75, 75, -465
3918, 15513, 76, 76, -465
3918, 15512, 76, 76, -465
3920, 15512, 76, 76, -465
3918, 15512, 76, 76, -465
3919, 15513, 77, 77, -465
3919, 15513, 77, 77, -465
3919, 15513, 77, 77, -465
3920, 15512, 77, 77, -465
3920, 15512, 77, 77, -465
3919, 15513, 77, 77, -471
3919, 15513, 77, 77, -471
3920, 15513, 78, 78, -471
3920, 15513, 78, 78, -471
3920, 15513, 78, 78, -471
3920, 15513, 78, 78, -471
3920, 15512, 78, 78, -471
3921, 15513, 78, 78, -471
3921, 15513, 78, 78, -471
3921, 15512, 78, 78, -471
3921, 15512, 78, 78, -471
3921, 15512, 78, 78, -471
3922, 15513, 79, 79, -471
3922, 15513, 80, 80, -471
3922, 15513, 80, 80, -471
3921, 15512, 79, 79, -471
3921, 15512, 79, 79, -471
3921, 15512, 79, 79, -471
3921, 15512, 80, 80, -471
3922, 15512, 79, 79, -471
3922, 15512, 79, 79, -471
3922, 15512, 79, 79, -471
3921, 15512, 79, 79, -471
3921, 15512, 79, 79, -471
3922, 15513, 80, 80, -471
3922, 15513, 80, 80, -471
3923, 15511, 80, 80, -456
3922, 15513, 80, 80, -456
3922, 15512, 80, 80, -456
3922, 15512, 80, 80, -456
3922, 15512, 80, 80, -456
3923, 15512, 80, 80, -456
3923, 15512, 80, 80, -456
3924, 15513, 80, 80, -456
3924, 15512, 81, 81, -456
3924, 15512, 81, 81, -456
3923, 15513, 81, 81, -456
3924, 15512, 82, 82, -456
3924, 15513, 81, 81, -456
3924, 15513, 81, 81, -456
3922, 15513, 81, 81, -456
3924, 15512, 81, 81, -456
3924, 15513, 81, 81, -456
3924, 15513, 81, 81, -456
3923, 15513, 81, 81, -456
3923, 15512, 81, 81, -456
3923, 15512, 81, 81, -456
3924, 15513, 81, 81, -456
3924, 15512, 81, 81, -461
3923, 15513, 81, 81, -461
3923, 15513, 81, 81, -461
3924, 15513, 82, 82, -461
3923, 15512, 81, 81, -461
3924, 15512, 81, 81, -461
3924, 15512, 82, 82, -461
3924, 15512, 82, 82, -461
3924, 15513, 82, 82, -461
3924, 15513, 82, 82, -461
3925, 15513, 82, 82, -461
3924, 15514, 82, 82, -461
3924, 15513, 81, 81, -461
3924, 15513, 81, 81, -461
3925, 15512, 81, 81, -461
3924, 15512, 82, 82, -461
3924, 15512, 82, 82, -461
3924, 15513, 82, 82, -461
3924, 15512, 82, 82, -461
3924, 15512, 82, 82, -461
3925, 15511, 82, 82, -461
3923, 15512, 81, 81, -461
3925, 15512, 82, 82, -461
3925, 15512, 82, 82, -461
3924, 15512, 82, 82, -461
3925, 15512, 82, 82, -465
3925, 15512, 82, 82, -465
3925, 15512, 82, 82, -465
3925, 15512, 83, 83, -465
3925, 15513, 83, 83, -465
3924, 15512, 82, 82, -465
3925, 15512, 83, 83, -465
3925, 15512, 83, 83, -465
3925, 15512, 82, 82, -465
3924, 15512, 82, 82, -465
3924, 15512, 82, 82, -465
3924, 15512, 82, 82, -465
3924, 15513, 83, 83, -465
3868, 15491, 18, 18, -465
3868, 15491, 18, 18, -465
3857, 15494, 16, 16, -465
3857, 15494, 16, 16, -465
3856, 15493, 13, 13, -465
3854, 15493, 12, 12, -465
3852, 15495, 10, 10, -465
3851, 15494, 9, 9, -465
3850, 15495, 8, 8, -465
3849, 15494, 7, 7, -465
3849, 15494, 6, 6, -465
3848, 15494, 6, 6, -465
3848, 15494, 6, 6, -465
3847, 15495, 4, 4, -465
3847, 15495, 4, 4, -465
3848, 15494, 5, 5, -456
3846, 15495, 4, 4, -456
3846, 15495, 4, 4, -456
3844, 15495, 2, 2, -456
3844, 15495, 2, 2, -456
3843, 15495, 1, 1, -456
3843, 15495, 1, 1, -456
3843, 15495, 1, 1, -456
3843, 15496, 1, 1, -456
3843, 15495, 0, 0, -456
3843, 15495, 0, 0, -456
3843, 15495, 0, 0, -456
3844, 15493, 0, 0, -456
3842, 15494, -1, -1, -456
3843, 15495, -1, -1, -456
3843, 15495, -1, -1, -456
3842, 15496, -1, -1, -456
3842, 15496, -1, -1, -456
3840, 15494, -2, -2, -456
3841, 15495, -1, -1, -456
3841, 15495, -2, -2, -456
3841, 15495, -2, -2, -456
3842, 15494, -1, -1, -456
3840, 15495, -3, -3, -456
3840, 15495, -3, -3, -456
3840, 15495, -2, -2, -456
3840, 15495, -2, -2, -456
3840, 15495, -2, -2, -456
3840, 15496, -2, -2, -456
3839, 15495, -2, -2, -456
3839, 15495, -3, -3, -456
3840, 15495, -3, -3, -456
3839, 15496, -3, -3, -456
3839, 15495, -3, -3, -456
3840, 15495, -3, -3, -456
3840, 15495, -3, -3, -456
3840, 15495, -3, -3, -456
3839, 15495, -3, -3, -456
3838, 15494, -3, -3, -456
3838, 15494, -3, -3, -456
3840, 15496, -3, -3, -456
3840, 15496, -3, -3, -456
3839, 15495, -4, -4, -456
3839, 15495, -4, -4, -456
3839, 15496, -4, -4, -456
3839, 15494, -4, -4, -456
3838, 15496, -4, -4, -456
3838, 15494, -4, -4, -456
3838, 15495, -4, -4, -456
3838, 15495, -4, -4, -456
3838, 15495, -4, -4, -467
3837, 15494, -4, -4, -467
3837, 15494, -4, -4, -467
3837, 15495, -4, -4, -467
3838, 15494, -4, -4, -467
3838, 15496, -5, -5, -467
3839, 15495, -4, -4, -467
3839, 15495, -4, -4, -467
3838, 15495, -5, -5, -467
3838, 15495, -5, -5, -467
3838, 15495, -5, -5, -467
3837, 15494, -5, -5, -467
3837, 15494, -5, -5, -467
3837, 15495, -5, -5, -467
3838, 15495, -5, -5, -467
3838, 15495, -5, -5, -467
3838, 15495, -5, -5, -467
3838, 15495, -5, -5, -467
3837, 15495, -5, -5, -467
3836, 15496, -5, -5, -467
3837, 15495, -5, -5, -467
3836, 15496, -5, -5, -467
3837, 15495, -5, -5, -467
3838, 15494, -5, -5, -467
3838, 15495, -5, -5, -467
3837, 15496, -5, -5, -467
3837, 15496, -5, -5, -467
3837, 15495, -6, -6, -463
3837, 15494, -6, -6, -463
3837, 15495, -6, -6, -463
3836, 15494, -6, -6, -463
3836, 15494, -6, -6, -463
3837, 15496, -6, -6, -463
3837, 15495, -6, -6, -463
3837, 15495, -6, -6, -463
3836, 15494, -6, -6, -463
3835, 15494, -6, -6, -463
3837, 15495, -6, -6, -463
3836, 15495, -6, -6, -463
3837, 15494, -5, -5, -463
3837, 15494, -5, -5, -463
3837, 15495, -6, -6, -463
3837, 15495, -6, -6, -463
3837, 15495, -6, -6, -463
3835, 15496, -6, -6, -463
3835, 15496, -6, -6, -463
3835, 15495, -7, -7, -463
3839, 15495, -5, -5, -463
3886, 15513, 17, 17, -463
3897, 15514, 49, 49, -454
3897, 15514, 49, 49, -454
3903, 15513, 60, 60, -454
3903, 15513, 60, 60, -454
3906, 15512, 64, 64, -454
3906, 15512, 64, 64, -454
3908, 15513, 65, 65, -454
3909, 15512, 67, 67, -454
3910, 15512, 68, 68, -454
3910, 15512, 68, 68, -454
3911, 15512, 68, 68, -454
3913, 15513, 70, 70, -454
3913, 15513, 70, 70, -454
3913, 15513, 71, 71, -454
3913, 15513, 71, 71, -454
3913, 15513, 71, 71, -454
3914, 15513, 72, 72, -454
3915, 15513, 72, 72, -454
3916, 15512, 73, 73, -454
3916, 15512, 73, 73, -454
3916, 15512, 73, 73, -454
3915, 15511, 73, 73, -454
3915, 15511, 73, 73, -454
3917, 15512, 74, 74, -454
3917, 15513, 75, 75, -454
3917, 15513, 75, 75, -454
3917, 15513, 75, 75, -454
3918, 15513, 75, 75, -454
3919, 15512, 76, 76, -454
3919, 15513, 76, 76, -458
3919, 15513, 76, 76, -458
3918, 15513, 76, 76, -458
3918, 15512, 76, 76, -458
3919, 15513, 76, 76, -458
3919, 15513, 76, 76, -458
3919, 15513, 76, 76, -458
3919, 15513, 77, 77, -458
3919, 15513, 77, 77, -458
3921, 15513, 78, 78, -458
3921, 15513, 78, 78, -458
3919, 15513, 78, 78, -458
3919, 15513, 77, 77, -458
3920, 15513, 77, 77, -458
3921, 15513, 79, 79, -458
3920, 15512, 78, 78, -458
3920, 15512, 78, 78, -458
3922, 15512, 79, 79, -458
3921, 15512, 78, 78, -458
3921, 15512, 78, 78, -458
3921, 15512, 79, 79, -458
3921, 15512, 79, 79, -458
3921, 15513, 78, 78, -458
3921, 15511, 78, 78, -458
3922, 15513, 79, 79, -458
3921, 15512, 79, 79, -450
3921, 15512, 79, 79, -450
3922, 15513, 79, 79, -450
3921, 15513, 79, 79, -450
3923, 15512, 80, 80, -450
3921, 15512, 80, 80, -450
3922, 15512, 80, 80, -450
3922, 15512, 80, 80, -450
3922, 15513, 80, 80, -450
3923, 15513, 80, 80, -450
3922, 15512, 80, 80, -450
3922, 15512, 80, 80, -450
3923, 15512, 80, 80, -450
3923, 15512, 80, 80, -450
3922, 15512, 80, 80, -450
3922, 15512, 80, 80, -450
3923, 15513, 80, 80, -450
3923, 15513, 80, 80, -450
3923, 15513, 80, 80, -450
3923, 15513, 80, 80, -450
3922, 15512, 80, 80, -450
3923, 15512, 80, 80, -450
3923, 15512, 80, 80, -450
3923, 15512, 80, 80, -450
3923, 15512, 80, 80, -450
3922, 15512, 80, 80, -454
3922, 15512, 80, 80, -454
3924, 15512, 81, 81, -454
3923, 15512, 81, 81, -454
3923, 15513, 81, 81, -454
3923, 15512, 81, 81, -454
3923, 15513, 81, 81, -454
3923, 15513, 81, 81, -454
3923, 15512, 81, 81, -454
3923, 15512, 81, 81, -454
3924, 15511, 81, 81, -454
3924, 15511, 81, 81, -454
3924, 15512, 82, 82, -454
3923, 15512, 81, 81, -454
3924, 15514, 81, 81, -454
3924, 15514, 81, 81, -454
3924, 15513, 82, 82, -454
3924, 15512, 82, 82, -454
3924, 15512, 82, 82, -454
3923, 15512, 82, 82, -454
3925, 15513, 82, 82, -454
3925, 15513, 82, 82, -454
3925, 15513, 82, 82, -454
3925, 15513, 82, 82, -454
3924, 15513, 82, 82, -458
3924, 15513, 82, 82, -458
3924, 15512, 82, 82, -458
3925, 15512, 82, 82, -458
3924, 15512, 82, 82, -458
3925, 15512, 82, 82, -458
3924, 15512, 82, 82, -458
3923, 15511, 81, 81, -458
3924, 15512, 82, 82, -458
3924, 15512, 82, 82, -458
3924, 15512, 82, 82, -458
3925, 15513, 83, 83, -458
3925, 15513, 83, 83, -458
3924, 15512, 82, 82, -458
3925, 15512, 82, 82, -458
3925, 15512, 82, 82, -458
3926, 15512, 82, 82, -458
3924, 15512, 83, 83, -458
3925, 15512, 83, 83, -458
3925, 15512, 82, 82, -458
3925, 15513, 83, 83, -458
3859, 15495, 17, 17, -458
3859, 15495, 17, 17, -458
3855, 15495, 15, 15, -450
3852, 15494, 11, 11, -450
3852, 15494, 11, 11, -450
3851, 15493, 8, 8, -450
3847, 15495, 5, 5, -450
3846, 15495, 5, 5, -450
3846, 15495, 5, 5, -450
3847, 15494, 5, 5, -450
3845, 15495, 3, 3, -450
3844, 15493, 3, 3, -450
3844, 15493, 3, 3, -450
3846, 15494, 3, 3, -450
3844, 15494, 2, 2, -450
3844, 15494, 2, 2, -450
3844, 15495, 2, 2, -450
3844, 15494, 1, 1, -450
3843, 15494, 1, 1, -450
3842, 15494, 1, 1, -450
3842, 15494, 1, 1, -450
3841, 15495, 0, 0, -450
3841, 15495, 0, 0, -450
3841, 15494, -1, -1, -450
3842, 15495, 0, 0, -450
3842, 15495, 0, 0, -450
3843, 15494, 0, 0, -450
3841, 15495, -1, -1, -450
3841, 15495, -1, -1, -450
3841, 15494, -2, -2, -450
3841, 15494, -2, -2, -450
3841, 15494, -2, -2, -450
3841, 15495, -1, -1, -450
3841, 15495, -1, -1, -450
3841, 15495, -1, -1, -450
3839, 15495, -3, -3, -450
3842, 15495, -1, -1, -450
3841, 15495, -2, -2, -450
3840, 15495, -2, -2, -450
3840, 15495, -2, -2, -450
3839, 15495, -3, -3, -450
3839, 15495, -3, -3, -450
3839, 15495, -3, -3, -450
3840, 15496, -3, -3, -450
3839, 15494, -4, -4, -450
3839, 15494, -4, -4, -450
3839, 15495, -4, -4, -450
3839, 15494, -3, -3, -450
3839, 15495, -3, -3, -450
3839, 15495, -3, -3, -450
3839, 15495, -3, -3, -450
3841, 15495, -3, -3, -450
3839, 15495, -4, -4, -450
3839, 15495, -4, -4, -450
3839, 15495, -3, -3, -454
3839, 15495, -3, -3, -454
3839, 15495, -3, -3, -454
3840, 15494, -4, -4, -454
3840, 15494, -4, -4, -454
3839, 15495, -4, -4, -454
3839, 15495, -4, -4, -454
3838, 15495, -4, -4, -454
3838, 15495, -5, -5, -454
3837, 15495, -4, -4, -454
3837, 15495, -6, -6, -454
3838, 15495, -5, -5, -454
3837, 15496, -5, -5, -454
3837, 15495, -5, -5, -454
3837, 15495, -5, -5, -454
3838, 15495, -5, -5, -454
3838, 15496, -5, -5, -454
3837, 15495, -5, -5, -454
3837, 15495, -5, -5, -454
3837, 15496, -6, -6, -454
3837, 15495, -6, -6, -454
3837, 15495, -6, -6, -454
3837, 15495, -5, -5, -454
3837, 15494, -6, -6, -454
3837, 15494, -6, -6, -454
3837, 15495, -6, -6, -452
3837, 15494, -5, -5, -452
3837, 15494, -5, -5, -452
3836, 15495, -6, -6, -452
3836, 15495, -6, -6, -452
3837, 15495, -6, -6, -452
3837, 15495, -6, -6, -452
3837, 15495, -6, -6, -452
3837, 15495, -6, -6, -452
3836, 15496, -6, -6, -452
3836, 15496, -6, -6, -452
3835, 15495, -6, -6, -452
3836, 15495, -6, -6, -452
3836, 15495, -6, -6, -452
3836, 15494, -6, -6, -452
3836, 15494, -6, -6, -452
3837, 15494, -6, -6, -452
3838, 15495, -5, -5, -452
3837, 15495, -6, -6, -452
3836, 15493, -6, -6, -452
3836, 15494, -6, -6, -452
3836, 15495, -6, -6, -452
3836, 15496, -6, -6, -452
3836, 15495, -6, -6, -450
3836, 15495, -6, -6, -450
3835, 15496, -7, -7, -450
3836, 15495, -7, -7, -450
3836, 15496, -6, -6, -450
3836, 15495, -7, -7, -450
3836, 15495, -7, -7, -450
3836, 15495, -7, -7, -450
3836, 15499, -6, -6, -450
3892, 15514, 31, 31, -450
3892, 15514, 31, 31, -450
3901, 15513, 57, 57, -450
3901, 15513, 57, 57, -450
3904, 15513, 61, 61, -450
3907, 15512, 63, 63, -450
3909, 15514, 66, 66, -450
3909, 15514, 66, 66, -450
3911, 15513, 68, 68, -450
3911, 15513, 69, 69, -450
3911, 15513, 69, 69, -450
3913, 15513, 70, 70, -450
3913, 15512, 71, 71, -450
3913, 15512, 71, 71, -450
3915, 15513, 72, 72, -450
3915, 15513, 72, 72, -450
3915, 15513, 72, 72, -450
3915, 15513, 73, 73, -450
3915, 15512, 73, 73, -452
3917, 15512, 74, 74, -452
3917, 15512, 74, 74, -452
3916, 15513, 75, 75, -452
3916, 15513, 75, 75, -452
3917, 15512, 74, 74, -452
3917, 15512, 75, 75, -452
3917, 15512, 75, 75, -452
3918, 15512, 75, 75, -452
3918, 15513, 76, 76, -452
3918, 15512, 76, 76, -452
3918, 15512, 76, 76, -452
3919, 15513, 77, 77, -452
3919, 15514, 76, 76, -452
3919, 15514, 76, 76, -452
3920, 15513, 76, 76, -452
3920, 15513, 76, 76, -452
3920, 15514, 77, 77, -452
3920, 15512, 78, 78, -452
3921, 15513, 78, 78, -452
3920, 15513, 78, 78, -452
3920, 15512, 78, 78, -452
3921, 15512, 78, 78, -452
3921, 15512, 78, 78, -452
3922, 15513, 79, 79, -448
3922, 15512, 79, 79, -448
3921, 15513, 79, 79, -448
3922, 15512, 79, 79, -448
3921, 15513, 79, 79, -448
3922, 15513, 79, 79, -448
3922, 15512, 79, 79, -448
3922, 15512, 79, 79, -448
3921, 15513, 79, 79, -448
3922, 15514, 79, 79, -448
3921, 15513, 79, 79, -448
3921, 15513, 79, 79, -448
3922, 15512, 79, 79, -448
3921, 15513, 79, 79, -448
3921, 15513, 79, 79, -448
3923, 15513, 80, 80, -448
3922, 15513, 80, 80, -448
3922, 15512, 80, 80, -448
3922, 15512, 80, 80, -448
3921, 15513, 80, 80, -448
3923, 15513, 81, 81, -448
3923, 15513, 81, 81, -448
3923, 15513, 81, 81, -448
3923, 15513, 81, 81, -448
3922, 15513, 80, 80, -450
3922, 15513, 80, 80, -450
3923, 15513, 81, 81, -450
3922, 15513, 80, 80, -450
3924, 15512, 81, 81, -450
3923, 15513, 81, 81, -450
3923, 15513, 81, 81, -450
3923, 15513, 81, 81, -450
3923, 15513, 81, 81, -450
3923, 15513, 81, 81, -450
3923, 15513, 80, 80, -450
3923, 15513, 80, 80, -450
3923, 15512, 81, 81, -450
3924, 15512, 81, 81, -450
3924, 15512, 81, 81, -450
3924, 15513, 81, 81, -450
3923, 15513, 81, 81, -450
3923, 15512, 81, 81, -450
3923, 15512, 81, 81, -450
3924, 15513, 82, 82, -450
3924, 15511, 82, 82, -450
3924, 15511, 82, 82, -450
3924, 15512, 82, 82, -450
3924, 15512, 82, 82, -450
3924, 15513, 81, 81, -450
3925, 15512, 82, 82, -450
3924, 15512, 82, 82, -442
3925, 15512, 82, 82, -442
3925, 15512, 82, 82, -442
3923, 15513, 81, 81, -442
3924, 15512, 83, 83, -442
3925, 15513, 83, 83, -442
3925, 15513, 83, 83, -442
3925, 15511, 82, 82, -442
3924, 15513, 82, 82, -442
3924, 15513, 82, 82, -442
3924, 15513, 82, 82, -442
3924, 15513, 82, 82, -442
3924, 15512, 82, 82, -442
3924, 15512, 82, 82, -442
3923, 15513, 81, 81, -442
3923, 15513, 81, 81, -442
3924, 15512, 82, 82, -442
3925, 15512, 82, 82, -442
3924, 15512, 82, 82, -442
3924, 15512, 82, 82, -442
3925, 15512, 82, 82, -442
3925, 15512, 82, 82, -442
3925, 15512, 82, 82, -442
3926, 15512, 83, 83, -446
3926, 15512, 83, 83, -446
3926, 15512, 83, 83, -446
3925, 15512, 83, 83, -446
3924, 15513, 83, 83, -446
3924, 15513, 83, 83, -446
3926, 15513, 83, 83, -446
3926, 15513, 83, 83, -446
3925, 15512, 82, 82, -446
3925, 15513, 83, 83, -446
3925, 15513, 83, 83, -446
3924, 15512, 82, 82, -446
3925, 15512, 82, 82, -446
3925, 15512, 82, 82, -446
3833, 15472, 46, 46, -446
3790, 15478, -51, -51, -446
3788, 15479, -53, -53, -446
3785, 15478, -55, -55, -446
3785, 15479, -57, -57, -446
3785, 15479, -58, -58, -446
3785, 15479, -58, -58, -446
3785, 15478, -60, -60, -446
3780, 15480, -62, -62, -446
3778, 15479, -63, -63, -446
3778, 15479, -63, -63, -446
3778, 15479, -64, -64, -444
3777, 15480, -65, -65, -444
3777, 15480, -65, -65, -444
3776, 15480, -66, -66, -444
3776, 15480, -66, -66, -444
3775, 15481, -67, -67, -444
3775, 15481, -67, -67, -444
3773, 15480, -69, -69, -444
3773, 15480, -69, -69, -444
3771, 15481, -70, -70, -444
3771, 15481, -70, -70, -444
3772, 15480, -71, -71, -444
3772, 15480, -71, -71, -444
3773, 15480, -70, -70, -444
3772, 15481, -71, -71, -444
3770, 15481, -72, -72, -444
3769, 15480, -72, -72, -444
3769, 15480, -72, -72, -444
3771, 15481, -72, -72, -444
3771, 15481, -72, -72, -444
3771, 15480, -73, -73, -444
3771, 15480, -73, -73, -444
3768, 15482, -74, -74, -444
3768, 15482, -74, -74, -444
3768, 15481, -74, -74, -444
3767, 15479, -75, -75, -444
3767, 15479, -75, -75, -444
3766, 15480, -76, -76, -438
3766, 15480, -76, -76, -438
3768, 15481, -76, -76, -438
3768, 15481, -76, -76, -438
3766, 15482, -76, -76, -438
3766, 15482, -76, -76, -438
3765, 15482, -76, -76, -438
3765, 15482, -76, -76, -438
3765, 15480, -77, -77, -438
3765, 15480, -77, -77, -438
3766, 15480, -77, -77, -438
3766, 15480, -77, -77, -438
3767, 15482, -77, -77, -438
3765, 15482, -78, -78, -438
3764, 15481, -78, -78, -438
3764, 15481, -78, -78, -438
3763, 15481, -79, -79, -438
3763, 15481, -79, -79, -438
3765, 15481, -80, -80, -438
3765, 15481, -80, -80, -438
3763, 15481, -80, -80, -438
3763, 15481, -80, -80, -438
3761, 15480, -80, -80, -438
3763, 15480, -80, -80, -438
3763, 15480, -80, -80, -438
3761, 15481, -80, -80, -438
3761, 15481, -80, -80, -438
3763, 15481, -80, -80, -440
3763, 15481, -80, -80, -440
3763, 15481, -80, -80, -440
3762, 15481, -81, -81, -440
3761, 15481, -82, -82, -440
3761, 15481, -82, -82, -440
3761, 15481, -81, -81, -440
3761, 15481, -81, -81, -440
3760, 15480, -82, -82, -440
3760, 15480, -82, -82, -440
3760, 15481, -82, -82, -440
3760, 15481, -82, -82, -440
3761, 15481, -82, -82, -440
3761, 15481, -82, -82, -440
3759, 15482, -82, -82, -440
3759, 15482, -82, -82, -440
3761, 15480, -83, -83, -440
3761, 15480, -83, -83, -440
3761, 15480, -82, -82, -440
3761, 15480, -82, -82, -440
3760, 15480, -82, -82, -440
3760, 15480, -82, -82, -440
3760, 15481, -83, -83, -440
3760, 15481, -83, -83, -440
3760, 15481, -83, -83, -432
3760, 15481, -83, -83, -432
3761, 15481, -83, -83, -432
3759, 15481, -83, -83, -432
3759, 15480, -83, -83, -432
3758, 15481, -84, -84, -432
3758, 15481, -84, -84, -432
3759, 15481, -84, -84, -432
3759, 15481, -84, -84, -432
3761, 15481, -84, -84, -432
3761, 15481, -84, -84, -432
3758, 15482, -84, -84, -432
3758, 15482, -84, -84, -432
3757, 15481, -85, -85, -432
3757, 15481, -84, -84, -432
3757, 15481, -84, -84, -432
3757, 15481, -84, -84, -432
3756, 15480, -85, -85, -432
3758, 15481, -84, -84, -432
3756, 15481, -86, -86, -432
3756, 15481, -86, -86, -432
3758, 15481, -84, -84, -432
3758, 15481, -84, -84, -432
3756, 15482, -87, -87, -432
3756, 15482, -87, -87, -432
3865, 15515, 14, 14, -438
3865, 15515, 14, 14, -438
3875, 15514, 30, 30, -438
3885, 15513, 41, 41, -438
3885, 15513, 41, 41, -438
3892, 15513, 50, 50, -438
3895, 15512, 53, 53, -438
3895, 15512, 53, 53, -438
3897, 15512, 55, 55, -438
3898, 15511, 56, 56, -438
3898, 15511, 56, 56, -438
3900, 15512, 57, 57, -438
3901, 15513, 58, 58, -438
3902, 15512, 60, 60, -438
3902, 15512, 60, 60, -438
3903, 15511, 60, 60, -438
3903, 15512, 61, 61, -438
3903, 15512, 61, 61, -438
3903, 15511, 61, 61, -438
3903, 15511, 61, 61, -438
3904, 15512, 62, 62, -438
3905, 15511, 63, 63, -438
3905, 15511, 63, 63, -438
3905, 15512, 63, 63, -442
3905, 15512, 63, 63, -442
3906, 15512, 64, 64, -442
3907, 15513, 64, 64, -442
3907, 15511, 65, 65, -442
3908, 15512, 65, 65, -442
3908, 15512, 65, 65, -442
3907, 15513, 65, 65, -442
3908, 15512, 66, 66, -442
3910, 15513, 67, 67, -442
3910, 15511, 68, 68, -442
3910, 15511, 68, 68, -442
3911, 15511, 68, 68, -442
3910, 15511, 68, 68, -442
3910, 15511, 68, 68, -442
3911, 15512, 69, 69, -442
3911, 15512, 69, 69, -442
3911, 15511, 68, 68, -442
3911, 15511, 68, 68, -442
3911, 15513, 69, 69, -442
3911, 15513, 69, 69, -442
3911, 15511, 70, 70, -442
3911, 15511, 70, 70, -442
3912, 15512, 70, 70, -442
3912, 15512, 70, 70, -442
3913, 15512, 70, 70, -442
3913, 15511, 70, 70, -442
3913, 15511, 70, 70, -442
3913, 15511, 70, 70, -442
3913, 15511, 70, 70, -442
3913, 15512, 71, 71, -442
3913, 15512, 71, 71, -442
3914, 15512, 71, 71, -442
3914, 15512, 71, 71, -442
3914, 15511, 71, 71, -442
3914, 15511, 71, 71, -442
3914, 15512, 72, 72, -442
3914, 15512, 72, 72, -442
3915, 15512, 72, 72, -442
3915, 15512, 72, 72, -442
3914, 15512, 72, 72, -442
3915, 15511, 72, 72, -442
3914, 15512, 72, 72, -442
3914, 15512, 72, 72, -442
3915, 15512, 73, 73, -442
3915, 15512, 73, 73, -442
3915, 15511, 72, 72, -442
3915, 15511, 73, 73, -442
3915, 15511, 72, 72, -442
3916, 15512, 73, 73, -442
3914, 15512, 72, 72, -442
3915, 15513, 73, 73, -442
3916, 15513, 73, 73, -442
3916, 15513, 73, 73, -442
3915, 15512, 73, 73, -442
3915, 15512, 73, 73, -442
3915, 15512, 73, 73, -442
3916, 15512, 73, 73, -442
3916, 15512, 73, 73, -442
3915, 15513, 73, 73, -442
3915, 15513, 73, 73, -442
3916, 15513, 74, 74, -442
3916, 15513, 74, 74, -442
3916, 15512, 74, 74, -442
3916, 15512, 74, 74, -442
3916, 15511, 74, 74, -442
3916, 15511, 74, 74, -442
3917, 15512, 74, 74, -442
3917, 15512, 74, 74, -442
3916, 15512, 74, 74, -440
3917, 15512, 74, 74, -440
3916, 15511, 74, 74, -440
3918, 15512, 75, 75, -440
3918, 15512, 75, 75, -440
3918, 15511, 75, 75, -440
3918, 15511, 75, 75, -440
3916, 15512, 75, 75, -440
3916, 15512, 75, 75, -440
3917, 15511, 75, 75, -440
3917, 15511, 75, 75, -440
3916, 15511, 74, 74, -440
3916, 15511, 74, 74, -440
3917, 15511, 74, 74, -440
3917, 15511, 74, 74, -440
3918, 15512, 75, 75, -440
3918, 15511, 75, 75, -440
3918, 15511, 75, 75, -440
3917, 15512, 75, 75, -440
3917, 15512, 75, 75, -440
3918, 15512, 75, 75, -440
3917, 15512, 76, 76, -440
3794, 15486, 1, 1, -440
3795, 15478, -45, -45, -434
3795, 15478, -45, -45, -434
3790, 15479, -52, -52, -434
3790, 15479, -52, -52, -434
3781, 15480, -61, -61, -434
3781, 15480, -61, -61, -434
3776, 15479, -63, -63, -434
3776, 15479, -63, -63, -434
3778, 15480, -65, -65, -434
3776, 15480, -66, -66, -434
3774, 15480, -67, -67, -434
3774, 15480, -67, -67, -434
3773, 15480, -70, -70, -434
3774, 15480, -69, -69, -434
3771, 15480, -71, -71, -434
3771, 15480, -71, -71, -434
3771, 15479, -71, -71, -434
3771, 15480, -71, -71, -434
3769, 15479, -72, -72, -434
3768, 15480, -73, -73, -434
3768, 15480, -73, -73, -434
3769, 15480, -73, -73, -434
3769, 15480, -73, -73, -434
3769, 15481, -74, -74, -434
3769, 15481, -74, -74, -434
3766, 15480, -76, -76, -438
3766, 15480, -76, -76, -438
3766, 15481, -76, -76, -438
3766, 15481, -76, -76, -438
3766, 15479, -77, -77, -438
3766, 15479, -77, -77, -438
3764, 15480, -77, -77, -438
3764, 15480, -77, -77, -438
3763, 15480, -77, -77, -438
3763, 15480, -77, -77, -438
3764, 15480, -78, -78, -438
3764, 15480, -78, -78, -438
3763, 15480, -78, -78, -438
3761, 15480, -80, -80, -438
3761, 15480, -80, -80, -438
3762, 15480, -80, -80, -438
3762, 15480, -80, -80, -438
3765, 15481, -79, -79, -438
3763, 15481, -80, -80, -438
3763, 15481, -80, -80, -438
3761, 15480, -81, -81, -438
3761, 15480, -81, -81, -438
3761, 15479, -81, -81, -436
3761, 15479, -81, -81, -436
3762, 15480, -81, -81, -436
3762, 15480, -81, -81, -436
3759, 15482, -82, -82, -436
3759, 15482, -82, -82, -436
3760, 15479, -82, -82, -436
3760, 15479, -82, -82, -436
3760, 15480, -83, -83, -436
3760, 15480, -83, -83, -436
3761, 15481, -82, -82, -436
3761, 15481, -82, -82, -436
3761, 15481, -82, -82, -436
3761, 15481, -82, -82, -436
3759, 15480, -83, -83, -436
3759, 15480, -83, -83, -436
3758, 15481, -84, -84, -436
3760, 15481, -83, -83, -436
3760, 15481, -83, -83, -436
3759, 15481, -84, -84, -436
3759, 15481, -84, -84, -436
3757, 15480, -84, -84, -436
3757, 15480, -84, -84, -436
3758, 15480, -84, -84, -436
3756, 15479, -85, -85, -436
3756, 15479, -85, -85, -436
3759, 15481, -85, -85, -436
3759, 15481, -85, -85, -436
3756, 15480, -85, -85, -436
3758, 15480, -84, -84, -436
3758, 15480, -84, -84, -436
3757, 15481, -85, -85, -436
3757, 15481, -85, -85, -436
3756, 15480, -85, -85, -436
3756, 15480, -85, -85, -436
3757, 15482, -85, -85, -436
3757, 15482, -85, -85, -436
3758, 15480, -86, -86, -436
3758, 15480, -86, -86, -436
3758, 15481, -85, -85, -436
3756, 15481, -85, -85, -436
3756, 15481, -85, -85, -436
3756, 15481, -86, -86, -436
3756, 15480, -86, -86, -436
3756, 15480, -86, -86, -436
3757, 15482, -86, -86, -436
3757, 15482, -86, -86, -436
3756, 15482, -87, -87, -436
3756, 15482, -87, -87, -436
3755, 15481, -87, -87, -436
3755, 15481, -87, -87, -436
3754, 15481, -87, -87, -432
3754, 15481, -87, -87, -432
3754, 15480, -87, -87, -432
3754, 15480, -87, -87, -432
3757, 15481, -87, -87, -432
3757, 15481, -87, -87, -432
3756, 15481, -87, -87, -432
3756, 15481, -87, -87, -432
3754, 15481, -88, -88, -432
3754, 15481, -88, -88, -432
3757, 15483, -86, -86, -432
3857, 15515, -22, -22, -432
3871, 15514, 24, 24, -432
3878, 15514, 33, 33, -432
3878, 15514, 33, 33, -432
3885, 15513, 41, 41, -432
3885, 15513, 41, 41, -432
3893, 15513, 49, 49, -432
3893, 15513, 49, 49, -432
3894, 15513, 51, 51, -432
3894, 15513, 51, 51, -432
3896, 15512, 54, 54, -432
3896, 15512, 54, 54, -432
3898, 15512, 55, 55, -432
3898, 15512, 55, 55, -432
3900, 15512, 57, 57, -436
3900, 15512, 57, 57, -436
3900, 15512, 58, 58, -436
3900, 15512, 58, 58, -436
3900, 15512, 58, 58, -436
3903, 15512, 60, 60, -436
3902, 15511, 60, 60, -436
3902, 15511, 60, 60, -436
3903, 15512, 60, 60, -436
3903, 15512, 60, 60, -436
3905, 15513, 62, 62, -436
3905, 15513, 62, 62, -436
3905, 15512, 62, 62, -436
3905, 15512, 63, 63, -436
3905, 15512, 63, 63, -436
3905, 15512, 63, 63, -436
3906, 15512, 63, 63, -436
3907, 15513, 64, 64, -436
3908, 15512, 65, 65, -436
3908, 15512, 65, 65, -436
3907, 15512, 64, 64, -436
3908, 15512, 66, 66, -436
3908, 15512, 66, 66, -436
3908, 15512, 66, 66, -436
3908, 15512, 66, 66, -436
3909, 15511, 66, 66, -430
3909, 15511, 66, 66, -430
3910, 15511, 67, 67, -430
3910, 15511, 67, 67, -430
3909, 15512, 67, 67, -430
3909, 15512, 67, 67, -430
3910, 15512, 67, 67, -430
3910, 15511, 67, 67, -430
3910, 15512, 67, 67, -430
3910, 15512, 67, 67, -430
3911, 15511, 68, 68, -430
3911, 15511, 68, 68, -430
3911, 15511, 68, 68, -430
3911, 15511, 68, 68, -430
3911, 15511, 69, 69, -430
3911, 15511, 70, 70, -430
3913, 15511, 70, 70, -430
3912, 15510, 70, 70, -430
3912, 15510, 70, 70, -430
3912, 15511, 70, 70, -430
3912, 15512, 71, 71, -430
3912, 15512, 71, 71, -430
3913, 15511, 70, 70, -430
3913, 15511, 70, 70, -430
3913, 15512, 70, 70, -430
3912, 15512, 70, 70, -426
3914, 15511, 71, 71, -426
3914, 15511, 71, 71, -426
3913, 15511, 71, 71, -426
3914, 15512, 71, 71, -426
3913, 15512, 71, 71, -426
3913, 15512, 71, 71, -426
3914, 15512, 72, 72, -426
3913, 15511, 71, 71, -426
3915, 15512, 72, 72, -426
3915, 15512, 72, 72, -426
3914, 15512, 72, 72, -426
3915, 15512, 72, 72, -426
3915, 15512, 72, 72, -426
3915, 15513, 72, 72, -426
3915, 15513, 72, 72, -426
3914, 15512, 72, 72, -426
3915, 15512, 73, 73, -426
3915, 15512, 73, 73, -426
3915, 15512, 73, 73, -426
3916, 15511, 72, 72, -426
3915, 15511, 73, 73, -426
3915, 15512, 73, 73, -426
3915, 15512, 73, 73, -426
3914, 15511, 73, 73, -432
3914, 15511, 73, 73, -432
3915, 15512, 73, 73, -432
3915, 15512, 73, 73, -432
3915, 15512, 73, 73, -432
3915, 15512, 73, 73, -432
3916, 15511, 73, 73, -432
3916, 15511, 73, 73, -432
3915, 15512, 73, 73, -432
3916, 15511, 74, 74, -432
3916, 15511, 74, 74, -432
3916, 15511, 74, 74, -432
3916, 15511, 73, 73, -432
3916, 15512, 74, 74, -432
3916, 15512, 74, 74, -432
3916, 15511, 73, 73, -432
3916, 15511, 73, 73, -432
3916, 15511, 73, 73, -432
3916, 15511, 74, 74, -432
3916, 15511, 74, 74, -432
3917, 15511, 74, 74, -432
3917, 15511, 74, 74, -432
3917, 15512, 74, 74, -432
3916, 15510, 74, 74, -432
3916, 15510, 74, 74, -432
3917, 15512, 75, 75, -432
3917, 15512, 75, 75, -432
3917, 15512, 75, 75, -430
3917, 15512, 75, 75, -430
3917, 15512, 75, 75, -430
3917, 15512, 75, 75, -430
3916, 15512, 74, 74, -430
3918, 15510, 75, 75, -430
3917, 15511, 75, 75, -430
3917, 15511, 75, 75, -430
3799, 15477, -20, -20, -430
3799, 15477, -20, -20, -430
3795, 15477, -47, -47, -430
3795, 15477, -47, -47, -430
3788, 15478, -54, -54, -430
3788, 15478, -54, -54, -430
3786, 15479, -57, -57, -430
3785, 15479, -59, -59, -430
3780, 15479, -62, -62, -430
3780, 15479, -62, -62, -430
3776, 15479, -66, -66, -430
3774, 15480, -67, -67, -430
3772, 15479, -69, -69, -430
3772, 15479, -69, -69, -430
3776, 15479, -69, -69, -430
3772, 15480, -71, -71, -430
3772, 15480, -71, -71, -430
3771, 15480, -71, -71, -430
3768, 15480, -73, -73, -426
3769, 15480, -73, -73, -426
3767, 15480, -74, -74, -426
3766, 15479, -75, -75, -426
3766, 15479, -75, -75, -426
3768, 15480, -75, -75, -426
3768, 15480, -75, -75, -426
3768, 15481, -76, -76, -426
3768, 15481, -76, -76, -426
3767, 15481, -76, -76, -426
3765, 15480, -77, -77, -426
3765, 15480, -77, -77, -426
3766, 15480, -76, -76, -426
3766, 15480, -76, -76, -426
3765, 15480, -78, -78, -426
3765, 15480, -78, -78, -426
3765, 15481, -79, -79, -426
3764, 15480, -79, -79, -426
3765, 15479, -79, -79, -426
3765, 15479, -79, -79, -426
3763, 15481, -79, -79, -426
3763, 15481, -79, -79, -426
3762, 15480, -79, -79, -423
3762, 15480, -79, -79, -423
3762, 15480, -80, -80, -423
3762, 15480, -80, -80, -423
3764, 15480, -81, -81, -423
3764, 15480, -81, -81, -423
3762, 15480, -81, -81, -423
3762, 15480, -81, -81, -423
3762, 15480, -81, -81, -423
3762, 15480, -81, -81, -423
3761, 15480, -81, -81, -423
3761, 15480, -81, -81, -423
3760, 15481, -83, -83, -423
3760, 15481, -83, -83, -423
3759, 15481, -82, -82, -423
3759, 15481, -82, -82, -423
3758, 15480, -83, -83, -423
3758, 15480, -83, -83, -423
3760, 15481, -83, -83, -423
3759, 15480, -83, -83, -423
3759, 15480, -83, -83, -423
3759, 15480, -83, -83, -423
3758, 15480, -84, -84, -423
3758, 15480, -84, -84, -423
3759, 15480, -84, -84, -423
3758, 15480, -84, -84, -423
3759, 15481, -84, -84, -428
3759, 15481, -84, -84, -428
3757, 15481, -85, -85, -428
3757, 15481, -84, -84, -428
3757, 15481, -84, -84, -428
3759, 15480, -84, -84, -428
3759, 15480, -84, -84, -428
3758, 15480, -84, -84, -428
3760, 15481, -84, -84, -428
3758, 15480, -85, -85, -428
3758, 15480, -84, -84, -428
3758, 15480, -84, -84, -428
3759, 15480, -84, -84, -428
3759, 15480, -84, -84, -428
3758, 15481, -85, -85, -428
3758, 15481, -85, -85, -428
3758, 15481, -86, -86, -428
3758, 15481, -86, -86, -428
3756, 15481, -85, -85, -428
3756, 15481, -85, -85, -428
3756, 15481, -86, -86, -428
3756, 15481, -86, -86, -428
3759, 15481, -85, -85, -428
3759, 15481, -85, -85, -428
3758, 15480, -86, -86, -428
3756, 15481, -86, -86, -432
3754, 15481, -87, -87, -432
3754, 15481, -87, -87, -432
3756, 15481, -87, -87, -432
3755, 15480, -86, -86, -432
3758, 15482, -86, -86, -432
3758, 15482, -86, -86, -432
3757, 15481, -87, -87, -432
3757, 15482, -87, -87, -432
3755, 15481, -86, -86, -432
3755, 15481, -86, -86, -432
3755, 15480, -88, -88, -432
3755, 15480, -87, -87, -432
3755, 15480, -87, -87, -432
3754, 15481, -87, -87, -432
3754, 15481, -87, -87, -432
3755, 15482, -88, -88, -432
3755, 15482, -88, -88, -432
3755, 15482, -88, -88, -432
3762, 15481, -84, -84, -432
3762, 15481, -84, -84, -432
3859, 15514, -15, -15, -432
3859, 15514, -15, -15, -432
3878, 15514, 32, 32, -432
3878, 15514, 32, 32, -432
3884, 15514, 41, 41, -432
3884, 15514, 41, 41, -432
3888, 15512, 46, 46, -417
3891, 15512, 48, 48, -417
3891, 15512, 48, 48, -417
3894, 15512, 51, 51, -417
3894, 15512, 51, 51, -417
3895, 15512, 53, 53, -417
3896, 15511, 53, 53, -417
3897, 15512, 55, 55, -417
3899, 15511, 56, 56, -417
3899, 15511, 56, 56, -417
3900, 15511, 57, 57, -417
3900, 15511, 57, 57, -417
3901, 15511, 58, 58, -417
3901, 15511, 59, 59, -417
3902, 15512, 59, 59, -417
3901, 15512, 60, 60, -417
3901, 15512, 60, 60, -417
3904, 15512, 61, 61, -417
3904, 15512, 61, 61, -417
3904, 15513, 61, 61, -417
3904, 15513, 61, 61, -417
3904, 15512, 62, 62, -417
3905, 15512, 62, 62, -417
3905, 15512, 62, 62, -417
3906, 15513, 63, 63, -417
3906, 15513, 63, 63, -417
3906, 15512, 64, 64, -419
3906, 15512, 64, 64, -419
3906, 15511, 64, 64, -419
3908, 15512, 65, 65, -419
3908, 15512, 65, 65, -419
3908, 15513, 65, 65, -419
3908, 15513, 65, 65, -419
3907, 15511, 66, 66, -419
3908, 15512, 65, 65, -419
3908, 15512, 66, 66, -419
3908, 15511, 66, 66, -419
3910, 15512, 67, 67, -419
3910, 15512, 67, 67, -419
3910, 15511, 67, 67, -419
3910, 15511, 67, 67, -419
3909, 15512, 67, 67, -419
3910, 15512, 67, 67, -419
3910, 15512, 67, 67, -419
3910, 15511, 67, 67, -419
3911, 15512, 68, 68, -419
3910, 15512, 68, 68, -419
3910, 15512, 68, 68, -419
3911, 15511, 68, 68, -419
3910, 15512, 68, 68, -419
3910, 15512, 68, 68, -419
3912, 15511, 68, 68, -419
3912, 15511, 68, 68, -419
3911, 15511, 68, 68, -424
3911, 15511, 68, 68, -424
3912, 15511, 69, 69, -424
3911, 15512, 69, 69, -424
3911, 15512, 69, 69, -424
3911, 15511, 69, 69, -424
3912, 15511, 69, 69, -424
3912, 15510, 70, 70, -424
3912, 15512, 70, 70, -424
3913, 15511, 70, 70, -424
3912, 15512, 70, 70, -424
3912, 15511, 70, 70, -424
3913, 15511, 70, 70, -424
3913, 15511, 70, 70, -424
3913, 15512, 71, 71, -424
3913, 15512, 71, 71, -424
3913, 15511, 70, 70, -424
3913, 15511, 70, 70, -424
3913, 15511, 70, 70, -424
3913, 15511, 70, 70, -424
3913, 15511, 71, 71, -424
3912, 15512, 71, 71, -424
3912, 15512, 71, 71, -424
3913, 15511, 71, 71, -424
3914, 15511, 72, 72, -424
3914, 15511, 72, 72, -424
3914, 15512, 72, 72, -428
3914, 15512, 72, 72, -428
3914, 15512, 72, 72, -428
3914, 15512, 72, 72, -428
3914, 15511, 72, 72, -428
3914, 15511, 72, 72, -428
3914, 15512, 72, 72, -428
3914, 15512, 72, 72, -428
3915, 15512, 72, 72, -428
3915, 15512, 72, 72, -428
3915, 15511, 72, 72, -428
3915, 15511, 72, 72, -428
3916, 15511, 73, 73, -428
3915, 15511, 73, 73, -428
3915, 15511, 73, 73, -428
3915, 15512, 73, 73, -428
3915, 15511, 73, 73, -428
3916, 15512, 73, 73, -428
3915, 15512, 73, 73, -428
3915, 15512, 73, 73, -428
3916, 15511, 73, 73, -428
3916, 15511, 73, 73, -428
3916, 15511, 73, 73, -428
3916, 15511, 73, 73, -428
3916, 15511, 73, 73, -428
3915, 15511, 73, 73, -428
3915, 15511, 73, 73, -428
3916, 15512, 73, 73, -426
3916, 15512, 73, 73, -426
3916, 15511, 73, 73, -426
3916, 15511, 73, 73, -426
3917, 15512, 74, 74, -426
3917, 15512, 74, 74, -426
3915, 15512, 73, 73, -426
3915, 15512, 73, 73, -426
3916, 15513, 74, 74, -426
3916, 15510, 74, 74, -426
3916, 15512, 74, 74, -426
3916, 15512, 74, 74, -426
3917, 15511, 74, 74, -426
3917, 15511, 74, 74, -426
3917, 15511, 75, 75, -426
3917, 15511, 75, 75, -426
3917, 15511, 75, 75, -426
3917, 15511, 75, 75, -426
3917, 15492, 75, 75, -426
3798, 15476, -39, -39, -426
3798, 15476, -39, -39, -426
3793, 15478, -48, -48, -426
3784, 15478, -56, -56, -426
3784, 15478, -56, -56, -426
3782, 15478, -61, -61, -426
3782, 15478, -61, -61, -426
3780, 15480, -63, -63, -428
3780, 15480, -63, -63, -428
3775, 15479, -66, -66, -428
3775, 15480, -66, -66, -428
3775, 15480, -66, -66, -428
3775, 15480, -68, -68, -428
3772, 15481, -70, -70, -428
3773, 15481, -72, -72, -428
3773, 15481, -72, -72, -428
3771, 15480, -72, -72, -428
3771, 15480, -72, -72, -428
3768, 15480, -73, -73, -428
3768, 15480, -73, -73, -428
3768, 15480, -74, -74, -428
3768, 15480, -74, -74, -428
3768, 15481, -75, -75, -428
3768, 15481, -75, -75, -428
3767, 15480, -76, -76, -428
3767, 15480, -76, -76, -428
3766, 15480, -77, -77, -428
3765, 15480, -77, -77, -428
3765, 15480, -77, -77, -428
3763, 15480, -78, -78, -428
3765, 15480, -78, -78, -428
3765, 15480, -78, -78, -428
3764, 15480, -78, -78, -421
3764, 15480, -78, -78, -421
3764, 15480, -78, -78, -421
3762, 15479, -79, -79, -421
3762, 15479, -79, -79, -421
3763, 15480, -80, -80, -421
3763, 15480, -80, -80, -421
3764, 15480, -79, -79, -421
3763, 15481, -80, -80, -421
3763, 15480, -80, -80, -421
3763, 15480, -80, -80, -421
3763, 15480, -81, -81, -421
3763, 15480, -81, -81, -421
3759, 15480, -82, -82, -421
3759, 15480, -82, -82, -421
3760, 15480, -82, -82, -421
3760, 15480, -82, -82, -421
3761, 15479, -81, -81, -421
3763, 15480, -82, -82, -421
3763, 15480, -82, -82, -421
3759, 15481, -83, -83, -421
3761, 15481, -82, -82, -421
3761, 15481, -82, -82, -421
3759, 15480, -83, -83, -421
3759, 15480, -83, -83, -421
3759, 15480, -83, -83, -421
3759, 15480, -83, -83, -421
3759, 15480, -83, -83, -421
3759, 15480, -83, -83, -421
3760, 15481, -83, -83, -421
3760, 15479, -83, -83, -421
3757, 15481, -84, -84, -421
3757, 15481, -84, -84, -421
3757, 15479, -84, -84, -421
3757, 15479, -84, -84, -421
3758, 15480, -84, -84, -421
3758, 15480, -84, -84, -421
3759, 15482, -85, -85, -421
3757, 15481, -85, -85, -421
3759, 15480, -85, -85, -421
3757, 15480, -85, -85, -421
3756, 15480, -86, -86, -421
3756, 15480, -85, -85, -421
3759, 15481, -85, -85, -421
3757, 15480, -85, -85, -421
3756, 15482, -86, -86, -421
3757, 15482, -86, -86, -421
3757, 15482, -86, -86, -421
3755, 15480, -86, -86, -421
3755, 15480, -86, -86, -421
3755, 15480, -87, -87, -423
3755, 15480, -87, -87, -423
3756, 15479, -86, -86, -423
3756, 15479, -86, -86, -423
3757, 15482, -86, -86, -423
3757, 15482, -86, -86, -423
3756, 15481, -87, -87, -423
3756, 15481, -87, -87, -423
3757, 15481, -86, -86, -423
3755, 15481, -87, -87, -423
3758, 15481, -87, -87, -423
3758, 15481, -87, -87, -423
3758, 15481, -87, -87, -423
3757, 15480, -87, -87, -423
3757, 15480, -87, -87, -423
3755, 15481, -87, -87, -423
3756, 15481, -87, -87, -423
3753, 15480, -87, -87, -423
3755, 15480, -87, -87, -423
3755, 15480, -87, -87, -423
3756, 15480, -88, -88, -423
3756, 15480, -88, -88, -423
3756, 15480, -87, -87, -423
3755, 15480, -87, -87, -423
3755, 15480, -87, -87, -421
3755, 15480, -87, -87, -421
3755, 15481, -88, -88, -421
3755, 15481, -88, -88, -421
3754, 15481, -88, -88, -421
3754, 15482, -85, -85, -421
3869, 15513, 22, 22, -421
3869, 15513, 22, 22, -421
3878, 15514, 32, 32, -421
3880, 15514, 36, 36, -421
3887, 15513, 43, 43, -421
3887, 15513, 43, 43, -421
3890, 15512, 47, 47, -421
3892, 15512, 49, 49, -421
3894, 15512, 51, 51, -421
3895, 15513, 52, 52, -421
3896, 15512, 54, 54, -421
3896, 15512, 54, 54, -421
3899, 15512, 56, 56, -421
3899, 15512, 56, 56, -421
3900, 15512, 57, 57, -421
3900, 15512, 57, 57, -421
3900, 15512, 58, 58, -421
3901, 15510, 58, 58, -421
3902, 15511, 59, 59, -421
3902, 15511, 60, 60, -423
3902, 15511, 60, 60, -423
3904, 15512, 61, 61, -423
3904, 15512, 61, 61, -423
3904, 15512, 62, 62, -423
3904, 15512, 62, 62, -423
3904, 15513, 62, 62, -423
3905, 15512, 63, 63, -423
3905, 15512, 63, 63, -423
3905, 15512, 63, 63, -423
3905, 15512, 63, 63, -423
3905, 15512, 63, 63, -423
3907, 15512, 64, 64, -423
3907, 15512, 64, 64, -423
3907, 15511, 65, 65, -423
3907, 15511, 65, 65, -423
3908, 15511, 65, 65, -423
3908, 15511, 65, 65, -423
3909, 15511, 66, 66, -423
3908, 15511, 66, 66, -423
3909, 15510, 67, 67, -423
3909, 15510, 67, 67, -423
3908, 15511, 66, 66, -423
3908, 15511, 66, 66, -423
3909, 15511, 66, 66, -423
3910, 15511, 67, 67, -423
3910, 15511, 67, 67, -423
3910, 15511, 67, 67, -423
3910, 15513, 68, 68, -423
3910, 15513, 68, 68, -423
3910, 15512, 68, 68, -423
3911, 15512, 68, 68, -423
3911, 15512, 68, 68, -423
3911, 15511, 68, 68, -423
3910, 15513, 68, 68, -423
3910, 15513, 68, 68, -423
3911, 15512, 69, 69, -423
3913, 15511, 70, 70, -423
3913, 15511, 70, 70, -423
3913, 15512, 69, 69, -423
3912, 15512, 70, 70, -423
3912, 15512, 70, 70, -423
3911, 15512, 70, 70, -423
3911, 15512, 70, 70, -423
3911, 15512, 70, 70, -423
3913, 15512, 70, 70, -423
3913, 15512, 70, 70, -423
3912, 15512, 70, 70, -423
3912, 15512, 70, 70, -423
3913, 15511, 71, 71, -423
3913, 15511, 71, 71, -423
3912, 15512, 70, 70, -419
3912, 15512, 70, 70, -419
3914, 15512, 71, 71, -419
3914, 15512, 71, 71, -419
3913, 15512, 71, 71, -419
3913, 15512, 70, 70, -419
3914, 15511, 71, 71, -419
3913, 15512, 71, 71, -419
3914, 15512, 72, 72, -419
3914, 15512, 72, 72, -419
3914, 15512, 72, 72, -419
3914, 15511, 72, 72, -419
3914, 15511, 72, 72, -419
3915, 15512, 72, 72, -419
3914, 15511, 72, 72, -419
3914, 15511, 72, 72, -419
3915, 15513, 72, 72, -419
3915, 15513, 72, 72, -419
3914, 15513, 72, 72, -419
3915, 15511, 73, 73, -419
3915, 15511, 73, 73, -419
3915, 15513, 73, 73, -419
3915, 15513, 73, 73, -419
3915, 15512, 73, 73, -419
3915, 15512, 73, 73, -419
3915, 15513, 73, 73, -419
3915, 15513, 73, 73, -419
3916, 15512, 73, 73, -423
3914, 15513, 73, 73, -423
3914, 15513, 73, 73, -423
3915, 15511, 73, 73, -423
3915, 15511, 73, 73, -423
3916, 15512, 73, 73, -423
3916, 15512, 73, 73, -423
3916, 15512, 73, 73, -423
3916, 15512, 73, 73, -423
3916, 15511, 74, 74, -423
3916, 15511, 73, 73, -423
3916, 15512, 74, 74, -423
3916, 15512, 74, 74, -423
3916, 15511, 74, 74, -423
3916, 15511, 74, 74, -423
3916, 15511, 74, 74, -423
3916, 15511, 74, 74, -423
3916, 15511, 74, 74, -423
3916, 15511, 74, 74, -423
3917, 15512, 74, 74, -423
3917, 15512, 74, 74, -423
3916, 15512, 74, 74, -423
3916, 15512, 74, 74, -423
3916, 15511, 74, 74, -423
3917, 15512, 74, 74, -423
3917, 15512, 74, 74, -423
3917, 15512, 75, 75, -423
3798, 15486, 5, 5, -423
3798, 15486, 5, 5, -423
3796, 15480, -45, -45, -423
3796, 15480, -45, -45, -423
3782, 15479, -59, -59, -423
3782, 15479, -59, -59, -423
3779, 15480, -63, -63, -423
3779, 15480, -63, -63, -423
3778, 15480, -65, -65, -423
3778, 15480, -65, -65, -423
3776, 15480, -66, -66, -423
3776, 15480, -66, -66, -423
3772, 15480, -69, -69, -423
3772, 15480, -69, -69, -423
3770, 15480, -71, -71, -423
3770, 15480, -71, -71, -423
3770, 15479, -71, -71, -423
3770, 15480, -72, -72, -423
3770, 15480, -72, -72, -423
3770, 15481, -74, -74, -423
3770, 15481, -74, -74, -423
3768, 15480, -75, -75, -423
3768, 15480, -75, -75, -423
3767, 15481, -75, -75, -423
3767, 15481, -75, -75, -423
3767, 15480, -76, -76, -423
3768, 15481, -76, -76, -423
3768, 15481, -76, -76, -423
3765, 15480, -77, -77, -423
3765, 15479, -76, -76, -423
3765, 15479, -76, -76, -423
3765, 15481, -78, -78, -423
3765, 15481, -78, -78, -423
3765, 15482, -78, -78, -423
3766, 15481, -78, -78, -423
3766, 15481, -78, -78, -423
3764, 15481, -78, -78, -423
3764, 15481, -78, -78, -423
3763, 15481, -79, -79, -423
3763, 15479, -79, -79, -423
3763, 15479, -79, -79, -423
3762, 15480, -80, -80, -423
3763, 15481, -80, -80, -423
3763, 15481, -80, -80, -423
3763, 15480, -80, -80, -423
3763, 15480, -80, -80, -423
3763, 15481, -80, -80, -423
3760, 15481, -80, -80, -423
3760, 15481, -80, -80, -423
3760, 15481, -82, -82, -424
3760, 15481, -82, -82, -424
3760, 15481, -82, -82, -424
3760, 15481, -82, -82, -424
3760, 15480, -82, -82, -424
3760, 15480, -82, -82, -424
3760, 15481, -83, -83, -424
3760, 15481, -83, -83, -424
3759, 15481, -83, -83, -424
3759, 15481, -83, -83, -424
3759, 15481, -83, -83, -424
3759, 15481, -83, -83, -424
3761, 15480, -83, -83, -424
3761, 15480, -83, -83, -424
3761, 15481, -83, -83, -424
3760, 15481, -83, -83, -424
3760, 15482, -83, -83, -424
3758, 15481, -84, -84, -424
3757, 15480, -84, -84, -424
3756, 15482, -85, -85, -424
3759, 15481, -84, -84, -424
3757, 15480, -85, -85, -424
3757, 15480, -85, -85, -424
3758, 15481, -85, -85, -424
3758, 15481, -85, -85, -424
3756, 15481, -86, -86, -424
3756, 15481, -86, -86, -424
3757, 15480, -85, -85, -421
3757, 15480, -85, -85, -421
3756, 15481, -85, -85, -421
3756, 15481, -85, -85, -421
3757, 15482, -86, -86, -421
3757, 15482, -86, -86, -421
3756, 15482, -86, -86, -421
3756, 15482, -86, -86, -421
3756, 15480, -85, -85, -421
3756, 15480, -85, -85, -421
3756, 15481, -86, -86, -421
3756, 15481, -86, -86, -421
3755, 15481, -87, -87, -421
3757, 15480, -86, -86, -421
3757, 15480, -86, -86, -421
3757, 15481, -87, -87, -421
3754, 15480, -88, -88, -421
3754, 15480, -88, -88, -421
3755, 15481, -88, -88, -421
3755, 15481, -88, -88, -421
3757, 15482, -87, -87, -421
3757, 15482, -87, -87, -421
3757, 15482, -87, -87, -421
3757, 15482, -87, -87, -421
3755, 15481, -87, -87, -421
3755, 15481, -87, -87, -421
3754, 15481, -88, -88, -415
3754, 15481, -88, -88, -415
3757, 15481, -87, -87, -415
3757, 15481, -87, -87, -415
3754, 15482, -88, -88, -415
3754, 15482, -88, -88, -415
3753, 15481, -88, -88, -415
3753, 15481, -88, -88, -415
3754, 15481, -88, -88, -415
3753, 15482, -88, -88, -415
3753, 15482, -88, -88, -415
3754, 15482, -88, -88, -415
3753, 15480, -88, -88, -415
3753, 15480, -88, -88, -415
3757, 15481, -86, -86, -415
3861, 15515, -11, -11, -415
3861, 15515, -11, -11, -415
3873, 15514, 27, 27, -415
3884, 15513, 40, 40, -415
3884, 15513, 40, 40, -415
3889, 15513, 45, 45, -415
3889, 15513, 45, 45, -415
3892, 15513, 48, 48, -415
3892, 15513, 48, 48, -415
3896, 15512, 52, 52, -419
3896, 15512, 52, 52, -419
3897, 15513, 54, 54, -419
3897, 15513, 54, 54, -419
3897, 15512, 55, 55, -419
3899, 15513, 56, 56, -419
3899, 15513, 56, 56, -419
3900, 15513, 58, 58, -419
3900, 15513, 58, 58, -419
3900, 15512, 58, 58, -419
3900, 15512, 58, 58, -419
3902, 15512, 59, 59, -419
3902, 15512, 59, 59, -419
3904, 15512, 61, 61, -419
3904, 15512, 61, 61, -419
3905, 15512, 62, 62, -419
3905, 15513, 63, 63, -419
3905, 15513, 63, 63, -419
3905, 15513, 63, 63, -419
3905, 15513, 63, 63, -419
3907, 15513, 63, 63, -419
3907, 15513, 63, 63, -419
3906, 15512, 64, 64, -419
3906, 15512, 64, 64, -419
3906, 15513, 64, 64, -419
3908, 15512, 65, 65, -419
3907, 15513, 65, 65, -419
3909, 15512, 66, 66, -419
3908, 15513, 66, 66, -419
3908, 15513, 66, 66, -419
3909, 15512, 66, 66, -419
3909, 15512, 66, 66, -419
3909, 15513, 67, 67, -419
3909, 15513, 67, 67, -419
3910, 15512, 67, 67, -419
3911, 15512, 68, 68, -419
3911, 15512, 68, 68, -419
3910, 15511, 67, 67, -419
3911, 15511, 68, 68, -419
3911, 15511, 68, 68, -419
3911, 15512, 68, 68, -419
3911, 15512, 68, 68, -419
3910, 15511, 68, 68, -419
3910, 15511, 68, 68, -419
3911, 15512, 68, 68, -419
3912, 15512, 69, 69, -419
3911, 15511, 69, 69, -419
3911, 15511, 69, 69, -419
3911, 15511, 69, 69, -419
3912, 15512, 69, 69, -419
3912, 15512, 69, 69, -419
3912, 15512, 69, 69, -413
3912, 15512, 69, 69, -413
3913, 15512, 70, 70, -413
3913, 15512, 70, 70, -413
3913, 15511, 70, 70, -413
3913, 15512, 71, 71, -413
3913, 15512, 71, 71, -413
3913, 15512, 70, 70, -413
3913, 15512, 71, 71, -413
3913, 15512, 71, 71, -413
3914, 15513, 71, 71, -413
3914, 15513, 71, 71, -413
3913, 15511, 71, 71, -413
3913, 15511, 71, 71, -413
3914, 15512, 71, 71, -413
3915, 15511, 72, 72, -413
3915, 15511, 72, 72, -413
3915, 15511, 72, 72, -413
3915, 15511, 72, 72, -413
3914, 15512, 72, 72, -413
3914, 15512, 72, 72, -413
3914, 15512, 72, 72, -413
3914, 15512, 72, 72, -413
3914, 15512, 72, 72, -413
3916, 15512, 73, 73, -413
3916, 15512, 73, 73, -413
3915, 15512, 72, 72, -413
3915, 15512, 72, 72, -413
3915, 15513, 72, 72, -426
3915, 15513, 72, 72, -426
3915, 15513, 73, 73, -426
3915, 15512, 72, 72, -426
3915, 15512, 73, 73, -426
3915, 15512, 73, 73, -426
3915, 15512, 73, 73, -426
3915, 15512, 73, 73, -426
3916, 15512, 73, 73, -426
3916, 15512, 73, 73, -426
3916, 15513, 73, 73, -426
3916, 15513, 73, 73, -426
3916, 15512, 73, 73, -426
3916, 15512, 73, 73, -426
3916, 15513, 73, 73, -426
3916, 15513, 73, 73, -426
3916, 15512, 73, 73, -426
3916, 15512, 73, 73, -426
3915, 15512, 73, 73, -426
3915, 15512, 73, 73, -426
3917, 15512, 74, 74, -426
3917, 15512, 74, 74, -426
3917, 15512, 74, 74, -426
3917, 15512, 74, 74, -426
3917, 15512, 74, 74, -426
3917, 15513, 74, 74, -426
3916, 15512, 74, 74, -417
3917, 15512, 75, 75, -417
3916, 15513, 74, 74, -417
3916, 15512, 74, 74, -417
3916, 15512, 74, 74, -417
3916, 15512, 74, 74, -417
3917, 15513, 75, 75, -417
3917, 15513, 75, 75, -417
3917, 15512, 75, 75, -417
3917, 15512, 75, 75, -417
3917, 15511, 75, 75, -417
3917, 15511, 75, 75, -417
3917, 15512, 74, 74, -417
3917, 15512, 74, 74, -417
3918, 15511, 75, 75, -417
3918, 15511, 75, 75, -417
3918, 15511, 75, 75, -417
3917, 15512, 75, 75, -417
3917, 15512, 75, 75, -417
3918, 15512, 75, 75, -417
3918, 15512, 75, 75, -417
3917, 15511, 75, 75, -417
3917, 15511, 75, 75, -417
3917, 15512, 75, 75, -417
3918, 15512, 76, 76, -415
3918, 15512, 76, 76, -415
3918, 15512, 75, 75, -415
3918, 15512, 75, 75, -415
3918, 15512, 75, 75, -415
3918, 15512, 76, 76, -415
3918, 15512, 76, 76, -415
3918, 15512, 76, 76, -415
3919, 15512, 76, 76, -415
3919, 15512, 76, 76, -415
3918, 15511, 76, 76, -415
3919, 15512, 76, 76, -415
3918, 15512, 76, 76, -415
3918, 15512, 76, 76, -415
3919, 15512, 76, 76, -415
3919, 15512, 76, 76, -415
3919, 15512, 76, 76, -415
3918, 15511, 76, 76, -415
3918, 15511, 76, 76, -415
3918, 15513, 76, 76, -415
3918, 15513, 76, 76, -415
3919, 15512, 77, 77, -415
3919, 15512, 77, 77, -415
3918, 15511, 76, 76, -415
3918, 15511, 76, 76, -415
3919, 15512, 76, 76, -415
3919, 15512, 76, 76, -415
3919, 15512, 77, 77, -413
3920, 15512, 77, 77, -413
3920, 15512, 77, 77, -413
3920, 15512, 77, 77, -413
3919, 15511, 77, 77, -413
3919, 15512, 76, 76, -413
3920, 15512, 77, 77, -413
3920, 15512, 77, 77, -413
3920, 15512, 77, 77, -413
3920, 15512, 77, 77, -413
3920, 15512, 77, 77, -413
3919, 15512, 77, 77, -413
3919, 15512, 77, 77, -413
3920, 15513, 77, 77, -413
3920, 15512, 77, 77, -413
3920, 15512, 77, 77, -413
3919, 15512, 77, 77, -413
3919, 15512, 77, 77, -413
3919, 15514, 77, 77, -413
3919, 15512, 77, 77, -413
3920, 15512, 78, 78, -413
3919, 15512, 77, 77, -413
3919, 15512, 77, 77, -413
3921, 15513, 78, 78, -413
3921, 15513, 78, 78, -413
3920, 15512, 78, 78, -413
3920, 15512, 78, 78, -413
3920, 15512, 78, 78, -413
3920, 15512, 77, 77, -413
3920, 15512, 78, 78, -413
3920, 15512, 78, 78, -413
3920, 15512, 78, 78, -413
3920, 15512, 78, 78, -413
3921, 15512, 78, 78, -413
3920, 15512, 78, 78, -413
3920, 15512, 78, 78, -413
3920, 15512, 77, 77, -413
3920, 15512, 77, 77, -413
3920, 15511, 78, 78, -413
3920, 15512, 78, 78, -413
3920, 15512, 78, 78, -413
3920, 15511, 78, 78, -413
3920, 15511, 78, 78, -413
3920, 15511, 77, 77, -413
3920, 15511, 77, 77, -413
3919, 15511, 77, 77, -413
3919, 15511, 77, 77, -413
3920, 15513, 77, 77, -413
3921, 15511, 78, 78, -413
3920, 15511, 78, 78, -413
3919, 15512, 78, 78, -413
3919, 15512, 78, 78, -413
3921, 15512, 77, 77, -413
3920, 15511, 78, 78, -417
3921, 15512, 78, 78, -417
3921, 15512, 78, 78, -417
3920, 15512, 78, 78, -417
3920, 15512, 78, 78, -417
3921, 15510, 78, 78, -417
3921, 15510, 78, 78, -417
3921, 15512, 78, 78, -417
3922, 15511, 79, 79, -417
3922, 15511, 79, 79, -417
3920, 15511, 78, 78, -417
3921, 15511, 78, 78, -417
3921, 15511, 78, 78, -417
3921, 15511, 78, 78, -417
3921, 15511, 78, 78, -417
3921, 15512, 78, 78, -417
3921, 15512, 78, 78, -417
3921, 15512, 78, 78, -417
3921, 15511, 78, 78, -417
3921, 15511, 78, 78, -417
3921, 15512, 78, 78, -417
3921, 15511, 79, 79, -417
3921, 15511, 79, 79, -417
3921, 15511, 79, 79, -417
3922, 15512, 79, 79, -419
3922, 15512, 79, 79, -419
3922, 15512, 79, 79, -419
3922, 15512, 79, 79, -419
3921, 15512, 79, 79, -419
3920, 15511, 78, 78, -419
3920, 15511, 78, 78, -419
3922, 15512, 79, 79, -419
3922, 15510, 79, 79, -419
3922, 15510, 79, 79, -419
3921, 15511, 78, 78, -419
3921, 15511, 78, 78, -419
3921, 15511, 78, 78, -419
3921, 15512, 79, 79, -419
3921, 15512, 79, 79, -419
3921, 15512, 79, 79, -419
3922, 15512, 79, 79, -419
3922, 15512, 79, 79, -419
3922, 15511, 80, 80, -419
3922, 15511, 80, 80, -419
3921, 15511, 79, 79, -419
3921, 15511, 79, 79, -419
3922, 15513, 80, 80, -419
3922, 15513, 80, 80, -419
3921, 15511, 79, 79, -419
3921, 15511, 79, 79, -419
3923, 15512, 80, 80, -419
3923, 15512, 80, 80, -419
3922, 15511, 79, 79, -419
3922, 15513, 79, 79, -419
3922, 15513, 79, 79, -419
3922, 15512, 79, 79, -419
3921, 15512, 79, 79, -419
3921, 15512, 79, 79, -419
3922, 15511, 79, 79, -419
3922, 15511, 79, 79, -419
3922, 15512, 79, 79, -419
3922, 15512, 79, 79, -419
3923, 15512, 80, 80, -419
3922, 15513, 79, 79, -419
3921, 15512, 79, 79, -419
3922, 15512, 79, 79, -419
3922, 15512, 79, 79, -419
3922, 15512, 80, 80, -419
3922, 15512, 80, 80, -419
3923, 15512, 80, 80, -419
3922, 15512, 80, 80, -419
3921, 15511, 79, 79, -419
3921, 15511, 79, 79, -419
3923, 15512, 80, 80, -409
3923, 15512, 80, 80, -409
3922, 15512, 80, 80, -409
3922, 15512, 80, 80, -409
3922, 15512, 80, 80, -409
3921, 15511, 79, 79, -409
3921, 15511, 79, 79, -409
3922, 15511, 80, 80, -409
3922, 15511, 80, 80, -409
3923, 15512, 80, 80, -409
3923, 15512, 80, 80, -409
3922, 15513, 80, 80, -409
3922, 15513, 80, 80, -409
3924, 15511, 81, 81, -409
3924, 15511, 81, 81, -409
3922, 15513, 80, 80, -409
3922, 15513, 80, 80, -409
3923, 15512, 80, 80, -409
3923, 15511, 80, 80, -409
3923, 15512, 80, 80, -409
3923, 15512, 80, 80, -409
3924, 15513, 81, 81, -409
3924, 15513, 81, 81, -409
3923, 15512, 80, 80, -409
3923, 15512, 80, 80, -409
3923, 15511, 80, 80, -409
3923, 15511, 80, 80, -409
