4610, 16261, 767, 767, 3101
4610, 16261, 767, 767, 3101
4609, 16262, 767, 767, 3101
4609, 16262, 767, 767, 3101
4609, 16262, 767, 767, 3101
4609, 16261, 767, 767, 3101
4609, 16261, 767, 767, 3101
4609, 16262, 767, 767, 3101
4609, 16262, 767, 767, 3101
4609, 16262, 766, 766, 3101
4609, 16262, 767, 767, 3101
4610, 16263, 768, 768, 3101
4609, 16262, 767, 767, 3101
4609, 16262, 767, 767, 3101
4609, 16263, 767, 767, 3101
4609, 16262, 767, 767, 3101
4609, 16262, 767, 767, 3101
4610, 16264, 767, 767, 3126
4610, 16264, 767, 767, 3126
4610, 16263, 767, 767, 3126
4611, 16264, 768, 768, 3126
4611, 16264, 768, 768, 3126
4610, 16264, 768, 768, 3126
4611, 16263, 768, 768, 3126
4611, 16263, 768, 768, 3126
4611, 16263, 768, 768, 3126
4610, 16263, 768, 768, 3126
4610, 16264, 768, 768, 3126
4611, 16265, 768, 768, 3126
4611, 16264, 768, 768, 3126
4611, 16263, 768, 768, 3126
4610, 16263, 768, 768, 3126
4611, 16263, 769, 769, 3126
4611, 16265, 768, 768, 3126
4611, 16265, 768, 768, 3126
4610, 16263, 768, 768, 3126
4610, 16263, 768, 768, 3126
4611, 16264, 768, 768, 3126
4611, 16265, 768, 768, 3126
4611, 16265, 767, 767, 3126
4611, 16265, 767, 767, 3126
4610, 16264, 768, 768, 3126
4610, 16264, 768, 768, 3140
4611, 16264, 768, 768, 3140
4611, 16265, 769, 769, 3140
4611, 16265, 769, 769, 3140
4611, 16265, 769, 769, 3140
4611, 16265, 769, 769, 3140
4611, 16265, 769, 769, 3140
4611, 16265, 768, 768, 3140
4611, 16265, 768, 768, 3140
4611, 16265, 769, 769, 3140
4611, 16266, 769, 769, 3140
4611, 16265, 769, 769, 3140
4610, 16265, 768, 768, 3140
4611, 16265, 768, 768, 3140
4611, 16265, 768, 768, 3140
4612, 16265, 769, 769, 3140
4612, 16265, 770, 770, 3140
4612, 16265, 769, 769, 3140
4611, 16266, 769, 769, 3140
4611, 16266, 769, 769, 3140
4612, 16265, 769, 769, 3140
4611, 16264, 769, 769, 3140
4612, 16264, 769, 769, 3140
4611, 16266, 769, 769, 3140
4611, 16266, 769, 769, 3140
4612, 16265, 769, 769, 3140
4611, 16265, 769, 769, 3140
4611, 16265, 769, 769, 3140
4611, 16266, 769, 769, 3140
4612, 16265, 769, 769, 3140
4611, 16266, 769, 769, 3140
4611, 16266, 769, 769, 3140
4611, 16266, 769, 769, 3140
4611, 16266, 769, 769, 3140
4611, 16266, 769, 769, 3140
4612, 16265, 769, 769, 3140
4612, 16265, 770, 770, 3140
4612, 16266, 769, 769, 3140
4612, 16266, 769, 769, 3140
4612, 16267, 770, 770, 3140
4612, 16266, 770, 770, 3140
4612, 16266, 770, 770, 3140
4612, 16265, 770, 770, 3140
4612, 16266, 769, 769, 3140
4612, 16265, 770, 770, 3140
4612, 16265, 770, 770, 3140
4612, 16266, 770, 770, 3140
4613, 16265, 770, 770, 3140
4612, 16266, 770, 770, 3140
4613, 16265, 770, 770, 3140
4612, 16265, 770, 770, 3140
4612, 16265, 770, 770, 3140
4613, 16266, 770, 770, 3140
4613, 16266, 770, 770, 3140
4612, 16266, 770, 770, 3140
4612, 16266, 770, 770, 3124
4612, 16266, 770, 770, 3124
4515, 16252, 668, 668, 3124
4515, 16252, 668, 668, 3124
4514, 16252, 671, 671, 3124
4512, 16252, 672, 672, 3124
4512, 16252, 672, 672, 3124
4512, 16253, 671, 671, 3124
4516, 16251, 674, 674, 3124
4516, 16251, 674, 674, 3124
4518, 16252, 674, 674, 3124
4516, 16252, 674, 674, 3124
4518, 16253, 674, 674, 3124
4518, 16253, 674, 674, 3124
4518, 16254, 676, 676, 3124
4518, 16254, 676, 676, 3124
4517, 16253, 675, 675, 3124
4520, 16253, 676, 676, 3124
4520, 16254, 675, 675, 3124
4520, 16253, 676, 676, 3124
4520, 16253, 676, 676, 3124
4516, 16254, 675, 675, 3124
4518, 16254, 677, 677, 3124
4519, 16254, 676, 676, 3111
4519, 16254, 676, 676, 3111
4518, 16254, 676, 676, 3111
4522, 16255, 676, 676, 3111
4520, 16255, 677, 677, 3111
4520, 16255, 677, 677, 3111
4518, 16254, 676, 676, 3111
4518, 16254, 677, 677, 3111
4518, 16254, 677, 677, 3111
4518, 16253, 676, 676, 3111
4518, 16253, 676, 676, 3111
4523, 16255, 677, 677, 3111
4521, 16255, 677, 677, 3111
4520, 16255, 677, 677, 3111
4519, 16255, 677, 677, 3111
4519, 16255, 677, 677, 3111
4518, 16255, 677, 677, 3111
4520, 16254, 677, 677, 3111
4520, 16254, 677, 677, 3111
4521, 16255, 678, 678, 3111
4522, 16254, 678, 678, 3111
4520, 16255, 677, 677, 3111
4520, 16255, 677, 677, 3111
4522, 16256, 678, 678, 3111
4518, 16255, 678, 678, 3111
4518, 16255, 678, 678, 3111
4519, 16255, 678, 678, 3114
4519, 16255, 678, 678, 3114
4522, 16255, 677, 677, 3114
4522, 16255, 677, 677, 3114
4522, 16255, 679, 679, 3114
4523, 16256, 678, 678, 3114
4521, 16256, 678, 678, 3114
4519, 16255, 678, 678, 3114
4519, 16255, 678, 678, 3114
4522, 16255, 678, 678, 3114
4519, 16255, 678, 678, 3114
4522, 16255, 678, 678, 3114
4521, 16256, 678, 678, 3114
4523, 16255, 679, 679, 3114
4523, 16255, 679, 679, 3114
4523, 16257, 678, 678, 3114
4523, 16257, 678, 678, 3114
4523, 16256, 679, 679, 3114
4520, 16256, 679, 679, 3114
4520, 16256, 679, 679, 3114
4520, 16255, 679, 679, 3114
4520, 16255, 679, 679, 3114
4523, 16256, 679, 679, 3114
4523, 16256, 679, 679, 3114
4523, 16256, 679, 679, 3114
4523, 16256, 679, 679, 3114
4522, 16256, 679, 679, 3114
4522, 16256, 679, 679, 3114
4520, 16256, 680, 680, 3114
4520, 16255, 679, 679, 3114
4520, 16255, 679, 679, 3114
4522, 16256, 679, 679, 3114
4523, 16256, 680, 680, 3114
4523, 16256, 680, 680, 3114
4524, 16257, 679, 679, 3114
4524, 16257, 679, 679, 3114
4521, 16257, 679, 679, 3114
4521, 16257, 679, 679, 3114
4520, 16257, 679, 679, 3114
4522, 16255, 680, 680, 3114
4522, 16255, 680, 680, 3114
4523, 16257, 680, 680, 3114
4524, 16258, 681, 681, 3114
4524, 16258, 681, 681, 3114
4522, 16257, 680, 680, 3114
4522, 16257, 680, 680, 3114
4520, 16257, 680, 680, 3114
4520, 16257, 679, 679, 3114
4522, 16257, 680, 680, 3114
4522, 16257, 680, 680, 3114
4522, 16257, 679, 679, 3111
4522, 16257, 679, 679, 3111
4525, 16256, 680, 680, 3111
4525, 16258, 680, 680, 3111
4525, 16258, 680, 680, 3111
4522, 16257, 680, 680, 3111
4522, 16257, 680, 680, 3111
4522, 16258, 680, 680, 3111
4522, 16258, 680, 680, 3111
4523, 16258, 680, 680, 3111
4523, 16258, 680, 680, 3111
4525, 16258, 681, 681, 3111
4525, 16258, 681, 681, 3111
4523, 16258, 680, 680, 3111
4525, 16259, 683, 683, 3111
4525, 16259, 683, 683, 3111
4625, 16272, 785, 785, 3111
4622, 16271, 781, 781, 3111
4622, 16271, 781, 781, 3111
4620, 16271, 778, 778, 3111
4620, 16271, 778, 778, 3111
4619, 16271, 777, 777, 3111
4619, 16271, 776, 776, 3111
4619, 16271, 776, 776, 3111
4618, 16271, 776, 776, 3111
4618, 16271, 775, 775, 3111
4617, 16270, 775, 775, 3111
4617, 16271, 775, 775, 3111
4617, 16271, 775, 775, 3111
4617, 16271, 775, 775, 3111
4618, 16270, 775, 775, 3111
4617, 16271, 775, 775, 3111
4617, 16271, 775, 775, 3111
4617, 16271, 775, 775, 3111
4617, 16271, 775, 775, 3111
4617, 16271, 774, 774, 3111
4617, 16271, 775, 775, 3111
4617, 16272, 774, 774, 3111
4617, 16271, 774, 774, 3111
4617, 16271, 775, 775, 3111
4617, 16271, 775, 775, 3111
4617, 16272, 775, 775, 3111
4617, 16271, 775, 775, 3111
4616, 16272, 775, 775, 3111
4616, 16271, 774, 774, 3111
4617, 16272, 774, 774, 3111
4617, 16272, 774, 774, 3111
4617, 16272, 774, 774, 3111
4616, 16273, 774, 774, 3111
4617, 16271, 775, 775, 3111
4617, 16271, 775, 775, 3111
4617, 16272, 775, 775, 3111
4617, 16272, 775, 775, 3111
4616, 16272, 774, 774, 3109
4616, 16272, 774, 774, 3109
4616, 16271, 774, 774, 3109
4616, 16271, 774, 774, 3109
4617, 16272, 775, 775, 3109
4617, 16271, 774, 774, 3109
4616, 16272, 774, 774, 3109
4617, 16272, 774, 774, 3109
4617, 16273, 775, 775, 3109
4616, 16270, 774, 774, 3109
4617, 16271, 774, 774, 3109
4617, 16272, 775, 775, 3109
4617, 16272, 775, 775, 3109
4618, 16272, 775, 775, 3109
4617, 16273, 775, 775, 3109
4617, 16273, 775, 775, 3109
4617, 16273, 774, 774, 3109
4617, 16271, 774, 774, 3109
4618, 16272, 775, 775, 3109
4617, 16271, 775, 775, 3109
4617, 16271, 774, 774, 3109
4618, 16273, 775, 775, 3109
4618, 16272, 775, 775, 3109
4618, 16272, 775, 775, 3109
4618, 16272, 776, 776, 3109
4617, 16273, 775, 775, 3109
4619, 16273, 776, 776, 3103
4619, 16272, 775, 775, 3103
4618, 16272, 775, 775, 3103
4618, 16272, 775, 775, 3103
4617, 16271, 775, 775, 3103
4618, 16272, 775, 775, 3103
4618, 16273, 775, 775, 3103
4618, 16273, 775, 775, 3103
4617, 16273, 775, 775, 3103
4618, 16273, 775, 775, 3103
4618, 16273, 775, 775, 3103
4617, 16273, 775, 775, 3103
4618, 16272, 775, 775, 3103
4617, 16273, 775, 775, 3103
4619, 16272, 775, 775, 3103
4619, 16272, 775, 775, 3103
4617, 16273, 775, 775, 3103
4617, 16272, 775, 775, 3103
4618, 16273, 775, 775, 3103
4619, 16274, 776, 776, 3103
4619, 16273, 776, 776, 3103
4619, 16273, 776, 776, 3103
4617, 16273, 775, 775, 3103
4618, 16274, 775, 775, 3103
4618, 16274, 775, 775, 3103
4618, 16273, 775, 775, 3099
4618, 16273, 775, 775, 3099
4618, 16273, 776, 776, 3099
4617, 16274, 776, 776, 3099
4619, 16274, 776, 776, 3099
4618, 16273, 776, 776, 3099
4618, 16273, 776, 776, 3099
4617, 16273, 775, 775, 3099
4618, 16274, 776, 776, 3099
4617, 16274, 776, 776, 3099
4617, 16274, 776, 776, 3099
4618, 16273, 776, 776, 3099
4619, 16273, 777, 777, 3099
4619, 16274, 776, 776, 3099
4619, 16274, 776, 776, 3099
4619, 16273, 776, 776, 3099
4619, 16273, 776, 776, 3099
4618, 16273, 776, 776, 3099
4618, 16274, 776, 776, 3099
4618, 16274, 776, 776, 3099
4618, 16274, 776, 776, 3099
4619, 16274, 776, 776, 3099
4619, 16274, 776, 776, 3099
4619, 16274, 776, 776, 3099
4618, 16274, 776, 776, 3099
4619, 16275, 777, 777, 3099
4620, 16274, 777, 777, 3099
4620, 16274, 777, 777, 3099
4619, 16274, 776, 776, 3093
4619, 16274, 776, 776, 3093
4618, 16275, 776, 776, 3093
4619, 16274, 777, 777, 3093
4619, 16274, 777, 777, 3093
4620, 16275, 777, 777, 3093
4620, 16275, 777, 777, 3093
4618, 16275, 777, 777, 3093
4619, 16274, 777, 777, 3093
4620, 16274, 777, 777, 3093
4619, 16273, 777, 777, 3093
4619, 16274, 777, 777, 3093
4619, 16274, 777, 777, 3093
4520, 16260, 677, 677, 3093
4521, 16260, 678, 678, 3093
4521, 16260, 678, 678, 3093
4520, 16259, 678, 678, 3093
4525, 16260, 681, 681, 3093
4524, 16261, 680, 680, 3093
4524, 16261, 680, 680, 3093
4524, 16261, 682, 682, 3093
4523, 16261, 681, 681, 3093
4523, 16261, 681, 681, 3093
4522, 16261, 682, 682, 3097
4522, 16261, 682, 682, 3097
4522, 16261, 683, 683, 3097
4526, 16262, 682, 682, 3097
4526, 16262, 682, 682, 3097
4527, 16261, 683, 683, 3097
4528, 16261, 683, 683, 3097
4527, 16261, 684, 684, 3097
4527, 16261, 684, 684, 3097
4525, 16262, 684, 684, 3097
4525, 16262, 684, 684, 3097
4526, 16262, 684, 684, 3097
4526, 16262, 684, 684, 3097
4529, 16262, 684, 684, 3097
4529, 16262, 684, 684, 3097
4530, 16263, 685, 685, 3097
4524, 16262, 684, 684, 3097
4525, 16263, 684, 684, 3097
4525, 16263, 684, 684, 3097
4525, 16262, 684, 684, 3097
4526, 16261, 684, 684, 3097
4526, 16261, 684, 684, 3097
4528, 16263, 684, 684, 3097
4528, 16263, 684, 684, 3097
4529, 16263, 685, 685, 3097
4529, 16263, 685, 685, 3097
4527, 16263, 685, 685, 3097
4527, 16263, 685, 685, 3097
4525, 16263, 685, 685, 3097
4527, 16263, 685, 685, 3097
4527, 16263, 685, 685, 3097
4526, 16263, 685, 685, 3097
4526, 16263, 685, 685, 3097
4530, 16263, 685, 685, 3097
4530, 16263, 685, 685, 3097
4528, 16262, 685, 685, 3097
4528, 16262, 685, 685, 3097
4526, 16263, 686, 686, 3097
4526, 16263, 686, 686, 3097
4528, 16263, 685, 685, 3097
4529, 16264, 686, 686, 3097
4529, 16264, 686, 686, 3097
4530, 16264, 685, 686, 3097
4530, 16264, 685, 686, 3097
4529, 16264, 685, 685, 3097
4529, 16264, 685, 685, 3097
4528, 16264, 687, 687, 3097
4528, 16264, 687, 687, 3097
4529, 16263, 686, 686, 3097
4529, 16263, 686, 686, 3097
4530, 16264, 687, 687, 3097
4530, 16264, 687, 687, 3097
4530, 16263, 687, 687, 3097
4531, 16264, 687, 687, 3097
4529, 16265, 686, 686, 3097
4530, 16264, 687, 687, 3097
4529, 16264, 687, 687, 3097
4527, 16263, 686, 686, 3097
4527, 16263, 687, 687, 3097
4527, 16263, 687, 687, 3097
4530, 16264, 686, 686, 3097
4530, 16264, 686, 686, 3097
4529, 16265, 686, 686, 3097
4529, 16265, 686, 686, 3097
4532, 16265, 686, 686, 3097
4526, 16265, 686, 686, 3097
4526, 16265, 686, 686, 3097
4528, 16264, 688, 688, 3097
4526, 16264, 687, 687, 3097
4528, 16265, 687, 687, 3097
4528, 16265, 687, 687, 3097
4528, 16265, 687, 687, 3097
4528, 16265, 687, 687, 3097
4532, 16265, 687, 687, 3097
4532, 16265, 687, 687, 3097
4533, 16266, 688, 688, 3097
4533, 16266, 688, 688, 3097
4528, 16264, 687, 687, 3095
4528, 16264, 687, 687, 3095
4528, 16266, 687, 687, 3095
4531, 16264, 688, 688, 3095
4531, 16264, 688, 688, 3095
4531, 16265, 687, 687, 3095
4531, 16265, 687, 687, 3095
4532, 16265, 688, 688, 3095
4529, 16266, 687, 687, 3095
4529, 16266, 687, 687, 3095
4528, 16265, 687, 687, 3095
4529, 16266, 688, 688, 3095
4532, 16265, 688, 688, 3095
4530, 16266, 687, 687, 3095
4531, 16266, 688, 688, 3095
4531, 16266, 688, 688, 3095
4527, 16267, 688, 688, 3095
4527, 16267, 688, 688, 3095
4530, 16264, 688, 688, 3095
4530, 16264, 688, 688, 3095
4530, 16266, 688, 688, 3095
4531, 16266, 688, 688, 3095
4531, 16266, 688, 688, 3095
4529, 16266, 688, 688, 3095
4529, 16266, 688, 688, 3095
4529, 16266, 688, 688, 3095
4529, 16266, 688, 688, 3095
4530, 16267, 688, 688, 3097
4634, 16281, 792, 792, 3097
4634, 16281, 792, 792, 3097
4631, 16282, 790, 790, 3097
4630, 16280, 788, 788, 3097
4627, 16279, 785, 785, 3097
4627, 16279, 785, 785, 3097
4626, 16279, 785, 785, 3097
4626, 16279, 784, 784, 3097
4626, 16279, 784, 784, 3097
4626, 16279, 783, 783, 3097
4626, 16279, 783, 783, 3097
4625, 16278, 783, 783, 3097
4625, 16278, 783, 783, 3097
4625, 16278, 782, 782, 3097
4625, 16278, 782, 782, 3097
4625, 16278, 782, 782, 3097
4624, 16279, 782, 782, 3097
4624, 16279, 782, 782, 3097
4625, 16279, 783, 783, 3097
4624, 16280, 782, 782, 3097
4624, 16279, 782, 782, 3097
4624, 16279, 782, 782, 3097
4625, 16279, 782, 782, 3097
4625, 16280, 783, 783, 3105
4625, 16280, 783, 783, 3105
4625, 16280, 782, 782, 3105
4626, 16280, 783, 783, 3105
4624, 16280, 782, 782, 3105
4624, 16280, 782, 782, 3105
4626, 16280, 783, 783, 3105
4625, 16280, 783, 783, 3105
4624, 16281, 783, 783, 3105
4624, 16281, 783, 783, 3105
4626, 16280, 783, 783, 3105
4626, 16280, 783, 783, 3105
4624, 16280, 782, 782, 3105
4626, 16280, 783, 783, 3105
4626, 16280, 783, 783, 3105
4625, 16280, 783, 783, 3105
4625, 16280, 783, 783, 3105
4625, 16280, 783, 783, 3105
4626, 16281, 783, 783, 3105
4626, 16281, 783, 783, 3105
4625, 16280, 783, 783, 3105
4625, 16280, 783, 783, 3105
4625, 16281, 783, 783, 3105
4625, 16281, 782, 782, 3105
4625, 16281, 782, 782, 3105
4626, 16281, 783, 783, 3105
4625, 16281, 783, 783, 3101
4625, 16281, 783, 783, 3101
4625, 16280, 783, 783, 3101
4625, 16280, 783, 783, 3101
4626, 16280, 783, 783, 3101
4626, 16280, 783, 783, 3101
4627, 16280, 783, 783, 3101
4625, 16281, 783, 783, 3101
4626, 16281, 783, 783, 3101
4626, 16281, 783, 783, 3101
4626, 16281, 783, 783, 3101
4626, 16281, 784, 784, 3101
4626, 16281, 783, 783, 3101
4625, 16280, 783, 783, 3101
4625, 16280, 783, 783, 3101
4625, 16280, 783, 783, 3101
4626, 16281, 784, 784, 3101
4625, 16280, 783, 783, 3101
4626, 16280, 783, 783, 3101
4625, 16281, 783, 783, 3101
4625, 16281, 783, 783, 3101
4625, 16282, 783, 783, 3101
4625, 16281, 783, 783, 3101
4625, 16281, 783, 783, 3101
4625, 16280, 783, 783, 3101
4625, 16282, 783, 783, 3099
4625, 16282, 783, 783, 3099
4626, 16280, 783, 783, 3099
4626, 16280, 783, 783, 3099
4626, 16282, 784, 784, 3099
4626, 16282, 784, 784, 3099
4626, 16281, 784, 784, 3099
4626, 16280, 784, 784, 3099
4626, 16280, 784, 784, 3099
4626, 16282, 784, 784, 3099
4626, 16281, 784, 784, 3099
4625, 16282, 783, 783, 3099
4626, 16283, 784, 784, 3099
4626, 16283, 784, 784, 3099
4627, 16282, 784, 784, 3099
4627, 16281, 785, 785, 3099
4627, 16281, 785, 785, 3099
4627, 16282, 784, 784, 3099
4627, 16282, 785, 785, 3099
4627, 16282, 785, 785, 3099
4628, 16282, 785, 785, 3099
4626, 16281, 784, 784, 3099
4626, 16281, 784, 784, 3099
4626, 16282, 784, 784, 3097
4627, 16282, 784, 784, 3097
4628, 16282, 785, 785, 3097
4627, 16282, 784, 784, 3097
4627, 16282, 784, 784, 3097
4627, 16282, 785, 785, 3097
4627, 16281, 785, 785, 3097
4627, 16281, 785, 785, 3097
4627, 16282, 785, 785, 3097
4627, 16282, 785, 785, 3097
4627, 16281, 785, 785, 3097
4628, 16283, 785, 785, 3097
4627, 16283, 785, 785, 3097
4627, 16282, 785, 785, 3097
4627, 16282, 785, 785, 3097
4628, 16283, 785, 785, 3097
4628, 16283, 785, 785, 3097
4628, 16283, 785, 785, 3097
4628, 16282, 786, 786, 3097
4627, 16282, 785, 785, 3097
4627, 16283, 785, 785, 3097
4627, 16283, 785, 785, 3097
4628, 16283, 785, 785, 3097
4628, 16282, 785, 785, 3097
4628, 16282, 785, 785, 3097
4628, 16283, 785, 785, 3097
4626, 16283, 785, 785, 3095
4626, 16283, 785, 785, 3095
4467, 16275, 702, 702, 3095
4512, 16269, 650, 650, 3095
4529, 16269, 685, 685, 3095
4532, 16269, 687, 687, 3095
4532, 16269, 687, 687, 3095
4531, 16268, 688, 688, 3095
4531, 16268, 688, 688, 3095
4531, 16269, 691, 691, 3095
4531, 16269, 691, 691, 3095
4531, 16268, 690, 690, 3095
4531, 16268, 690, 690, 3095
4531, 16269, 691, 691, 3095
4531, 16268, 691, 691, 3095
4535, 16270, 691, 691, 3095
4535, 16270, 691, 691, 3095
4534, 16270, 691, 691, 3095
4534, 16270, 691, 691, 3095
4532, 16270, 692, 692, 3095
4532, 16270, 692, 692, 3095
4535, 16269, 693, 693, 3095
4532, 16269, 692, 692, 3095
4532, 16269, 692, 692, 3095
4534, 16270, 692, 692, 3095
4534, 16270, 692, 692, 3095
4536, 16272, 691, 691, 3095
4535, 16271, 692, 692, 3099
4536, 16271, 692, 692, 3099
4536, 16270, 693, 693, 3099
4533, 16271, 692, 692, 3099
4535, 16271, 692, 692, 3099
4535, 16271, 692, 692, 3099
4536, 16270, 692, 692, 3099
4536, 16270, 692, 692, 3099
4537, 16271, 694, 694, 3099
4537, 16271, 694, 694, 3099
4534, 16271, 692, 692, 3099
4534, 16271, 692, 692, 3099
4534, 16271, 693, 693, 3099
4535, 16271, 693, 693, 3099
4535, 16271, 693, 693, 3099
4538, 16271, 693, 693, 3099
4537, 16271, 693, 693, 3099
4537, 16271, 694, 694, 3099
4537, 16271, 694, 694, 3099
4534, 16271, 693, 693, 3099
4534, 16271, 693, 693, 3099
4534, 16272, 693, 693, 3099
4536, 16272, 692, 692, 3099
4536, 16272, 692, 692, 3099
4538, 16272, 694, 694, 3099
4538, 16272, 692, 692, 3099
4538, 16272, 692, 692, 3099
4534, 16272, 693, 693, 3105
4534, 16272, 693, 693, 3105
4534, 16272, 693, 693, 3105
4534, 16273, 693, 693, 3105
4536, 16272, 693, 693, 3105
4536, 16272, 693, 693, 3105
4538, 16272, 694, 694, 3105
4538, 16272, 694, 694, 3105
4535, 16272, 694, 694, 3105
4535, 16272, 694, 694, 3105
4535, 16272, 694, 694, 3105
4536, 16272, 695, 695, 3105
4535, 16272, 693, 693, 3105
4539, 16272, 694, 694, 3105
4539, 16272, 694, 694, 3105
4538, 16273, 694, 694, 3105
4536, 16273, 694, 694, 3105
4535, 16274, 693, 693, 3105
4536, 16274, 694, 694, 3105
4536, 16274, 694, 694, 3105
4533, 16272, 694, 694, 3105
4533, 16272, 694, 694, 3105
4537, 16273, 694, 694, 3105
4537, 16273, 694, 694, 3105
4538, 16273, 694, 694, 3105
4538, 16273, 694, 694, 3105
4538, 16273, 695, 695, 3095
4536, 16273, 695, 695, 3095
4536, 16273, 695, 695, 3095
4536, 16273, 695, 695, 3095
4536, 16273, 694, 694, 3095
4538, 16273, 694, 694, 3095
4539, 16273, 695, 695, 3095
4539, 16273, 695, 695, 3095
4538, 16274, 694, 694, 3095
4535, 16273, 694, 694, 3095
4536, 16274, 694, 694, 3095
4534, 16273, 693, 693, 3095
4534, 16273, 693, 693, 3095
4537, 16273, 695, 695, 3095
4537, 16273, 695, 695, 3095
4539, 16274, 695, 695, 3095
4539, 16274, 695, 695, 3095
4540, 16273, 696, 696, 3095
4540, 16274, 694, 694, 3095
4535, 16273, 695, 695, 3095
4537, 16273, 695, 695, 3095
4537, 16273, 695, 695, 3095
4536, 16274, 695, 695, 3095
4536, 16274, 695, 695, 3095
4536, 16274, 695, 695, 3095
4537, 16274, 696, 696, 3095
4538, 16273, 696, 696, 3095
4538, 16274, 695, 695, 3093
4538, 16274, 695, 695, 3093
4540, 16275, 696, 696, 3093
4540, 16275, 696, 696, 3093
4536, 16273, 695, 695, 3093
4536, 16273, 695, 695, 3093
4537, 16273, 697, 697, 3093
4537, 16273, 697, 697, 3093
4539, 16274, 696, 696, 3093
4539, 16274, 696, 696, 3093
4540, 16275, 696, 696, 3093
4540, 16275, 696, 696, 3093
4536, 16275, 695, 695, 3093
4543, 16275, 696, 696, 3093
4543, 16275, 696, 696, 3093
4647, 16292, 732, 732, 3093
4638, 16288, 797, 797, 3093
4638, 16288, 797, 797, 3093
4638, 16288, 795, 795, 3093
4636, 16289, 794, 794, 3093
4636, 16289, 793, 793, 3093
4635, 16287, 793, 793, 3093
4633, 16289, 791, 791, 3093
4634, 16289, 791, 791, 3097
4633, 16287, 791, 791, 3097
4633, 16287, 791, 791, 3097
4634, 16288, 792, 792, 3097
4634, 16289, 792, 792, 3097
4634, 16289, 792, 792, 3097
4634, 16289, 791, 791, 3097
4633, 16288, 791, 791, 3097
4633, 16288, 791, 791, 3097
4634, 16290, 791, 791, 3097
4634, 16289, 791, 791, 3097
4634, 16289, 791, 791, 3097
4634, 16289, 791, 791, 3097
4634, 16288, 791, 791, 3097
4634, 16288, 791, 791, 3097
4634, 16290, 791, 791, 3097
4634, 16290, 791, 791, 3097
4633, 16289, 791, 791, 3097
4633, 16288, 791, 791, 3097
4633, 16288, 791, 791, 3097
4633, 16289, 791, 791, 3097
4633, 16289, 791, 791, 3097
4633, 16289, 791, 791, 3097
4633, 16289, 791, 791, 3097
4633, 16290, 790, 790, 3097
4633, 16290, 790, 790, 3097
4632, 16290, 790, 790, 3097
4634, 16289, 791, 791, 3103
4633, 16290, 791, 791, 3103
4633, 16290, 791, 791, 3103
4633, 16290, 791, 791, 3103
4633, 16288, 791, 791, 3103
4634, 16290, 791, 791, 3103
4633, 16289, 791, 791, 3103
4634, 16290, 791, 791, 3103
4633, 16290, 791, 791, 3103
4633, 16290, 791, 791, 3103
4633, 16288, 791, 791, 3103
4633, 16288, 791, 791, 3103
4633, 16290, 791, 791, 3103
4634, 16289, 791, 791, 3103
4633, 16290, 791, 791, 3103
4633, 16290, 791, 791, 3103
4634, 16290, 791, 791, 3103
4634, 16289, 791, 791, 3103
4634, 16289, 791, 791, 3103
4634, 16289, 791, 791, 3103
4633, 16290, 791, 791, 3103
4634, 16291, 791, 791, 3103
4633, 16290, 791, 791, 3103
4634, 16290, 791, 791, 3103
4634, 16289, 792, 792, 3103
4634, 16289, 792, 792, 3103
4635, 16290, 792, 792, 3103
4635, 16290, 792, 792, 3099
4634, 16290, 791, 791, 3099
4634, 16290, 791, 791, 3099
4633, 16291, 791, 791, 3099
4634, 16290, 791, 791, 3099
4634, 16290, 791, 791, 3099
4635, 16290, 792, 792, 3099
4635, 16290, 792, 792, 3099
4634, 16290, 791, 791, 3099
4634, 16291, 792, 792, 3099
4634, 16291, 792, 792, 3099
4634, 16290, 792, 792, 3099
4634, 16290, 792, 792, 3099
4634, 16290, 791, 791, 3099
4635, 16290, 792, 792, 3099
4635, 16290, 792, 792, 3099
4634, 16290, 792, 792, 3099
4634, 16290, 792, 792, 3099
4634, 16289, 792, 792, 3099
4635, 16290, 792, 792, 3099
4634, 16291, 792, 792, 3099
4633, 16291, 791, 791, 3099
4634, 16289, 792, 792, 3099
4634, 16289, 792, 792, 3099
4634, 16291, 792, 792, 3099
4634, 16292, 792, 792, 3099
4635, 16291, 792, 792, 3089
4635, 16291, 792, 792, 3089
4635, 16289, 792, 792, 3089
4634, 16291, 792, 792, 3089
4634, 16291, 792, 792, 3089
4634, 16291, 792, 792, 3089
4635, 16291, 792, 792, 3089
4635, 16291, 792, 792, 3089
4634, 16290, 792, 792, 3089
4634, 16290, 792, 792, 3089
4635, 16292, 792, 792, 3089
4635, 16291, 792, 792, 3089
4635, 16291, 792, 792, 3089
4635, 16291, 792, 792, 3089
4635, 16291, 792, 792, 3089
4635, 16291, 793, 793, 3089
4635, 16292, 793, 793, 3089
4635, 16291, 793, 793, 3089
4635, 16291, 793, 793, 3089
4636, 16292, 793, 793, 3089
4635, 16292, 793, 793, 3089
4635, 16292, 793, 793, 3089
4636, 16291, 793, 793, 3089
4636, 16291, 793, 793, 3089
4636, 16293, 793, 793, 3089
4636, 16293, 793, 793, 3089
4636, 16292, 793, 793, 3097
4636, 16292, 793, 793, 3097
4635, 16292, 793, 793, 3097
4635, 16292, 793, 793, 3097
4635, 16291, 793, 793, 3097
4636, 16290, 793, 793, 3097
4636, 16290, 793, 793, 3097
4636, 16291, 793, 793, 3097
4637, 16291, 793, 793, 3097
4635, 16292, 793, 793, 3097
4636, 16291, 793, 793, 3097
4636, 16293, 794, 794, 3097
4635, 16292, 793, 793, 3097
4635, 16292, 793, 793, 3097
4501, 16277, 653, 653, 3097
4535, 16278, 691, 691, 3097
4539, 16278, 694, 694, 3097
4540, 16277, 695, 695, 3097
4540, 16277, 695, 695, 3097
4540, 16278, 696, 696, 3097
4541, 16279, 696, 696, 3097
4539, 16278, 697, 697, 3097
4539, 16278, 697, 697, 3097
4539, 16278, 699, 699, 3097
4539, 16278, 699, 699, 3097
4540, 16278, 698, 698, 3097
4541, 16279, 698, 698, 3111
4541, 16279, 698, 698, 3111
4544, 16278, 699, 699, 3111
4544, 16278, 699, 699, 3111
4543, 16279, 699, 699, 3111
4544, 16279, 700, 700, 3111
4544, 16279, 700, 700, 3111
4541, 16278, 700, 700, 3111
4541, 16278, 700, 700, 3111
4542, 16278, 700, 700, 3111
4542, 16278, 700, 700, 3111
4543, 16280, 700, 700, 3111
4544, 16280, 699, 699, 3111
4544, 16280, 699, 699, 3111
4544, 16280, 701, 701, 3111
4544, 16280, 701, 701, 3111
4542, 16280, 700, 700, 3111
4541, 16280, 701, 701, 3111
4541, 16280, 701, 701, 3111
4543, 16280, 700, 700, 3111
4543, 16280, 700, 700, 3111
4545, 16280, 701, 701, 3111
4545, 16280, 701, 701, 3111
4543, 16280, 701, 701, 3111
4543, 16280, 701, 701, 3111
4541, 16280, 701, 701, 3111
4541, 16279, 700, 700, 3111
4541, 16279, 700, 700, 3111
4541, 16280, 700, 700, 3114
4544, 16280, 700, 700, 3114
4544, 16281, 700, 700, 3114
4544, 16281, 700, 700, 3114
4545, 16282, 700, 700, 3114
4543, 16280, 701, 701, 3114
4540, 16279, 700, 700, 3114
4543, 16280, 702, 702, 3114
4545, 16280, 700, 700, 3114
4543, 16280, 701, 701, 3114
4543, 16280, 701, 701, 3114
4546, 16279, 702, 702, 3114
4546, 16279, 702, 702, 3114
4542, 16281, 701, 701, 3114
4542, 16281, 701, 701, 3114
4543, 16281, 700, 700, 3114
4543, 16281, 700, 700, 3114
4542, 16280, 701, 701, 3114
4542, 16280, 701, 701, 3114
4542, 16280, 701, 701, 3114
4547, 16280, 702, 702, 3114
4547, 16280, 702, 702, 3114
4545, 16282, 700, 700, 3114
4546, 16282, 702, 702, 3116
4546, 16282, 702, 702, 3116
4546, 16281, 702, 702, 3116
4545, 16282, 701, 701, 3116
4542, 16281, 702, 702, 3116
4542, 16281, 702, 702, 3116
4545, 16281, 702, 702, 3116
4545, 16281, 702, 702, 3116
4548, 16281, 702, 702, 3116
4548, 16281, 702, 702, 3116
4546, 16282, 702, 702, 3116
4546, 16282, 702, 702, 3116
4544, 16280, 703, 703, 3116
4544, 16280, 703, 703, 3116
4543, 16280, 703, 703, 3116
4543, 16282, 702, 702, 3116
4543, 16282, 702, 702, 3116
4546, 16282, 702, 702, 3116
4546, 16282, 702, 702, 3116
4545, 16282, 703, 703, 3116
4547, 16281, 703, 703, 3116
4547, 16281, 703, 703, 3116
4545, 16284, 703, 703, 3116
4545, 16284, 703, 703, 3116
4545, 16282, 702, 702, 3116
4545, 16280, 703, 703, 3116
4544, 16282, 702, 702, 3122
4544, 16282, 702, 702, 3122
4546, 16281, 704, 704, 3122
4547, 16282, 703, 703, 3122
4549, 16282, 703, 703, 3122
4544, 16282, 703, 703, 3122
4544, 16282, 703, 703, 3122
4544, 16281, 703, 703, 3122
4544, 16281, 703, 703, 3122
4547, 16282, 703, 703, 3122
4547, 16282, 703, 703, 3122
4547, 16283, 703, 703, 3122
4547, 16283, 703, 703, 3122
4546, 16282, 703, 703, 3122
4548, 16283, 703, 703, 3122
4548, 16283, 703, 703, 3122
4545, 16283, 703, 703, 3122
4545, 16283, 703, 703, 3122
4546, 16282, 703, 703, 3122
4547, 16283, 704, 704, 3122
4547, 16283, 704, 704, 3122
4547, 16283, 704, 704, 3122
4539, 16284, 702, 702, 3122
4539, 16284, 702, 702, 3122
4650, 16299, 810, 810, 3109
4650, 16299, 810, 810, 3109
4645, 16296, 804, 804, 3109
4645, 16296, 804, 804, 3109
4644, 16296, 801, 801, 3109
4643, 16297, 801, 801, 3109
4642, 16297, 800, 800, 3109
4642, 16297, 800, 800, 3109
4642, 16296, 800, 800, 3109
4642, 16297, 800, 800, 3109
4642, 16297, 799, 799, 3109
4642, 16297, 799, 799, 3109
4642, 16298, 800, 800, 3109
4641, 16296, 799, 799, 3109
4641, 16297, 799, 799, 3109
4641, 16297, 799, 799, 3109
4640, 16297, 799, 799, 3109
4640, 16297, 799, 799, 3109
4641, 16297, 798, 798, 3109
4642, 16297, 799, 799, 3109
4642, 16298, 799, 799, 3109
4641, 16296, 799, 799, 3109
4641, 16296, 799, 799, 3109
4641, 16297, 799, 799, 3109
4641, 16296, 798, 798, 3109
4640, 16297, 798, 798, 3124
4641, 16297, 798, 798, 3124
4641, 16297, 798, 798, 3124
4641, 16297, 798, 798, 3124
4641, 16297, 798, 798, 3124
4641, 16297, 799, 799, 3124
4641, 16296, 799, 799, 3124
4641, 16297, 798, 798, 3124
4641, 16298, 798, 798, 3124
4641, 16298, 798, 798, 3124
4641, 16298, 798, 798, 3124
4642, 16298, 798, 798, 3124
4641, 16299, 798, 798, 3124
4641, 16298, 799, 799, 3124
4641, 16298, 799, 799, 3124
4640, 16297, 798, 798, 3124
4641, 16297, 799, 799, 3124
4641, 16298, 799, 799, 3124
4641, 16298, 799, 799, 3124
4641, 16298, 799, 799, 3124
4642, 16298, 799, 799, 3124
4642, 16298, 799, 799, 3124
4642, 16298, 799, 799, 3114
4641, 16298, 799, 799, 3114
4641, 16298, 799, 799, 3114
4641, 16299, 799, 799, 3114
4642, 16298, 799, 799, 3114
4641, 16298, 799, 799, 3114
4641, 16298, 799, 799, 3114
4641, 16298, 799, 799, 3114
4641, 16298, 799, 799, 3114
4642, 16297, 799, 799, 3114
4641, 16298, 799, 799, 3114
4641, 16298, 799, 799, 3114
4641, 16297, 799, 799, 3114
4641, 16298, 799, 799, 3114
4641, 16299, 799, 799, 3114
4642, 16299, 800, 800, 3114
4642, 16299, 800, 800, 3114
4641, 16299, 798, 798, 3114
4641, 16299, 799, 799, 3114
4641, 16299, 799, 799, 3114
4641, 16299, 799, 799, 3114
4642, 16299, 799, 799, 3114
4642, 16299, 799, 799, 3114
4641, 16299, 799, 799, 3114
4641, 16299, 799, 799, 3114
4643, 16299, 799, 799, 3111
4642, 16298, 800, 800, 3111
4642, 16298, 800, 800, 3111
4642, 16299, 799, 799, 3111
4642, 16299, 799, 799, 3111
4643, 16300, 799, 799, 3111
4643, 16298, 800, 800, 3111
4643, 16300, 800, 800, 3111
4643, 16300, 800, 800, 3111
4643, 16299, 800, 800, 3111
4642, 16301, 800, 800, 3111
4643, 16300, 800, 800, 3111
4643, 16300, 800, 800, 3111
4643, 16299, 800, 800, 3111
4643, 16299, 800, 800, 3111
4643, 16299, 800, 800, 3111
4642, 16300, 800, 800, 3111
4642, 16299, 800, 800, 3111
4642, 16298, 800, 800, 3111
4642, 16299, 800, 800, 3111
4642, 16299, 800, 800, 3111
4643, 16299, 800, 800, 3111
4642, 16300, 800, 800, 3111
4643, 16300, 800, 800, 3111
4643, 16300, 800, 800, 3111
4643, 16299, 800, 800, 3111
4642, 16300, 800, 800, 3111
4642, 16299, 800, 800, 3111
4642, 16299, 800, 800, 3109
4642, 16298, 800, 800, 3109
4643, 16300, 800, 800, 3109
4643, 16300, 800, 800, 3109
4642, 16300, 800, 800, 3109
4642, 16300, 800, 800, 3109
4642, 16300, 800, 800, 3109
4642, 16299, 800, 800, 3109
4642, 16299, 800, 800, 3109
4643, 16299, 801, 801, 3109
4643, 16301, 801, 801, 3109
4642, 16300, 800, 800, 3109
4642, 16300, 800, 800, 3109
4643, 16300, 800, 800, 3109
4643, 16301, 801, 801, 3109
4643, 16301, 800, 800, 3109
4643, 16301, 800, 800, 3109
4644, 16301, 801, 801, 3109
4643, 16300, 801, 801, 3109
4643, 16299, 801, 801, 3109
4644, 16301, 801, 801, 3109
4643, 16300, 801, 801, 3109
4508, 16281, 704, 704, 3109
4508, 16281, 704, 704, 3109
4532, 16285, 686, 686, 3103
4545, 16286, 701, 701, 3103
4545, 16286, 701, 701, 3103
4549, 16287, 704, 704, 3103
4550, 16287, 705, 705, 3103
4547, 16287, 705, 705, 3103
4547, 16287, 706, 706, 3103
4550, 16286, 707, 707, 3103
4550, 16286, 707, 707, 3103
4546, 16288, 706, 706, 3103
4546, 16288, 706, 706, 3103
4548, 16287, 706, 706, 3103
4548, 16287, 706, 706, 3103
4551, 16288, 707, 707, 3103
4552, 16288, 707, 707, 3103
4552, 16288, 707, 707, 3103
4550, 16286, 707, 707, 3103
4549, 16287, 708, 708, 3103
4552, 16288, 707, 707, 3103
4551, 16288, 708, 708, 3103
4551, 16288, 708, 708, 3103
4548, 16289, 708, 708, 3103
4548, 16289, 708, 708, 3103
4550, 16289, 708, 708, 3103
4551, 16288, 708, 708, 3111
4551, 16288, 708, 708, 3111
4552, 16288, 708, 708, 3111
4552, 16288, 708, 708, 3111
4553, 16289, 709, 709, 3111
4552, 16289, 708, 708, 3111
4552, 16288, 708, 708, 3111
4552, 16288, 708, 708, 3111
4553, 16289, 708, 708, 3111
4551, 16288, 709, 709, 3111
4551, 16288, 709, 709, 3111
4549, 16288, 708, 708, 3111
4549, 16288, 709, 709, 3111
4549, 16288, 709, 709, 3111
4551, 16288, 708, 708, 3111
4551, 16288, 708, 708, 3111
4553, 16290, 708, 708, 3111
4553, 16290, 708, 708, 3111
4554, 16290, 710, 710, 3111
4554, 16290, 710, 710, 3111
4550, 16289, 709, 709, 3111
4550, 16289, 709, 709, 3111
4551, 16289, 710, 710, 3111
4551, 16289, 710, 710, 3111
4551, 16288, 709, 709, 3111
4551, 16288, 709, 709, 3111
4551, 16289, 709, 709, 3111
4551, 16289, 709, 709, 3111
4552, 16289, 709, 709, 3111
4552, 16289, 709, 709, 3111
4552, 16289, 709, 709, 3111
4553, 16290, 710, 710, 3111
4551, 16288, 710, 710, 3111
4551, 16288, 710, 710, 3111
4552, 16290, 709, 709, 3111
4552, 16290, 709, 709, 3111
4554, 16290, 710, 710, 3111
4551, 16290, 709, 709, 3111
4551, 16290, 709, 709, 3111
4553, 16291, 710, 710, 3111
4556, 16290, 710, 710, 3111
4556, 16290, 710, 710, 3111
4551, 16290, 710, 710, 3111
4554, 16289, 710, 710, 3111
4554, 16289, 710, 710, 3111
4551, 16290, 710, 710, 3111
4551, 16290, 710, 710, 3111
4551, 16290, 711, 711, 3111
4551, 16291, 711, 711, 3111
4551, 16291, 711, 711, 3111
4552, 16291, 710, 710, 3111
4553, 16290, 711, 711, 3111
4557, 16291, 711, 711, 3111
4557, 16291, 711, 711, 3111
4554, 16290, 711, 711, 3105
4554, 16290, 711, 711, 3105
4549, 16290, 710, 710, 3105
4549, 16290, 710, 710, 3105
4551, 16291, 710, 710, 3105
4551, 16291, 710, 710, 3105
4551, 16289, 710, 710, 3105
4551, 16289, 710, 710, 3105
4554, 16290, 711, 711, 3105
4554, 16290, 711, 711, 3105
4555, 16291, 711, 711, 3105
4555, 16291, 711, 711, 3105
4555, 16291, 710, 710, 3105
4555, 16291, 710, 710, 3105
4552, 16291, 711, 711, 3105
4552, 16291, 711, 711, 3105
4553, 16291, 711, 711, 3105
4553, 16291, 711, 711, 3105
4552, 16290, 711, 711, 3105
4552, 16291, 710, 710, 3105
4555, 16291, 711, 711, 3105
4553, 16290, 711, 711, 3105
4553, 16290, 711, 711, 3105
4555, 16291, 711, 711, 3105
4555, 16291, 711, 711, 3105
4553, 16291, 711, 711, 3105
4551, 16291, 711, 711, 3103
4551, 16291, 711, 711, 3103
4555, 16292, 712, 712, 3103
4555, 16292, 712, 712, 3103
4554, 16291, 711, 711, 3103
4552, 16291, 712, 712, 3103
4555, 16292, 711, 711, 3103
4555, 16292, 711, 711, 3103
4555, 16292, 711, 711, 3103
4555, 16292, 711, 711, 3103
4556, 16292, 712, 712, 3103
4552, 16293, 712, 712, 3103
4551, 16292, 710, 710, 3103
4657, 16307, 802, 802, 3103
4657, 16307, 802, 802, 3103
4656, 16305, 814, 814, 3103
4653, 16306, 810, 810, 3103
4653, 16306, 810, 810, 3103
4652, 16305, 809, 809, 3103
4651, 16305, 809, 809, 3103
4650, 16305, 808, 808, 3103
4650, 16305, 808, 808, 3103
4651, 16305, 808, 808, 3103
4651, 16305, 808, 808, 3103
4649, 16306, 807, 807, 3103
4650, 16305, 807, 807, 3103
4650, 16306, 807, 807, 3103
4649, 16305, 807, 807, 3109
4649, 16305, 807, 807, 3109
4649, 16305, 807, 807, 3109
4648, 16306, 806, 806, 3109
4649, 16305, 807, 807, 3109
4649, 16305, 807, 807, 3109
4649, 16305, 807, 807, 3109
4649, 16306, 806, 806, 3109
4649, 16305, 806, 806, 3109
4650, 16306, 807, 807, 3109
4650, 16306, 807, 807, 3109
4650, 16306, 807, 807, 3109
4649, 16306, 806, 806, 3109
4648, 16305, 806, 806, 3109
4648, 16306, 806, 806, 3109
4649, 16306, 807, 807, 3109
4649, 16306, 807, 807, 3109
4648, 16306, 806, 806, 3109
4649, 16307, 806, 806, 3109
4648, 16305, 806, 806, 3109
4649, 16307, 806, 806, 3109
4649, 16307, 806, 806, 3109
4649, 16307, 806, 806, 3109
4649, 16306, 806, 806, 3109
4648, 16306, 806, 806, 3109
4648, 16306, 806, 806, 3109
4649, 16307, 806, 806, 3109
4649, 16307, 806, 806, 3109
4649, 16306, 806, 806, 3109
4648, 16306, 806, 806, 3109
4649, 16306, 806, 806, 3109
4648, 16306, 806, 806, 3109
4649, 16307, 806, 806, 3109
4649, 16305, 806, 806, 3109
4649, 16305, 806, 806, 3109
4649, 16306, 807, 807, 3109
4649, 16306, 807, 807, 3109
4648, 16306, 806, 806, 3109
4648, 16306, 806, 806, 3109
4649, 16308, 806, 806, 3109
4648, 16305, 806, 806, 3109
4649, 16306, 807, 807, 3109
4649, 16307, 807, 807, 3109
4649, 16307, 807, 807, 3109
4649, 16307, 807, 807, 3109
4649, 16308, 807, 807, 3109
4649, 16308, 807, 807, 3109
4650, 16308, 807, 807, 3109
4649, 16306, 807, 807, 3109
4649, 16307, 807, 807, 3109
4648, 16306, 806, 806, 3107
4649, 16307, 806, 806, 3107
4650, 16308, 807, 807, 3107
4649, 16306, 807, 807, 3107
4649, 16306, 807, 807, 3107
4650, 16307, 807, 807, 3107
4649, 16308, 807, 807, 3107
4650, 16307, 807, 807, 3107
4650, 16307, 807, 807, 3107
4650, 16308, 807, 807, 3107
4650, 16308, 807, 807, 3107
4650, 16307, 807, 807, 3107
4649, 16306, 807, 807, 3107
4649, 16306, 807, 807, 3107
4650, 16308, 807, 807, 3107
4649, 16307, 807, 807, 3107
4650, 16308, 807, 807, 3107
4649, 16308, 807, 807, 3107
4651, 16307, 808, 808, 3107
4650, 16309, 808, 808, 3107
4650, 16309, 808, 808, 3107
4650, 16308, 807, 807, 3107
4650, 16308, 807, 807, 3107
4651, 16307, 808, 808, 3107
4650, 16308, 808, 808, 3107
4651, 16307, 808, 808, 3113
4650, 16308, 808, 808, 3113
4650, 16309, 808, 808, 3113
4649, 16308, 807, 807, 3113
4650, 16307, 808, 808, 3113
4650, 16308, 808, 808, 3113
4650, 16308, 808, 808, 3113
4651, 16308, 808, 808, 3113
4651, 16308, 808, 808, 3113
4651, 16308, 808, 808, 3113
4650, 16307, 808, 808, 3113
4650, 16308, 808, 808, 3113
4650, 16308, 808, 808, 3113
4652, 16308, 809, 809, 3113
4652, 16308, 809, 809, 3113
4651, 16309, 808, 808, 3113
4651, 16309, 808, 808, 3113
4650, 16308, 807, 807, 3113
4650, 16308, 808, 808, 3113
4650, 16308, 808, 808, 3113
4651, 16308, 808, 808, 3113
4651, 16308, 808, 808, 3113
4650, 16309, 808, 808, 3113
4650, 16309, 808, 808, 3113
4650, 16308, 808, 808, 3113
4651, 16308, 808, 808, 3111
4651, 16309, 808, 808, 3111
4651, 16309, 808, 808, 3111
4650, 16308, 808, 808, 3111
4650, 16310, 808, 808, 3111
4650, 16310, 808, 808, 3111
4651, 16308, 808, 808, 3111
4651, 16308, 809, 809, 3111
4651, 16308, 809, 809, 3111
4651, 16308, 809, 809, 3111
4650, 16309, 808, 808, 3111
4650, 16309, 808, 808, 3111
4650, 16308, 808, 808, 3111
4651, 16309, 809, 809, 3111
4651, 16309, 808, 808, 3111
4651, 16308, 809, 809, 3111
4652, 16309, 809, 809, 3111
4652, 16309, 809, 809, 3111
4651, 16309, 809, 809, 3111
4464, 16278, 640, 640, 3111
4456, 16281, 611, 611, 3111
4454, 16283, 614, 614, 3111
4460, 16282, 621, 621, 3111
4464, 16283, 622, 622, 3111
4464, 16283, 622, 622, 3111
4470, 16284, 623, 623, 3111
4470, 16284, 623, 623, 3111
4464, 16283, 624, 624, 3111
4467, 16284, 625, 625, 3109
4467, 16284, 625, 625, 3109
4466, 16283, 627, 627, 3109
4466, 16283, 627, 627, 3109
4471, 16284, 627, 627, 3109
4470, 16285, 627, 627, 3109
4473, 16285, 627, 627, 3109
4473, 16285, 627, 627, 3109
4468, 16285, 628, 628, 3109
4468, 16285, 628, 628, 3109
4468, 16284, 628, 628, 3109
4469, 16284, 628, 628, 3109
4472, 16283, 629, 629, 3109
4472, 16283, 629, 629, 3109
4471, 16285, 629, 629, 3109
4471, 16285, 629, 629, 3109
4471, 16285, 629, 629, 3109
4475, 16286, 629, 629, 3109
4475, 16286, 629, 629, 3109
4475, 16286, 629, 629, 3109
4471, 16286, 630, 630, 3109
4476, 16285, 630, 630, 3109
4476, 16285, 630, 630, 3109
4475, 16287, 630, 630, 3109
4475, 16287, 630, 630, 3109
4471, 16285, 631, 631, 3109
4471, 16285, 631, 631, 3109
4471, 16286, 631, 631, 3105
4471, 16286, 631, 631, 3105
4475, 16287, 630, 630, 3105
4476, 16285, 631, 631, 3105
4475, 16287, 631, 631, 3105
4470, 16287, 632, 632, 3105
4470, 16287, 632, 632, 3105
4474, 16287, 631, 631, 3105
4474, 16287, 631, 631, 3105
4475, 16286, 632, 632, 3105
4475, 16286, 632, 632, 3105
4478, 16287, 632, 632, 3105
4479, 16288, 632, 632, 3105
4472, 16285, 632, 632, 3105
4472, 16285, 632, 632, 3105
4472, 16286, 632, 632, 3105
4477, 16287, 631, 631, 3105
4477, 16287, 631, 631, 3105
4476, 16288, 632, 632, 3105
4476, 16288, 632, 632, 3105
4476, 16288, 632, 632, 3105
4476, 16288, 632, 632, 3105
4471, 16288, 632, 632, 3105
4472, 16287, 632, 632, 3101
4473, 16287, 632, 632, 3101
4480, 16288, 632, 632, 3101
4473, 16285, 632, 632, 3101
4473, 16285, 632, 632, 3101
4476, 16289, 632, 632, 3101
4476, 16289, 632, 632, 3101
4474, 16287, 633, 633, 3101
4474, 16287, 633, 633, 3101
4472, 16287, 632, 632, 3101
4472, 16286, 632, 632, 3101
4477, 16288, 632, 632, 3101
4477, 16288, 633, 633, 3101
4477, 16288, 633, 633, 3101
4476, 16287, 632, 632, 3101
4477, 16288, 632, 632, 3101
4472, 16288, 633, 633, 3101
4472, 16288, 633, 633, 3101
4475, 16286, 634, 634, 3101
4475, 16287, 633, 633, 3101
4479, 16289, 633, 633, 3101
4478, 16289, 633, 633, 3101
4478, 16288, 632, 632, 3101
4476, 16286, 633, 633, 3101
4475, 16288, 634, 634, 3101
4476, 16288, 633, 633, 3113
4476, 16288, 633, 633, 3113
4475, 16288, 634, 634, 3113
4475, 16288, 634, 634, 3113
4472, 16288, 633, 633, 3113
4472, 16288, 633, 633, 3113
4473, 16289, 634, 634, 3113
4478, 16289, 633, 633, 3113
4478, 16289, 633, 633, 3113
4478, 16288, 634, 634, 3113
4479, 16290, 634, 634, 3113
4477, 16290, 634, 634, 3113
4473, 16288, 634, 634, 3113
4473, 16288, 634, 634, 3113
4476, 16287, 634, 634, 3113
4476, 16287, 634, 634, 3113
4476, 16288, 634, 634, 3113
4476, 16289, 634, 634, 3113
4478, 16288, 634, 634, 3113
4478, 16288, 634, 634, 3113
4478, 16290, 634, 634, 3113
4478, 16290, 634, 634, 3113
4474, 16289, 634, 634, 3113
4475, 16288, 634, 634, 3113
4474, 16290, 634, 634, 3113
4474, 16290, 634, 634, 3113
4475, 16288, 634, 634, 3107
4475, 16288, 634, 634, 3107
4479, 16289, 635, 635, 3107
4479, 16289, 635, 635, 3107
4683, 16321, 737, 737, 3107
4673, 16318, 833, 833, 3107
4673, 16318, 833, 833, 3107
4667, 16316, 825, 825, 3107
4667, 16316, 825, 825, 3107
4664, 16316, 822, 822, 3107
4662, 16314, 820, 820, 3107
4662, 16314, 820, 820, 3107
4662, 16314, 819, 819, 3107
4661, 16315, 818, 818, 3107
4659, 16314, 818, 818, 3107
4659, 16315, 817, 817, 3107
4658, 16314, 816, 816, 3107
4658, 16314, 816, 816, 3107
4658, 16314, 816, 816, 3107
4658, 16314, 816, 816, 3107
4658, 16314, 816, 816, 3107
4657, 16314, 815, 815, 3107
4657, 16314, 815, 815, 3107
4657, 16313, 815, 815, 3107
4657, 16315, 815, 815, 3107
4658, 16315, 815, 815, 3107
4657, 16315, 815, 815, 3107
4657, 16315, 815, 815, 3107
4657, 16315, 815, 815, 3107
4657, 16314, 814, 814, 3107
4657, 16314, 814, 814, 3107
4656, 16314, 814, 814, 3107
4657, 16315, 815, 815, 3107
4657, 16314, 815, 815, 3107
4656, 16314, 814, 814, 3107
4656, 16314, 814, 814, 3107
4657, 16314, 814, 814, 3107
4657, 16314, 815, 815, 3107
4657, 16315, 815, 815, 3107
4657, 16315, 814, 814, 3107
4657, 16315, 814, 814, 3107
4657, 16314, 815, 815, 3107
4657, 16315, 814, 814, 3107
4657, 16315, 815, 815, 3107
4657, 16315, 815, 815, 3107
4657, 16315, 814, 814, 3107
4656, 16314, 814, 814, 3107
4657, 16314, 814, 814, 3107
4657, 16314, 814, 814, 3107
4657, 16314, 814, 814, 3107
4657, 16314, 814, 814, 3107
4657, 16315, 814, 814, 3107
4658, 16315, 815, 815, 3113
4658, 16315, 815, 815, 3113
4657, 16314, 814, 814, 3113
4656, 16314, 814, 814, 3113
4657, 16316, 814, 814, 3113
4657, 16314, 814, 814, 3113
4657, 16314, 814, 814, 3113
4656, 16314, 814, 814, 3113
4656, 16315, 814, 814, 3113
4657, 16314, 814, 814, 3113
4657, 16314, 814, 814, 3113
4656, 16316, 814, 814, 3113
4658, 16315, 814, 814, 3113
4657, 16315, 814, 814, 3113
4657, 16315, 814, 814, 3113
4656, 16315, 814, 814, 3113
4656, 16315, 814, 814, 3113
4657, 16315, 814, 814, 3113
4657, 16316, 814, 814, 3113
4657, 16316, 814, 814, 3113
4656, 16316, 814, 814, 3113
4656, 16316, 814, 814, 3113
4656, 16315, 814, 814, 3113
4657, 16314, 814, 814, 3113
4657, 16315, 814, 814, 3113
4657, 16314, 814, 814, 3113
4657, 16315, 814, 814, 3116
4657, 16315, 814, 814, 3116
4657, 16315, 815, 815, 3116
4657, 16316, 815, 815, 3116
4657, 16316, 815, 815, 3116
4658, 16315, 815, 815, 3116
4656, 16315, 814, 814, 3116
4657, 16315, 815, 815, 3116
4656, 16315, 815, 815, 3116
4656, 16315, 815, 815, 3116
4658, 16315, 815, 815, 3116
4658, 16315, 815, 815, 3116
4658, 16317, 815, 815, 3116
4657, 16316, 815, 815, 3116
4657, 16316, 815, 815, 3116
4658, 16316, 815, 815, 3116
4657, 16315, 815, 815, 3116
4657, 16315, 815, 815, 3116
4657, 16315, 815, 815, 3116
4658, 16315, 815, 815, 3116
4657, 16316, 815, 815, 3116
4658, 16316, 815, 815, 3116
4658, 16315, 815, 815, 3116
4658, 16315, 815, 815, 3116
4658, 16316, 816, 816, 3116
4658, 16316, 815, 815, 3109
4658, 16316, 815, 815, 3109
4657, 16315, 815, 815, 3109
4657, 16316, 815, 815, 3109
4657, 16316, 815, 815, 3109
4658, 16317, 815, 815, 3109
4658, 16317, 815, 815, 3109
4658, 16315, 816, 816, 3109
4658, 16315, 816, 816, 3109
4658, 16316, 815, 815, 3109
4658, 16316, 815, 815, 3109
4657, 16316, 815, 815, 3109
4658, 16317, 815, 815, 3109
4658, 16315, 816, 816, 3109
4658, 16315, 816, 816, 3109
4657, 16317, 815, 815, 3109
4658, 16317, 815, 815, 3109
4657, 16316, 815, 815, 3109
4659, 16317, 816, 816, 3109
4658, 16316, 816, 816, 3109
4657, 16316, 816, 816, 3109
4657, 16316, 816, 816, 3109
4659, 16316, 816, 816, 3109
4659, 16316, 816, 816, 3109
4658, 16316, 816, 816, 3109
4658, 16317, 815, 815, 3109
4658, 16316, 816, 816, 3109
4658, 16316, 816, 816, 3109
4657, 16316, 815, 815, 3109
4657, 16316, 815, 815, 3109
4658, 16318, 815, 815, 3109
4462, 16284, 622, 622, 3109
4462, 16284, 622, 622, 3109
4467, 16291, 621, 621, 3109
4475, 16291, 629, 629, 3109
4477, 16291, 631, 631, 3109
4477, 16291, 631, 631, 3109
4476, 16293, 632, 632, 3109
4476, 16293, 632, 632, 3109
4479, 16293, 633, 633, 3109
4480, 16294, 634, 634, 3109
4480, 16294, 634, 634, 3109
4481, 16294, 635, 635, 3109
4481, 16293, 635, 635, 3109
4481, 16293, 635, 635, 3109
4481, 16294, 636, 636, 3109
4481, 16294, 636, 636, 3109
4475, 16293, 636, 636, 3109
4476, 16293, 637, 637, 3109
4477, 16293, 636, 636, 3109
4477, 16292, 636, 636, 3109
4482, 16293, 638, 638, 3114
4482, 16293, 638, 638, 3114
4481, 16295, 637, 637, 3114
4481, 16294, 637, 637, 3114
4481, 16294, 638, 638, 3114
4477, 16293, 637, 637, 3114
4475, 16294, 637, 637, 3114
4480, 16294, 637, 637, 3114
4481, 16293, 639, 639, 3114
4479, 16294, 638, 638, 3114
4479, 16293, 637, 637, 3114
4484, 16295, 638, 638, 3114
4484, 16295, 638, 638, 3114
4484, 16295, 639, 639, 3114
4477, 16293, 638, 638, 3114
4479, 16294, 639, 639, 3114
4478, 16293, 638, 638, 3114
4478, 16294, 639, 639, 3114
4479, 16295, 640, 640, 3114
4481, 16295, 640, 640, 3107
4485, 16296, 640, 640, 3107
4485, 16296, 640, 640, 3107
4485, 16295, 639, 639, 3107
4487, 16296, 639, 639, 3107
4481, 16296, 640, 640, 3107
4478, 16294, 640, 640, 3107
4478, 16294, 640, 640, 3107
4485, 16295, 640, 640, 3107
4485, 16296, 641, 641, 3107
4485, 16296, 641, 641, 3107
4481, 16296, 641, 641, 3107
4479, 16295, 640, 640, 3107
4483, 16296, 641, 641, 3107
4483, 16296, 641, 641, 3107
4487, 16297, 641, 641, 3107
4487, 16297, 641, 641, 3107
4482, 16296, 641, 641, 3107
4482, 16295, 642, 642, 3107
4482, 16295, 642, 642, 3107
4480, 16295, 641, 641, 3107
4481, 16295, 641, 641, 3107
4486, 16296, 641, 641, 3107
4487, 16296, 641, 641, 3101
4487, 16296, 641, 641, 3101
4480, 16295, 639, 639, 3101
4480, 16297, 641, 641, 3101
4485, 16296, 640, 640, 3101
4487, 16297, 641, 641, 3101
4487, 16297, 641, 641, 3101
4482, 16295, 641, 641, 3101
4482, 16295, 641, 641, 3101
4487, 16298, 641, 641, 3101
4487, 16298, 641, 641, 3101
4483, 16297, 642, 642, 3101
4483, 16297, 642, 642, 3101
4482, 16296, 642, 642, 3101
4481, 16296, 641, 641, 3101
4481, 16295, 641, 641, 3101
4488, 16297, 641, 641, 3101
4488, 16297, 641, 641, 3101
4488, 16297, 641, 641, 3101
4484, 16299, 641, 641, 3101
4480, 16296, 641, 641, 3101
4482, 16297, 641, 641, 3111
4482, 16296, 641, 641, 3111
4482, 16296, 641, 641, 3111
4487, 16298, 641, 641, 3111
4487, 16298, 641, 641, 3111
4488, 16298, 642, 642, 3111
4488, 16298, 642, 642, 3111
4485, 16298, 642, 642, 3111
4485, 16298, 642, 642, 3111
4481, 16298, 641, 641, 3111
4481, 16298, 641, 641, 3111
4483, 16297, 641, 641, 3111
4482, 16297, 641, 641, 3111
4487, 16298, 642, 642, 3111
4487, 16298, 642, 642, 3111
4488, 16297, 641, 641, 3111
4486, 16300, 643, 643, 3111
4486, 16300, 643, 643, 3111
4679, 16326, 839, 839, 3111
4679, 16326, 839, 839, 3111
4675, 16325, 833, 833, 3111
4673, 16324, 831, 831, 3111
4670, 16323, 828, 828, 3111
4670, 16323, 828, 828, 3111
4668, 16322, 826, 826, 3111
4667, 16323, 825, 825, 3103
4667, 16323, 825, 825, 3103
4667, 16323, 824, 824, 3103
4667, 16323, 824, 824, 3103
4666, 16321, 824, 824, 3103
4666, 16321, 824, 824, 3103
4666, 16322, 824, 824, 3103
4666, 16323, 823, 823, 3103
4666, 16323, 823, 823, 3103
4665, 16322, 823, 823, 3103
4664, 16323, 822, 822, 3103
4664, 16323, 822, 822, 3103
4665, 16323, 822, 822, 3103
4665, 16323, 822, 822, 3103
4664, 16323, 822, 822, 3103
4664, 16323, 822, 822, 3103
4664, 16323, 822, 822, 3103
4665, 16323, 822, 822, 3103
4665, 16323, 822, 822, 3103
4664, 16324, 822, 822, 3103
4664, 16324, 822, 822, 3103
4664, 16323, 821, 821, 3103
4664, 16323, 822, 822, 3103
4664, 16323, 821, 821, 3103
4664, 16323, 822, 822, 3103
4663, 16323, 821, 821, 3103
4664, 16322, 822, 822, 3107
4664, 16322, 822, 822, 3107
4664, 16322, 822, 822, 3107
4664, 16322, 822, 822, 3107
4665, 16323, 822, 822, 3107
4664, 16323, 821, 821, 3107
4664, 16323, 821, 821, 3107
4664, 16323, 821, 821, 3107
4664, 16324, 822, 822, 3107
4664, 16323, 822, 822, 3107
4664, 16323, 822, 822, 3107
4663, 16323, 821, 821, 3107
4664, 16323, 822, 822, 3107
4665, 16323, 822, 822, 3107
4664, 16322, 821, 821, 3107
4664, 16322, 821, 821, 3107
4664, 16324, 821, 821, 3107
4664, 16324, 821, 821, 3107
4664, 16324, 821, 821, 3107
4664, 16324, 821, 821, 3107
4664, 16324, 821, 821, 3107
4664, 16324, 821, 821, 3107
4663, 16323, 821, 821, 3101
4663, 16323, 821, 821, 3101
4664, 16324, 821, 821, 3101
4663, 16323, 821, 821, 3101
4664, 16323, 821, 821, 3101
4664, 16323, 821, 821, 3101
4665, 16323, 822, 822, 3101
4664, 16323, 822, 822, 3101
4664, 16324, 822, 822, 3101
4663, 16323, 822, 822, 3101
4663, 16323, 822, 822, 3101
4664, 16324, 822, 822, 3101
4664, 16324, 822, 822, 3101
4664, 16324, 822, 822, 3101
4664, 16323, 822, 822, 3101
4664, 16323, 822, 822, 3101
4665, 16325, 822, 822, 3101
4664, 16324, 822, 822, 3101
4664, 16324, 822, 822, 3101
4664, 16324, 822, 822, 3101
4665, 16324, 822, 822, 3101
4665, 16324, 822, 822, 3101
4665, 16324, 822, 822, 3101
4664, 16324, 822, 822, 3101
4664, 16325, 822, 822, 3101
4664, 16324, 821, 821, 3107
4664, 16324, 821, 821, 3107
4665, 16325, 822, 822, 3107
4664, 16325, 822, 822, 3107
4664, 16325, 822, 822, 3107
4665, 16323, 823, 823, 3107
4665, 16325, 822, 822, 3107
4665, 16325, 822, 822, 3107
4664, 16324, 822, 822, 3107
4664, 16325, 822, 822, 3107
4665, 16324, 822, 822, 3107
4665, 16325, 822, 822, 3107
4665, 16325, 822, 822, 3107
4665, 16325, 822, 822, 3107
4665, 16324, 823, 823, 3107
4665, 16325, 823, 823, 3107
4665, 16325, 823, 823, 3107
4665, 16324, 822, 822, 3107
4665, 16325, 822, 822, 3107
4665, 16325, 822, 822, 3107
4665, 16325, 822, 822, 3107
4665, 16325, 823, 823, 3107
4665, 16325, 823, 823, 3107
4665, 16325, 823, 823, 3107
4665, 16325, 823, 823, 3107
4666, 16324, 823, 823, 3107
4665, 16323, 822, 822, 3114
4665, 16325, 823, 823, 3114
4665, 16325, 823, 823, 3114
4665, 16325, 823, 823, 3114
4665, 16326, 823, 823, 3114
4665, 16326, 823, 823, 3114
4665, 16325, 823, 823, 3114
4665, 16324, 823, 823, 3114
4665, 16324, 823, 823, 3114
4665, 16325, 823, 823, 3114
4666, 16325, 824, 824, 3114
4666, 16324, 824, 824, 3114
4666, 16326, 823, 823, 3114
4666, 16326, 823, 823, 3114
4465, 16298, 624, 624, 3114
4479, 16298, 631, 631, 3114
4474, 16298, 632, 632, 3114
4479, 16299, 636, 636, 3114
4479, 16299, 637, 637, 3114
4479, 16299, 639, 639, 3114
4479, 16299, 639, 639, 3114
4483, 16300, 640, 640, 3114
4483, 16300, 640, 640, 3114
4486, 16301, 641, 641, 3109
4483, 16301, 641, 641, 3109
4488, 16301, 642, 642, 3109
4483, 16301, 642, 642, 3109
4483, 16301, 642, 642, 3109
4483, 16302, 643, 643, 3109
4483, 16302, 643, 643, 3109
4483, 16301, 643, 643, 3109
4488, 16302, 643, 643, 3109
4488, 16302, 643, 643, 3109
4487, 16303, 644, 644, 3109
4487, 16303, 644, 644, 3109
4486, 16303, 644, 644, 3109
4486, 16302, 644, 644, 3109
4486, 16302, 644, 644, 3109
4485, 16302, 645, 645, 3109
4485, 16302, 645, 645, 3109
4485, 16302, 645, 645, 3109
4486, 16301, 645, 645, 3109
4486, 16301, 645, 645, 3109
4490, 16302, 645, 645, 3109
4491, 16303, 645, 645, 3109
4491, 16303, 645, 645, 3109
4492, 16303, 645, 645, 3107
4492, 16303, 645, 645, 3107
4486, 16303, 646, 646, 3107
4484, 16303, 646, 646, 3107
4484, 16303, 646, 646, 3107
4486, 16302, 646, 646, 3107
4488, 16303, 646, 646, 3107
4487, 16302, 646, 646, 3107
4485, 16302, 646, 646, 3107
4488, 16304, 646, 646, 3107
4488, 16304, 646, 646, 3107
4492, 16302, 646, 646, 3107
4492, 16305, 646, 646, 3107
4492, 16305, 646, 646, 3107
4488, 16304, 647, 647, 3107
4485, 16304, 647, 647, 3107
4485, 16304, 647, 647, 3107
4491, 16304, 647, 647, 3107
4491, 16304, 647, 647, 3107
4490, 16303, 647, 647, 3107
4493, 16304, 648, 648, 3107
4493, 16304, 648, 648, 3107
4486, 16304, 647, 647, 3107
4486, 16304, 647, 647, 3107
4487, 16303, 647, 647, 3107
4485, 16303, 647, 647, 3107
4486, 16303, 646, 646, 3107
4487, 16303, 647, 647, 3103
4488, 16303, 647, 647, 3103
4489, 16303, 647, 647, 3103
4489, 16303, 647, 647, 3103
4494, 16305, 648, 648, 3103
4494, 16305, 648, 648, 3103
4489, 16304, 648, 648, 3103
4489, 16304, 648, 648, 3103
4487, 16304, 648, 648, 3103
4487, 16304, 648, 648, 3103
4493, 16305, 648, 648, 3103
4493, 16305, 648, 648, 3103
4491, 16305, 648, 648, 3103
4494, 16305, 648, 648, 3103
4491, 16306, 647, 647, 3103
4491, 16306, 647, 647, 3103
4488, 16304, 648, 648, 3103
4488, 16304, 648, 648, 3103
4489, 16304, 648, 648, 3103
4489, 16304, 648, 648, 3103
4490, 16305, 649, 649, 3103
4490, 16305, 649, 649, 3103
4490, 16304, 649, 649, 3103
4494, 16305, 648, 648, 3103
4494, 16306, 648, 648, 3103
4491, 16305, 649, 649, 3103
4492, 16305, 649, 649, 3107
4490, 16306, 647, 647, 3107
4487, 16305, 648, 648, 3107
4487, 16305, 648, 648, 3107
4488, 16304, 648, 648, 3107
4488, 16304, 649, 649, 3107
4487, 16305, 648, 648, 3107
4487, 16305, 648, 648, 3107
4487, 16304, 649, 649, 3107
4489, 16305, 649, 649, 3107
4489, 16305, 649, 649, 3107
4488, 16305, 648, 648, 3107
4488, 16305, 648, 648, 3107
4489, 16305, 649, 649, 3107
4489, 16303, 649, 649, 3107
4489, 16303, 649, 649, 3107
4496, 16305, 650, 650, 3107
4496, 16305, 650, 650, 3107
4493, 16307, 649, 649, 3107
4492, 16305, 649, 649, 3107
4494, 16306, 648, 648, 3107
4494, 16306, 648, 648, 3107
4491, 16306, 649, 649, 3107
4491, 16306, 649, 649, 3107
4489, 16305, 649, 649, 3107
4489, 16305, 649, 649, 3107
4491, 16307, 649, 649, 3109
4485, 16309, 653, 653, 3109
4485, 16309, 653, 653, 3109
4691, 16335, 828, 828, 3109
4691, 16335, 828, 828, 3109
4682, 16333, 841, 841, 3109
4682, 16333, 841, 841, 3109
4679, 16332, 838, 838, 3109
4678, 16332, 836, 836, 3109
4677, 16332, 835, 835, 3109
4675, 16331, 833, 833, 3109
4675, 16331, 833, 833, 3109
4674, 16331, 832, 832, 3109
4674, 16331, 832, 832, 3109
4673, 16331, 831, 831, 3109
4673, 16331, 831, 831, 3109
4673, 16330, 830, 830, 3109
4672, 16331, 830, 830, 3109
4672, 16331, 830, 830, 3109
4672, 16331, 829, 829, 3109
4672, 16331, 830, 830, 3109
4672, 16331, 829, 829, 3109
4672, 16331, 829, 829, 3114
4672, 16331, 829, 829, 3114
4671, 16331, 829, 829, 3114
4671, 16332, 829, 829, 3114
4671, 16332, 829, 829, 3114
4672, 16331, 830, 830, 3114
4671, 16331, 829, 829, 3114
4671, 16331, 829, 829, 3114
4672, 16331, 829, 829, 3114
4672, 16331, 829, 829, 3114
4672, 16331, 829, 829, 3114
4672, 16331, 829, 829, 3114
4672, 16333, 829, 829, 3114
4672, 16331, 828, 828, 3114
4672, 16331, 828, 828, 3114
4672, 16332, 829, 829, 3114
4671, 16331, 828, 828, 3114
4672, 16332, 829, 829, 3114
4672, 16332, 829, 829, 3114
4672, 16332, 829, 829, 3114
4671, 16332, 829, 829, 3114
4671, 16332, 829, 829, 3114
4671, 16331, 829, 829, 3114
4672, 16332, 829, 829, 3114
4672, 16332, 829, 829, 3114
4672, 16332, 829, 829, 3114
4671, 16332, 829, 829, 3114
4672, 16332, 829, 829, 3114
4671, 16332, 829, 829, 3107
4671, 16332, 828, 828, 3107
4672, 16332, 829, 829, 3107
4671, 16331, 828, 828, 3107
4671, 16331, 828, 828, 3107
4672, 16332, 829, 829, 3107
4671, 16331, 829, 829, 3107
4670, 16331, 828, 828, 3107
4670, 16331, 828, 828, 3107
4671, 16332, 829, 829, 3107
4670, 16332, 829, 829, 3107
4672, 16332, 829, 829, 3107
4672, 16332, 829, 829, 3107
4671, 16331, 829, 829, 3107
4671, 16331, 829, 829, 3107
4671, 16331, 829, 829, 3107
4671, 16331, 829, 829, 3107
4671, 16332, 829, 829, 3107
4671, 16332, 829, 829, 3107
4671, 16333, 829, 829, 3107
4671, 16333, 829, 829, 3107
4671, 16332, 828, 828, 3107
4671, 16333, 829, 829, 3107
4671, 16333, 829, 829, 3107
4672, 16333, 829, 829, 3107
4671, 16332, 829, 829, 3111
4671, 16332, 829, 829, 3111
4671, 16334, 829, 829, 3111
4671, 16333, 829, 829, 3111
4672, 16332, 829, 829, 3111
4671, 16333, 829, 829, 3111
4672, 16333, 829, 829, 3111
4672, 16333, 829, 829, 3111
4672, 16333, 829, 829, 3111
4672, 16333, 829, 829, 3111
4671, 16333, 829, 829, 3111
4671, 16333, 829, 829, 3111
4672, 16332, 829, 829, 3111
4672, 16333, 830, 830, 3111
4672, 16333, 830, 830, 3111
4672, 16333, 830, 830, 3111
4672, 16332, 830, 830, 3111
4671, 16332, 829, 829, 3111
4671, 16332, 829, 829, 3111
4671, 16332, 829, 829, 3111
4671, 16333, 829, 829, 3111
4671, 16333, 829, 829, 3111
4671, 16333, 829, 829, 3111
4672, 16333, 829, 829, 3111
4672, 16331, 829, 829, 3111
4672, 16331, 829, 829, 3111
4672, 16332, 829, 829, 3109
4672, 16333, 830, 830, 3109
4672, 16333, 830, 830, 3109
4671, 16333, 829, 829, 3109
4671, 16333, 829, 829, 3109
4672, 16332, 829, 829, 3109
4672, 16334, 829, 829, 3109
4672, 16334, 829, 829, 3109
4672, 16333, 830, 830, 3109
4672, 16333, 830, 830, 3109
4672, 16333, 830, 830, 3109
4672, 16333, 830, 830, 3109
4672, 16332, 829, 829, 3109
4672, 16333, 830, 830, 3109
4673, 16333, 830, 830, 3109
4673, 16333, 830, 830, 3109
4672, 16333, 830, 830, 3109
4672, 16333, 830, 830, 3109
4672, 16333, 830, 830, 3109
4673, 16334, 830, 830, 3109
4673, 16334, 830, 830, 3109
4673, 16333, 831, 831, 3109
4673, 16332, 830, 830, 3109
4673, 16332, 830, 830, 3109
4673, 16334, 831, 831, 3109
4673, 16333, 831, 831, 3099
4673, 16333, 831, 831, 3099
4673, 16334, 830, 830, 3099
4479, 16304, 625, 625, 3099
4479, 16304, 625, 625, 3099
4486, 16307, 639, 639, 3099
4486, 16307, 639, 639, 3099
4485, 16308, 644, 644, 3099
4485, 16308, 644, 644, 3099
4486, 16307, 645, 645, 3099
4487, 16308, 647, 647, 3099
4487, 16309, 647, 647, 3099
4490, 16308, 649, 649, 3099
4490, 16308, 649, 649, 3099
4496, 16309, 649, 649, 3099
4496, 16309, 649, 649, 3099
4492, 16310, 650, 650, 3099
4492, 16310, 650, 650, 3099
4489, 16309, 650, 650, 3099
4489, 16309, 650, 650, 3099
4493, 16309, 650, 650, 3099
4493, 16309, 650, 650, 3099
4495, 16310, 651, 651, 3099
4495, 16310, 651, 651, 3099
4495, 16310, 651, 651, 3099
4496, 16311, 651, 651, 3099
4496, 16311, 651, 651, 3099
4496, 16311, 651, 651, 3099
4493, 16311, 651, 651, 3111
4497, 16309, 651, 651, 3111
4493, 16311, 652, 652, 3111
4493, 16311, 652, 652, 3111
4493, 16310, 652, 652, 3111
4493, 16310, 652, 652, 3111
4493, 16309, 652, 652, 3111
4498, 16311, 652, 652, 3111
4498, 16311, 653, 653, 3111
4498, 16311, 653, 653, 3111
4498, 16311, 653, 653, 3111
4498, 16311, 653, 653, 3111
4493, 16311, 653, 653, 3111
4493, 16311, 653, 653, 3111
4493, 16310, 653, 653, 3111
4493, 16310, 653, 653, 3111
4493, 16311, 653, 653, 3111
4498, 16312, 653, 653, 3111
4498, 16312, 653, 653, 3111
4498, 16313, 654, 654, 3111
4498, 16313, 654, 654, 3111
4496, 16312, 653, 653, 3111
4496, 16312, 653, 653, 3111
4494, 16311, 654, 654, 3111
4494, 16311, 654, 654, 3111
4493, 16311, 653, 653, 3107
4493, 16311, 653, 653, 3107
4499, 16312, 654, 654, 3107
4499, 16312, 654, 654, 3107
4496, 16312, 654, 654, 3107
4494, 16311, 654, 654, 3107
4494, 16311, 654, 654, 3107
4494, 16312, 655, 655, 3107
4494, 16312, 655, 655, 3107
4499, 16313, 655, 655, 3107
4499, 16313, 655, 655, 3107
4500, 16313, 655, 655, 3107
4500, 16313, 655, 655, 3107
4494, 16312, 654, 654, 3107
4495, 16313, 655, 655, 3107
4495, 16313, 654, 654, 3107
4495, 16313, 654, 654, 3107
4501, 16313, 655, 655, 3107
4501, 16313, 655, 655, 3107
4499, 16313, 654, 654, 3107
4500, 16313, 654, 654, 3107
4500, 16313, 655, 655, 3107
4496, 16313, 656, 656, 3107
4495, 16312, 655, 655, 3109
4495, 16312, 655, 655, 3109
4500, 16312, 655, 655, 3109
4500, 16312, 655, 655, 3109
4500, 16314, 654, 654, 3109
4500, 16314, 654, 654, 3109
4500, 16314, 655, 655, 3109
4500, 16314, 655, 655, 3109
4500, 16313, 655, 655, 3109
4500, 16313, 655, 655, 3109
4495, 16313, 655, 655, 3109
4495, 16313, 655, 655, 3109
4496, 16313, 655, 655, 3109
4501, 16314, 656, 656, 3109
4501, 16314, 656, 656, 3109
4498, 16313, 656, 656, 3109
4498, 16313, 656, 656, 3109
4495, 16313, 655, 655, 3109
4495, 16313, 655, 655, 3109
4493, 16313, 655, 655, 3109
4494, 16313, 656, 656, 3109
4500, 16315, 655, 655, 3109
4501, 16313, 656, 656, 3109
4500, 16314, 656, 656, 3109
4500, 16314, 656, 656, 3109
4498, 16314, 657, 657, 3111
4498, 16314, 657, 657, 3111
4495, 16313, 656, 656, 3111
4495, 16313, 656, 656, 3111
4495, 16314, 656, 656, 3111
4502, 16314, 656, 656, 3111
4501, 16314, 656, 656, 3111
4500, 16314, 656, 656, 3111
4500, 16314, 656, 656, 3111
4495, 16313, 656, 656, 3111
4495, 16313, 656, 656, 3111
4500, 16313, 656, 656, 3111
4500, 16313, 656, 656, 3111
4510, 16316, 658, 658, 3111
4495, 16316, 657, 657, 3111
4692, 16340, 852, 852, 3111
4692, 16340, 852, 852, 3111
4689, 16341, 848, 848, 3111
4686, 16339, 845, 845, 3111
4685, 16339, 843, 843, 3111
4684, 16340, 842, 842, 3111
4682, 16339, 841, 841, 3111
4682, 16340, 840, 840, 3111
4682, 16339, 840, 840, 3111
4681, 16338, 839, 839, 3105
4680, 16338, 838, 838, 3105
4680, 16338, 838, 838, 3105
4680, 16339, 837, 837, 3105
4680, 16339, 838, 838, 3105
4680, 16339, 838, 838, 3105
4680, 16338, 837, 837, 3105
4678, 16339, 837, 837, 3105
4680, 16339, 837, 837, 3105
4680, 16339, 837, 837, 3105
4680, 16340, 837, 837, 3105
4680, 16340, 837, 837, 3105
4678, 16339, 836, 836, 3105
4678, 16340, 836, 836, 3105
4678, 16340, 836, 836, 3105
4679, 16339, 836, 836, 3105
4678, 16338, 836, 836, 3105
4679, 16340, 836, 836, 3105
4679, 16340, 836, 836, 3105
4678, 16339, 836, 836, 3105
4678, 16340, 836, 836, 3105
4677, 16339, 835, 835, 3105
4677, 16339, 835, 835, 3105
4677, 16339, 835, 835, 3105
4678, 16339, 836, 836, 3105
4678, 16340, 836, 836, 3105
4678, 16338, 836, 836, 3105
4678, 16338, 836, 836, 3105
4678, 16339, 836, 836, 3109
4678, 16338, 836, 836, 3109
4678, 16338, 836, 836, 3109
4678, 16340, 836, 836, 3109
4678, 16339, 836, 836, 3109
4678, 16339, 836, 836, 3109
4677, 16339, 835, 835, 3109
4678, 16340, 835, 835, 3109
4678, 16340, 835, 835, 3109
4677, 16339, 835, 835, 3109
4677, 16339, 835, 835, 3109
4678, 16340, 835, 835, 3109
4678, 16339, 835, 835, 3109
4678, 16339, 835, 835, 3109
4677, 16339, 835, 835, 3109
4678, 16340, 835, 835, 3109
4678, 16340, 835, 835, 3109
4677, 16340, 835, 835, 3109
4677, 16339, 835, 835, 3109
4678, 16340, 835, 835, 3109
4677, 16339, 835, 835, 3109
4678, 16340, 835, 835, 3109
4678, 16340, 836, 836, 3111
4678, 16340, 836, 836, 3111
4678, 16340, 835, 835, 3111
4677, 16339, 835, 835, 3111
4678, 16340, 835, 835, 3111
4678, 16340, 836, 836, 3111
4678, 16340, 836, 836, 3111
4678, 16340, 836, 836, 3111
4678, 16340, 835, 835, 3111
4677, 16340, 835, 835, 3111
4678, 16341, 836, 836, 3111
4678, 16341, 836, 836, 3111
4677, 16340, 835, 835, 3111
4678, 16340, 836, 836, 3111
4678, 16340, 836, 836, 3111
4679, 16339, 836, 836, 3111
4678, 16339, 836, 836, 3111
4677, 16340, 836, 836, 3111
4678, 16340, 836, 836, 3111
4678, 16340, 836, 836, 3111
4679, 16341, 836, 836, 3111
4678, 16341, 836, 836, 3111
4678, 16340, 836, 836, 3111
4678, 16340, 836, 836, 3111
4678, 16340, 836, 836, 3111
4678, 16340, 835, 835, 3109
4678, 16340, 835, 835, 3109
4678, 16340, 835, 835, 3109
4678, 16340, 835, 835, 3109
4678, 16340, 835, 835, 3109
4678, 16341, 836, 836, 3109
4678, 16341, 836, 836, 3109
4678, 16341, 836, 836, 3109
4678, 16340, 836, 836, 3109
4678, 16340, 836, 836, 3109
4678, 16340, 836, 836, 3109
4678, 16341, 836, 836, 3109
4679, 16340, 836, 836, 3109
4677, 16341, 836, 836, 3109
4678, 16341, 836, 836, 3109
4678, 16341, 836, 836, 3109
4678, 16341, 836, 836, 3109
4679, 16341, 836, 836, 3109
4678, 16341, 836, 836, 3109
4678, 16341, 836, 836, 3109
4678, 16341, 835, 835, 3109
4679, 16341, 836, 836, 3109
4679, 16341, 837, 837, 3109
4680, 16341, 837, 837, 3109
4679, 16341, 837, 837, 3109
4679, 16341, 837, 837, 3109
4679, 16341, 837, 837, 3109
4679, 16341, 837, 837, 3109
4679, 16341, 837, 837, 3109
4679, 16340, 836, 836, 3109
4679, 16341, 836, 836, 3109
4679, 16341, 837, 837, 3109
4679, 16340, 836, 836, 3109
4679, 16340, 836, 836, 3109
4679, 16340, 836, 836, 3109
4679, 16342, 836, 836, 3109
4679, 16342, 836, 836, 3109
4678, 16341, 836, 836, 3109
4679, 16339, 836, 836, 3109
4679, 16340, 837, 837, 3109
4679, 16342, 837, 837, 3109
4394, 16318, 765, 765, 3109
4460, 16311, 613, 613, 3109
4460, 16311, 613, 613, 3109
4494, 16314, 646, 646, 3109
4494, 16314, 646, 646, 3109
4496, 16316, 650, 650, 3109
4496, 16316, 650, 650, 3109
4492, 16315, 652, 652, 3109
4493, 16315, 652, 652, 3109
4493, 16315, 652, 652, 3109
4493, 16315, 654, 654, 3109
4495, 16316, 655, 655, 3109
4495, 16316, 655, 655, 3109
4496, 16316, 656, 656, 3109
4496, 16316, 656, 656, 3109
4502, 16317, 656, 656, 3109
4503, 16317, 656, 656, 3109
4501, 16318, 657, 657, 3109
4501, 16318, 657, 657, 3109
4495, 16316, 657, 657, 3109
4495, 16316, 657, 657, 3109
4498, 16317, 657, 657, 3109
4498, 16317, 657, 657, 3109
4503, 16319, 658, 658, 3109
4503, 16319, 658, 658, 3109
4499, 16318, 658, 658, 3109
4499, 16318, 659, 659, 3109
4499, 16317, 659, 659, 3109
4498, 16317, 658, 658, 3109
4499, 16318, 659, 659, 3109
4504, 16317, 659, 659, 3109
4504, 16317, 659, 659, 3109
4503, 16318, 660, 660, 3109
4503, 16318, 660, 660, 3109
4504, 16318, 660, 660, 3109
4504, 16318, 660, 660, 3109
4499, 16318, 660, 660, 3109
4500, 16319, 660, 660, 3109
4499, 16318, 660, 660, 3109
4501, 16318, 660, 660, 3109
4502, 16318, 660, 660, 3109
4505, 16318, 660, 660, 3109
4503, 16319, 660, 660, 3109
4503, 16319, 660, 660, 3109
4499, 16318, 660, 660, 3109
4499, 16318, 660, 660, 3109
4499, 16318, 660, 660, 3109
4498, 16318, 660, 660, 3109
4500, 16318, 661, 661, 3109
4500, 16318, 661, 661, 3109
4503, 16319, 660, 660, 3109
4501, 16318, 661, 661, 3109
4501, 16318, 661, 661, 3109
4500, 16318, 661, 661, 3109
4500, 16318, 661, 661, 3109
4504, 16320, 661, 661, 3109
4504, 16320, 661, 661, 3109
4505, 16318, 662, 662, 3109
4507, 16319, 661, 661, 3109
4507, 16319, 661, 661, 3109
4502, 16319, 662, 662, 3109
4502, 16319, 662, 662, 3109
4500, 16319, 661, 661, 3109
4501, 16319, 661, 661, 3109
4500, 16318, 661, 661, 3109
4500, 16318, 661, 661, 3109
4506, 16319, 661, 661, 3109
4506, 16319, 661, 661, 3109
4506, 16319, 662, 662, 3109
4506, 16319, 662, 662, 3109
4502, 16320, 662, 662, 3109
4502, 16320, 662, 662, 3109
4502, 16319, 661, 661, 3109
4502, 16319, 661, 661, 3109
4503, 16320, 662, 662, 3109
4506, 16320, 661, 661, 3109
4506, 16320, 661, 661, 3109
4503, 16319, 661, 661, 3109
4503, 16319, 661, 661, 3109
4501, 16320, 662, 662, 3109
4501, 16320, 662, 662, 3109
4505, 16318, 662, 662, 3109
4505, 16318, 662, 662, 3109
4508, 16322, 662, 662, 3109
4507, 16321, 661, 661, 3109
4508, 16321, 662, 662, 3109
4502, 16320, 662, 662, 3109
4501, 16320, 661, 661, 3109
4502, 16319, 662, 662, 3109
4502, 16320, 661, 661, 3109
4507, 16320, 663, 663, 3109
4507, 16320, 663, 663, 3109
4507, 16320, 662, 662, 3109
4507, 16320, 662, 662, 3109
4501, 16320, 662, 662, 3109
4501, 16320, 662, 662, 3109
4504, 16319, 662, 662, 3109
4504, 16319, 662, 662, 3109
4508, 16320, 662, 662, 3109
4508, 16320, 662, 662, 3109
4508, 16321, 663, 663, 3109
4505, 16321, 662, 662, 3109
4501, 16320, 662, 662, 3109
4501, 16320, 662, 662, 3109
4502, 16321, 662, 662, 3109
4507, 16321, 663, 663, 3109
4507, 16321, 663, 663, 3109
4508, 16322, 662, 662, 3109
4508, 16322, 662, 662, 3109
4507, 16321, 663, 663, 3109
4506, 16320, 662, 662, 3109
4501, 16320, 662, 662, 3111
4501, 16320, 662, 662, 3111
4707, 16350, 771, 771, 3111
4707, 16350, 771, 771, 3111
4696, 16347, 855, 855, 3111
4696, 16347, 855, 855, 3111
4694, 16346, 853, 853, 3111
4692, 16348, 850, 850, 3111
4689, 16347, 848, 848, 3111
4689, 16347, 848, 848, 3111
4689, 16347, 846, 846, 3111
4689, 16347, 846, 846, 3111
4688, 16347, 846, 846, 3111
4686, 16346, 845, 845, 3111
4687, 16345, 845, 845, 3111
4687, 16345, 845, 845, 3111
4686, 16345, 844, 844, 3111
4686, 16345, 844, 844, 3111
4686, 16345, 843, 843, 3111
4686, 16345, 843, 843, 3111
4685, 16346, 843, 843, 3111
4686, 16344, 843, 843, 3111
4686, 16344, 843, 843, 3111
4686, 16347, 843, 843, 3111
4686, 16347, 843, 843, 3111
4685, 16347, 843, 843, 3111
4685, 16347, 843, 843, 3111
4685, 16346, 842, 842, 3111
4686, 16346, 843, 843, 3109
4685, 16347, 843, 843, 3109
4685, 16347, 843, 843, 3109
4684, 16346, 842, 842, 3109
4684, 16347, 842, 842, 3109
4685, 16346, 843, 843, 3109
4684, 16346, 842, 842, 3109
4685, 16347, 842, 842, 3109
4685, 16347, 842, 842, 3109
4684, 16346, 842, 842, 3109
4684, 16346, 841, 841, 3109
4683, 16346, 841, 841, 3109
4683, 16346, 841, 841, 3109
4684, 16346, 841, 841, 3109
4684, 16345, 842, 842, 3109
4684, 16345, 842, 842, 3109
4684, 16346, 842, 842, 3109
4684, 16346, 842, 842, 3109
4684, 16346, 842, 842, 3109
4684, 16347, 842, 842, 3109
4684, 16346, 842, 842, 3109
4683, 16346, 841, 841, 3109
4684, 16347, 842, 842, 3109
4685, 16347, 842, 842, 3109
4684, 16347, 842, 842, 3109
4685, 16347, 842, 842, 3111
4685, 16347, 842, 842, 3111
4684, 16346, 841, 841, 3111
4684, 16346, 841, 841, 3111
4684, 16347, 842, 842, 3111
4684, 16347, 842, 842, 3111
4684, 16346, 842, 842, 3111
4684, 16347, 842, 842, 3111
4685, 16347, 842, 842, 3111
4684, 16347, 841, 841, 3111
4685, 16348, 842, 842, 3111
4684, 16347, 842, 842, 3111
4685, 16347, 843, 843, 3111
4685, 16347, 842, 842, 3111
4684, 16346, 842, 842, 3111
4684, 16348, 842, 842, 3111
4685, 16347, 842, 842, 3111
4684, 16347, 842, 842, 3111
4684, 16347, 842, 842, 3111
4684, 16346, 842, 842, 3111
4684, 16347, 842, 842, 3111
4684, 16346, 842, 842, 3111
4684, 16348, 842, 842, 3111
4684, 16348, 842, 842, 3111
4684, 16347, 842, 842, 3111
4684, 16347, 842, 842, 3111
4685, 16348, 842, 842, 3111
4685, 16348, 842, 842, 3111
4685, 16348, 842, 842, 3111
4685, 16347, 842, 842, 3111
4684, 16348, 842, 842, 3111
4684, 16348, 842, 842, 3111
4684, 16348, 842, 842, 3111
4685, 16348, 842, 842, 3111
4684, 16348, 842, 842, 3111
4684, 16348, 842, 842, 3111
4685, 16347, 842, 842, 3111
4683, 16346, 842, 842, 3111
4683, 16347, 842, 842, 3111
4683, 16347, 842, 842, 3111
4683, 16347, 842, 842, 3111
4684, 16347, 842, 842, 3111
4684, 16347, 842, 842, 3111
4684, 16347, 842, 842, 3111
4684, 16347, 842, 842, 3111
4684, 16347, 842, 842, 3111
4684, 16347, 842, 842, 3111
4684, 16348, 841, 841, 3111
4684, 16348, 841, 841, 3111
4683, 16348, 842, 842, 3111
4684, 16346, 842, 842, 3109
4684, 16346, 842, 842, 3109
4685, 16347, 842, 842, 3109
4685, 16347, 842, 842, 3109
4685, 16347, 842, 842, 3109
4685, 16349, 842, 842, 3109
4684, 16348, 842, 842, 3109
4685, 16346, 842, 842, 3109
4686, 16347, 843, 843, 3109
4686, 16348, 843, 843, 3109
4686, 16348, 843, 843, 3109
4685, 16348, 843, 843, 3109
4685, 16348, 843, 843, 3109
4685, 16348, 843, 843, 3109
4685, 16348, 843, 843, 3109
4685, 16348, 842, 842, 3109
4685, 16348, 842, 842, 3109
4685, 16348, 843, 843, 3109
4685, 16349, 843, 843, 3109
4685, 16347, 843, 843, 3109
4687, 16349, 843, 843, 3109
4685, 16348, 843, 843, 3109
4685, 16348, 843, 843, 3109
4685, 16347, 843, 843, 3109
4685, 16347, 843, 843, 3109
4685, 16348, 843, 843, 3109
4685, 16348, 842, 842, 3113
4685, 16348, 843, 843, 3113
4685, 16348, 843, 843, 3113
4685, 16348, 842, 842, 3113
4685, 16348, 843, 843, 3113
4685, 16348, 843, 843, 3113
4686, 16348, 843, 843, 3113
4686, 16348, 843, 843, 3113
4686, 16348, 843, 843, 3113
4685, 16348, 842, 842, 3113
4686, 16348, 843, 843, 3113
4686, 16348, 843, 843, 3113
4686, 16348, 843, 843, 3113
4685, 16348, 843, 843, 3113
4686, 16347, 843, 843, 3113
4686, 16347, 843, 843, 3113
4685, 16348, 843, 843, 3113
4685, 16348, 843, 843, 3113
4685, 16347, 843, 843, 3113
4686, 16348, 843, 843, 3113
4686, 16348, 843, 843, 3113
4686, 16349, 844, 844, 3113
4686, 16349, 844, 844, 3113
4686, 16348, 843, 843, 3113
4686, 16349, 844, 844, 3113
4686, 16349, 844, 844, 3113
4686, 16348, 843, 843, 3113
4686, 16348, 844, 844, 3109
4686, 16347, 844, 844, 3109
4686, 16348, 844, 844, 3109
4687, 16349, 844, 844, 3109
4687, 16349, 844, 844, 3109
4687, 16349, 844, 844, 3109
4687, 16348, 845, 845, 3109
4686, 16349, 844, 844, 3109
4686, 16348, 844, 844, 3109
4686, 16348, 844, 844, 3109
4686, 16347, 844, 844, 3109
4686, 16348, 844, 844, 3109
4687, 16347, 844, 844, 3109
4686, 16348, 844, 844, 3109
4686, 16348, 844, 844, 3109
4686, 16348, 844, 844, 3109
4686, 16348, 844, 844, 3109
4686, 16349, 844, 844, 3109
4687, 16349, 844, 844, 3109
4686, 16348, 844, 844, 3109
4686, 16348, 844, 844, 3109
4687, 16348, 845, 845, 3109
4687, 16347, 844, 844, 3109
4687, 16347, 844, 844, 3109
4686, 16350, 844, 844, 3109
4686, 16350, 844, 844, 3109
4686, 16349, 844, 844, 3109
4686, 16349, 844, 844, 3099
4687, 16349, 844, 844, 3099
4687, 16349, 844, 844, 3099
4686, 16348, 844, 844, 3099
4686, 16348, 844, 844, 3099
4686, 16349, 844, 844, 3099
4687, 16349, 844, 844, 3099
4686, 16348, 844, 844, 3099
4687, 16350, 844, 844, 3099
4687, 16349, 845, 845, 3099
4687, 16350, 844, 844, 3099
4687, 16349, 845, 845, 3099
4687, 16350, 844, 844, 3099
4688, 16350, 845, 845, 3099
4688, 16349, 845, 845, 3099
4688, 16349, 845, 845, 3099
4687, 16349, 845, 845, 3099
4686, 16349, 844, 844, 3099
4687, 16348, 844, 844, 3099
4687, 16348, 844, 844, 3099
4687, 16350, 845, 845, 3099
4687, 16351, 845, 845, 3099
4687, 16351, 845, 845, 3099
4687, 16348, 845, 845, 3099
4688, 16349, 846, 846, 3099
4688, 16349, 846, 846, 3099
4687, 16349, 845, 845, 3107
4688, 16350, 845, 845, 3107
4688, 16349, 845, 845, 3107
4687, 16350, 845, 845, 3107
4687, 16350, 845, 845, 3107
4687, 16349, 845, 845, 3107
4687, 16349, 845, 845, 3107
4686, 16349, 844, 844, 3107
