5077, 16813, 1234, 1234, 4986
5077, 16813, 1234, 1234, 4986
5077, 16812, 1235, 1235, 4986
5077, 16812, 1235, 1235, 4986
5077, 16812, 1234, 1234, 4986
5077, 16812, 1234, 1234, 4986
5077, 16813, 1235, 1235, 4986
5077, 16813, 1235, 1235, 4986
5077, 16813, 1235, 1235, 4986
5078, 16812, 1235, 1235, 4986
5078, 16812, 1235, 1235, 4986
5077, 16812, 1235, 1235, 4986
5077, 16812, 1235, 1235, 4986
5077, 16812, 1234, 1234, 4986
5077, 16812, 1234, 1234, 4986
5077, 16812, 1234, 1234, 4986
5077, 16812, 1234, 1234, 4986
5077, 16812, 1234, 1234, 4986
5077, 16811, 1235, 1235, 4986
5077, 16811, 1235, 1235, 4986
5078, 16812, 1235, 1235, 4986
5077, 16812, 1235, 1235, 4986
5077, 16812, 1235, 1235, 4986
5076, 16814, 1234, 1234, 4986
5077, 16812, 1234, 1234, 4986
5077, 16813, 1234, 1234, 5019
5076, 16813, 1234, 1234, 5019
5078, 16812, 1235, 1235, 5019
5076, 16813, 1234, 1234, 5019
5076, 16813, 1234, 1234, 5019
5076, 16813, 1234, 1234, 5019
5076, 16811, 1234, 1234, 5019
5076, 16813, 1234, 1234, 5019
5076, 16812, 1234, 1234, 5019
5076, 16812, 1234, 1234, 5019
5076, 16812, 1234, 1234, 5019
5076, 16812, 1234, 1234, 5019
5075, 16812, 1233, 1233, 5019
5077, 16811, 1234, 1234, 5019
5076, 16812, 1233, 1233, 5019
5076, 16812, 1233, 1233, 5019
5077, 16813, 1234, 1234, 5019
5077, 16813, 1234, 1234, 5019
5076, 16811, 1233, 1233, 5019
5076, 16811, 1233, 1233, 5019
5076, 16812, 1234, 1234, 5019
5075, 16812, 1233, 1233, 5019
5075, 16811, 1233, 1233, 5019
5075, 16811, 1233, 1233, 5019
5076, 16811, 1233, 1233, 5019
5076, 16812, 1233, 1233, 5037
5076, 16812, 1233, 1233, 5037
5076, 16812, 1234, 1234, 5037
5075, 16812, 1233, 1233, 5037
5075, 16812, 1233, 1233, 5037
5076, 16813, 1233, 1233, 5037
5075, 16812, 1233, 1233, 5037
5075, 16812, 1233, 1233, 5037
5075, 16811, 1233, 1233, 5037
5075, 16811, 1233, 1233, 5037
5075, 16811, 1233, 1233, 5037
5076, 16811, 1233, 1233, 5037
5076, 16811, 1233, 1233, 5037
5075, 16811, 1233, 1233, 5037
5076, 16811, 1233, 1233, 5037
5076, 16811, 1233, 1233, 5037
5076, 16811, 1233, 1233, 5037
5075, 16811, 1233, 1233, 5037
5075, 16811, 1233, 1233, 5037
5075, 16811, 1232, 1232, 5037
5075, 16811, 1233, 1233, 5037
5074, 16811, 1233, 1233, 5033
5074, 16811, 1233, 1233, 5033
5075, 16812, 1233, 1233, 5033
5074, 16810, 1232, 1232, 5033
5074, 16811, 1232, 1232, 5033
5074, 16812, 1232, 1232, 5033
5074, 16812, 1232, 1232, 5033
5075, 16811, 1232, 1232, 5033
5075, 16810, 1232, 1232, 5033
5075, 16810, 1232, 1232, 5033
5074, 16810, 1232, 1232, 5033
5075, 16810, 1232, 1232, 5033
5075, 16810, 1233, 1233, 5033
5074, 16810, 1232, 1232, 5033
5074, 16810, 1232, 1232, 5033
5074, 16810, 1231, 1231, 5033
5074, 16810, 1232, 1232, 5033
5074, 16810, 1232, 1232, 5033
5075, 16811, 1232, 1232, 5033
4969, 16796, 1132, 1132, 5033
4969, 16796, 1132, 1132, 5033
4972, 16796, 1131, 1131, 5033
4973, 16797, 1132, 1132, 5033
4978, 16797, 1133, 1133, 5031
4978, 16797, 1133, 1133, 5031
4977, 16797, 1133, 1133, 5031
4978, 16796, 1133, 1133, 5031
4977, 16798, 1133, 1133, 5031
4977, 16797, 1133, 1133, 5031
4978, 16797, 1133, 1133, 5031
4979, 16796, 1133, 1133, 5031
4979, 16796, 1134, 1134, 5031
4979, 16796, 1134, 1134, 5031
4978, 16797, 1133, 1133, 5031
4976, 16796, 1133, 1133, 5031
4974, 16796, 1134, 1134, 5031
4977, 16796, 1133, 1133, 5031
4973, 16796, 1133, 1133, 5031
4975, 16796, 1134, 1134, 5031
4975, 16796, 1134, 1134, 5031
4978, 16797, 1134, 1134, 5031
4976, 16796, 1134, 1134, 5031
4976, 16797, 1134, 1134, 5031
4976, 16797, 1134, 1134, 5031
4974, 16796, 1134, 1134, 5031
4974, 16796, 1134, 1134, 5031
4974, 16795, 1134, 1134, 5031
4977, 16796, 1134, 1134, 5031
4975, 16795, 1134, 1134, 5035
4975, 16796, 1134, 1134, 5035
4978, 16796, 1134, 1134, 5035
4977, 16795, 1134, 1134, 5035
4977, 16797, 1133, 1133, 5035
4976, 16795, 1134, 1134, 5035
4976, 16795, 1134, 1134, 5035
4974, 16795, 1133, 1133, 5035
4976, 16795, 1134, 1134, 5035
4976, 16795, 1134, 1134, 5035
4978, 16795, 1134, 1134, 5035
4975, 16794, 1133, 1133, 5035
4977, 16796, 1134, 1134, 5035
4977, 16796, 1134, 1134, 5035
4974, 16796, 1133, 1133, 5035
4976, 16796, 1134, 1134, 5035
4975, 16795, 1134, 1134, 5035
4975, 16795, 1134, 1134, 5035
4977, 16796, 1133, 1133, 5033
4977, 16796, 1133, 1133, 5033
4977, 16796, 1134, 1134, 5033
4978, 16795, 1134, 1134, 5033
4977, 16796, 1134, 1134, 5033
4976, 16796, 1133, 1133, 5033
4977, 16794, 1133, 1133, 5033
4976, 16794, 1133, 1133, 5033
4976, 16793, 1133, 1133, 5033
4974, 16794, 1134, 1134, 5033
4973, 16795, 1133, 1133, 5033
4975, 16794, 1133, 1133, 5033
4973, 16794, 1133, 1133, 5033
4974, 16794, 1133, 1133, 5033
4975, 16794, 1134, 1134, 5033
4974, 16794, 1133, 1133, 5033
4974, 16793, 1134, 1134, 5033
4973, 16794, 1133, 1133, 5033
4975, 16794, 1133, 1133, 5033
4975, 16794, 1133, 1133, 5033
4978, 16794, 1134, 1134, 5033
4976, 16794, 1133, 1133, 5033
4976, 16792, 1133, 1133, 5033
4976, 16792, 1133, 1133, 5033
4976, 16794, 1133, 1133, 5033
4976, 16794, 1133, 1133, 5033
4975, 16793, 1133, 1133, 5033
4978, 16794, 1134, 1134, 5033
4978, 16794, 1134, 1134, 5033
4978, 16794, 1133, 1133, 5033
4976, 16793, 1133, 1133, 5033
4976, 16793, 1132, 1132, 5033
4976, 16793, 1132, 1132, 5033
4976, 16793, 1132, 1132, 5033
4976, 16793, 1133, 1133, 5033
4977, 16793, 1133, 1133, 5033
4977, 16793, 1133, 1133, 5033
4976, 16792, 1132, 1132, 5033
4976, 16792, 1132, 1132, 5033
4976, 16793, 1133, 1133, 5027
4974, 16792, 1132, 1132, 5027
4974, 16793, 1132, 1132, 5027
4974, 16792, 1132, 1132, 5027
4973, 16792, 1132, 1132, 5027
4973, 16792, 1132, 1132, 5027
4973, 16793, 1132, 1132, 5027
5045, 16807, 1148, 1148, 5027
5073, 16804, 1231, 1231, 5027
5073, 16804, 1231, 1231, 5027
5073, 16805, 1231, 1231, 5027
5073, 16804, 1231, 1231, 5027
5073, 16804, 1230, 1230, 5027
5072, 16804, 1230, 1230, 5027
5072, 16804, 1229, 1229, 5027
5071, 16805, 1229, 1229, 5027
5071, 16805, 1229, 1229, 5027
5071, 16803, 1230, 1230, 5027
5071, 16803, 1230, 1230, 5027
5071, 16804, 1229, 1229, 5027
5072, 16803, 1229, 1229, 5027
5071, 16803, 1228, 1228, 5027
5071, 16804, 1229, 1229, 5027
5071, 16804, 1229, 1229, 5027
5071, 16805, 1228, 1228, 5031
5071, 16805, 1228, 1228, 5031
5071, 16803, 1228, 1228, 5031
5071, 16803, 1228, 1228, 5031
5071, 16804, 1229, 1229, 5031
5070, 16804, 1228, 1228, 5031
5071, 16804, 1229, 1229, 5031
5071, 16804, 1228, 1228, 5031
5071, 16804, 1228, 1228, 5031
5070, 16804, 1229, 1229, 5031
5071, 16805, 1229, 1229, 5031
5070, 16803, 1228, 1228, 5031
5071, 16803, 1228, 1228, 5031
5070, 16803, 1228, 1228, 5031
5069, 16804, 1227, 1227, 5031
5069, 16804, 1227, 1227, 5031
5070, 16803, 1228, 1228, 5031
5070, 16804, 1228, 1228, 5031
5070, 16803, 1227, 1227, 5031
5070, 16803, 1227, 1227, 5031
5069, 16803, 1227, 1227, 5031
5069, 16803, 1227, 1227, 5031
5071, 16803, 1228, 1228, 5031
5070, 16803, 1227, 1227, 5031
5070, 16803, 1227, 1227, 5031
5071, 16803, 1228, 1228, 5025
5071, 16803, 1227, 1227, 5025
5071, 16803, 1227, 1227, 5025
5069, 16802, 1227, 1227, 5025
5069, 16802, 1227, 1227, 5025
5069, 16803, 1227, 1227, 5025
5069, 16803, 1227, 1227, 5025
5070, 16803, 1227, 1227, 5025
5070, 16802, 1227, 1227, 5025
5070, 16802, 1227, 1227, 5025
5070, 16803, 1227, 1227, 5025
5069, 16803, 1227, 1227, 5025
5069, 16803, 1227, 1227, 5025
5068, 16803, 1226, 1226, 5025
5068, 16803, 1226, 1226, 5025
5070, 16802, 1227, 1227, 5025
5069, 16802, 1226, 1226, 5025
5070, 16803, 1227, 1227, 5025
5070, 16803, 1227, 1227, 5025
5069, 16802, 1227, 1227, 5025
5069, 16802, 1227, 1227, 5025
5069, 16803, 1227, 1227, 5025
5069, 16802, 1227, 1227, 5025
5069, 16802, 1227, 1227, 5025
5069, 16802, 1226, 1226, 5025
5069, 16801, 1226, 1226, 5033
5068, 16802, 1226, 1226, 5033
5068, 16802, 1226, 1226, 5033
5069, 16803, 1226, 1226, 5033
5068, 16803, 1226, 1226, 5033
5069, 16802, 1226, 1226, 5033
5068, 16801, 1225, 1225, 5033
5068, 16801, 1225, 1225, 5033
5068, 16802, 1226, 1226, 5033
5068, 16802, 1226, 1226, 5033
5067, 16800, 1225, 1225, 5033
5067, 16800, 1225, 1225, 5033
5068, 16801, 1226, 1226, 5033
5068, 16801, 1226, 1226, 5033
5068, 16802, 1226, 1226, 5033
5068, 16801, 1226, 1226, 5033
5068, 16801, 1226, 1226, 5033
5068, 16801, 1225, 1225, 5033
5068, 16801, 1225, 1225, 5033
5067, 16800, 1225, 1225, 5033
5067, 16801, 1225, 1225, 5033
5067, 16802, 1225, 1225, 5033
5067, 16801, 1225, 1225, 5033
5067, 16801, 1225, 1225, 5033
5067, 16801, 1225, 1225, 5033
5067, 16801, 1225, 1225, 5033
5068, 16801, 1225, 1225, 5033
5066, 16800, 1224, 1224, 5015
5066, 16801, 1224, 1224, 5015
5068, 16801, 1224, 1224, 5015
5067, 16802, 1225, 1225, 5015
5067, 16801, 1224, 1224, 5015
5067, 16801, 1224, 1224, 5015
5066, 16801, 1224, 1224, 5015
5066, 16800, 1224, 1224, 5015
5066, 16800, 1224, 1224, 5015
5066, 16801, 1224, 1224, 5015
5067, 16801, 1224, 1224, 5015
5067, 16800, 1224, 1224, 5015
5067, 16800, 1224, 1224, 5015
5067, 16800, 1224, 1224, 5015
5067, 16800, 1224, 1224, 5015
5067, 16801, 1224, 1224, 5015
5067, 16801, 1224, 1224, 5015
5067, 16801, 1224, 1224, 5015
5067, 16800, 1225, 1225, 5015
5066, 16800, 1224, 1224, 5015
5066, 16799, 1224, 1224, 5015
5066, 16799, 1224, 1224, 5015
5068, 16800, 1225, 1225, 5015
5066, 16800, 1224, 1224, 5015
5067, 16800, 1224, 1224, 5015
5066, 16801, 1224, 1224, 5015
5065, 16799, 1224, 1224, 5025
5065, 16800, 1223, 1223, 5025
5066, 16799, 1224, 1224, 5025
5065, 16799, 1223, 1223, 5025
5065, 16799, 1223, 1223, 5025
5066, 16800, 1223, 1223, 5025
5066, 16800, 1223, 1223, 5025
5066, 16799, 1223, 1223, 5025
4964, 16786, 1113, 1113, 5025
4964, 16787, 1123, 1123, 5025
4964, 16787, 1123, 1123, 5025
4965, 16785, 1125, 1125, 5025
4968, 16786, 1124, 1124, 5025
4969, 16786, 1125, 1125, 5025
4969, 16787, 1125, 1125, 5025
4969, 16787, 1125, 1125, 5025
4969, 16786, 1126, 1126, 5025
4969, 16786, 1126, 1126, 5025
4968, 16786, 1126, 1126, 5025
4968, 16786, 1126, 1126, 5025
4967, 16786, 1125, 1125, 5025
4968, 16786, 1126, 1126, 5025
4966, 16786, 1126, 1126, 5025
4967, 16785, 1126, 1126, 5025
4967, 16785, 1126, 1126, 5025
4968, 16785, 1127, 1127, 5025
4969, 16786, 1127, 1127, 5027
4969, 16786, 1127, 1127, 5027
4970, 16786, 1126, 1126, 5027
4969, 16786, 1126, 1126, 5027
4970, 16785, 1126, 1126, 5027
4970, 16785, 1126, 1126, 5027
4970, 16786, 1126, 1126, 5027
4969, 16786, 1126, 1126, 5027
4969, 16786, 1126, 1126, 5027
4968, 16785, 1126, 1126, 5027
4968, 16785, 1126, 1126, 5027
4968, 16786, 1126, 1126, 5027
4966, 16784, 1125, 1125, 5027
4967, 16785, 1126, 1126, 5027
4967, 16785, 1126, 1126, 5027
4968, 16785, 1126, 1126, 5027
4967, 16785, 1126, 1126, 5027
4969, 16785, 1125, 1125, 5027
4970, 16784, 1126, 1126, 5027
4970, 16784, 1126, 1126, 5027
4969, 16785, 1126, 1126, 5027
4969, 16786, 1125, 1125, 5027
4967, 16786, 1126, 1126, 5027
4966, 16784, 1126, 1126, 5027
4969, 16784, 1126, 1126, 5027
4970, 16784, 1126, 1126, 5021
4969, 16785, 1125, 1125, 5021
4968, 16785, 1125, 1125, 5021
4966, 16784, 1125, 1125, 5021
4966, 16785, 1125, 1125, 5021
4966, 16785, 1125, 1125, 5021
4966, 16785, 1126, 1126, 5021
4966, 16785, 1126, 1126, 5021
4966, 16783, 1126, 1126, 5021
4970, 16784, 1125, 1125, 5021
4970, 16784, 1125, 1125, 5021
4968, 16783, 1126, 1126, 5021
4970, 16784, 1126, 1126, 5021
4968, 16784, 1125, 1125, 5021
4968, 16784, 1125, 1125, 5021
4966, 16783, 1125, 1125, 5021
4967, 16784, 1126, 1126, 5021
4967, 16784, 1126, 1126, 5021
4967, 16784, 1125, 1125, 5021
4968, 16783, 1125, 1125, 5021
4969, 16783, 1125, 1125, 5021
4969, 16784, 1125, 1125, 5021
4968, 16784, 1124, 1124, 5021
4969, 16783, 1125, 1125, 5021
4969, 16783, 1125, 1125, 5021
4968, 16784, 1124, 1124, 5021
4968, 16784, 1124, 1124, 5021
4967, 16783, 1124, 1124, 5021
4967, 16783, 1124, 1124, 5021
4965, 16782, 1124, 1124, 5021
4967, 16783, 1125, 1125, 5021
4966, 16784, 1125, 1125, 5021
4965, 16782, 1124, 1124, 5021
4968, 16782, 1124, 1124, 5021
4968, 16784, 1125, 1125, 5021
4968, 16782, 1124, 1124, 5021
4968, 16782, 1124, 1124, 5021
4965, 16782, 1124, 1124, 5021
4966, 16783, 1124, 1124, 5021
4967, 16783, 1125, 1125, 5021
4968, 16782, 1124, 1124, 5019
4968, 16782, 1124, 1124, 5019
4969, 16781, 1125, 1125, 5019
4968, 16782, 1124, 1124, 5019
4968, 16782, 1124, 1124, 5019
4968, 16782, 1125, 1125, 5019
4968, 16782, 1125, 1125, 5019
4968, 16782, 1124, 1124, 5019
4968, 16782, 1123, 1123, 5019
4968, 16782, 1124, 1124, 5019
4966, 16782, 1124, 1124, 5019
4965, 16781, 1124, 1124, 5019
4965, 16782, 1124, 1124, 5019
4963, 16781, 1123, 1123, 5019
4964, 16782, 1123, 1123, 5019
4964, 16781, 1123, 1123, 5019
4964, 16780, 1124, 1124, 5019
4964, 16780, 1124, 1124, 5019
4962, 16779, 1121, 1121, 5019
4962, 16779, 1121, 1121, 5019
4964, 16796, 1126, 1126, 5019
5067, 16794, 1224, 1224, 5019
5067, 16794, 1224, 1224, 5019
5065, 16793, 1223, 1223, 5019
5064, 16794, 1222, 1222, 5019
5063, 16791, 1221, 1221, 5029
5063, 16794, 1221, 1221, 5029
5062, 16793, 1220, 1220, 5029
5064, 16793, 1221, 1221, 5029
5064, 16793, 1221, 1221, 5029
5062, 16792, 1220, 1220, 5029
5061, 16792, 1219, 1219, 5029
5062, 16793, 1219, 1219, 5029
5062, 16793, 1219, 1219, 5029
5061, 16792, 1219, 1219, 5029
5060, 16792, 1219, 1219, 5029
5060, 16792, 1219, 1219, 5029
5061, 16793, 1219, 1219, 5029
5061, 16793, 1219, 1219, 5029
5061, 16792, 1219, 1219, 5029
5061, 16792, 1219, 1219, 5029
5061, 16792, 1219, 1219, 5029
5061, 16792, 1219, 1219, 5029
5061, 16793, 1218, 1218, 5029
5060, 16793, 1218, 1218, 5029
5061, 16793, 1219, 1219, 5029
5061, 16792, 1218, 1218, 5023
5061, 16792, 1218, 1218, 5023
5061, 16792, 1218, 1218, 5023
5061, 16792, 1218, 1218, 5023
5061, 16792, 1218, 1218, 5023
5061, 16792, 1218, 1218, 5023
5061, 16792, 1218, 1218, 5023
5060, 16793, 1218, 1218, 5023
5060, 16791, 1218, 1218, 5023
5061, 16792, 1218, 1218, 5023
5061, 16791, 1217, 1217, 5023
5060, 16792, 1218, 1218, 5023
5060, 16792, 1218, 1218, 5023
5060, 16791, 1218, 1218, 5023
5059, 16792, 1217, 1217, 5023
5059, 16791, 1217, 1217, 5023
5059, 16792, 1217, 1217, 5023
5060, 16792, 1217, 1217, 5023
5060, 16792, 1217, 1217, 5023
5059, 16792, 1217, 1217, 5023
5060, 16791, 1217, 1217, 5023
5059, 16792, 1217, 1217, 5023
5059, 16792, 1217, 1217, 5023
5059, 16792, 1216, 1216, 5031
5059, 16792, 1216, 1216, 5031
5059, 16792, 1217, 1217, 5031
5059, 16792, 1217, 1217, 5031
5059, 16792, 1217, 1217, 5031
5059, 16791, 1217, 1217, 5031
5059, 16791, 1217, 1217, 5031
5058, 16791, 1216, 1216, 5031
5059, 16791, 1216, 1216, 5031
5059, 16791, 1216, 1216, 5031
5059, 16791, 1217, 1217, 5031
5059, 16791, 1217, 1217, 5031
5058, 16791, 1216, 1216, 5031
5058, 16791, 1216, 1216, 5031
5058, 16790, 1216, 1216, 5031
5057, 16791, 1215, 1215, 5031
5057, 16791, 1215, 1215, 5031
5057, 16790, 1215, 1215, 5031
5057, 16789, 1215, 1215, 5031
5057, 16790, 1215, 1215, 5031
5057, 16790, 1215, 1215, 5031
5058, 16790, 1215, 1215, 5031
5057, 16790, 1215, 1215, 5023
5057, 16790, 1215, 1215, 5023
5057, 16790, 1215, 1215, 5023
5058, 16790, 1215, 1215, 5023
5058, 16790, 1215, 1215, 5023
5058, 16790, 1215, 1215, 5023
5058, 16790, 1216, 1216, 5023
5057, 16789, 1215, 1215, 5023
5057, 16789, 1215, 1215, 5023
5058, 16789, 1215, 1215, 5023
5058, 16789, 1215, 1215, 5023
5058, 16789, 1215, 1215, 5023
5058, 16789, 1215, 1215, 5023
5058, 16789, 1215, 1215, 5023
5057, 16789, 1215, 1215, 5023
5057, 16789, 1215, 1215, 5023
5057, 16788, 1215, 1215, 5023
5057, 16788, 1215, 1215, 5023
5056, 16789, 1214, 1214, 5023
5056, 16788, 1214, 1214, 5023
5056, 16788, 1214, 1214, 5023
5057, 16788, 1214, 1214, 5023
5057, 16788, 1214, 1214, 5023
5057, 16789, 1215, 1215, 5023
5056, 16789, 1214, 1214, 5023
5057, 16789, 1214, 1214, 5023
5057, 16788, 1214, 1214, 5037
5056, 16788, 1214, 1214, 5037
5056, 16789, 1214, 1214, 5037
5056, 16788, 1214, 1214, 5037
5056, 16788, 1214, 1214, 5037
5056, 16788, 1213, 1213, 5037
5056, 16788, 1213, 1213, 5037
5055, 16789, 1213, 1213, 5037
5056, 16788, 1213, 1213, 5037
5056, 16788, 1214, 1214, 5037
5056, 16788, 1214, 1214, 5037
5055, 16786, 1213, 1213, 5037
5056, 16788, 1214, 1214, 5037
5056, 16787, 1213, 1213, 5037
5055, 16787, 1213, 1213, 5037
5055, 16787, 1213, 1213, 5037
5056, 16787, 1213, 1213, 5037
5056, 16786, 1213, 1213, 5037
5056, 16787, 1213, 1213, 5037
4957, 16775, 1110, 1110, 5037
4957, 16775, 1110, 1110, 5037
4956, 16774, 1114, 1114, 5037
4956, 16774, 1114, 1114, 5037
4956, 16774, 1113, 1113, 5037
4958, 16774, 1114, 1114, 5027
4956, 16774, 1114, 1114, 5027
4956, 16774, 1115, 1115, 5027
4956, 16774, 1115, 1115, 5027
4956, 16774, 1114, 1114, 5027
4957, 16775, 1115, 1115, 5027
4957, 16774, 1115, 1115, 5027
4959, 16774, 1115, 1115, 5027
4959, 16774, 1115, 1115, 5027
4959, 16773, 1115, 1115, 5027
4959, 16773, 1115, 1115, 5027
4961, 16775, 1115, 1115, 5027
4960, 16775, 1115, 1115, 5027
4956, 16774, 1115, 1115, 5027
4956, 16774, 1116, 1116, 5027
4956, 16774, 1116, 1116, 5027
4959, 16774, 1115, 1115, 5027
4959, 16774, 1115, 1115, 5027
4959, 16774, 1115, 1115, 5027
4959, 16774, 1115, 1115, 5027
4960, 16774, 1116, 1116, 5027
4958, 16774, 1115, 1115, 5027
4954, 16773, 1115, 1115, 5027
4956, 16773, 1116, 1116, 5027
4956, 16774, 1116, 1116, 5027
4957, 16773, 1116, 1116, 5029
4957, 16773, 1116, 1116, 5029
4956, 16773, 1115, 1115, 5029
4958, 16772, 1116, 1116, 5029
4957, 16773, 1115, 1115, 5029
4957, 16773, 1115, 1115, 5029
4960, 16773, 1116, 1116, 5029
4959, 16773, 1115, 1115, 5029
4959, 16773, 1115, 1115, 5029
4959, 16773, 1116, 1116, 5029
4959, 16773, 1115, 1115, 5029
4959, 16773, 1115, 1115, 5029
4958, 16772, 1115, 1115, 5029
4956, 16772, 1115, 1115, 5029
4956, 16773, 1115, 1115, 5029
4955, 16772, 1114, 1114, 5029
4955, 16772, 1114, 1114, 5029
4958, 16772, 1114, 1114, 5029
4958, 16772, 1115, 1115, 5029
4959, 16773, 1115, 1115, 5029
4959, 16773, 1115, 1115, 5029
4957, 16772, 1114, 1114, 5029
4959, 16773, 1115, 1115, 5029
4959, 16773, 1115, 1115, 5029
4956, 16772, 1115, 1115, 5029
4955, 16772, 1114, 1114, 5029
4955, 16772, 1114, 1114, 5029
4956, 16770, 1114, 1114, 5029
4959, 16772, 1114, 1114, 5029
4959, 16772, 1114, 1114, 5029
4958, 16772, 1115, 1115, 5029
4957, 16772, 1115, 1115, 5029
4957, 16771, 1114, 1114, 5029
4956, 16770, 1115, 1115, 5029
4956, 16770, 1115, 1115, 5029
4959, 16770, 1115, 1115, 5029
4957, 16771, 1113, 1113, 5029
4957, 16771, 1113, 1113, 5029
4959, 16771, 1114, 1114, 5029
4956, 16771, 1114, 1114, 5029
4956, 16771, 1114, 1114, 5029
4956, 16771, 1114, 1114, 5029
4956, 16771, 1114, 1114, 5029
4955, 16771, 1114, 1114, 5029
4954, 16770, 1113, 1113, 5029
4954, 16771, 1113, 1113, 5029
4955, 16769, 1113, 1113, 5029
4956, 16770, 1114, 1114, 5029
4956, 16771, 1114, 1114, 5025
4956, 16770, 1114, 1114, 5025
4958, 16770, 1113, 1113, 5025
4958, 16770, 1113, 1113, 5025
4957, 16770, 1113, 1113, 5025
4956, 16770, 1113, 1113, 5025
4956, 16770, 1113, 1113, 5025
4956, 16770, 1112, 1112, 5025
4954, 16770, 1113, 1113, 5025
4954, 16769, 1113, 1113, 5025
4954, 16769, 1113, 1113, 5025
4956, 16770, 1113, 1113, 5025
4955, 16770, 1112, 1112, 5025
4955, 16770, 1112, 1112, 5025
4955, 16769, 1112, 1112, 5025
4956, 16770, 1113, 1113, 5025
4956, 16769, 1113, 1113, 5025
4954, 16768, 1113, 1113, 5025
4954, 16768, 1113, 1113, 5025
4954, 16768, 1112, 1112, 5025
4954, 16768, 1112, 1112, 5025
4955, 16768, 1112, 1112, 5025
4955, 16769, 1112, 1112, 5025
4957, 16769, 1113, 1113, 5029
4957, 16769, 1113, 1113, 5029
4956, 16770, 1113, 1113, 5029
4954, 16768, 1113, 1113, 5029
4954, 16768, 1113, 1113, 5029
4953, 16768, 1112, 1112, 5029
4953, 16768, 1112, 1112, 5029
4957, 16768, 1113, 1113, 5029
4947, 16769, 1110, 1110, 5029
4978, 16785, 1117, 1117, 5029
5054, 16780, 1213, 1213, 5029
5055, 16781, 1212, 1212, 5029
5053, 16780, 1211, 1211, 5029
5053, 16781, 1211, 1211, 5029
5052, 16779, 1210, 1210, 5029
5052, 16778, 1210, 1210, 5029
5051, 16780, 1209, 1209, 5029
5051, 16780, 1209, 1209, 5029
5050, 16780, 1209, 1209, 5029
5053, 16780, 1209, 1209, 5029
5052, 16780, 1209, 1209, 5029
5051, 16780, 1209, 1209, 5029
5051, 16780, 1209, 1209, 5029
5051, 16778, 1209, 1209, 5029
5051, 16778, 1209, 1209, 5029
5051, 16779, 1209, 1209, 5021
5050, 16781, 1208, 1208, 5021
5050, 16781, 1208, 1208, 5021
5050, 16781, 1208, 1208, 5021
5052, 16780, 1208, 1208, 5021
5052, 16780, 1209, 1209, 5021
5050, 16780, 1208, 1208, 5021
5050, 16780, 1207, 1207, 5021
5051, 16780, 1208, 1208, 5021
5051, 16780, 1208, 1208, 5021
5051, 16778, 1208, 1208, 5021
5049, 16780, 1208, 1208, 5021
5050, 16779, 1208, 1208, 5021
5050, 16779, 1208, 1208, 5021
5049, 16780, 1207, 1207, 5021
5050, 16778, 1207, 1207, 5021
5050, 16779, 1208, 1208, 5021
5050, 16779, 1207, 1207, 5021
5050, 16779, 1207, 1207, 5021
5049, 16780, 1207, 1207, 5021
5049, 16780, 1207, 1207, 5021
5050, 16778, 1207, 1207, 5021
5050, 16779, 1207, 1207, 5021
5050, 16779, 1207, 1207, 5021
5049, 16779, 1207, 1207, 5021
5049, 16778, 1206, 1206, 5021
5049, 16778, 1206, 1206, 5021
5049, 16778, 1206, 1206, 5021
5048, 16778, 1206, 1206, 5021
5050, 16778, 1207, 1207, 5021
5049, 16778, 1206, 1206, 5021
5049, 16778, 1207, 1207, 5021
5049, 16778, 1207, 1207, 5021
5049, 16778, 1206, 1206, 5021
5048, 16778, 1206, 1206, 5021
5048, 16779, 1206, 1206, 5021
5049, 16778, 1206, 1206, 5021
5049, 16778, 1206, 1206, 5021
5049, 16778, 1207, 1207, 5021
5048, 16778, 1206, 1206, 5021
5048, 16777, 1206, 1206, 5021
5048, 16778, 1206, 1206, 5021
5048, 16778, 1206, 1206, 5021
5048, 16778, 1205, 1205, 5021
5048, 16778, 1206, 1206, 5021
5047, 16777, 1205, 1205, 5021
5047, 16777, 1205, 1205, 5021
5047, 16777, 1205, 1205, 5021
5047, 16776, 1205, 1205, 5029
5049, 16777, 1205, 1205, 5029
5048, 16776, 1205, 1205, 5029
5047, 16777, 1205, 1205, 5029
5047, 16777, 1205, 1205, 5029
5047, 16777, 1205, 1205, 5029
5047, 16776, 1205, 1205, 5029
5047, 16777, 1205, 1205, 5029
5047, 16777, 1205, 1205, 5029
5047, 16776, 1205, 1205, 5029
5047, 16777, 1204, 1204, 5029
5046, 16776, 1204, 1204, 5029
5046, 16775, 1204, 1204, 5029
5046, 16776, 1204, 1204, 5029
5046, 16776, 1204, 1204, 5029
5046, 16775, 1204, 1204, 5029
5046, 16775, 1204, 1204, 5029
5047, 16776, 1204, 1204, 5029
5047, 16776, 1204, 1204, 5029
5046, 16776, 1204, 1204, 5029
5046, 16776, 1204, 1204, 5029
5047, 16775, 1204, 1204, 5029
5045, 16774, 1203, 1203, 5029
5045, 16776, 1203, 1203, 5029
5045, 16775, 1202, 1202, 5023
5045, 16775, 1203, 1203, 5023
5045, 16775, 1203, 1203, 5023
5045, 16774, 1203, 1203, 5023
5045, 16774, 1203, 1203, 5023
5046, 16776, 1203, 1203, 5023
5046, 16776, 1203, 1203, 5023
5045, 16775, 1203, 1203, 5023
5045, 16775, 1203, 1203, 5023
5045, 16775, 1203, 1203, 5023
5046, 16775, 1203, 1203, 5023
5045, 16775, 1202, 1202, 5023
5045, 16775, 1202, 1202, 5023
5045, 16774, 1203, 1203, 5023
5045, 16775, 1203, 1203, 5023
5045, 16775, 1203, 1203, 5023
5045, 16775, 1202, 1202, 5023
5045, 16774, 1202, 1202, 5023
5044, 16775, 1202, 1202, 5023
5044, 16775, 1202, 1202, 5023
5044, 16775, 1202, 1202, 5023
5044, 16774, 1202, 1202, 5023
5044, 16774, 1202, 1202, 5023
5045, 16773, 1202, 1202, 5023
5045, 16773, 1202, 1202, 5023
5044, 16774, 1202, 1202, 5023
5044, 16773, 1202, 1202, 5023
5044, 16773, 1202, 1202, 5023
5044, 16773, 1202, 1202, 5023
5043, 16774, 1201, 1201, 5023
5043, 16774, 1201, 1201, 5023
5045, 16773, 1202, 1202, 5023
5044, 16774, 1202, 1202, 5023
5044, 16774, 1202, 1202, 5023
5044, 16773, 1201, 1201, 5023
4944, 16759, 1081, 1081, 5023
4944, 16760, 1100, 1100, 5023
4944, 16760, 1100, 1100, 5023
4944, 16760, 1101, 1101, 5023
4943, 16761, 1102, 1102, 5023
4944, 16762, 1102, 1102, 5023
4944, 16762, 1102, 1102, 5023
4943, 16760, 1102, 1102, 5023
4944, 16761, 1103, 1103, 5023
4946, 16761, 1102, 1102, 5023
4949, 16761, 1104, 1104, 5023
4946, 16761, 1104, 1104, 5023
4946, 16761, 1103, 1103, 5023
4944, 16760, 1103, 1103, 5023
4944, 16760, 1103, 1103, 5023
4945, 16760, 1102, 1102, 5023
4945, 16760, 1102, 1102, 5023
4946, 16759, 1103, 1103, 5023
4947, 16760, 1103, 1103, 5027
4945, 16760, 1103, 1103, 5027
4945, 16760, 1103, 1103, 5027
4945, 16760, 1103, 1103, 5027
4944, 16760, 1103, 1103, 5027
4944, 16760, 1103, 1103, 5027
4946, 16760, 1103, 1103, 5027
4946, 16760, 1103, 1103, 5027
4946, 16760, 1103, 1103, 5027
4946, 16760, 1103, 1103, 5027
4946, 16759, 1103, 1103, 5027
4946, 16759, 1103, 1103, 5027
4944, 16760, 1103, 1103, 5027
4944, 16760, 1103, 1103, 5027
4946, 16760, 1103, 1103, 5027
4945, 16758, 1103, 1103, 5027
4945, 16759, 1102, 1102, 5027
4945, 16759, 1102, 1102, 5027
4947, 16758, 1102, 1102, 5027
4943, 16759, 1103, 1103, 5027
4943, 16759, 1103, 1103, 5027
4945, 16758, 1103, 1103, 5027
4945, 16759, 1103, 1103, 5027
4946, 16758, 1104, 1104, 5027
4946, 16759, 1103, 1103, 5027
4946, 16759, 1102, 1102, 5019
4946, 16759, 1102, 1102, 5019
4946, 16758, 1102, 1102, 5019
4945, 16758, 1102, 1102, 5019
4943, 16758, 1102, 1102, 5019
4943, 16758, 1102, 1102, 5019
4943, 16758, 1102, 1102, 5019
4942, 16757, 1102, 1102, 5019
4945, 16757, 1102, 1102, 5019
4942, 16758, 1102, 1102, 5019
4944, 16758, 1103, 1103, 5019
4944, 16756, 1102, 1102, 5019
4944, 16756, 1102, 1102, 5019
4947, 16758, 1102, 1102, 5019
4944, 16758, 1101, 1101, 5019
4946, 16758, 1102, 1102, 5019
4943, 16756, 1101, 1101, 5019
4946, 16757, 1101, 1101, 5019
4941, 16757, 1101, 1101, 5019
4944, 16757, 1102, 1102, 5019
4944, 16757, 1102, 1102, 5019
4945, 16756, 1102, 1102, 5023
4945, 16756, 1101, 1101, 5023
4945, 16756, 1101, 1101, 5023
4945, 16756, 1101, 1101, 5023
4945, 16757, 1101, 1101, 5023
4944, 16756, 1101, 1101, 5023
4942, 16757, 1101, 1101, 5023
4943, 16755, 1101, 1101, 5023
4943, 16755, 1101, 1101, 5023
4942, 16756, 1101, 1101, 5023
4944, 16755, 1102, 1102, 5023
4945, 16755, 1101, 1101, 5023
4945, 16755, 1101, 1101, 5023
4945, 16755, 1101, 1101, 5023
4942, 16755, 1100, 1100, 5023
4945, 16755, 1100, 1100, 5023
4943, 16756, 1100, 1100, 5023
4943, 16756, 1100, 1100, 5023
4940, 16755, 1100, 1100, 5023
4941, 16755, 1101, 1101, 5023
4941, 16754, 1100, 1100, 5023
4941, 16754, 1100, 1100, 5023
4942, 16755, 1101, 1101, 5023
4942, 16755, 1101, 1101, 5023
4943, 16755, 1100, 1100, 5027
4944, 16754, 1101, 1101, 5027
4944, 16755, 1100, 1100, 5027
4944, 16755, 1100, 1100, 5027
4943, 16756, 1100, 1100, 5027
4941, 16754, 1100, 1100, 5027
4941, 16754, 1100, 1100, 5027
4941, 16753, 1100, 1100, 5027
4941, 16753, 1100, 1100, 5027
4942, 16754, 1100, 1100, 5027
4942, 16754, 1099, 1099, 5027
4943, 16753, 1099, 1099, 5027
4943, 16754, 1099, 1099, 5027
4943, 16754, 1099, 1099, 5027
4944, 16754, 1100, 1100, 5027
4940, 16753, 1100, 1100, 5027
4940, 16754, 1100, 1100, 5027
4942, 16753, 1100, 1100, 5027
4941, 16755, 1099, 1099, 5027
4933, 16755, 1098, 1098, 5027
4933, 16755, 1098, 1098, 5027
4944, 16769, 1104, 1104, 5027
5042, 16765, 1200, 1200, 5027
5042, 16765, 1200, 1200, 5027
5040, 16766, 1198, 1198, 5027
5040, 16766, 1198, 1198, 5027
5040, 16765, 1198, 1198, 5031
5040, 16766, 1198, 1198, 5031
5040, 16766, 1198, 1198, 5031
5039, 16765, 1197, 1197, 5031
5039, 16766, 1197, 1197, 5031
5039, 16766, 1197, 1197, 5031
5039, 16765, 1197, 1197, 5031
5039, 16765, 1196, 1196, 5031
5039, 16765, 1196, 1196, 5031
5038, 16764, 1196, 1196, 5031
5038, 16765, 1196, 1196, 5031
5039, 16765, 1196, 1196, 5031
5039, 16765, 1196, 1196, 5031
5039, 16766, 1196, 1196, 5031
5038, 16765, 1196, 1196, 5031
5038, 16765, 1196, 1196, 5031
5037, 16764, 1196, 1196, 5031
5037, 16765, 1195, 1195, 5031
5037, 16764, 1195, 1195, 5031
5037, 16764, 1195, 1195, 5031
5037, 16764, 1195, 1195, 5031
5036, 16764, 1195, 1195, 5031
5038, 16764, 1195, 1195, 5031
5038, 16764, 1195, 1195, 5031
5037, 16764, 1194, 1194, 5031
5037, 16764, 1194, 1194, 5031
5037, 16764, 1194, 1194, 5031
5037, 16765, 1194, 1194, 5031
5036, 16764, 1194, 1194, 5031
5036, 16764, 1194, 1194, 5031
5036, 16765, 1194, 1194, 5031
5036, 16764, 1194, 1194, 5031
5036, 16764, 1194, 1194, 5031
5036, 16764, 1194, 1194, 5031
5036, 16764, 1194, 1194, 5031
5036, 16764, 1193, 1193, 5031
5036, 16763, 1193, 1193, 5031
5036, 16763, 1193, 1193, 5031
5036, 16763, 1193, 1193, 5031
5035, 16763, 1193, 1193, 5031
5036, 16764, 1193, 1193, 5031
5036, 16764, 1193, 1193, 5031
5035, 16764, 1194, 1194, 5031
5035, 16763, 1193, 1193, 5031
5035, 16763, 1193, 1193, 5031
5035, 16763, 1193, 1193, 5031
5035, 16762, 1193, 1193, 5031
5036, 16763, 1193, 1193, 5031
5036, 16763, 1193, 1193, 5031
5035, 16763, 1193, 1193, 5031
5035, 16762, 1193, 1193, 5031
5035, 16764, 1192, 1192, 5031
5034, 16762, 1193, 1193, 5027
5034, 16762, 1193, 1193, 5027
5034, 16763, 1192, 1192, 5027
5034, 16764, 1192, 1192, 5027
5034, 16763, 1192, 1192, 5027
5033, 16763, 1192, 1192, 5027
5035, 16763, 1192, 1192, 5027
5035, 16762, 1192, 1192, 5027
5035, 16762, 1192, 1192, 5027
5035, 16762, 1192, 1192, 5027
5034, 16761, 1192, 1192, 5027
5033, 16761, 1192, 1192, 5027
5034, 16762, 1191, 1191, 5027
5033, 16763, 1191, 1191, 5027
5034, 16762, 1191, 1191, 5027
5034, 16762, 1191, 1191, 5027
5033, 16761, 1191, 1191, 5027
5033, 16761, 1191, 1191, 5027
5033, 16761, 1191, 1191, 5027
5033, 16761, 1191, 1191, 5027
5034, 16760, 1191, 1191, 5027
5033, 16761, 1191, 1191, 5029
5033, 16760, 1191, 1191, 5029
5033, 16760, 1191, 1191, 5029
5033, 16760, 1190, 1190, 5029
5034, 16761, 1191, 1191, 5029
5034, 16761, 1191, 1191, 5029
5033, 16761, 1190, 1190, 5029
5033, 16761, 1190, 1190, 5029
5032, 16761, 1190, 1190, 5029
5031, 16761, 1190, 1190, 5029
5031, 16761, 1190, 1190, 5029
5032, 16760, 1190, 1190, 5029
5032, 16760, 1190, 1190, 5029
5032, 16761, 1190, 1190, 5029
5032, 16760, 1190, 1190, 5029
5031, 16760, 1189, 1189, 5029
5033, 16760, 1190, 1190, 5029
5033, 16760, 1190, 1190, 5029
5032, 16760, 1190, 1190, 5029
5032, 16759, 1189, 1189, 5029
5032, 16759, 1189, 1189, 5029
5032, 16759, 1189, 1189, 5029
5032, 16760, 1189, 1189, 5029
5032, 16760, 1189, 1189, 5029
5030, 16759, 1189, 1189, 5029
5030, 16759, 1189, 1189, 5029
5030, 16759, 1188, 1188, 5021
5030, 16759, 1188, 1188, 5021
5030, 16759, 1188, 1188, 5021
5030, 16758, 1188, 1188, 5021
5031, 16758, 1188, 1188, 5021
5031, 16758, 1188, 1188, 5021
5030, 16758, 1188, 1188, 5021
5030, 16759, 1188, 1188, 5021
5030, 16759, 1188, 1188, 5021
5029, 16758, 1188, 1188, 5021
5029, 16758, 1188, 1188, 5021
5030, 16759, 1188, 1188, 5021
5030, 16759, 1188, 1188, 5021
5031, 16758, 1188, 1188, 5021
5030, 16759, 1188, 1188, 5021
5031, 16758, 1189, 1189, 5021
5031, 16758, 1189, 1189, 5021
5030, 16758, 1188, 1188, 5021
5030, 16758, 1187, 1187, 5021
5030, 16758, 1187, 1187, 5021
5029, 16757, 1188, 1188, 5021
5030, 16757, 1187, 1187, 5021
4858, 16746, 1113, 1113, 5021
4858, 16746, 1113, 1113, 5021
4929, 16745, 1087, 1087, 5021
4929, 16745, 1089, 1089, 5021
4929, 16745, 1089, 1089, 5021
4931, 16744, 1089, 1089, 5025
4931, 16744, 1089, 1089, 5025
4932, 16744, 1089, 1089, 5025
4932, 16744, 1089, 1089, 5025
4933, 16744, 1089, 1089, 5025
4930, 16744, 1090, 1090, 5025
4930, 16744, 1090, 1090, 5025
4930, 16744, 1089, 1089, 5025
4931, 16744, 1090, 1090, 5025
4934, 16744, 1089, 1089, 5025
4934, 16744, 1089, 1089, 5025
4933, 16744, 1089, 1089, 5025
4933, 16744, 1090, 1090, 5025
4932, 16743, 1090, 1090, 5025
4932, 16743, 1090, 1090, 5025
4931, 16744, 1090, 1090, 5025
4931, 16744, 1090, 1090, 5025
4931, 16743, 1089, 1089, 5025
4932, 16743, 1090, 1090, 5025
4932, 16743, 1090, 1090, 5025
4932, 16744, 1090, 1090, 5025
4935, 16743, 1090, 1090, 5025
4935, 16743, 1090, 1090, 5025
4933, 16743, 1089, 1089, 5025
4933, 16744, 1090, 1090, 5025
4933, 16744, 1090, 1090, 5025
4932, 16743, 1090, 1090, 5025
4929, 16743, 1089, 1089, 5025
4930, 16743, 1089, 1089, 5025
4931, 16743, 1089, 1089, 5025
4931, 16743, 1089, 1089, 5025
4931, 16743, 1089, 1089, 5025
4931, 16743, 1089, 1089, 5025
4933, 16743, 1088, 1088, 5025
4932, 16743, 1089, 1089, 5025
4932, 16743, 1089, 1089, 5025
4931, 16743, 1088, 1088, 5025
4929, 16741, 1089, 1089, 5025
4930, 16741, 1089, 1089, 5025
4932, 16742, 1089, 1089, 5025
4932, 16742, 1089, 1089, 5025
4931, 16742, 1088, 1088, 5025
4931, 16742, 1088, 1088, 5025
4932, 16742, 1089, 1089, 5025
4932, 16743, 1089, 1089, 5025
4932, 16743, 1089, 1089, 5025
4929, 16740, 1089, 1089, 5025
4930, 16741, 1088, 1088, 5025
4930, 16741, 1088, 1088, 5025
4933, 16740, 1089, 1089, 5025
4933, 16741, 1088, 1088, 5025
4930, 16741, 1088, 1088, 5025
4933, 16741, 1089, 1089, 5025
4932, 16741, 1088, 1088, 5025
4933, 16742, 1088, 1088, 5025
4930, 16741, 1088, 1088, 5025
4929, 16741, 1088, 1088, 5025
4929, 16741, 1088, 1088, 5025
4930, 16741, 1089, 1089, 5025
4929, 16741, 1088, 1088, 5025
4929, 16741, 1088, 1088, 5025
4930, 16740, 1088, 1088, 5025
4930, 16740, 1088, 1088, 5025
4931, 16740, 1088, 1088, 5025
4932, 16740, 1088, 1088, 5025
4932, 16740, 1088, 1088, 5025
4932, 16740, 1088, 1088, 5025
4932, 16740, 1088, 1088, 5025
4929, 16739, 1088, 1088, 5025
4929, 16739, 1088, 1088, 5025
4928, 16740, 1087, 1087, 5025
4929, 16738, 1087, 1087, 5025
4929, 16739, 1087, 1087, 5027
4930, 16739, 1087, 1087, 5027
4929, 16739, 1087, 1087, 5027
4929, 16739, 1087, 1087, 5027
4927, 16738, 1087, 1087, 5027
4927, 16740, 1086, 1086, 5027
4929, 16739, 1088, 1088, 5027
4927, 16739, 1086, 1086, 5027
4927, 16739, 1086, 1086, 5027
4929, 16739, 1087, 1087, 5027
4929, 16739, 1087, 1087, 5027
4931, 16739, 1087, 1087, 5027
4931, 16739, 1087, 1087, 5027
4927, 16739, 1087, 1087, 5027
4930, 16739, 1087, 1087, 5027
4928, 16739, 1087, 1087, 5027
4927, 16739, 1086, 1086, 5027
4928, 16739, 1086, 1086, 5027
4928, 16738, 1086, 1086, 5027
4928, 16739, 1086, 1086, 5027
4929, 16738, 1086, 1086, 5027
4931, 16739, 1086, 1086, 5027
4930, 16740, 1086, 1086, 5027
4930, 16740, 1086, 1086, 5027
4928, 16738, 1086, 1086, 5027
4929, 16738, 1085, 1085, 5025
4926, 16737, 1085, 1085, 5025
4926, 16737, 1085, 1085, 5025
4929, 16738, 1085, 1085, 5025
4929, 16738, 1085, 1085, 5025
4926, 16737, 1085, 1085, 5025
4927, 16737, 1086, 1086, 5025
4939, 16752, 1088, 1088, 5025
5029, 16751, 1189, 1189, 5025
5028, 16749, 1186, 1186, 5025
5027, 16749, 1184, 1184, 5025
5027, 16749, 1184, 1184, 5025
5026, 16749, 1184, 1184, 5025
5025, 16748, 1183, 1183, 5025
5025, 16748, 1183, 1183, 5025
5025, 16749, 1183, 1183, 5025
5024, 16749, 1182, 1182, 5025
5025, 16748, 1182, 1182, 5025
5025, 16749, 1182, 1182, 5025
5025, 16748, 1182, 1182, 5025
5025, 16748, 1182, 1182, 5025
5024, 16749, 1182, 1182, 5025
5025, 16748, 1182, 1182, 5025
5024, 16748, 1182, 1182, 5025
5024, 16748, 1182, 1182, 5025
5024, 16748, 1182, 1182, 5025
5024, 16748, 1182, 1182, 5025
5023, 16749, 1181, 1181, 5025
5023, 16748, 1181, 1181, 5025
5023, 16748, 1181, 1181, 5025
5023, 16748, 1181, 1181, 5025
5024, 16749, 1181, 1181, 5025
5023, 16748, 1180, 1180, 5025
5023, 16747, 1181, 1181, 5025
5023, 16747, 1181, 1181, 5025
5023, 16747, 1181, 1181, 5025
5022, 16747, 1180, 1180, 5025
5021, 16747, 1180, 1180, 5025
5022, 16748, 1179, 1179, 5025
5022, 16748, 1179, 1179, 5025
5022, 16747, 1180, 1180, 5025
5023, 16748, 1180, 1180, 5025
5021, 16747, 1179, 1179, 5025
5021, 16747, 1179, 1179, 5025
5022, 16747, 1180, 1180, 5025
5022, 16747, 1180, 1180, 5025
5022, 16746, 1180, 1180, 5025
5022, 16746, 1179, 1179, 5025
5022, 16747, 1180, 1180, 5025
5021, 16746, 1179, 1179, 5025
5021, 16747, 1179, 1179, 5025
5021, 16747, 1179, 1179, 5025
5021, 16744, 1179, 1179, 5025
5022, 16746, 1178, 1178, 5025
5021, 16747, 1179, 1179, 5025
5021, 16746, 1178, 1178, 5025
5021, 16746, 1178, 1178, 5025
5021, 16747, 1179, 1179, 5025
5021, 16747, 1178, 1178, 5025
5021, 16747, 1178, 1178, 5025
5021, 16746, 1179, 1179, 5025
5021, 16746, 1178, 1178, 5025
5021, 16746, 1178, 1178, 5025
5021, 16746, 1178, 1178, 5025
5021, 16746, 1178, 1178, 5025
5020, 16746, 1177, 1177, 5025
5020, 16745, 1177, 1177, 5025
5019, 16745, 1178, 1178, 5025
5020, 16745, 1177, 1177, 5025
5020, 16745, 1177, 1177, 5025
5020, 16745, 1178, 1178, 5025
5020, 16745, 1177, 1178, 5025
5020, 16745, 1177, 1177, 5025
5019, 16745, 1177, 1177, 5025
5019, 16746, 1177, 1177, 5025
5019, 16746, 1177, 1177, 5025
5020, 16745, 1177, 1177, 5025
5020, 16745, 1177, 1177, 5025
5019, 16745, 1177, 1177, 5025
5020, 16745, 1177, 1177, 5019
5020, 16745, 1177, 1177, 5019
5020, 16745, 1177, 1177, 5019
5020, 16744, 1177, 1177, 5019
5020, 16744, 1177, 1177, 5019
5019, 16744, 1176, 1176, 5019
5019, 16745, 1176, 1176, 5019
5019, 16745, 1176, 1176, 5019
5019, 16743, 1176, 1176, 5019
5019, 16743, 1176, 1176, 5019
5019, 16745, 1176, 1176, 5019
5019, 16744, 1176, 1176, 5019
5019, 16744, 1176, 1176, 5019
5019, 16744, 1176, 1176, 5019
5019, 16744, 1177, 1177, 5019
5018, 16744, 1176, 1176, 5019
5018, 16744, 1176, 1176, 5019
5018, 16743, 1175, 1175, 5019
5018, 16744, 1175, 1175, 5019
5018, 16744, 1175, 1175, 5019
5019, 16743, 1176, 1176, 5019
5018, 16744, 1176, 1176, 5019
5018, 16743, 1176, 1176, 5019
5018, 16743, 1176, 1176, 5019
5018, 16744, 1176, 1176, 5019
5017, 16743, 1174, 1174, 5019
5017, 16742, 1175, 1175, 5021
5017, 16743, 1175, 1175, 5021
5017, 16742, 1175, 1175, 5021
5017, 16743, 1175, 1175, 5021
5017, 16743, 1174, 1174, 5021
5017, 16743, 1174, 1174, 5021
5018, 16743, 1175, 1175, 5021
5018, 16743, 1175, 1175, 5021
5017, 16742, 1174, 1174, 5021
5016, 16743, 1174, 1174, 5021
5016, 16743, 1174, 1174, 5021
5017, 16743, 1174, 1175, 5021
5015, 16742, 1174, 1174, 5021
5016, 16742, 1173, 1173, 5021
5016, 16742, 1173, 1173, 5021
5016, 16742, 1174, 1174, 5021
5016, 16741, 1173, 1173, 5021
5016, 16741, 1173, 1173, 5021
5017, 16742, 1174, 1174, 5021
5015, 16742, 1173, 1173, 5021
5015, 16742, 1173, 1173, 5021
5015, 16741, 1173, 1173, 5021
5015, 16743, 1172, 1172, 5021
5015, 16743, 1172, 1172, 5021
5015, 16741, 1173, 1173, 5025
5015, 16741, 1173, 1173, 5025
5015, 16741, 1172, 1172, 5025
5016, 16741, 1173, 1173, 5025
5015, 16741, 1172, 1172, 5025
5015, 16741, 1172, 1172, 5025
5014, 16741, 1172, 1172, 5025
5015, 16739, 1173, 1173, 5025
5014, 16740, 1172, 1172, 5025
5014, 16740, 1172, 1172, 5025
5014, 16740, 1171, 1171, 5025
5014, 16740, 1172, 1172, 5025
4815, 16717, 987, 987, 5025
4815, 16717, 987, 987, 5025
4830, 16717, 984, 984, 5025
4830, 16717, 984, 984, 5025
4833, 16717, 986, 986, 5025
4829, 16716, 987, 987, 5025
4829, 16716, 987, 987, 5025
4829, 16717, 987, 987, 5025
4830, 16717, 988, 988, 5025
4828, 16715, 989, 989, 5025
4828, 16715, 989, 989, 5025
4831, 16716, 988, 988, 5025
4831, 16715, 988, 988, 5019
4835, 16715, 989, 989, 5019
4835, 16715, 989, 989, 5019
4834, 16717, 989, 989, 5019
4833, 16715, 989, 989, 5019
4833, 16715, 989, 989, 5019
4828, 16715, 989, 989, 5019
4831, 16715, 990, 990, 5019
4831, 16715, 989, 989, 5019
4837, 16715, 990, 990, 5019
4833, 16715, 990, 990, 5019
4827, 16713, 990, 990, 5019
4827, 16713, 990, 990, 5019
4829, 16714, 990, 990, 5019
4835, 16714, 990, 990, 5019
4835, 16714, 990, 990, 5019
4834, 16714, 989, 989, 5019
4834, 16714, 990, 990, 5019
4829, 16713, 990, 990, 5019
4829, 16713, 990, 990, 5019
4830, 16714, 989, 989, 5021
4830, 16714, 990, 990, 5021
4828, 16712, 989, 989, 5021
4830, 16714, 990, 990, 5021
4833, 16713, 991, 991, 5021
4833, 16713, 991, 991, 5021
4832, 16713, 989, 989, 5021
4833, 16713, 989, 989, 5021
4833, 16713, 989, 989, 5021
4834, 16714, 990, 990, 5021
4833, 16714, 989, 989, 5021
4833, 16714, 989, 989, 5021
4830, 16714, 989, 989, 5021
4829, 16713, 989, 989, 5021
4829, 16713, 990, 990, 5021
4829, 16713, 990, 990, 5021
4830, 16712, 989, 989, 5021
4828, 16711, 990, 990, 5021
4833, 16712, 989, 989, 5021
4833, 16712, 989, 989, 5021
4836, 16713, 990, 990, 5021
4835, 16712, 989, 989, 5021
4834, 16713, 988, 988, 5021
4834, 16713, 988, 988, 5021
4835, 16712, 990, 990, 5021
4832, 16712, 990, 990, 5025
4831, 16712, 989, 989, 5025
4829, 16710, 989, 989, 5025
4829, 16710, 989, 989, 5025
4833, 16711, 989, 989, 5025
4832, 16712, 988, 988, 5025
4833, 16712, 989, 989, 5025
4833, 16712, 989, 989, 5025
4832, 16713, 989, 989, 5025
4827, 16711, 988, 988, 5025
4829, 16711, 989, 989, 5025
4832, 16711, 989, 989, 5025
4833, 16711, 988, 988, 5025
4833, 16711, 988, 988, 5025
4833, 16711, 988, 988, 5025
4832, 16711, 988, 988, 5025
4832, 16711, 988, 988, 5025
4832, 16711, 988, 988, 5025
4833, 16711, 989, 989, 5025
4831, 16711, 988, 988, 5025
4828, 16710, 989, 989, 5025
4828, 16711, 988, 988, 5025
4831, 16710, 988, 988, 5025
4833, 16710, 988, 988, 5025
4832, 16710, 988, 988, 5025
4830, 16711, 988, 988, 5031
4830, 16711, 988, 988, 5031
4829, 16710, 988, 988, 5031
4827, 16709, 988, 988, 5031
4828, 16709, 988, 988, 5031
4828, 16709, 988, 988, 5031
4832, 16710, 988, 988, 5031
4832, 16710, 988, 988, 5031
4833, 16709, 988, 988, 5031
4833, 16710, 987, 987, 5031
4833, 16710, 987, 987, 5031
4832, 16709, 988, 988, 5031
4832, 16709, 988, 988, 5031
4827, 16708, 988, 988, 5031
4829, 16709, 987, 987, 5031
4829, 16709, 987, 987, 5031
4828, 16708, 987, 987, 5031
4828, 16708, 987, 987, 5031
4829, 16709, 988, 988, 5031
4828, 16707, 988, 988, 5031
4825, 16708, 987, 987, 5031
4829, 16708, 987, 987, 5031
4829, 16708, 988, 988, 5031
4829, 16708, 988, 988, 5031
4833, 16709, 987, 987, 5031
4831, 16707, 988, 988, 5025
4831, 16707, 988, 988, 5025
4829, 16709, 989, 989, 5025
5019, 16732, 1180, 1180, 5025
5017, 16731, 1175, 1175, 5025
5017, 16731, 1175, 1175, 5025
5014, 16731, 1173, 1173, 5025
5014, 16731, 1172, 1172, 5025
5012, 16730, 1171, 1171, 5025
5011, 16729, 1169, 1169, 5025
5011, 16730, 1169, 1169, 5025
5011, 16730, 1169, 1169, 5025
5010, 16729, 1168, 1168, 5025
5010, 16729, 1168, 1168, 5025
5009, 16728, 1167, 1167, 5025
5009, 16728, 1167, 1167, 5025
5009, 16728, 1167, 1167, 5025
5009, 16729, 1167, 1167, 5025
5009, 16729, 1167, 1167, 5025
5008, 16729, 1166, 1166, 5025
5009, 16729, 1166, 1166, 5025
5008, 16729, 1166, 1166, 5025
5008, 16729, 1166, 1166, 5025
5008, 16729, 1166, 1166, 5025
5008, 16729, 1166, 1166, 5025
5007, 16729, 1165, 1165, 5025
5008, 16728, 1165, 1165, 5025
5008, 16728, 1165, 1165, 5025
5007, 16728, 1165, 1165, 5029
5008, 16729, 1165, 1165, 5029
5007, 16728, 1165, 1165, 5029
5006, 16728, 1164, 1164, 5029
5006, 16727, 1164, 1164, 5029
5007, 16729, 1164, 1164, 5029
5007, 16728, 1164, 1164, 5029
5007, 16728, 1164, 1164, 5029
5007, 16728, 1164, 1164, 5029
5006, 16729, 1164, 1164, 5029
5007, 16728, 1164, 1164, 5029
5005, 16728, 1163, 1163, 5029
5006, 16728, 1164, 1164, 5029
5006, 16727, 1163, 1163, 5029
5005, 16727, 1163, 1163, 5029
5005, 16727, 1163, 1163, 5029
5006, 16726, 1163, 1163, 5029
5005, 16727, 1163, 1163, 5029
5005, 16727, 1162, 1162, 5029
5005, 16727, 1163, 1163, 5029
5005, 16727, 1163, 1163, 5029
5004, 16727, 1162, 1162, 5029
5004, 16727, 1162, 1162, 5029
5004, 16726, 1162, 1162, 5019
5004, 16726, 1162, 1162, 5019
5004, 16728, 1161, 1161, 5019
5003, 16727, 1161, 1161, 5019
5003, 16727, 1161, 1161, 5019
5003, 16726, 1161, 1161, 5019
5003, 16726, 1161, 1161, 5019
5003, 16726, 1161, 1161, 5019
5004, 16726, 1161, 1161, 5019
5002, 16726, 1160, 1160, 5019
5002, 16726, 1160, 1160, 5019
5003, 16726, 1161, 1161, 5019
5003, 16726, 1160, 1160, 5019
5003, 16725, 1161, 1161, 5019
5003, 16725, 1161, 1161, 5019
5003, 16725, 1160, 1160, 5019
5003, 16725, 1160, 1160, 5019
5002, 16725, 1160, 1160, 5019
5002, 16726, 1160, 1160, 5019
5003, 16726, 1160, 1160, 5019
5003, 16726, 1160, 1160, 5019
5002, 16725, 1160, 1160, 5019
5002, 16725, 1160, 1160, 5019
5002, 16725, 1159, 1159, 5019
5002, 16724, 1160, 1160, 5019
5003, 16725, 1160, 1160, 5019
5002, 16724, 1160, 1160, 5019
5003, 16726, 1160, 1160, 5019
5002, 16724, 1159, 1159, 5023
5002, 16724, 1159, 1159, 5023
5002, 16724, 1159, 1159, 5023
5002, 16724, 1159, 1159, 5023
5001, 16724, 1159, 1159, 5023
5001, 16724, 1159, 1159, 5023
5002, 16724, 1159, 1159, 5023
5001, 16724, 1158, 1158, 5023
5001, 16724, 1158, 1158, 5023
5000, 16723, 1158, 1158, 5023
5000, 16723, 1158, 1158, 5023
5001, 16723, 1159, 1159, 5023
5000, 16723, 1158, 1158, 5023
5000, 16723, 1158, 1158, 5023
5000, 16723, 1158, 1158, 5023
4999, 16724, 1157, 1157, 5023
5000, 16723, 1158, 1158, 5023
5001, 16723, 1157, 1157, 5023
5001, 16723, 1157, 1157, 5023
5000, 16723, 1157, 1157, 5023
5000, 16724, 1158, 1158, 5023
5000, 16723, 1158, 1158, 5023
5000, 16723, 1158, 1158, 5023
5000, 16722, 1157, 1157, 5023
4999, 16722, 1157, 1157, 5023
5000, 16723, 1157, 1157, 5023
5000, 16723, 1157, 1157, 5023
4998, 16722, 1156, 1156, 5033
4998, 16721, 1156, 1156, 5033
4999, 16722, 1156, 1156, 5033
4998, 16723, 1156, 1156, 5033
4999, 16722, 1156, 1156, 5033
4999, 16722, 1156, 1156, 5033
4997, 16723, 1156, 1156, 5033
4999, 16722, 1156, 1156, 5033
4999, 16721, 1157, 1157, 5033
4999, 16721, 1156, 1156, 5033
4999, 16721, 1156, 1156, 5033
4998, 16721, 1156, 1156, 5033
4998, 16721, 1156, 1156, 5033
4999, 16722, 1156, 1156, 5033
4998, 16722, 1156, 1156, 5033
4998, 16721, 1156, 1156, 5033
4997, 16721, 1155, 1155, 5033
4998, 16722, 1155, 1155, 5033
4998, 16721, 1156, 1156, 5033
4998, 16721, 1155, 1155, 5033
4998, 16721, 1155, 1155, 5033
4997, 16721, 1155, 1155, 5033
4998, 16719, 1155, 1155, 5033
4998, 16719, 1155, 1155, 5033
4997, 16721, 1155, 1155, 5033
4997, 16722, 1154, 1154, 5035
4997, 16722, 1154, 1154, 5035
4997, 16721, 1154, 1154, 5035
4818, 16694, 965, 965, 5035
4809, 16696, 968, 968, 5035
4811, 16697, 970, 970, 5035
4813, 16696, 970, 970, 5035
4813, 16696, 970, 970, 5035
4813, 16697, 971, 971, 5035
4816, 16697, 972, 972, 5035
4815, 16697, 972, 972, 5035
4817, 16697, 972, 972, 5035
4811, 16697, 972, 972, 5035
4812, 16697, 973, 973, 5035
4816, 16696, 973, 973, 5035
4816, 16696, 973, 973, 5035
4812, 16695, 973, 973, 5035
4816, 16696, 973, 973, 5035
4812, 16695, 973, 973, 5035
4812, 16695, 972, 972, 5035
4817, 16695, 973, 973, 5035
4817, 16695, 973, 973, 5035
4817, 16694, 973, 973, 5031
4818, 16695, 973, 973, 5031
4818, 16696, 973, 973, 5031
4813, 16695, 973, 973, 5031
4811, 16695, 972, 972, 5031
4811, 16695, 972, 972, 5031
4811, 16695, 973, 973, 5031
4814, 16695, 973, 973, 5031
4815, 16694, 973, 973, 5031
4815, 16694, 973, 973, 5031
4815, 16694, 973, 973, 5031
4815, 16695, 972, 972, 5031
4815, 16695, 972, 972, 5031
4817, 16695, 973, 973, 5031
4818, 16694, 973, 973, 5031
4818, 16694, 973, 973, 5031
4818, 16694, 973, 973, 5031
4811, 16693, 972, 972, 5031
4811, 16693, 972, 972, 5031
4812, 16693, 973, 973, 5031
4815, 16695, 973, 973, 5031
4811, 16693, 973, 973, 5031
4816, 16693, 973, 973, 5031
4814, 16693, 973, 973, 5025
4814, 16693, 973, 973, 5025
4816, 16693, 973, 973, 5025
4816, 16693, 973, 973, 5025
4817, 16693, 973, 973, 5025
4819, 16694, 973, 973, 5025
4819, 16694, 973, 973, 5025
4817, 16694, 972, 972, 5025
4817, 16694, 972, 972, 5025
4812, 16693, 972, 972, 5025
4813, 16693, 972, 972, 5025
4813, 16693, 972, 972, 5025
4814, 16692, 973, 973, 5025
4814, 16692, 973, 973, 5025
4814, 16692, 972, 972, 5025
4815, 16692, 973, 973, 5025
4814, 16692, 972, 972, 5025
4811, 16690, 972, 972, 5025
4811, 16690, 972, 972, 5025
4814, 16691, 972, 972, 5025
4814, 16691, 972, 972, 5025
4816, 16691, 972, 972, 5025
4817, 16692, 972, 972, 5025
4817, 16692, 972, 972, 5025
4815, 16692, 972, 972, 5025
4812, 16691, 972, 972, 5023
4812, 16691, 972, 972, 5023
4811, 16691, 972, 972, 5023
4811, 16691, 971, 971, 5023
4811, 16691, 971, 971, 5023
4814, 16691, 972, 972, 5023
4813, 16690, 971, 971, 5023
4817, 16692, 971, 971, 5023
4818, 16691, 971, 971, 5023
4813, 16690, 971, 971, 5023
4814, 16692, 971, 971, 5023
4810, 16690, 971, 971, 5023
4810, 16690, 971, 971, 5023
4811, 16691, 972, 972, 5023
4816, 16690, 971, 971, 5023
4816, 16690, 971, 971, 5023
4817, 16690, 972, 972, 5023
4814, 16689, 971, 971, 5023
4814, 16689, 971, 971, 5023
4814, 16691, 971, 971, 5023
4810, 16689, 971, 971, 5023
4810, 16689, 971, 971, 5023
4814, 16689, 971, 971, 5023
4815, 16688, 971, 971, 5023
4817, 16689, 972, 972, 5031
4817, 16690, 971, 971, 5031
4813, 16689, 970, 970, 5031
4813, 16689, 970, 970, 5031
4812, 16688, 970, 970, 5031
4812, 16688, 970, 970, 5031
4809, 16688, 970, 970, 5031
4809, 16688, 970, 970, 5031
4811, 16688, 971, 971, 5031
4811, 16688, 971, 971, 5031
4809, 16687, 970, 970, 5031
4809, 16687, 970, 970, 5031
4812, 16688, 970, 970, 5031
4901, 16716, 993, 993, 5031
4901, 16716, 993, 993, 5031
5004, 16712, 1138, 1138, 5031
5000, 16711, 1158, 1158, 5031
4996, 16710, 1154, 1154, 5031
4996, 16710, 1154, 1154, 5031
4995, 16710, 1153, 1153, 5031
4994, 16710, 1152, 1152, 5031
4993, 16710, 1151, 1151, 5031
4994, 16709, 1151, 1151, 5031
4994, 16709, 1151, 1151, 5031
4994, 16708, 1151, 1151, 5031
4993, 16709, 1150, 1150, 5031
4992, 16709, 1150, 1150, 5023
4992, 16709, 1150, 1150, 5023
4993, 16709, 1150, 1150, 5023
4991, 16709, 1149, 1149, 5023
4991, 16709, 1149, 1149, 5023
4991, 16709, 1149, 1149, 5023
4993, 16709, 1149, 1149, 5023
4993, 16709, 1149, 1149, 5023
4991, 16709, 1149, 1149, 5023
4990, 16710, 1148, 1148, 5023
4991, 16708, 1148, 1148, 5023
4991, 16708, 1148, 1148, 5023
4990, 16708, 1148, 1148, 5023
4990, 16708, 1147, 1147, 5023
4990, 16708, 1148, 1148, 5023
4990, 16707, 1148, 1148, 5023
4990, 16707, 1148, 1148, 5023
4989, 16708, 1147, 1147, 5023
4989, 16708, 1147, 1147, 5023
4989, 16708, 1147, 1147, 5023
4989, 16708, 1146, 1146, 5023
4989, 16708, 1146, 1146, 5023
4988, 16708, 1146, 1146, 5023
4989, 16707, 1147, 1147, 5023
4988, 16708, 1146, 1146, 5033
4988, 16706, 1145, 1145, 5033
4988, 16708, 1146, 1146, 5033
4989, 16708, 1146, 1146, 5033
4988, 16708, 1145, 1145, 5033
4988, 16707, 1146, 1146, 5033
4988, 16707, 1146, 1146, 5033
4988, 16707, 1146, 1146, 5033
4987, 16707, 1146, 1146, 5033
4988, 16707, 1145, 1145, 5033
4988, 16707, 1145, 1145, 5033
4987, 16706, 1145, 1145, 5033
4987, 16707, 1145, 1145, 5033
4987, 16706, 1145, 1145, 5033
4987, 16707, 1145, 1145, 5033
4986, 16706, 1144, 1144, 5033
4987, 16706, 1144, 1144, 5033
4987, 16706, 1144, 1144, 5033
4986, 16707, 1144, 1144, 5033
4987, 16705, 1144, 1144, 5033
4987, 16705, 1144, 1144, 5033
4987, 16705, 1144, 1144, 5033
4986, 16706, 1144, 1144, 5033
4986, 16706, 1144, 1144, 5033
4987, 16705, 1144, 1144, 5033
4985, 16705, 1143, 1143, 5033
4985, 16704, 1143, 1143, 5033
4985, 16704, 1143, 1143, 5033
4986, 16705, 1143, 1143, 5033
4986, 16704, 1143, 1143, 5033
4985, 16705, 1143, 1143, 5033
4984, 16704, 1142, 1142, 5033
4985, 16705, 1143, 1143, 5033
4985, 16705, 1142, 1142, 5033
4985, 16705, 1142, 1142, 5033
4985, 16704, 1143, 1143, 5033
4984, 16705, 1142, 1142, 5033
4985, 16704, 1142, 1142, 5033
4985, 16704, 1142, 1142, 5033
4985, 16705, 1142, 1142, 5033
4984, 16704, 1142, 1142, 5033
4984, 16704, 1142, 1142, 5033
4984, 16704, 1141, 1141, 5033
4984, 16704, 1142, 1142, 5033
4983, 16703, 1141, 1141, 5033
4983, 16703, 1141, 1141, 5033
4983, 16702, 1140, 1140, 5029
4983, 16702, 1140, 1140, 5029
4983, 16703, 1140, 1140, 5029
4983, 16703, 1140, 1140, 5029
4982, 16702, 1140, 1140, 5029
4982, 16704, 1139, 1139, 5029
4982, 16704, 1139, 1139, 5029
4982, 16702, 1140, 1140, 5029
4982, 16702, 1140, 1140, 5029
4981, 16702, 1139, 1139, 5029
4981, 16703, 1139, 1139, 5029
4982, 16703, 1139, 1139, 5029
4982, 16702, 1139, 1139, 5029
4982, 16702, 1139, 1139, 5029
4982, 16702, 1139, 1139, 5029
4982, 16703, 1139, 1139, 5029
4982, 16703, 1139, 1139, 5029
4982, 16702, 1140, 1140, 5029
4982, 16701, 1139, 1139, 5029
4982, 16701, 1139, 1139, 5029
4981, 16702, 1139, 1139, 5029
4982, 16701, 1139, 1139, 5029
4982, 16702, 1139, 1139, 5029
4981, 16702, 1139, 1139, 5029
4982, 16700, 1139, 1139, 5035
4982, 16700, 1139, 1139, 5035
4981, 16700, 1139, 1139, 5035
4980, 16700, 1138, 1138, 5035
4980, 16700, 1138, 1138, 5035
4981, 16701, 1138, 1138, 5035
4981, 16701, 1138, 1138, 5035
4980, 16700, 1138, 1138, 5035
4980, 16700, 1138, 1138, 5035
4980, 16700, 1138, 1138, 5035
4980, 16701, 1138, 1138, 5035
4980, 16701, 1137, 1137, 5035
4980, 16699, 1138, 1138, 5035
4980, 16699, 1138, 1138, 5035
4980, 16701, 1137, 1137, 5035
4863, 16676, 1013, 1013, 5035
4790, 16676, 948, 948, 5035
4790, 16676, 948, 948, 5035
4789, 16676, 951, 951, 5035
4792, 16676, 953, 953, 5035
4792, 16676, 953, 953, 5035
4799, 16676, 953, 953, 5035
4799, 16675, 954, 954, 5035
4800, 16676, 954, 954, 5035
4800, 16675, 954, 954, 5035
4800, 16675, 954, 954, 5035
4801, 16677, 955, 955, 5031
4799, 16675, 954, 954, 5031
4799, 16675, 954, 954, 5031
4798, 16676, 955, 955, 5031
4798, 16676, 955, 955, 5031
4798, 16675, 955, 955, 5031
4794, 16675, 955, 955, 5031
4799, 16674, 955, 955, 5031
4799, 16674, 955, 955, 5031
4799, 16675, 956, 956, 5031
4799, 16675, 955, 955, 5031
4801, 16676, 956, 956, 5031
4795, 16675, 955, 955, 5031
4795, 16675, 955, 955, 5031
4799, 16674, 955, 955, 5031
4795, 16675, 955, 955, 5031
4800, 16675, 955, 955, 5031
4798, 16675, 956, 956, 5031
4798, 16675, 956, 956, 5031
4794, 16674, 955, 955, 5031
4798, 16674, 955, 955, 5031
4796, 16673, 956, 956, 5031
4796, 16675, 955, 955, 5033
4796, 16675, 955, 955, 5033
4799, 16674, 955, 955, 5033
4799, 16674, 955, 955, 5033
4800, 16673, 956, 956, 5033
4800, 16674, 955, 955, 5033
4800, 16674, 955, 955, 5033
4801, 16673, 955, 955, 5033
4794, 16673, 955, 955, 5033
4794, 16673, 955, 955, 5033
4797, 16671, 955, 955, 5033
4797, 16671, 955, 955, 5033
4794, 16672, 955, 955, 5033
4794, 16672, 955, 955, 5033
4798, 16673, 955, 955, 5033
4798, 16672, 955, 955, 5033
4801, 16673, 955, 955, 5033
4801, 16673, 955, 955, 5033
4801, 16673, 955, 955, 5033
4795, 16673, 955, 955, 5033
4795, 16672, 954, 954, 5033
4794, 16672, 955, 955, 5033
4795, 16672, 954, 954, 5033
4795, 16671, 954, 954, 5033
4801, 16672, 954, 954, 5033
4801, 16672, 954, 954, 5033
4801, 16672, 955, 955, 5033
4800, 16671, 956, 956, 5029
4793, 16671, 954, 954, 5029
4794, 16672, 954, 954, 5029
4794, 16671, 954, 954, 5029
4793, 16671, 954, 954, 5029
4798, 16671, 955, 955, 5029
4798, 16671, 955, 955, 5029
4800, 16671, 954, 954, 5029
4800, 16672, 954, 954, 5029
4798, 16671, 954, 954, 5029
4794, 16670, 954, 954, 5029
4796, 16670, 954, 954, 5029
4796, 16670, 954, 954, 5029
4795, 16670, 954, 954, 5029
4797, 16670, 954, 954, 5029
4797, 16670, 955, 955, 5029
4799, 16671, 953, 953, 5029
4800, 16670, 954, 954, 5029
4798, 16671, 953, 953, 5029
4800, 16670, 954, 954, 5029
4795, 16669, 953, 953, 5027
4796, 16669, 954, 954, 5027
4794, 16670, 952, 952, 5027
4794, 16670, 953, 953, 5027
4793, 16667, 953, 953, 5027
4793, 16669, 952, 952, 5027
4794, 16668, 953, 953, 5027
4799, 16668, 952, 952, 5027
4798, 16668, 952, 952, 5027
4798, 16668, 952, 952, 5027
4797, 16670, 952, 952, 5027
4797, 16668, 952, 952, 5027
4798, 16668, 952, 952, 5027
4794, 16668, 952, 952, 5027
4794, 16667, 953, 953, 5027
4792, 16667, 952, 952, 5027
4791, 16667, 952, 952, 5027
4792, 16668, 952, 952, 5027
4793, 16667, 952, 952, 5027
4793, 16667, 952, 952, 5027
4792, 16668, 951, 951, 5027
4798, 16669, 952, 952, 5035
4798, 16669, 952, 952, 5035
4809, 16668, 955, 955, 5035
4985, 16691, 1149, 1149, 5035
4985, 16691, 1149, 1149, 5035
4979, 16690, 1137, 1137, 5035
4979, 16690, 1137, 1137, 5035
4978, 16690, 1136, 1136, 5035
4978, 16690, 1135, 1135, 5035
4976, 16688, 1134, 1134, 5035
4976, 16688, 1133, 1133, 5035
4975, 16689, 1133, 1133, 5035
4975, 16689, 1133, 1133, 5035
4975, 16688, 1133, 1133, 5035
4975, 16688, 1133, 1133, 5035
4974, 16689, 1132, 1132, 5035
4974, 16689, 1131, 1131, 5035
4974, 16688, 1132, 1132, 5035
4973, 16689, 1131, 1131, 5035
4973, 16687, 1130, 1130, 5035
4973, 16687, 1130, 1130, 5035
4974, 16689, 1130, 1130, 5035
4974, 16689, 1130, 1130, 5035
4972, 16689, 1130, 1130, 5035
4972, 16689, 1130, 1130, 5035
4972, 16689, 1130, 1130, 5035
4972, 16688, 1129, 1129, 5035
4972, 16688, 1130, 1130, 5039
4972, 16688, 1130, 1130, 5039
4971, 16688, 1128, 1128, 5039
4971, 16688, 1129, 1129, 5039
4971, 16688, 1129, 1129, 5039
4970, 16688, 1128, 1128, 5039
4971, 16688, 1128, 1128, 5039
4971, 16688, 1128, 1128, 5039
4970, 16687, 1127, 1127, 5039
4970, 16687, 1127, 1127, 5039
4970, 16687, 1128, 1128, 5039
4970, 16687, 1127, 1127, 5039
4970, 16687, 1127, 1127, 5039
4970, 16686, 1127, 1127, 5039
4969, 16686, 1127, 1127, 5039
4968, 16688, 1127, 1127, 5039
4968, 16688, 1127, 1127, 5039
4969, 16685, 1127, 1127, 5039
4968, 16686, 1126, 1126, 5039
4969, 16687, 1127, 1127, 5039
4969, 16686, 1127, 1127, 5039
4969, 16687, 1127, 1127, 5039
4969, 16687, 1127, 1127, 5039
4969, 16686, 1126, 1126, 5039
4967, 16686, 1125, 1125, 5039
4967, 16686, 1125, 1125, 5039
4968, 16686, 1125, 1125, 5039
4969, 16685, 1126, 1126, 5042
4969, 16685, 1126, 1126, 5042
4967, 16685, 1125, 1125, 5042
4967, 16686, 1124, 1124, 5042
4967, 16686, 1124, 1124, 5042
4968, 16685, 1125, 1125, 5042
4968, 16686, 1125, 1125, 5042
4967, 16686, 1124, 1124, 5042
4967, 16686, 1124, 1124, 5042
4967, 16685, 1125, 1125, 5042
4967, 16685, 1124, 1124, 5042
4967, 16685, 1124, 1124, 5042
4967, 16684, 1125, 1125, 5042
4966, 16685, 1124, 1124, 5042
4968, 16684, 1124, 1124, 5042
4968, 16684, 1124, 1124, 5042
4967, 16684, 1124, 1124, 5042
4967, 16684, 1125, 1125, 5042
4966, 16684, 1124, 1124, 5042
4966, 16685, 1124, 1124, 5042
4966, 16683, 1124, 1124, 5042
4966, 16683, 1124, 1124, 5042
4966, 16684, 1124, 1124, 5042
4967, 16685, 1124, 1124, 5042
4966, 16684, 1123, 1123, 5042
4965, 16683, 1123, 1123, 5042
4965, 16683, 1123, 1123, 5042
4966, 16683, 1123, 1123, 5037
4965, 16684, 1123, 1123, 5037
4965, 16684, 1123, 1123, 5037
4965, 16684, 1123, 1123, 5037
4965, 16683, 1122, 1122, 5037
4965, 16683, 1122, 1122, 5037
4965, 16682, 1122, 1122, 5037
4965, 16682, 1122, 1122, 5037
4964, 16683, 1122, 1122, 5037
4964, 16683, 1122, 1122, 5037
4964, 16683, 1122, 1122, 5037
4965, 16682, 1122, 1122, 5037
4964, 16682, 1122, 1122, 5037
4964, 16682, 1122, 1122, 5037
4964, 16682, 1122, 1122, 5037
4964, 16683, 1122, 1122, 5037
4963, 16682, 1121, 1121, 5037
4964, 16682, 1121, 1121, 5037
4964, 16682, 1121, 1121, 5037
4964, 16682, 1122, 1122, 5037
4964, 16682, 1121, 1121, 5037
4964, 16682, 1121, 1121, 5037
4964, 16681, 1121, 1121, 5037
4963, 16680, 1121, 1121, 5037
4963, 16682, 1121, 1121, 5037
4963, 16679, 1121, 1121, 5037
4962, 16681, 1121, 1121, 5037
4963, 16681, 1120, 1120, 5037
4963, 16680, 1121, 1121, 5031
4962, 16681, 1120, 1120, 5031
4962, 16680, 1120, 1120, 5031
4962, 16680, 1120, 1120, 5031
4962, 16680, 1120, 1120, 5031
4961, 16680, 1119, 1119, 5031
4963, 16680, 1120, 1120, 5031
4962, 16680, 1119, 1119, 5031
4962, 16681, 1120, 1120, 5031
4962, 16680, 1119, 1119, 5031
4961, 16680, 1119, 1119, 5031
4961, 16680, 1119, 1119, 5031
4961, 16680, 1118, 1118, 5031
4961, 16679, 1119, 1119, 5031
4960, 16679, 1118, 1118, 5031
4960, 16679, 1118, 1118, 5031
4961, 16679, 1118, 1118, 5031
4960, 16679, 1118, 1118, 5031
4960, 16679, 1118, 1118, 5031
4960, 16679, 1118, 1118, 5031
4960, 16679, 1118, 1118, 5031
4960, 16679, 1118, 1118, 5031
4825, 16650, 990, 990, 5031
4825, 16650, 990, 990, 5031
4751, 16652, 916, 916, 5031
4770, 16655, 933, 933, 5031
4771, 16654, 932, 932, 5031
4772, 16654, 933, 933, 5031
4775, 16653, 934, 934, 5031
4776, 16655, 936, 936, 5031
4774, 16654, 935, 935, 5031
4774, 16654, 935, 935, 5031
4775, 16653, 936, 936, 5031
4775, 16653, 936, 936, 5031
4775, 16654, 936, 936, 5031
4774, 16654, 936, 936, 5031
4776, 16655, 937, 937, 5031
4776, 16655, 937, 937, 5031
4776, 16653, 936, 936, 5031
4776, 16653, 936, 936, 5031
4781, 16653, 936, 936, 5031
4782, 16654, 936, 936, 5031
4782, 16653, 937, 937, 5031
4782, 16653, 937, 937, 5031
4782, 16653, 937, 937, 5031
4780, 16654, 936, 936, 5042
4780, 16654, 936, 936, 5042
4782, 16652, 936, 936, 5042
4781, 16654, 936, 936, 5042
4781, 16654, 936, 936, 5042
4776, 16652, 937, 937, 5042
4779, 16654, 936, 936, 5042
4778, 16652, 937, 937, 5042
4778, 16652, 937, 937, 5042
4778, 16653, 936, 936, 5042
4776, 16652, 936, 936, 5042
4776, 16652, 936, 936, 5042
4775, 16651, 936, 936, 5042
4782, 16653, 936, 936, 5042
4782, 16653, 936, 936, 5042
4780, 16653, 936, 936, 5042
4782, 16652, 936, 936, 5042
4782, 16651, 936, 936, 5042
4782, 16653, 936, 936, 5042
4777, 16651, 936, 936, 5042
4777, 16652, 936, 936, 5042
4778, 16651, 936, 936, 5042
4775, 16650, 936, 936, 5039
4779, 16650, 936, 936, 5039
4779, 16650, 936, 936, 5039
4781, 16650, 936, 936, 5039
4780, 16651, 935, 935, 5039
4780, 16651, 935, 935, 5039
4776, 16651, 936, 936, 5039
4775, 16651, 935, 935, 5039
4776, 16649, 936, 936, 5039
4777, 16650, 936, 936, 5039
4777, 16650, 936, 936, 5039
4777, 16650, 936, 936, 5039
4777, 16649, 935, 935, 5039
4777, 16651, 935, 935, 5039
4775, 16649, 936, 936, 5039
4776, 16649, 935, 935, 5039
4775, 16650, 935, 935, 5039
4775, 16650, 935, 935, 5039
4780, 16650, 935, 935, 5039
4779, 16650, 935, 935, 5039
4776, 16649, 935, 935, 5039
4777, 16651, 936, 936, 5041
4780, 16649, 935, 935, 5041
4774, 16649, 936, 936, 5041
4774, 16649, 936, 936, 5041
4773, 16648, 934, 934, 5041
4774, 16649, 935, 935, 5041
4774, 16649, 935, 935, 5041
4774, 16648, 934, 934, 5041
4774, 16649, 935, 935, 5041
4773, 16648, 934, 934, 5041
4779, 16649, 934, 934, 5041
4773, 16647, 935, 935, 5041
4774, 16647, 934, 934, 5041
4774, 16647, 934, 934, 5041
4776, 16648, 934, 934, 5041
4774, 16648, 934, 934, 5041
4772, 16648, 934, 934, 5041
4773, 16647, 934, 934, 5041
4773, 16647, 933, 933, 5041
4773, 16647, 934, 934, 5041
4773, 16647, 934, 934, 5041
4777, 16646, 933, 933, 5041
4780, 16648, 934, 934, 5041
4779, 16647, 933, 933, 5039
4778, 16647, 933, 933, 5039
4777, 16647, 933, 933, 5039
4777, 16647, 933, 933, 5039
4772, 16646, 933, 933, 5039
4772, 16646, 933, 933, 5039
4771, 16646, 933, 933, 5039
4771, 16645, 932, 932, 5039
4771, 16645, 932, 932, 5039
4776, 16646, 933, 933, 5039
4776, 16646, 933, 933, 5039
4802, 16674, 941, 941, 5039
4963, 16668, 1123, 1123, 5039
4960, 16669, 1118, 1118, 5039
4958, 16668, 1116, 1116, 5039
4958, 16668, 1116, 1116, 5039
4957, 16668, 1115, 1115, 5039
4957, 16668, 1115, 1115, 5039
4955, 16667, 1114, 1114, 5039
4955, 16667, 1114, 1114, 5039
4954, 16667, 1113, 1113, 5039
4954, 16667, 1113, 1113, 5039
4954, 16666, 1112, 1112, 5046
4955, 16668, 1112, 1112, 5046
4954, 16666, 1112, 1112, 5046
4954, 16666, 1112, 1112, 5046
4953, 16666, 1111, 1111, 5046
4953, 16666, 1111, 1111, 5046
4953, 16666, 1111, 1111, 5046
4953, 16667, 1110, 1110, 5046
4954, 16666, 1111, 1111, 5046
4954, 16666, 1111, 1111, 5046
4952, 16666, 1110, 1110, 5046
4952, 16666, 1110, 1110, 5046
4952, 16667, 1110, 1110, 5046
4952, 16666, 1110, 1110, 5046
4952, 16666, 1110, 1110, 5046
4952, 16666, 1110, 1110, 5046
4951, 16666, 1109, 1109, 5046
4952, 16666, 1109, 1109, 5046
4952, 16666, 1109, 1109, 5046
4951, 16666, 1109, 1109, 5046
4951, 16665, 1109, 1109, 5046
4950, 16664, 1108, 1108, 5046
4951, 16665, 1108, 1108, 5046
4951, 16665, 1109, 1109, 5046
4949, 16665, 1108, 1108, 5039
4949, 16665, 1108, 1108, 5039
4951, 16664, 1107, 1107, 5039
4951, 16664, 1108, 1108, 5039
4950, 16664, 1108, 1108, 5039
4950, 16665, 1108, 1108, 5039
4949, 16665, 1108, 1108, 5039
4949, 16664, 1107, 1107, 5039
4949, 16664, 1107, 1107, 5039
4949, 16664, 1107, 1107, 5039
4949, 16663, 1107, 1107, 5039
4949, 16663, 1107, 1107, 5039
4949, 16663, 1107, 1107, 5039
4949, 16663, 1107, 1107, 5039
4949, 16664, 1107, 1107, 5039
4949, 16664, 1107, 1107, 5039
4949, 16664, 1106, 1106, 5039
4950, 16663, 1107, 1107, 5039
4949, 16663, 1106, 1106, 5039
4949, 16663, 1106, 1106, 5039
4949, 16663, 1105, 1105, 5039
4949, 16663, 1105, 1105, 5039
4948, 16663, 1106, 1106, 5039
4948, 16664, 1106, 1106, 5039
4948, 16662, 1105, 1105, 5039
4948, 16662, 1105, 1105, 5039
4947, 16663, 1105, 1105, 5048
4947, 16661, 1105, 1105, 5048
4947, 16662, 1104, 1104, 5048
4947, 16662, 1105, 1105, 5048
4947, 16662, 1105, 1105, 5048
4947, 16663, 1105, 1105, 5048
4947, 16662, 1104, 1104, 5048
4947, 16662, 1104, 1104, 5048
4946, 16662, 1104, 1104, 5048
4947, 16661, 1104, 1104, 5048
4946, 16662, 1104, 1104, 5048
4947, 16661, 1104, 1104, 5048
4946, 16662, 1103, 1103, 5048
4946, 16662, 1104, 1104, 5048
4946, 16662, 1104, 1104, 5048
4945, 16661, 1103, 1103, 5048
4946, 16661, 1103, 1103, 5048
4946, 16661, 1103, 1103, 5048
4947, 16661, 1104, 1104, 5048
4946, 16660, 1104, 1104, 5048
4946, 16661, 1103, 1103, 5048
4946, 16662, 1103, 1103, 5048
4945, 16660, 1103, 1103, 5048
4945, 16660, 1103, 1103, 5048
4945, 16660, 1103, 1103, 5048
4944, 16661, 1102, 1102, 5048
4945, 16661, 1102, 1102, 5041
4945, 16661, 1102, 1102, 5041
4944, 16659, 1102, 1102, 5041
4944, 16660, 1102, 1102, 5041
4942, 16660, 1101, 1101, 5041
4944, 16659, 1101, 1101, 5041
4944, 16660, 1102, 1102, 5041
4944, 16660, 1102, 1102, 5041
4944, 16659, 1101, 1101, 5041
4943, 16659, 1101, 1101, 5041
4943, 16659, 1101, 1101, 5041
4943, 16659, 1101, 1101, 5041
4943, 16659, 1101, 1101, 5041
4944, 16659, 1101, 1101, 5041
4943, 16658, 1100, 1100, 5041
4943, 16658, 1100, 1100, 5041
4942, 16659, 1100, 1100, 5041
4943, 16658, 1100, 1100, 5041
4943, 16658, 1100, 1100, 5041
4943, 16658, 1101, 1101, 5041
4942, 16659, 1100, 1100, 5041
4942, 16659, 1100, 1100, 5041
4941, 16659, 1100, 1100, 5041
4941, 16659, 1100, 1100, 5041
4941, 16659, 1100, 1100, 5041
4942, 16659, 1099, 1099, 5041
4943, 16657, 1100, 1100, 5044
4941, 16657, 1099, 1099, 5044
4941, 16657, 1099, 1099, 5044
4941, 16658, 1099, 1099, 5044
4941, 16657, 1099, 1099, 5044
4941, 16657, 1099, 1099, 5044
4940, 16657, 1098, 1098, 5044
4940, 16657, 1098, 1098, 5044
4940, 16657, 1097, 1097, 5044
4940, 16657, 1098, 1098, 5044
4940, 16657, 1098, 1098, 5044
4745, 16630, 893, 893, 5044
4745, 16630, 893, 893, 5044
4757, 16633, 913, 913, 5044
4757, 16633, 913, 913, 5044
4757, 16633, 914, 914, 5044
4756, 16633, 915, 915, 5044
4756, 16633, 915, 915, 5044
4755, 16632, 916, 916, 5044
4757, 16632, 916, 916, 5041
4757, 16632, 916, 916, 5041
4756, 16632, 916, 916, 5041
4756, 16632, 916, 916, 5041
4761, 16633, 916, 916, 5041
4760, 16632, 915, 915, 5041
4760, 16632, 915, 915, 5041
4759, 16632, 915, 915, 5041
4761, 16632, 916, 916, 5041
4755, 16632, 916, 916, 5041
4756, 16630, 916, 916, 5041
4758, 16631, 916, 916, 5041
4760, 16632, 916, 916, 5041
4761, 16632, 916, 916, 5041
4761, 16630, 916, 916, 5041
4761, 16632, 915, 915, 5041
4761, 16632, 915, 915, 5041
4755, 16632, 916, 916, 5041
4755, 16632, 916, 916, 5041
4760, 16631, 916, 916, 5041
4760, 16631, 916, 916, 5041
4759, 16630, 916, 916, 5041
4756, 16630, 917, 917, 5041
4756, 16630, 917, 917, 5041
4758, 16630, 916, 916, 5039
4758, 16630, 916, 916, 5039
4762, 16631, 916, 916, 5039
4761, 16631, 916, 916, 5039
4762, 16630, 916, 916, 5039
4760, 16630, 916, 916, 5039
4760, 16631, 915, 915, 5039
4760, 16630, 916, 916, 5039
4760, 16630, 916, 916, 5039
4759, 16630, 916, 916, 5039
4760, 16630, 916, 916, 5039
4758, 16630, 916, 916, 5039
4755, 16629, 915, 915, 5039
4755, 16629, 915, 915, 5039
4754, 16629, 915, 915, 5039
4754, 16629, 915, 915, 5039
4757, 16630, 915, 915, 5039
4754, 16630, 915, 915, 5039
4760, 16629, 915, 915, 5039
4760, 16629, 915, 915, 5039
4756, 16627, 915, 915, 5039
4756, 16627, 915, 915, 5039
4760, 16629, 915, 915, 5044
4758, 16629, 914, 914, 5044
4759, 16629, 915, 915, 5044
4757, 16629, 914, 914, 5044
4757, 16629, 914, 914, 5044
4757, 16627, 915, 915, 5044
4752, 16627, 914, 914, 5044
4752, 16627, 914, 914, 5044
4754, 16627, 915, 915, 5044
4758, 16627, 914, 914, 5044
4758, 16627, 914, 914, 5044
4754, 16627, 914, 914, 5044
4760, 16627, 915, 915, 5044
4760, 16627, 915, 915, 5044
4760, 16627, 914, 914, 5044
4761, 16628, 914, 914, 5044
4760, 16627, 914, 914, 5044
4755, 16627, 914, 914, 5044
4755, 16627, 913, 913, 5044
4755, 16627, 913, 913, 5044
4752, 16625, 914, 914, 5044
4753, 16626, 914, 914, 5044
4759, 16626, 914, 914, 5044
4759, 16626, 914, 914, 5044
4758, 16626, 913, 913, 5044
4759, 16625, 913, 913, 5039
4759, 16625, 913, 913, 5039
4759, 16627, 913, 913, 5039
4753, 16625, 913, 913, 5039
4753, 16625, 913, 913, 5039
4753, 16625, 913, 913, 5039
4754, 16625, 913, 913, 5039
4753, 16625, 913, 913, 5039
4753, 16625, 913, 913, 5039
4752, 16625, 912, 912, 5039
4755, 16625, 913, 913, 5039
4755, 16625, 913, 913, 5039
4754, 16625, 912, 912, 5039
4759, 16626, 913, 913, 5039
4757, 16625, 912, 912, 5039
4757, 16625, 912, 912, 5039
4757, 16624, 912, 912, 5039
4756, 16623, 913, 913, 5039
4755, 16624, 912, 912, 5039
4757, 16624, 912, 912, 5039
4756, 16625, 913, 913, 5039
4755, 16624, 912, 912, 5039
4756, 16624, 912, 912, 5039
4753, 16624, 911, 911, 5039
4753, 16624, 911, 911, 5039
4752, 16624, 912, 912, 5044
4745, 16623, 914, 914, 5044
4745, 16623, 914, 914, 5044
4940, 16646, 1098, 1098, 5044
4940, 16646, 1098, 1098, 5044
4938, 16646, 1097, 1097, 5044
4938, 16646, 1096, 1096, 5044
4936, 16645, 1094, 1094, 5044
4935, 16646, 1093, 1093, 5044
4935, 16646, 1093, 1093, 5044
4934, 16644, 1092, 1092, 5044
4935, 16645, 1092, 1092, 5044
4934, 16645, 1091, 1091, 5044
4934, 16645, 1091, 1091, 5044
4934, 16645, 1091, 1091, 5044
4934, 16645, 1091, 1091, 5044
4932, 16644, 1090, 1090, 5044
4932, 16644, 1090, 1090, 5044
4932, 16645, 1090, 1090, 5044
4931, 16645, 1089, 1089, 5044
4933, 16645, 1091, 1091, 5044
4932, 16645, 1090, 1090, 5044
4932, 16645, 1090, 1090, 5044
4931, 16644, 1089, 1089, 5044
4930, 16645, 1089, 1089, 5054
4932, 16644, 1089, 1089, 5054
4932, 16644, 1089, 1089, 5054
4930, 16643, 1088, 1088, 5054
4931, 16643, 1089, 1089, 5054
4932, 16644, 1089, 1089, 5054
4930, 16643, 1088, 1088, 5054
4930, 16643, 1088, 1088, 5054
4931, 16643, 1088, 1088, 5054
4931, 16643, 1088, 1088, 5054
4930, 16644, 1088, 1088, 5054
4929, 16643, 1088, 1088, 5054
4929, 16644, 1087, 1087, 5054
4929, 16644, 1087, 1087, 5054
4928, 16643, 1087, 1087, 5054
4930, 16643, 1087, 1087, 5054
4929, 16643, 1086, 1086, 5054
4928, 16642, 1086, 1086, 5054
4930, 16643, 1087, 1087, 5054
4930, 16643, 1087, 1087, 5054
4930, 16643, 1087, 1087, 5054
4929, 16641, 1086, 1086, 5054
4929, 16642, 1087, 1087, 5054
4929, 16642, 1087, 1087, 5054
4928, 16641, 1086, 1086, 5054
4929, 16641, 1086, 1086, 5054
4929, 16641, 1086, 1086, 5048
4928, 16640, 1086, 1086, 5048
4927, 16642, 1085, 1085, 5048
4928, 16640, 1086, 1086, 5048
4927, 16641, 1085, 1085, 5048
4927, 16641, 1085, 1085, 5048
4928, 16641, 1085, 1085, 5048
4927, 16640, 1085, 1085, 5048
4927, 16641, 1085, 1085, 5048
4927, 16640, 1085, 1085, 5048
4926, 16641, 1084, 1084, 5048
4926, 16641, 1084, 1084, 5048
4927, 16641, 1084, 1084, 5048
4927, 16640, 1084, 1084, 5048
4925, 16640, 1084, 1084, 5048
4926, 16640, 1084, 1084, 5048
4926, 16640, 1084, 1084, 5048
4926, 16640, 1083, 1083, 5048
4926, 16641, 1083, 1083, 5048
4926, 16639, 1083, 1083, 5048
4926, 16640, 1083, 1083, 5048
4925, 16640, 1083, 1083, 5048
4926, 16640, 1083, 1083, 5044
4926, 16640, 1083, 1083, 5044
4924, 16638, 1082, 1082, 5044
4926, 16639, 1082, 1082, 5044
4924, 16639, 1082, 1082, 5044
4924, 16639, 1082, 1082, 5044
4924, 16639, 1082, 1082, 5044
4923, 16639, 1081, 1081, 5044
4924, 16640, 1082, 1082, 5044
4924, 16638, 1081, 1081, 5044
4924, 16638, 1081, 1081, 5044
4924, 16638, 1082, 1082, 5044
4924, 16639, 1081, 1081, 5044
4923, 16638, 1081, 1081, 5044
4923, 16638, 1081, 1081, 5044
4923, 16637, 1081, 1081, 5044
4924, 16638, 1081, 1081, 5044
4923, 16637, 1081, 1081, 5044
4923, 16637, 1081, 1081, 5044
4923, 16637, 1081, 1081, 5044
4923, 16637, 1081, 1081, 5044
4923, 16637, 1081, 1081, 5044
4923, 16637, 1080, 1080, 5044
4922, 16637, 1080, 1080, 5044
4922, 16637, 1080, 1080, 5044
4922, 16637, 1080, 1080, 5044
4922, 16637, 1080, 1080, 5044
4922, 16636, 1080, 1080, 5048
4922, 16636, 1080, 1080, 5048
4923, 16637, 1080, 1080, 5048
4923, 16637, 1080, 1080, 5048
4922, 16636, 1080, 1080, 5048
4922, 16637, 1080, 1080, 5048
4922, 16638, 1079, 1079, 5048
4921, 16636, 1079, 1079, 5048
4922, 16636, 1079, 1079, 5048
4921, 16636, 1079, 1079, 5048
4921, 16636, 1078, 1078, 5048
4920, 16635, 1078, 1078, 5048
4921, 16636, 1078, 1078, 5048
4921, 16636, 1078, 1078, 5048
4920, 16635, 1078, 1078, 5048
4920, 16635, 1078, 1078, 5048
4921, 16635, 1078, 1078, 5048
4921, 16635, 1078, 1078, 5048
4921, 16634, 1078, 1078, 5048
4920, 16634, 1078, 1078, 5048
4920, 16634, 1078, 1078, 5048
4920, 16635, 1078, 1078, 5042
4920, 16635, 1078, 1078, 5042
4919, 16633, 1077, 1077, 5042
4919, 16633, 1077, 1077, 5042
4919, 16633, 1077, 1077, 5042
4919, 16633, 1077, 1077, 5042
4919, 16633, 1076, 1076, 5042
4918, 16633, 1076, 1076, 5042
4919, 16633, 1076, 1076, 5042
4918, 16634, 1076, 1076, 5042
4918, 16634, 1076, 1076, 5042
4919, 16633, 1076, 1076, 5042
4919, 16633, 1076, 1076, 5042
4918, 16633, 1076, 1076, 5042
4918, 16633, 1076, 1076, 5042
4918, 16633, 1076, 1076, 5042
4917, 16633, 1075, 1075, 5042
4917, 16632, 1075, 1075, 5042
4918, 16633, 1075, 1075, 5042
4918, 16633, 1076, 1076, 5042
4917, 16632, 1075, 1075, 5042
4916, 16631, 1075, 1075, 5042
4918, 16632, 1075, 1075, 5042
4918, 16632, 1075, 1075, 5042
4918, 16632, 1075, 1075, 5042
4918, 16632, 1075, 1075, 5042
4918, 16632, 1075, 1075, 5042
4916, 16631, 1074, 1074, 5044
4916, 16631, 1074, 1074, 5044
4918, 16631, 1075, 1075, 5044
4917, 16631, 1075, 1075, 5044
4917, 16632, 1075, 1075, 5044
4917, 16632, 1075, 1075, 5044
4917, 16631, 1074, 1074, 5044
4917, 16631, 1074, 1074, 5044
4916, 16631, 1074, 1074, 5044
4917, 16630, 1074, 1074, 5044
4916, 16631, 1073, 1073, 5044
4916, 16632, 1074, 1074, 5044
4916, 16630, 1074, 1074, 5044
4916, 16630, 1074, 1074, 5044
4915, 16630, 1073, 1073, 5044
4916, 16630, 1073, 1073, 5044
4916, 16630, 1073, 1073, 5044
4915, 16631, 1072, 1072, 5044
4915, 16631, 1072, 1072, 5044
4914, 16630, 1072, 1072, 5044
4914, 16630, 1072, 1072, 5044
4914, 16629, 1072, 1072, 5037
4914, 16629, 1072, 1072, 5037
4915, 16629, 1072, 1072, 5037
4915, 16629, 1072, 1072, 5037
4914, 16630, 1072, 1072, 5037
4914, 16629, 1072, 1072, 5037
4913, 16629, 1071, 1071, 5037
4914, 16628, 1071, 1071, 5037
4913, 16629, 1071, 1071, 5037
4914, 16628, 1072, 1072, 5037
4913, 16628, 1071, 1071, 5037
4913, 16628, 1071, 1071, 5037
4913, 16629, 1071, 1071, 5037
4915, 16628, 1071, 1071, 5037
4914, 16628, 1072, 1072, 5037
4914, 16629, 1071, 1071, 5037
4913, 16628, 1071, 1071, 5037
4914, 16626, 1071, 1071, 5037
4911, 16626, 1070, 1070, 5037
4911, 16626, 1070, 1070, 5037
4913, 16626, 1070, 1070, 5037
4912, 16627, 1070, 1070, 5037
4912, 16627, 1069, 1069, 5037
4911, 16627, 1069, 1069, 5044
4911, 16628, 1069, 1069, 5044
4911, 16627, 1069, 1069, 5044
4911, 16627, 1069, 1069, 5044
4911, 16626, 1069, 1069, 5044
4911, 16627, 1069, 1069, 5044
4911, 16626, 1069, 1069, 5044
4910, 16625, 1068, 1068, 5044
4910, 16626, 1068, 1068, 5044
4910, 16626, 1068, 1068, 5044
4910, 16625, 1068, 1068, 5044
4910, 16625, 1068, 1068, 5044
4910, 16626, 1068, 1068, 5044
4911, 16626, 1068, 1068, 5044
4911, 16626, 1068, 1068, 5044
4910, 16626, 1068, 1068, 5044
4910, 16625, 1068, 1068, 5044
4910, 16626, 1068, 1068, 5044
4910, 16625, 1067, 1067, 5044
4910, 16625, 1067, 1067, 5044
4910, 16625, 1067, 1067, 5044
4910, 16626, 1068, 1068, 5044
4909, 16624, 1067, 1067, 5044
4909, 16624, 1067, 1067, 5044
4910, 16626, 1067, 1067, 5042
4909, 16625, 1066, 1066, 5042
4909, 16625, 1066, 1066, 5042
4909, 16625, 1066, 1066, 5042
4908, 16623, 1066, 1066, 5042
4908, 16623, 1066, 1066, 5042
4908, 16623, 1066, 1066, 5042
4909, 16624, 1066, 1066, 5042
4909, 16624, 1066, 1066, 5042
4908, 16622, 1066, 1066, 5042
4908, 16622, 1066, 1066, 5042
4909, 16623, 1066, 1066, 5042
4909, 16623, 1066, 1066, 5042
4909, 16623, 1066, 1066, 5042
4908, 16623, 1065, 1065, 5042
4908, 16622, 1065, 1065, 5042
4907, 16622, 1065, 1065, 5042
4907, 16623, 1065, 1065, 5042
4908, 16623, 1065, 1065, 5042
4908, 16623, 1065, 1065, 5042
4907, 16623, 1065, 1065, 5042
4907, 16623, 1065, 1065, 5042
4907, 16621, 1064, 1064, 5050
4907, 16623, 1065, 1065, 5050
4907, 16623, 1065, 1065, 5050
4907, 16622, 1064, 1064, 5050
4907, 16622, 1064, 1064, 5050
4907, 16622, 1064, 1064, 5050
4907, 16622, 1065, 1065, 5050
4906, 16622, 1064, 1064, 5050
4906, 16622, 1064, 1064, 5050
4906, 16621, 1064, 1064, 5050
4907, 16620, 1064, 1064, 5050
4906, 16620, 1064, 1064, 5050
4906, 16620, 1064, 1064, 5050
4905, 16621, 1063, 1063, 5050
4906, 16619, 1064, 1064, 5050
4906, 16620, 1064, 1064, 5050
4906, 16620, 1063, 1063, 5050
4904, 16621, 1062, 1062, 5050
4904, 16621, 1062, 1062, 5050
4905, 16621, 1062, 1062, 5050
4905, 16621, 1062, 1062, 5050
4905, 16619, 1063, 1063, 5046
4904, 16619, 1062, 1062, 5046
4905, 16619, 1062, 1062, 5046
4905, 16619, 1062, 1062, 5046
4905, 16618, 1062, 1062, 5046
4905, 16618, 1062, 1062, 5046
4904, 16619, 1062, 1062, 5046
4904, 16619, 1062, 1062, 5046
4904, 16619, 1062, 1062, 5046
4904, 16620, 1062, 1062, 5046
4904, 16620, 1061, 1061, 5046
4903, 16618, 1061, 1061, 5046
4903, 16618, 1061, 1061, 5046
4904, 16619, 1062, 1062, 5046
4904, 16619, 1062, 1062, 5046
4904, 16618, 1061, 1061, 5046
4904, 16617, 1061, 1061, 5046
4902, 16618, 1060, 1060, 5046
4902, 16617, 1060, 1060, 5046
4902, 16617, 1060, 1060, 5046
4903, 16618, 1061, 1061, 5046
4903, 16618, 1061, 1061, 5046
4902, 16618, 1060, 1060, 5046
4903, 16617, 1060, 1060, 5046
4903, 16618, 1060, 1060, 5046
4902, 16617, 1060, 1060, 5046
4902, 16618, 1059, 1059, 5039
4903, 16617, 1060, 1060, 5039
4902, 16617, 1059, 1059, 5039
4902, 16616, 1060, 1060, 5039
4902, 16616, 1060, 1060, 5039
4902, 16616, 1059, 1059, 5039
4901, 16617, 1059, 1059, 5039
4902, 16616, 1060, 1060, 5039
4902, 16616, 1060, 1060, 5039
4901, 16616, 1059, 1059, 5039
4901, 16617, 1059, 1059, 5039
4901, 16617, 1059, 1059, 5039
4901, 16616, 1059, 1059, 5039
4901, 16616, 1059, 1059, 5039
4901, 16616, 1059, 1059, 5039
4901, 16616, 1058, 1058, 5039
4901, 16616, 1058, 1058, 5039
4901, 16616, 1058, 1058, 5039
4900, 16616, 1058, 1058, 5039
4901, 16616, 1058, 1058, 5039
4901, 16616, 1058, 1058, 5039
4901, 16616, 1058, 1058, 5039
4901, 16616, 1058, 1058, 5039
4900, 16615, 1057, 1057, 5039
4900, 16615, 1057, 1057, 5039
4899, 16615, 1057, 1057, 5048
4899, 16616, 1057, 1057, 5048
4900, 16615, 1057, 1057, 5048
4899, 16614, 1057, 1057, 5048
4899, 16614, 1057, 1057, 5048
4899, 16614, 1057, 1057, 5048
4899, 16613, 1057, 1057, 5048
4899, 16614, 1056, 1056, 5048
4899, 16614, 1056, 1056, 5048
4899, 16614, 1056, 1056, 5048
4898, 16614, 1057, 1057, 5048
4899, 16614, 1056, 1056, 5048
4899, 16614, 1057, 1057, 5048
4898, 16613, 1056, 1056, 5048
4898, 16613, 1055, 1055, 5048
4898, 16613, 1055, 1055, 5048
4899, 16613, 1056, 1056, 5048
4899, 16614, 1056, 1056, 5048
4898, 16613, 1055, 1055, 5048
4897, 16614, 1055, 1055, 5048
4897, 16614, 1055, 1055, 5048
4897, 16614, 1055, 1055, 5048
4897, 16612, 1055, 1055, 5048
4897, 16612, 1055, 1055, 5048
4897, 16612, 1055, 1055, 5035
4897, 16613, 1055, 1055, 5035
4898, 16613, 1055, 1055, 5035
4898, 16613, 1055, 1055, 5035
4896, 16612, 1054, 1054, 5035
4896, 16612, 1054, 1054, 5035
4897, 16612, 1054, 1054, 5035
4897, 16612, 1054, 1054, 5035
4896, 16612, 1054, 1054, 5035
4897, 16612, 1055, 1055, 5035
4897, 16611, 1054, 1054, 5035
4897, 16611, 1054, 1054, 5035
4896, 16611, 1054, 1054, 5035
4896, 16611, 1054, 1054, 5035
4896, 16610, 1053, 1053, 5035
4895, 16611, 1053, 1053, 5035
4896, 16611, 1054, 1054, 5035
4896, 16611, 1054, 1054, 5035
4896, 16610, 1054, 1054, 5035
4896, 16610, 1053, 1053, 5035
4896, 16610, 1053, 1053, 5035
4896, 16610, 1053, 1053, 5035
4895, 16610, 1053, 1053, 5035
4895, 16610, 1053, 1053, 5035
4895, 16609, 1053, 1053, 5042
4894, 16610, 1052, 1052, 5042
4895, 16610, 1053, 1053, 5042
4893, 16609, 1052, 1052, 5042
4893, 16609, 1052, 1052, 5042
4895, 16610, 1052, 1052, 5042
4895, 16609, 1053, 1053, 5042
4895, 16609, 1052, 1052, 5042
4894, 16609, 1052, 1052, 5042
4895, 16608, 1052, 1052, 5042
4895, 16608, 1052, 1052, 5042
4894, 16609, 1052, 1052, 5042
4895, 16608, 1052, 1052, 5042
4894, 16609, 1052, 1052, 5042
4894, 16608, 1052, 1052, 5042
4894, 16608, 1052, 1052, 5042
4894, 16608, 1052, 1052, 5042
4894, 16608, 1051, 1051, 5042
4894, 16609, 1051, 1051, 5042
4893, 16608, 1051, 1051, 5042
4893, 16608, 1051, 1051, 5042
4894, 16608, 1051, 1051, 5042
4894, 16608, 1051, 1051, 5042
4894, 16608, 1051, 1051, 5042
4893, 16608, 1051, 1051, 5042
4894, 16608, 1051, 1051, 5046
4894, 16608, 1051, 1051, 5046
4893, 16608, 1051, 1051, 5046
4893, 16608, 1051, 1051, 5046
4893, 16608, 1051, 1051, 5046
4893, 16606, 1051, 1051, 5046
4893, 16606, 1051, 1051, 5046
4894, 16605, 1051, 1051, 5046
4893, 16606, 1051, 1051, 5046
4893, 16606, 1051, 1051, 5046
4892, 16607, 1050, 1050, 5046
4893, 16607, 1050, 1050, 5046
4892, 16607, 1050, 1050, 5046
4893, 16607, 1050, 1050, 5046
4893, 16608, 1050, 1050, 5046
4893, 16606, 1050, 1050, 5046
4892, 16607, 1050, 1050, 5046
4892, 16606, 1050, 1050, 5046
4892, 16606, 1050, 1050, 5046
4892, 16607, 1050, 1050, 5046
4892, 16606, 1049, 1049, 5046
4892, 16606, 1050, 1050, 5046
4892, 16606, 1049, 1049, 5046
4891, 16605, 1049, 1049, 5046
4891, 16605, 1049, 1049, 5046
4891, 16606, 1049, 1049, 5046
4891, 16606, 1049, 1049, 5046
4891, 16605, 1049, 1049, 5046
4891, 16606, 1049, 1049, 5042
4890, 16604, 1048, 1048, 5042
4891, 16606, 1048, 1048, 5042
4891, 16606, 1048, 1048, 5042
4890, 16604, 1048, 1048, 5042
4889, 16605, 1047, 1047, 5042
4890, 16604, 1048, 1048, 5042
4890, 16605, 1048, 1048, 5042
4891, 16604, 1048, 1048, 5042
4891, 16605, 1048, 1048, 5042
4890, 16605, 1048, 1048, 5042
4890, 16604, 1048, 1048, 5042
4890, 16604, 1047, 1047, 5042
4890, 16604, 1047, 1047, 5042
4891, 16604, 1048, 1048, 5042
4890, 16604, 1047, 1047, 5042
4890, 16604, 1047, 1047, 5042
4890, 16603, 1047, 1047, 5042
4889, 16604, 1047, 1047, 5042
4889, 16604, 1047, 1047, 5042
4889, 16603, 1047, 1047, 5042
4889, 16603, 1047, 1047, 5042
4889, 16603, 1047, 1047, 5042
4889, 16603, 1047, 1047, 5042
4888, 16601, 1046, 1046, 5042
4889, 16603, 1046, 1046, 5042
4889, 16603, 1046, 1046, 5042
4889, 16602, 1046, 1046, 5041
4889, 16602, 1046, 1046, 5041
4889, 16603, 1047, 1047, 5041
4890, 16603, 1046, 1046, 5041
4887, 16604, 1046, 1046, 5041
4888, 16603, 1046, 1046, 5041
4888, 16602, 1046, 1046, 5041
4888, 16602, 1046, 1046, 5041
4888, 16602, 1046, 1046, 5041
4888, 16602, 1046, 1046, 5041
4888, 16602, 1046, 1046, 5041
4888, 16602, 1045, 1045, 5041
4889, 16602, 1045, 1045, 5041
4887, 16601, 1046, 1046, 5041
4887, 16602, 1045, 1045, 5041
4887, 16601, 1045, 1045, 5041
4887, 16601, 1045, 1045, 5041
4887, 16601, 1045, 1045, 5041
4887, 16600, 1044, 1044, 5041
4887, 16600, 1044, 1044, 5041
4887, 16600, 1044, 1044, 5041
4887, 16600, 1044, 1044, 5041
4887, 16601, 1044, 1044, 5048
4887, 16601, 1044, 1044, 5048
4886, 16599, 1043, 1043, 5048
4886, 16600, 1044, 1044, 5048
4886, 16600, 1044, 1044, 5048
4886, 16600, 1044, 1044, 5048
4886, 16600, 1043, 1043, 5048
4886, 16600, 1043, 1043, 5048
4886, 16600, 1043, 1043, 5048
4885, 16600, 1043, 1043, 5048
4885, 16599, 1043, 1043, 5048
4886, 16599, 1043, 1043, 5048
4885, 16599, 1043, 1043, 5048
4885, 16599, 1042, 1042, 5048
4885, 16600, 1043, 1043, 5048
4885, 16599, 1043, 1043, 5048
4885, 16599, 1042, 1042, 5048
4884, 16599, 1042, 1042, 5048
4884, 16598, 1042, 1042, 5048
4885, 16598, 1042, 1042, 5048
4885, 16598, 1042, 1042, 5048
4885, 16598, 1042, 1042, 5048
4885, 16598, 1042, 1042, 5048
4885, 16598, 1042, 1042, 5048
4885, 16598, 1042, 1042, 5048
4884, 16599, 1042, 1042, 5048
4884, 16598, 1041, 1041, 5048
4884, 16597, 1042, 1042, 5041
4884, 16597, 1041, 1041, 5041
4884, 16597, 1042, 1042, 5041
4883, 16598, 1041, 1041, 5041
4883, 16598, 1041, 1041, 5041
4882, 16597, 1040, 1040, 5041
4882, 16597, 1040, 1040, 5041
4883, 16596, 1041, 1041, 5041
4884, 16598, 1041, 1041, 5041
4884, 16598, 1041, 1041, 5041
4883, 16596, 1041, 1041, 5041
4883, 16597, 1041, 1041, 5041
4883, 16598, 1041, 1041, 5041
4883, 16597, 1040, 1040, 5041
4883, 16597, 1040, 1040, 5041
4882, 16596, 1040, 1040, 5041
4882, 16596, 1040, 1040, 5041
4882, 16596, 1040, 1040, 5041
4882, 16596, 1040, 1040, 5041
4882, 16596, 1040, 1040, 5041
4882, 16595, 1039, 1039, 5041
4882, 16596, 1040, 1040, 5041
4882, 16596, 1040, 1040, 5041
4882, 16596, 1039, 1039, 5041
4882, 16596, 1039, 1039, 5041
4881, 16596, 1040, 1040, 5041
4881, 16595, 1039, 1039, 5037
4882, 16594, 1039, 1039, 5037
4882, 16594, 1039, 1039, 5037
4882, 16595, 1039, 1039, 5037
4882, 16595, 1039, 1039, 5037
4880, 16595, 1038, 1038, 5037
4880, 16595, 1038, 1038, 5037
4881, 16595, 1039, 1039, 5037
4880, 16593, 1038, 1038, 5037
4880, 16593, 1038, 1038, 5037
4881, 16594, 1038, 1038, 5037
4881, 16595, 1038, 1038, 5037
4881, 16595, 1038, 1038, 5037
4881, 16595, 1038, 1038, 5037
4880, 16594, 1038, 1038, 5037
4880, 16594, 1038, 1038, 5037
4880, 16594, 1038, 1038, 5037
4879, 16594, 1037, 1037, 5037
4880, 16593, 1038, 1038, 5037
4880, 16593, 1038, 1038, 5037
4880, 16593, 1038, 1038, 5037
4880, 16593, 1038, 1038, 5037
4880, 16594, 1037, 1037, 5037
4880, 16593, 1038, 1038, 5037
4879, 16593, 1037, 1037, 5037
4880, 16594, 1037, 1037, 5037
4877, 16593, 1036, 1036, 5050
4877, 16593, 1036, 1036, 5050
4879, 16593, 1036, 1036, 5050
4879, 16593, 1037, 1037, 5050
4878, 16592, 1036, 1036, 5050
4878, 16593, 1036, 1036, 5050
4878, 16593, 1036, 1036, 5050
4878, 16593, 1035, 1035, 5050
4878, 16593, 1036, 1036, 5050
4878, 16591, 1036, 1036, 5050
4878, 16591, 1036, 1036, 5050
4878, 16592, 1036, 1036, 5050
4878, 16591, 1035, 1035, 5050
4878, 16592, 1035, 1035, 5050
4877, 16591, 1035, 1035, 5050
4876, 16592, 1035, 1035, 5050
4878, 16592, 1035, 1035, 5050
4877, 16592, 1035, 1035, 5050
4877, 16592, 1035, 1035, 5050
4877, 16591, 1035, 1035, 5050
4876, 16590, 1034, 1034, 5050
4877, 16591, 1034, 1034, 5050
4877, 16591, 1034, 1034, 5050
4877, 16590, 1035, 1035, 5050
4877, 16591, 1035, 1035, 5048
4876, 16591, 1034, 1034, 5048
4876, 16591, 1034, 1034, 5048
4876, 16591, 1034, 1034, 5048
4875, 16590, 1033, 1033, 5048
4875, 16590, 1033, 1033, 5048
4876, 16590, 1034, 1034, 5048
4875, 16589, 1033, 1033, 5048
4875, 16589, 1033, 1033, 5048
4875, 16589, 1033, 1033, 5048
4875, 16590, 1033, 1033, 5048
4875, 16590, 1033, 1033, 5048
4875, 16590, 1033, 1033, 5048
4876, 16589, 1033, 1033, 5048
4875, 16590, 1032, 1032, 5048
4875, 16590, 1032, 1032, 5048
4876, 16588, 1033, 1033, 5048
4876, 16589, 1033, 1033, 5048
4876, 16589, 1033, 1033, 5048
4874, 16588, 1032, 1032, 5048
4874, 16590, 1032, 1032, 5048
4875, 16589, 1032, 1032, 5048
4874, 16589, 1032, 1032, 5048
4874, 16589, 1032, 1032, 5048
4876, 16589, 1032, 1032, 5041
4874, 16588, 1032, 1032, 5041
4874, 16588, 1032, 1032, 5041
4875, 16587, 1032, 1032, 5041
4874, 16588, 1032, 1032, 5041
4874, 16588, 1032, 1032, 5041
4873, 16587, 1031, 1031, 5041
4873, 16588, 1032, 1032, 5041
4874, 16588, 1031, 1031, 5041
4874, 16588, 1031, 1031, 5041
4874, 16588, 1031, 1031, 5041
4873, 16586, 1031, 1031, 5041
4873, 16587, 1031, 1031, 5041
4873, 16587, 1031, 1031, 5041
4873, 16586, 1031, 1031, 5041
4872, 16587, 1030, 1030, 5041
4872, 16587, 1030, 1030, 5041
4873, 16587, 1030, 1030, 5041
4873, 16586, 1031, 1031, 5041
4872, 16587, 1030, 1030, 5041
4872, 16585, 1030, 1030, 5041
4872, 16586, 1030, 1030, 5041
4872, 16586, 1030, 1030, 5041
4873, 16586, 1030, 1030, 5039
4872, 16586, 1030, 1030, 5039
4872, 16586, 1029, 1029, 5039
4872, 16586, 1029, 1029, 5039
4871, 16586, 1029, 1029, 5039
4873, 16586, 1030, 1030, 5039
4872, 16586, 1030, 1030, 5039
4872, 16586, 1030, 1030, 5039
4871, 16585, 1029, 1029, 5039
4871, 16585, 1029, 1029, 5039
4871, 16585, 1029, 1029, 5039
4871, 16586, 1029, 1029, 5039
4871, 16586, 1028, 1028, 5039
4871, 16583, 1028, 1028, 5039
4871, 16583, 1028, 1028, 5039
4871, 16584, 1029, 1029, 5039
4871, 16584, 1029, 1029, 5039
4871, 16584, 1029, 1029, 5039
4870, 16584, 1028, 1028, 5039
4870, 16584, 1028, 1028, 5039
4870, 16584, 1028, 1028, 5039
4870, 16584, 1028, 1028, 5039
4870, 16584, 1028, 1028, 5039
4871, 16584, 1028, 1028, 5039
4871, 16584, 1028, 1028, 5039
4870, 16583, 1027, 1027, 5039
4870, 16585, 1027, 1027, 5044
4870, 16585, 1027, 1027, 5044
4870, 16583, 1027, 1027, 5044
4869, 16583, 1027, 1027, 5044
4870, 16584, 1027, 1027, 5044
4869, 16582, 1027, 1027, 5044
4869, 16582, 1027, 1027, 5044
4869, 16583, 1027, 1027, 5044
4868, 16583, 1027, 1027, 5044
4868, 16583, 1027, 1027, 5044
4870, 16582, 1027, 1027, 5044
4870, 16583, 1027, 1027, 5044
4869, 16582, 1026, 1026, 5044
4869, 16582, 1027, 1027, 5044
4869, 16582, 1027, 1027, 5044
4869, 16582, 1026, 1026, 5044
4869, 16582, 1026, 1026, 5044
4868, 16582, 1026, 1026, 5044
4868, 16582, 1026, 1026, 5044
4867, 16581, 1025, 1025, 5044
4869, 16582, 1026, 1026, 5044
4868, 16581, 1025, 1025, 5044
4868, 16581, 1025, 1025, 5044
4868, 16581, 1025, 1025, 5044
4868, 16581, 1026, 1026, 5044
4867, 16582, 1025, 1025, 5044
4867, 16581, 1025, 1025, 5044
4867, 16581, 1025, 1025, 5044
4867, 16582, 1025, 1025, 5041
4868, 16580, 1025, 1025, 5041
4868, 16580, 1025, 1025, 5041
4867, 16581, 1025, 1025, 5041
4867, 16580, 1025, 1025, 5041
4867, 16581, 1025, 1025, 5041
4866, 16580, 1024, 1024, 5041
4866, 16580, 1024, 1024, 5041
4866, 16579, 1024, 1024, 5041
4866, 16581, 1024, 1024, 5041
4868, 16580, 1025, 1025, 5041
4868, 16580, 1025, 1025, 5041
4866, 16580, 1024, 1024, 5041
4866, 16580, 1024, 1024, 5041
4867, 16580, 1024, 1024, 5041
4866, 16579, 1024, 1024, 5041
4866, 16580, 1024, 1024, 5041
4866, 16580, 1024, 1024, 5041
4865, 16580, 1024, 1024, 5041
4865, 16580, 1024, 1024, 5041
4867, 16579, 1023, 1023, 5041
4865, 16579, 1023, 1023, 5041
4866, 16579, 1023, 1023, 5041
4865, 16579, 1023, 1023, 5041
4865, 16579, 1023, 1023, 5041
4866, 16578, 1023, 1023, 5041
4865, 16578, 1023, 1023, 5041
4865, 16578, 1023, 1023, 5048
4864, 16579, 1023, 1023, 5048
4865, 16578, 1022, 1022, 5048
4865, 16578, 1022, 1022, 5048
4863, 16577, 1022, 1022, 5048
4865, 16578, 1022, 1022, 5048
4864, 16578, 1022, 1022, 5048
4865, 16578, 1022, 1022, 5048
4865, 16578, 1022, 1022, 5048
4865, 16578, 1023, 1023, 5048
4865, 16578, 1023, 1023, 5048
4865, 16578, 1022, 1022, 5048
4864, 16576, 1022, 1022, 5048
4864, 16577, 1022, 1022, 5048
4863, 16576, 1021, 1021, 5048
4863, 16576, 1021, 1021, 5048
4863, 16577, 1021, 1021, 5048
4863, 16577, 1021, 1021, 5048
4863, 16577, 1021, 1021, 5048
4863, 16577, 1021, 1021, 5048
4863, 16577, 1021, 1021, 5048
4863, 16577, 1021, 1021, 5048
4864, 16576, 1021, 1021, 5048
4864, 16576, 1021, 1021, 5048
4864, 16576, 1021, 1021, 5048
4862, 16577, 1020, 1020, 5046
4862, 16577, 1020, 1020, 5046
4862, 16575, 1019, 1019, 5046
4863, 16575, 1020, 1020, 5046
4862, 16575, 1020, 1020, 5046
4862, 16575, 1020, 1020, 5046
4864, 16576, 1020, 1020, 5046
4864, 16576, 1020, 1020, 5046
4862, 16575, 1020, 1020, 5046
4863, 16575, 1020, 1020, 5046
4862, 16574, 1020, 1020, 5046
4862, 16574, 1019, 1019, 5046
4862, 16574, 1019, 1019, 5046
4860, 16575, 1018, 1018, 5046
4860, 16575, 1018, 1018, 5046
4861, 16574, 1019, 1019, 5046
4861, 16574, 1019, 1019, 5046
4861, 16574, 1018, 1018, 5046
4861, 16574, 1018, 1018, 5046
4860, 16574, 1018, 1018, 5046
4860, 16574, 1018, 1018, 5041
4860, 16573, 1017, 1017, 5041
4860, 16573, 1017, 1017, 5041
4860, 16574, 1017, 1017, 5041
4860, 16573, 1017, 1017, 5041
4860, 16573, 1018, 1018, 5041
4859, 16572, 1017, 1017, 5041
4860, 16573, 1017, 1017, 5041
