4063, 15622, 220, 220, 4033
4064, 15621, 222, 222, 4033
4064, 15621, 222, 222, 4033
4064, 15623, 222, 222, 4033
4064, 15623, 222, 222, 4033
4064, 15622, 222, 222, 4033
4065, 15621, 222, 222, 4033
4063, 15622, 222, 222, 4033
4063, 15622, 222, 222, 4033
4064, 15621, 222, 222, 4033
4064, 15621, 222, 222, 4033
4064, 15621, 222, 222, 4033
4064, 15622, 222, 222, 4033
4064, 15622, 222, 222, 4033
4065, 15621, 222, 222, 4033
4065, 15621, 222, 222, 4033
4065, 15621, 222, 222, 4033
4065, 15621, 222, 222, 4033
4064, 15621, 222, 222, 4033
4064, 15621, 222, 222, 4033
4065, 15622, 223, 223, 4062
4065, 15622, 223, 223, 4062
4065, 15623, 222, 222, 4062
4065, 15623, 222, 222, 4062
4065, 15624, 222, 222, 4062
4065, 15623, 222, 222, 4062
4065, 15623, 222, 222, 4062
4064, 15623, 222, 222, 4062
4064, 15623, 222, 222, 4062
4066, 15622, 222, 222, 4062
4066, 15622, 222, 222, 4062
4065, 15623, 223, 223, 4062
4065, 15623, 223, 223, 4062
4065, 15623, 223, 223, 4062
4066, 15623, 223, 223, 4062
4065, 15622, 223, 223, 4062
4065, 15622, 223, 223, 4062
4065, 15622, 223, 223, 4062
4065, 15622, 222, 222, 4062
4065, 15624, 222, 222, 4062
4064, 15623, 223, 223, 4062
4065, 15623, 222, 222, 4062
4064, 15622, 222, 222, 4062
4064, 15622, 222, 222, 4062
4065, 15623, 223, 223, 4062
4064, 15621, 223, 223, 4083
4064, 15621, 223, 223, 4083
4065, 15623, 223, 223, 4083
4065, 15623, 223, 223, 4083
4065, 15623, 223, 223, 4083
4065, 15623, 223, 223, 4083
4065, 15623, 223, 223, 4083
4065, 15623, 222, 222, 4083
4065, 15623, 223, 223, 4083
4065, 15623, 223, 223, 4083
4066, 15623, 223, 223, 4083
4066, 15623, 223, 223, 4083
4065, 15622, 223, 223, 4083
4065, 15624, 222, 222, 4083
4066, 15623, 223, 223, 4083
4066, 15623, 223, 223, 4083
4065, 15623, 223, 223, 4083
4065, 15624, 223, 223, 4083
4065, 15624, 223, 223, 4083
4065, 15623, 223, 223, 4083
4065, 15623, 223, 223, 4083
4065, 15623, 222, 222, 4083
4065, 15622, 223, 223, 4083
4065, 15622, 223, 223, 4083
4065, 15623, 223, 223, 4083
4065, 15623, 223, 223, 4083
4066, 15622, 223, 223, 4083
4064, 15623, 223, 223, 4087
4064, 15623, 223, 223, 4087
4065, 15623, 223, 223, 4087
4065, 15623, 223, 223, 4087
4066, 15623, 223, 223, 4087
4066, 15623, 223, 223, 4087
4066, 15624, 224, 224, 4087
4065, 15623, 223, 223, 4087
4065, 15624, 222, 222, 4087
4065, 15624, 222, 222, 4087
4065, 15623, 223, 223, 4087
4065, 15623, 223, 223, 4087
4066, 15622, 223, 223, 4087
4066, 15623, 223, 223, 4087
4066, 15623, 223, 223, 4087
4066, 15623, 223, 223, 4087
4065, 15623, 223, 223, 4087
4065, 15623, 223, 223, 4087
4066, 15623, 224, 224, 4087
4066, 15624, 224, 224, 4087
4066, 15623, 224, 224, 4087
4065, 15623, 223, 223, 4087
4066, 15624, 224, 224, 4087
4066, 15624, 224, 224, 4087
4065, 15623, 224, 224, 4087
4065, 15623, 224, 224, 4087
4066, 15623, 224, 224, 4087
4066, 15622, 223, 223, 4077
4065, 15624, 223, 223, 4077
4065, 15624, 223, 223, 4077
3945, 15611, 131, 131, 4077
3945, 15611, 131, 131, 4077
3968, 15610, 122, 122, 4077
3968, 15610, 122, 122, 4077
3970, 15609, 125, 125, 4077
3970, 15609, 125, 125, 4077
3966, 15610, 125, 125, 4077
3966, 15610, 125, 125, 4077
3968, 15611, 127, 127, 4077
3967, 15610, 126, 126, 4077
3967, 15610, 126, 126, 4077
3968, 15610, 127, 127, 4077
3968, 15610, 127, 127, 4077
3971, 15611, 126, 126, 4077
3971, 15611, 126, 126, 4077
3972, 15611, 127, 127, 4077
3968, 15610, 127, 127, 4077
3968, 15610, 127, 127, 4077
3968, 15610, 127, 127, 4077
3968, 15610, 127, 127, 4077
3966, 15610, 126, 126, 4077
3966, 15610, 126, 126, 4077
3970, 15610, 127, 127, 4074
3970, 15610, 127, 127, 4074
3970, 15611, 126, 126, 4074
3970, 15611, 126, 126, 4074
3968, 15611, 126, 126, 4074
3968, 15611, 126, 126, 4074
3969, 15610, 127, 127, 4074
3971, 15611, 127, 127, 4074
3970, 15611, 126, 126, 4074
3969, 15611, 126, 126, 4074
3966, 15611, 127, 127, 4074
3970, 15611, 127, 127, 4074
3970, 15611, 127, 127, 4074
3970, 15612, 127, 127, 4074
3971, 15612, 127, 127, 4074
3971, 15612, 127, 127, 4074
3971, 15612, 127, 127, 4074
3968, 15611, 127, 127, 4074
3968, 15611, 127, 127, 4074
3968, 15611, 127, 127, 4074
3968, 15611, 127, 127, 4074
3968, 15611, 127, 127, 4074
3970, 15611, 127, 127, 4074
3970, 15610, 126, 126, 4074
3970, 15610, 126, 126, 4074
3972, 15611, 127, 127, 4074
3969, 15612, 126, 126, 4074
3969, 15612, 126, 126, 4074
3967, 15611, 127, 127, 4074
3967, 15611, 127, 127, 4074
3967, 15611, 127, 127, 4074
3970, 15611, 126, 126, 4074
3971, 15611, 127, 127, 4074
3971, 15611, 127, 127, 4074
3970, 15611, 127, 127, 4074
3971, 15611, 127, 127, 4074
3971, 15611, 127, 127, 4074
3968, 15611, 127, 127, 4074
3968, 15611, 127, 127, 4074
3966, 15611, 126, 126, 4074
3968, 15612, 127, 127, 4074
3968, 15611, 127, 127, 4074
3968, 15611, 127, 127, 4074
3973, 15611, 128, 128, 4062
3973, 15611, 128, 128, 4062
3972, 15612, 127, 127, 4062
3970, 15612, 127, 127, 4062
3970, 15612, 127, 127, 4062
3967, 15611, 127, 127, 4062
3968, 15612, 127, 127, 4062
3968, 15612, 127, 127, 4062
3967, 15611, 127, 127, 4062
3967, 15611, 127, 127, 4062
3973, 15611, 128, 128, 4062
3972, 15612, 128, 128, 4062
3971, 15612, 128, 128, 4062
3971, 15612, 128, 128, 4062
3968, 15612, 128, 128, 4062
3970, 15611, 127, 127, 4062
3970, 15611, 127, 127, 4062
3970, 15611, 127, 127, 4062
3970, 15611, 127, 127, 4062
3971, 15612, 127, 127, 4062
3971, 15612, 127, 127, 4062
3972, 15611, 128, 128, 4062
3968, 15611, 128, 128, 4062
3968, 15611, 128, 128, 4062
3969, 15612, 127, 127, 4062
3969, 15612, 127, 127, 4062
3973, 15612, 128, 128, 4060
3973, 15612, 128, 128, 4060
3971, 15611, 127, 127, 4060
3971, 15611, 127, 127, 4060
3970, 15612, 127, 127, 4060
3968, 15612, 127, 127, 4060
3968, 15612, 127, 127, 4060
3968, 15611, 127, 127, 4060
3970, 15612, 127, 127, 4060
3970, 15612, 127, 127, 4060
3971, 15612, 127, 127, 4060
3971, 15612, 127, 127, 4060
3971, 15611, 127, 127, 4060
3971, 15611, 127, 127, 4060
3969, 15612, 128, 128, 4060
3969, 15612, 128, 128, 4060
4069, 15625, 228, 228, 4060
4069, 15625, 228, 228, 4060
4067, 15624, 225, 225, 4060
4067, 15624, 225, 225, 4060
4067, 15624, 224, 224, 4060
4067, 15624, 224, 224, 4060
4066, 15623, 224, 224, 4060
4066, 15623, 224, 224, 4060
4065, 15623, 224, 224, 4060
4065, 15623, 224, 224, 4060
4066, 15624, 224, 224, 4060
4066, 15623, 224, 224, 4060
4066, 15623, 224, 224, 4060
4066, 15623, 224, 224, 4060
4066, 15622, 223, 223, 4060
4066, 15624, 223, 223, 4060
4066, 15624, 223, 223, 4060
4066, 15624, 224, 224, 4060
4066, 15624, 224, 224, 4060
4067, 15625, 224, 224, 4060
4067, 15624, 224, 224, 4060
4067, 15624, 224, 224, 4060
4066, 15625, 223, 223, 4060
4066, 15624, 223, 223, 4060
4065, 15625, 224, 224, 4060
4065, 15625, 224, 224, 4060
4066, 15624, 224, 224, 4060
4066, 15624, 223, 223, 4060
4066, 15624, 223, 223, 4060
4066, 15624, 224, 224, 4060
4066, 15624, 224, 224, 4060
4066, 15624, 223, 223, 4060
4066, 15624, 224, 224, 4060
4066, 15624, 224, 224, 4052
4066, 15624, 223, 223, 4052
4066, 15625, 224, 224, 4052
4066, 15624, 223, 223, 4052
4066, 15624, 223, 223, 4052
4066, 15625, 224, 224, 4052
4067, 15624, 224, 224, 4052
4066, 15624, 224, 224, 4052
4066, 15624, 224, 224, 4052
4066, 15624, 224, 224, 4052
4065, 15625, 223, 223, 4052
4065, 15625, 223, 223, 4052
4066, 15624, 223, 223, 4052
4066, 15625, 224, 224, 4052
4066, 15624, 224, 224, 4052
4066, 15624, 224, 224, 4052
4066, 15625, 224, 224, 4052
4066, 15625, 224, 224, 4052
4066, 15624, 224, 224, 4052
4066, 15624, 224, 224, 4052
4066, 15624, 224, 224, 4052
4066, 15624, 223, 223, 4052
4065, 15624, 224, 224, 4052
4066, 15624, 224, 224, 4052
4066, 15624, 224, 224, 4052
4067, 15624, 224, 224, 4052
4067, 15624, 224, 224, 4052
4066, 15624, 224, 224, 4052
4066, 15624, 224, 224, 4050
4065, 15624, 224, 224, 4050
4065, 15624, 224, 224, 4050
4066, 15624, 223, 223, 4050
4066, 15624, 223, 223, 4050
4066, 15625, 224, 224, 4050
4066, 15625, 224, 224, 4050
4066, 15625, 223, 223, 4050
4066, 15624, 224, 224, 4050
4066, 15624, 224, 224, 4050
4067, 15624, 224, 224, 4050
4066, 15625, 224, 224, 4050
4066, 15625, 224, 224, 4050
4065, 15624, 223, 223, 4050
4066, 15625, 224, 224, 4050
4066, 15625, 224, 224, 4050
4066, 15624, 224, 224, 4050
4066, 15625, 224, 224, 4050
4066, 15625, 224, 224, 4050
4067, 15624, 224, 224, 4050
4067, 15624, 224, 224, 4050
4066, 15624, 224, 224, 4050
4066, 15624, 224, 224, 4050
4067, 15623, 224, 224, 4050
4066, 15625, 224, 224, 4050
4066, 15623, 224, 224, 4050
4066, 15624, 223, 223, 4050
4066, 15624, 223, 223, 4046
4066, 15624, 223, 223, 4046
4066, 15624, 224, 224, 4046
4066, 15624, 224, 224, 4046
4065, 15624, 223, 223, 4046
4065, 15624, 223, 223, 4046
4067, 15624, 224, 224, 4046
4065, 15624, 223, 223, 4046
4067, 15625, 224, 224, 4046
4067, 15625, 224, 224, 4046
4068, 15624, 224, 224, 4046
4067, 15625, 224, 224, 4046
4066, 15624, 224, 224, 4046
4066, 15624, 224, 224, 4046
4066, 15624, 224, 224, 4046
4066, 15624, 224, 224, 4046
4066, 15625, 224, 224, 4046
4066, 15625, 224, 224, 4046
4065, 15624, 224, 224, 4046
4066, 15624, 223, 223, 4046
4067, 15624, 224, 224, 4046
4067, 15624, 224, 224, 4046
4067, 15624, 224, 224, 4046
4066, 15625, 224, 224, 4046
4066, 15625, 224, 224, 4046
4067, 15624, 224, 224, 4046
4066, 15623, 224, 224, 4050
4066, 15624, 223, 223, 4050
4067, 15624, 224, 224, 4050
4066, 15624, 224, 224, 4050
4066, 15624, 224, 224, 4050
4066, 15624, 224, 224, 4050
4067, 15624, 224, 224, 4050
4066, 15624, 224, 224, 4050
4066, 15625, 224, 224, 4050
4066, 15625, 224, 224, 4050
4065, 15624, 223, 223, 4050
4066, 15624, 224, 224, 4050
4067, 15625, 224, 224, 4050
4066, 15624, 224, 224, 4050
4067, 15625, 224, 224, 4050
4067, 15625, 224, 224, 4050
3953, 15613, 142, 142, 4050
3953, 15613, 142, 142, 4050
3970, 15611, 127, 127, 4050
3970, 15612, 128, 128, 4050
3970, 15612, 128, 128, 4050
3969, 15612, 128, 128, 4039
3969, 15612, 128, 128, 4039
3970, 15612, 127, 127, 4039
3972, 15612, 128, 128, 4039
3972, 15612, 128, 128, 4039
3972, 15612, 128, 128, 4039
3972, 15612, 128, 128, 4039
3971, 15613, 128, 128, 4039
3969, 15612, 128, 128, 4039
3969, 15612, 128, 128, 4039
3969, 15612, 128, 128, 4039
3970, 15612, 128, 128, 4039
3970, 15612, 128, 128, 4039
3971, 15612, 128, 128, 4039
3971, 15612, 128, 128, 4039
3972, 15611, 128, 128, 4039
3971, 15612, 128, 128, 4039
3970, 15612, 128, 128, 4039
3970, 15613, 127, 127, 4039
3969, 15611, 128, 128, 4039
3972, 15612, 128, 128, 4039
3972, 15612, 128, 128, 4039
3972, 15612, 128, 128, 4039
3969, 15613, 129, 129, 4039
3969, 15613, 129, 129, 4039
3969, 15613, 127, 127, 4041
3969, 15613, 127, 127, 4041
3968, 15612, 127, 127, 4041
3968, 15612, 127, 127, 4041
3970, 15611, 128, 128, 4041
3970, 15611, 128, 128, 4041
3970, 15613, 128, 128, 4041
3970, 15613, 128, 128, 4041
3972, 15612, 128, 128, 4041
3973, 15613, 128, 128, 4041
3972, 15612, 129, 129, 4041
3969, 15612, 129, 129, 4041
3969, 15612, 129, 129, 4041
3969, 15613, 128, 128, 4041
3969, 15613, 128, 128, 4041
3972, 15613, 128, 128, 4041
3972, 15613, 128, 128, 4041
3972, 15613, 129, 129, 4041
3971, 15613, 128, 128, 4041
3972, 15613, 128, 128, 4041
3972, 15613, 129, 129, 4041
3971, 15612, 128, 128, 4041
3972, 15613, 129, 129, 4041
3972, 15613, 129, 129, 4041
3969, 15611, 128, 128, 4041
3969, 15611, 128, 128, 4041
3968, 15612, 128, 128, 4041
3973, 15613, 128, 128, 4052
3973, 15613, 128, 128, 4052
3971, 15612, 127, 127, 4052
3973, 15612, 128, 128, 4052
3973, 15612, 128, 128, 4052
3969, 15613, 127, 127, 4052
3969, 15613, 127, 127, 4052
3968, 15612, 129, 129, 4052
3968, 15612, 129, 129, 4052
3967, 15612, 128, 128, 4052
3969, 15612, 128, 128, 4052
3969, 15612, 128, 128, 4052
3969, 15612, 128, 128, 4052
3969, 15612, 128, 128, 4052
3969, 15613, 129, 129, 4052
3971, 15612, 129, 129, 4052
3971, 15612, 129, 129, 4052
3971, 15612, 129, 129, 4052
3974, 15612, 129, 129, 4052
3974, 15612, 129, 129, 4052
3969, 15614, 128, 128, 4052
3969, 15614, 128, 128, 4052
3970, 15612, 128, 128, 4052
3969, 15612, 129, 129, 4052
3969, 15612, 128, 128, 4052
3969, 15612, 128, 128, 4052
3972, 15613, 129, 129, 4052
3972, 15612, 129, 129, 4050
3971, 15613, 128, 128, 4050
3971, 15613, 128, 128, 4050
3973, 15612, 128, 128, 4050
3973, 15612, 128, 128, 4050
3973, 15613, 129, 129, 4050
3969, 15612, 128, 128, 4050
3969, 15612, 129, 129, 4050
3969, 15612, 128, 128, 4050
3969, 15612, 128, 128, 4050
3968, 15613, 128, 128, 4050
3968, 15613, 128, 128, 4050
3969, 15613, 128, 128, 4050
3970, 15613, 129, 129, 4050
3973, 15613, 128, 128, 4050
3973, 15613, 128, 128, 4050
3973, 15614, 129, 129, 4050
3973, 15614, 129, 129, 4050
3970, 15613, 129, 129, 4050
3969, 15612, 129, 129, 4050
3969, 15613, 129, 129, 4050
3969, 15613, 129, 129, 4050
3970, 15612, 129, 129, 4050
3970, 15613, 128, 128, 4050
3970, 15613, 128, 128, 4050
3974, 15613, 129, 129, 4050
3974, 15612, 129, 129, 4050
3971, 15613, 129, 129, 4050
3969, 15613, 129, 129, 4052
3970, 15613, 129, 129, 4052
3970, 15613, 129, 129, 4052
3975, 15612, 128, 128, 4052
4070, 15626, 229, 229, 4052
4070, 15626, 229, 229, 4052
4070, 15626, 227, 227, 4052
4068, 15624, 226, 226, 4052
4068, 15624, 226, 226, 4052
4068, 15624, 226, 226, 4052
4067, 15625, 225, 225, 4052
4067, 15625, 225, 225, 4052
4068, 15625, 225, 225, 4052
4068, 15625, 225, 225, 4052
4068, 15626, 225, 225, 4052
4068, 15626, 225, 225, 4052
4068, 15625, 225, 225, 4052
4068, 15625, 225, 225, 4052
4068, 15624, 226, 226, 4052
4067, 15625, 224, 224, 4052
4067, 15625, 224, 224, 4052
4067, 15625, 225, 225, 4052
4068, 15625, 225, 225, 4052
4067, 15624, 225, 225, 4052
4067, 15625, 225, 225, 4052
4067, 15625, 225, 225, 4052
4068, 15625, 225, 225, 4052
4068, 15624, 226, 226, 4046
4068, 15624, 226, 226, 4046
4068, 15624, 226, 226, 4046
4067, 15625, 225, 225, 4046
4067, 15625, 225, 225, 4046
4068, 15625, 225, 225, 4046
4067, 15625, 225, 225, 4046
4067, 15625, 225, 225, 4046
4067, 15624, 225, 225, 4046
4067, 15625, 225, 225, 4046
4067, 15625, 225, 225, 4046
4067, 15625, 225, 225, 4046
4067, 15625, 225, 225, 4046
4067, 15625, 225, 225, 4046
4068, 15626, 225, 225, 4046
4067, 15625, 225, 225, 4046
4067, 15625, 225, 225, 4046
4068, 15625, 225, 225, 4046
4067, 15625, 225, 225, 4046
4067, 15625, 225, 225, 4046
4068, 15625, 225, 225, 4046
4068, 15625, 225, 225, 4046
4067, 15625, 225, 225, 4046
4068, 15625, 225, 225, 4046
4068, 15625, 225, 225, 4046
4068, 15625, 225, 225, 4046
4068, 15626, 226, 226, 4044
4068, 15626, 226, 226, 4044
4067, 15625, 225, 225, 4044
4068, 15626, 225, 225, 4044
4068, 15625, 225, 225, 4044
4067, 15625, 225, 225, 4044
4067, 15625, 225, 225, 4044
4068, 15625, 225, 225, 4044
4068, 15625, 225, 225, 4044
4068, 15625, 225, 225, 4044
4067, 15625, 225, 225, 4044
4067, 15625, 225, 225, 4044
4068, 15625, 225, 225, 4044
4068, 15626, 225, 225, 4044
4068, 15625, 225, 225, 4044
4068, 15625, 225, 225, 4044
4068, 15625, 225, 225, 4044
4068, 15625, 225, 225, 4044
4068, 15625, 225, 225, 4044
4067, 15626, 225, 225, 4044
4068, 15626, 225, 225, 4044
4067, 15626, 225, 225, 4044
4067, 15626, 225, 225, 4044
4067, 15626, 225, 225, 4044
4067, 15626, 225, 225, 4044
4068, 15626, 225, 225, 4041
4068, 15626, 225, 225, 4041
4067, 15626, 225, 225, 4041
4067, 15626, 225, 225, 4041
4068, 15626, 225, 225, 4041
4068, 15626, 225, 225, 4041
4067, 15625, 225, 225, 4041
4068, 15625, 225, 225, 4041
4067, 15625, 225, 225, 4041
4067, 15625, 225, 225, 4041
4068, 15626, 225, 225, 4041
4068, 15625, 225, 225, 4041
4068, 15625, 225, 225, 4041
4067, 15626, 225, 225, 4041
4067, 15625, 225, 225, 4041
4068, 15626, 225, 225, 4041
4067, 15626, 225, 225, 4041
4067, 15625, 225, 225, 4041
4068, 15626, 225, 225, 4041
4068, 15626, 225, 225, 4041
4068, 15625, 225, 225, 4041
4068, 15626, 225, 225, 4041
4068, 15626, 225, 225, 4041
4068, 15626, 226, 226, 4041
4067, 15625, 225, 225, 4041
4067, 15626, 226, 226, 4042
4068, 15625, 225, 225, 4042
4068, 15626, 225, 225, 4042
4068, 15626, 225, 225, 4042
4067, 15626, 225, 225, 4042
4068, 15625, 226, 226, 4042
4068, 15625, 226, 226, 4042
4068, 15626, 225, 225, 4042
4068, 15626, 225, 225, 4042
4068, 15625, 225, 225, 4042
4068, 15626, 225, 225, 4042
4068, 15625, 226, 226, 4042
4068, 15625, 226, 226, 4042
4068, 15625, 226, 226, 4042
4068, 15627, 226, 226, 4042
4068, 15626, 225, 225, 4042
4068, 15626, 225, 225, 4042
4068, 15626, 226, 226, 4042
4068, 15626, 226, 226, 4042
4069, 15626, 226, 226, 4042
4069, 15626, 226, 226, 4042
4068, 15626, 226, 226, 4042
4068, 15625, 225, 225, 4042
4068, 15626, 225, 225, 4042
4068, 15627, 226, 226, 4042
4068, 15626, 225, 225, 4042
4068, 15626, 226, 226, 4042
4069, 15625, 226, 226, 4035
4068, 15626, 226, 226, 4035
4068, 15620, 226, 226, 4035
3939, 15613, 116, 116, 4035
3939, 15613, 116, 116, 4035
3967, 15613, 126, 126, 4035
3967, 15613, 126, 126, 4035
3969, 15612, 128, 128, 4035
3969, 15612, 128, 128, 4035
3973, 15612, 129, 129, 4035
3969, 15613, 129, 129, 4035
3973, 15613, 129, 129, 4035
3973, 15613, 129, 129, 4035
3972, 15614, 129, 129, 4035
3972, 15614, 129, 129, 4035
3972, 15614, 129, 129, 4035
3973, 15614, 129, 129, 4035
3973, 15614, 129, 129, 4035
3972, 15614, 130, 130, 4035
3972, 15614, 130, 130, 4035
3971, 15614, 129, 129, 4035
3970, 15613, 129, 129, 4035
3970, 15614, 130, 130, 4035
3972, 15613, 129, 129, 4035
3975, 15614, 130, 130, 4035
3975, 15614, 130, 130, 4035
3972, 15614, 130, 130, 4048
3972, 15614, 130, 130, 4048
3970, 15613, 129, 129, 4048
3970, 15613, 129, 129, 4048
3969, 15613, 130, 130, 4048
3969, 15613, 130, 130, 4048
3973, 15615, 129, 129, 4048
3973, 15614, 130, 130, 4048
3973, 15614, 130, 130, 4048
3973, 15614, 129, 129, 4048
3974, 15614, 131, 131, 4048
3974, 15614, 131, 131, 4048
3972, 15614, 129, 129, 4048
3973, 15614, 131, 131, 4048
3973, 15614, 131, 131, 4048
3973, 15614, 131, 131, 4048
3973, 15614, 131, 131, 4048
3971, 15613, 130, 130, 4048
3971, 15613, 130, 130, 4048
3971, 15613, 130, 130, 4048
3971, 15613, 130, 130, 4048
3973, 15614, 129, 129, 4048
3973, 15614, 129, 129, 4048
3975, 15615, 130, 130, 4048
3975, 15615, 130, 130, 4048
3973, 15615, 130, 130, 4048
3973, 15615, 130, 130, 4048
3971, 15615, 130, 130, 4044
3972, 15614, 130, 130, 4044
3972, 15614, 130, 130, 4044
3974, 15616, 130, 130, 4044
3975, 15614, 130, 130, 4044
3974, 15613, 129, 129, 4044
3974, 15613, 129, 129, 4044
3972, 15614, 130, 130, 4044
3971, 15613, 130, 130, 4044
3971, 15613, 130, 130, 4044
3974, 15613, 130, 130, 4044
3974, 15613, 130, 130, 4044
3974, 15613, 130, 130, 4044
3974, 15612, 130, 130, 4044
3972, 15614, 129, 129, 4044
3973, 15614, 130, 130, 4044
3973, 15614, 130, 130, 4044
3973, 15614, 130, 130, 4044
3973, 15614, 130, 130, 4044
3973, 15614, 131, 131, 4044
3973, 15614, 130, 130, 4044
3975, 15614, 130, 130, 4044
3974, 15615, 130, 130, 4044
3971, 15613, 130, 130, 4044
3971, 15613, 130, 130, 4044
3970, 15613, 130, 130, 4048
3970, 15613, 130, 130, 4048
3973, 15613, 130, 130, 4048
3974, 15614, 130, 130, 4048
3974, 15614, 130, 130, 4048
3974, 15614, 130, 130, 4048
3974, 15614, 130, 130, 4048
3973, 15614, 129, 129, 4048
3973, 15614, 129, 129, 4048
3973, 15615, 130, 130, 4048
3971, 15615, 130, 130, 4048
3971, 15615, 130, 130, 4048
3970, 15613, 130, 130, 4048
3972, 15613, 130, 130, 4048
3974, 15615, 129, 129, 4048
3974, 15615, 129, 129, 4048
3975, 15614, 130, 130, 4048
3975, 15614, 130, 130, 4048
3972, 15615, 130, 130, 4048
3972, 15615, 130, 130, 4048
3970, 15614, 130, 130, 4048
3970, 15614, 130, 130, 4048
3975, 15613, 131, 131, 4048
3975, 15613, 131, 131, 4048
3974, 15613, 129, 129, 4048
3974, 15613, 129, 129, 4048
3975, 15615, 130, 130, 4052
3975, 15615, 130, 130, 4052
3975, 15615, 131, 131, 4052
3972, 15614, 130, 130, 4052
3972, 15614, 130, 130, 4052
3971, 15614, 130, 130, 4052
3971, 15614, 130, 130, 4052
3970, 15614, 129, 129, 4052
3975, 15615, 130, 130, 4052
3974, 15614, 130, 130, 4052
3971, 15615, 130, 130, 4052
3971, 15615, 130, 130, 4052
3970, 15615, 130, 130, 4052
3970, 15615, 130, 130, 4052
3973, 15614, 130, 130, 4052
3973, 15614, 130, 130, 4052
3973, 15614, 130, 130, 4052
3971, 15616, 132, 132, 4052
3971, 15616, 132, 132, 4052
4073, 15627, 232, 232, 4052
4070, 15627, 228, 228, 4052
4070, 15627, 228, 228, 4052
4070, 15625, 228, 228, 4052
4070, 15626, 228, 228, 4052
4070, 15626, 227, 227, 4052
4069, 15626, 227, 227, 4052
4069, 15626, 227, 227, 4052
4069, 15625, 227, 227, 4060
4069, 15625, 227, 227, 4060
4069, 15626, 227, 227, 4060
4068, 15625, 226, 226, 4060
4069, 15626, 227, 227, 4060
4069, 15627, 227, 227, 4060
4069, 15626, 227, 227, 4060
4069, 15626, 227, 227, 4060
4069, 15627, 227, 227, 4060
4069, 15627, 227, 227, 4060
4068, 15626, 226, 226, 4060
4069, 15627, 226, 226, 4060
4069, 15627, 226, 226, 4060
4069, 15627, 226, 226, 4060
4069, 15627, 226, 226, 4060
4069, 15627, 226, 226, 4060
4068, 15627, 226, 226, 4060
4068, 15627, 226, 226, 4060
4068, 15627, 226, 226, 4060
4068, 15627, 226, 226, 4060
4069, 15627, 226, 226, 4060
4069, 15626, 227, 227, 4050
4069, 15626, 227, 227, 4050
4069, 15627, 227, 227, 4050
4069, 15627, 227, 227, 4050
4068, 15626, 226, 226, 4050
4069, 15626, 226, 226, 4050
4068, 15625, 226, 226, 4050
4069, 15626, 227, 227, 4050
4070, 15626, 227, 227, 4050
4070, 15627, 227, 227, 4050
4070, 15627, 227, 227, 4050
4069, 15627, 226, 226, 4050
4069, 15627, 227, 227, 4050
4069, 15627, 227, 227, 4050
4069, 15627, 227, 227, 4050
4069, 15627, 227, 227, 4050
4069, 15627, 226, 226, 4050
4069, 15627, 226, 226, 4050
4069, 15628, 227, 227, 4050
4068, 15626, 226, 226, 4050
4069, 15627, 226, 226, 4050
4070, 15626, 226, 226, 4050
4069, 15627, 227, 227, 4050
4069, 15627, 227, 227, 4050
4069, 15627, 227, 227, 4048
4068, 15627, 226, 226, 4048
4069, 15627, 226, 226, 4048
4069, 15627, 226, 226, 4048
4069, 15627, 227, 227, 4048
4069, 15627, 227, 227, 4048
4069, 15627, 227, 227, 4048
4068, 15628, 226, 226, 4048
4069, 15627, 226, 226, 4048
4068, 15627, 226, 226, 4048
4068, 15627, 226, 226, 4048
4069, 15628, 226, 226, 4048
4068, 15627, 226, 226, 4048
4068, 15627, 226, 226, 4048
4069, 15626, 226, 226, 4048
4069, 15627, 226, 226, 4048
4069, 15628, 226, 226, 4048
4069, 15626, 227, 227, 4048
4069, 15626, 227, 227, 4048
4069, 15627, 227, 227, 4048
4069, 15627, 227, 227, 4048
4070, 15627, 227, 227, 4048
4068, 15628, 226, 226, 4048
4069, 15627, 227, 227, 4048
4069, 15627, 227, 227, 4048
4070, 15627, 227, 227, 4048
4070, 15627, 227, 227, 4048
4070, 15627, 227, 227, 4048
4070, 15627, 227, 227, 4048
4070, 15627, 227, 227, 4048
4069, 15627, 227, 227, 4048
4069, 15627, 227, 227, 4048
4070, 15628, 227, 227, 4048
4069, 15627, 226, 226, 4048
4069, 15627, 226, 226, 4048
4069, 15627, 226, 226, 4048
4069, 15628, 227, 227, 4048
4069, 15628, 227, 227, 4048
4069, 15627, 227, 227, 4048
4069, 15627, 227, 227, 4048
4070, 15627, 227, 227, 4048
4070, 15628, 228, 228, 4048
4069, 15627, 227, 227, 4048
4070, 15626, 227, 227, 4048
4070, 15626, 227, 227, 4048
4069, 15628, 227, 227, 4048
4069, 15628, 227, 227, 4048
4069, 15628, 227, 227, 4048
4070, 15627, 227, 227, 4048
4069, 15627, 227, 227, 4048
4069, 15627, 227, 227, 4050
4069, 15627, 227, 227, 4050
4069, 15628, 227, 227, 4050
4069, 15628, 227, 227, 4050
4069, 15627, 227, 227, 4050
4070, 15627, 227, 227, 4050
4070, 15627, 227, 227, 4050
4069, 15627, 227, 227, 4050
4069, 15628, 227, 227, 4050
4070, 15627, 227, 227, 4050
4070, 15627, 227, 227, 4050
4070, 15627, 227, 227, 4050
4069, 15628, 227, 227, 4050
4069, 15627, 227, 227, 4050
4070, 15628, 227, 227, 4050
4070, 15627, 227, 227, 4050
4070, 15627, 227, 227, 4050
3982, 15616, 197, 197, 4050
3972, 15614, 129, 129, 4050
3973, 15614, 130, 130, 4050
3974, 15615, 130, 130, 4050
3975, 15615, 130, 130, 4050
3976, 15616, 132, 132, 4052
3976, 15616, 132, 132, 4052
3971, 15614, 131, 131, 4052
3971, 15614, 131, 131, 4052
3971, 15615, 131, 131, 4052
3971, 15615, 131, 131, 4052
3971, 15615, 130, 130, 4052
3970, 15614, 130, 130, 4052
3975, 15614, 131, 131, 4052
3975, 15614, 131, 131, 4052
3973, 15615, 130, 130, 4052
3976, 15615, 130, 130, 4052
3977, 15616, 132, 132, 4052
3975, 15615, 131, 131, 4052
3975, 15615, 131, 131, 4052
3972, 15615, 131, 131, 4052
3972, 15616, 131, 131, 4052
3971, 15615, 131, 131, 4052
3974, 15616, 131, 131, 4052
3974, 15616, 131, 131, 4052
3974, 15615, 131, 131, 4052
3973, 15616, 131, 131, 4052
3972, 15615, 131, 131, 4052
3970, 15614, 131, 131, 4052
3970, 15614, 131, 131, 4052
3974, 15615, 131, 131, 4052
3972, 15615, 131, 131, 4054
3973, 15616, 131, 131, 4054
3975, 15616, 131, 131, 4054
3975, 15616, 131, 131, 4054
3978, 15616, 132, 132, 4054
3972, 15615, 132, 132, 4054
3973, 15615, 131, 131, 4054
3972, 15614, 132, 132, 4054
3971, 15616, 132, 132, 4054
3975, 15615, 130, 130, 4054
3974, 15614, 132, 132, 4054
3974, 15614, 132, 132, 4054
3972, 15614, 131, 131, 4054
3973, 15614, 132, 132, 4054
3976, 15615, 132, 132, 4054
3976, 15614, 131, 131, 4054
3974, 15616, 131, 131, 4054
3974, 15616, 131, 131, 4054
3973, 15616, 131, 131, 4054
3973, 15615, 131, 131, 4054
3973, 15615, 131, 131, 4054
3973, 15615, 131, 131, 4054
3972, 15615, 132, 132, 4054
3973, 15615, 131, 131, 4054
3973, 15615, 131, 131, 4054
3976, 15615, 132, 132, 4048
3973, 15616, 131, 131, 4048
3973, 15616, 131, 131, 4048
3972, 15614, 132, 132, 4048
3972, 15614, 132, 132, 4048
3972, 15615, 132, 132, 4048
3972, 15615, 132, 132, 4048
3972, 15615, 131, 131, 4048
3972, 15615, 131, 131, 4048
3973, 15615, 132, 132, 4048
3973, 15615, 132, 132, 4048
3977, 15615, 131, 131, 4048
3974, 15615, 132, 132, 4048
3973, 15615, 132, 132, 4048
3973, 15615, 132, 132, 4048
3972, 15615, 132, 132, 4048
3972, 15615, 132, 132, 4048
3973, 15616, 132, 132, 4048
3973, 15616, 132, 132, 4048
3971, 15615, 131, 131, 4048
3977, 15615, 131, 131, 4048
3973, 15614, 132, 132, 4048
3975, 15616, 131, 131, 4048
3975, 15616, 131, 131, 4048
3973, 15616, 132, 132, 4052
3971, 15616, 132, 132, 4052
3971, 15615, 131, 131, 4052
3974, 15614, 132, 132, 4052
3974, 15614, 132, 132, 4052
3976, 15615, 131, 131, 4052
3976, 15617, 131, 131, 4052
3973, 15616, 132, 132, 4052
3972, 15617, 132, 132, 4052
3972, 15617, 132, 132, 4052
3974, 15616, 131, 131, 4052
3974, 15616, 131, 131, 4052
3974, 15616, 131, 131, 4052
3975, 15616, 131, 131, 4052
3975, 15616, 131, 131, 4052
3977, 15616, 132, 132, 4052
3976, 15615, 131, 131, 4052
3976, 15616, 132, 132, 4052
3976, 15616, 132, 132, 4052
3974, 15616, 132, 132, 4052
3972, 15615, 132, 132, 4052
3972, 15616, 132, 132, 4052
3972, 15616, 132, 132, 4052
3974, 15616, 131, 131, 4052
3974, 15616, 132, 132, 4052
3976, 15616, 132, 132, 4052
3977, 15615, 132, 132, 4052
3966, 15616, 129, 129, 4052
4073, 15629, 231, 231, 4052
4073, 15629, 231, 231, 4052
4073, 15629, 230, 230, 4052
4072, 15627, 229, 229, 4052
4071, 15627, 229, 229, 4052
4071, 15627, 229, 229, 4052
4071, 15627, 228, 228, 4052
4071, 15628, 228, 228, 4052
4070, 15628, 228, 228, 4052
4070, 15628, 228, 228, 4052
4070, 15628, 228, 228, 4052
4071, 15628, 228, 228, 4052
4069, 15627, 228, 228, 4052
4070, 15628, 228, 228, 4052
4070, 15628, 228, 228, 4052
4070, 15628, 228, 228, 4052
4070, 15628, 228, 228, 4052
4070, 15627, 228, 228, 4052
4070, 15629, 228, 228, 4052
4070, 15629, 228, 228, 4052
4070, 15628, 228, 228, 4052
4070, 15628, 228, 228, 4052
4070, 15627, 228, 228, 4048
4070, 15627, 228, 228, 4048
4071, 15629, 228, 228, 4048
4070, 15629, 228, 228, 4048
4071, 15628, 228, 228, 4048
4071, 15629, 228, 228, 4048
4070, 15628, 228, 228, 4048
4071, 15629, 228, 228, 4048
4071, 15630, 228, 228, 4048
4070, 15629, 228, 228, 4048
4070, 15629, 228, 228, 4048
4070, 15629, 228, 228, 4048
4071, 15630, 228, 228, 4048
4070, 15629, 228, 228, 4048
4070, 15629, 228, 228, 4048
4070, 15628, 228, 228, 4048
4070, 15628, 228, 228, 4048
4071, 15628, 228, 228, 4048
4070, 15629, 228, 228, 4048
4070, 15629, 228, 228, 4048
4069, 15628, 228, 228, 4048
4070, 15628, 227, 227, 4048
4070, 15628, 227, 227, 4048
4070, 15629, 228, 228, 4048
4070, 15628, 228, 228, 4048
4070, 15628, 228, 228, 4048
4070, 15628, 228, 228, 4048
4071, 15628, 228, 228, 4048
4070, 15629, 228, 228, 4048
4070, 15629, 228, 228, 4048
4071, 15628, 228, 228, 4048
4071, 15629, 228, 228, 4048
4070, 15628, 228, 228, 4048
4071, 15628, 228, 228, 4048
4070, 15629, 228, 228, 4048
4070, 15629, 228, 228, 4048
4070, 15629, 227, 227, 4048
4071, 15629, 228, 228, 4048
4070, 15628, 228, 228, 4048
4070, 15628, 228, 228, 4048
4070, 15628, 228, 228, 4048
4070, 15628, 228, 228, 4048
4071, 15628, 228, 228, 4048
4071, 15629, 228, 228, 4048
4071, 15628, 228, 228, 4048
4070, 15626, 228, 228, 4048
4070, 15626, 228, 228, 4048
4070, 15628, 228, 228, 4048
4070, 15627, 228, 228, 4048
4070, 15627, 228, 228, 4048
4071, 15628, 229, 229, 4048
4071, 15628, 229, 229, 4044
4070, 15629, 229, 229, 4044
4071, 15628, 228, 228, 4044
4071, 15629, 229, 229, 4044
4071, 15629, 229, 229, 4044
4071, 15628, 229, 229, 4044
4071, 15629, 229, 229, 4044
4070, 15629, 228, 228, 4044
4070, 15629, 228, 228, 4044
4072, 15628, 229, 229, 4044
4072, 15628, 229, 229, 4044
4071, 15628, 229, 229, 4044
4071, 15629, 229, 229, 4044
4072, 15628, 228, 228, 4044
4071, 15628, 229, 229, 4044
4071, 15628, 229, 229, 4044
4070, 15629, 229, 229, 4044
4072, 15630, 229, 229, 4044
4071, 15629, 229, 229, 4044
4071, 15629, 229, 229, 4044
4071, 15629, 229, 229, 4044
4071, 15628, 229, 229, 4044
4071, 15628, 228, 228, 4044
4070, 15628, 229, 229, 4044
4071, 15628, 229, 229, 4048
4071, 15628, 229, 229, 4048
4071, 15629, 228, 228, 4048
4071, 15628, 229, 229, 4048
4071, 15628, 229, 229, 4048
4071, 15629, 228, 228, 4048
4072, 15629, 228, 228, 4048
4071, 15629, 229, 229, 4048
4071, 15629, 229, 229, 4048
4071, 15628, 229, 229, 4048
4071, 15628, 229, 229, 4048
4072, 15629, 229, 229, 4048
4072, 15629, 229, 229, 4048
4070, 15629, 228, 228, 4048
4070, 15629, 228, 228, 4048
4072, 15629, 229, 229, 4048
4071, 15629, 229, 229, 4048
4072, 15629, 229, 229, 4048
4072, 15629, 229, 229, 4048
4072, 15629, 229, 229, 4048
4071, 15630, 229, 229, 4048
4071, 15630, 229, 229, 4048
4072, 15628, 229, 229, 4048
4072, 15628, 229, 229, 4048
4071, 15629, 229, 229, 4042
4071, 15629, 229, 229, 4042
4071, 15629, 229, 229, 4042
4070, 15628, 229, 229, 4042
3972, 15616, 126, 126, 4042
3972, 15616, 126, 126, 4042
3975, 15617, 132, 132, 4042
3975, 15617, 132, 132, 4042
3975, 15616, 132, 132, 4042
3975, 15616, 132, 132, 4042
3977, 15616, 132, 132, 4042
3977, 15617, 132, 132, 4042
3973, 15616, 132, 132, 4042
3973, 15617, 133, 133, 4042
3974, 15616, 134, 134, 4042
3976, 15616, 132, 132, 4042
3976, 15616, 132, 132, 4042
3976, 15617, 133, 133, 4042
3976, 15617, 133, 133, 4042
3973, 15615, 133, 133, 4042
3973, 15615, 133, 133, 4042
3974, 15615, 134, 134, 4042
3974, 15615, 134, 134, 4042
3974, 15617, 133, 133, 4048
3974, 15617, 132, 132, 4048
3972, 15616, 132, 132, 4048
3972, 15616, 132, 132, 4048
3976, 15616, 133, 133, 4048
3976, 15616, 133, 133, 4048
3978, 15617, 133, 133, 4048
3977, 15617, 133, 133, 4048
3977, 15617, 133, 133, 4048
3975, 15618, 133, 133, 4048
3974, 15617, 133, 133, 4048
3974, 15618, 133, 133, 4048
3974, 15617, 133, 133, 4048
3974, 15616, 133, 133, 4048
3974, 15616, 133, 133, 4048
3977, 15617, 132, 132, 4048
3977, 15617, 132, 132, 4048
3978, 15617, 133, 133, 4048
3978, 15617, 133, 133, 4048
3975, 15618, 133, 133, 4048
3975, 15617, 133, 133, 4048
3974, 15616, 133, 133, 4048
3974, 15618, 133, 133, 4048
3974, 15618, 133, 133, 4048
3974, 15618, 132, 132, 4041
3974, 15618, 132, 132, 4041
3975, 15616, 133, 133, 4041
3975, 15616, 133, 133, 4041
3976, 15617, 133, 133, 4041
3976, 15617, 133, 133, 4041
3977, 15617, 134, 134, 4041
3977, 15617, 134, 134, 4041
3974, 15618, 133, 133, 4041
3972, 15618, 133, 133, 4041
3974, 15617, 133, 133, 4041
3976, 15617, 133, 133, 4041
3977, 15618, 132, 132, 4041
3977, 15618, 132, 132, 4041
3974, 15618, 133, 133, 4041
3974, 15618, 133, 133, 4041
3976, 15617, 134, 134, 4041
3976, 15617, 134, 134, 4041
3976, 15618, 133, 133, 4041
3976, 15618, 133, 133, 4041
3977, 15618, 133, 133, 4041
3976, 15617, 133, 133, 4041
3978, 15617, 133, 133, 4041
3975, 15619, 132, 132, 4041
3975, 15619, 132, 132, 4041
3977, 15617, 133, 133, 4046
3975, 15618, 133, 133, 4046
3975, 15618, 133, 133, 4046
3974, 15618, 134, 134, 4046
3974, 15618, 134, 134, 4046
3976, 15617, 134, 134, 4046
3976, 15618, 133, 133, 4046
3974, 15617, 133, 133, 4046
3973, 15617, 133, 133, 4046
3976, 15618, 133, 133, 4046
3978, 15618, 133, 133, 4046
3978, 15617, 133, 133, 4046
3974, 15616, 134, 134, 4046
3974, 15616, 134, 134, 4046
3977, 15618, 133, 133, 4046
3978, 15619, 134, 134, 4046
3978, 15619, 134, 134, 4046
3976, 15618, 133, 133, 4046
3974, 15617, 134, 134, 4046
3974, 15617, 134, 134, 4046
3975, 15617, 134, 134, 4046
3976, 15617, 134, 134, 4046
3977, 15617, 134, 134, 4046
3977, 15617, 134, 134, 4046
3977, 15618, 134, 134, 4046
3975, 15618, 134, 134, 4048
3977, 15618, 133, 133, 4048
3977, 15618, 133, 133, 4048
3975, 15616, 134, 134, 4048
3976, 15617, 133, 133, 4048
3976, 15618, 133, 133, 4048
3976, 15618, 133, 133, 4048
3976, 15618, 133, 133, 4048
3979, 15619, 134, 134, 4048
3978, 15617, 133, 133, 4048
3978, 15617, 133, 133, 4048
3977, 15619, 134, 134, 4048
3977, 15618, 133, 133, 4048
3979, 15619, 135, 135, 4048
3986, 15619, 136, 136, 4048
3986, 15619, 136, 136, 4048
4076, 15631, 234, 234, 4048
4075, 15630, 233, 233, 4048
4073, 15631, 231, 231, 4048
4073, 15630, 231, 231, 4048
4073, 15630, 231, 231, 4048
4074, 15630, 231, 231, 4048
4073, 15630, 230, 230, 4048
4073, 15630, 230, 230, 4048
4073, 15630, 231, 231, 4048
4074, 15631, 230, 230, 4052
4071, 15630, 229, 229, 4052
4072, 15630, 230, 230, 4052
4072, 15630, 230, 230, 4052
4072, 15631, 230, 230, 4052
4073, 15630, 230, 230, 4052
4073, 15630, 231, 231, 4052
4072, 15630, 230, 230, 4052
4072, 15630, 230, 230, 4052
4073, 15630, 230, 230, 4052
4072, 15630, 230, 230, 4052
4072, 15630, 230, 230, 4052
4072, 15630, 230, 230, 4052
4073, 15630, 230, 230, 4052
4072, 15631, 230, 230, 4052
4073, 15631, 230, 230, 4052
4073, 15630, 230, 230, 4052
4072, 15630, 230, 230, 4052
4072, 15630, 230, 230, 4052
4072, 15630, 230, 230, 4052
4073, 15630, 230, 230, 4052
4072, 15630, 230, 230, 4050
4072, 15630, 230, 230, 4050
4072, 15631, 230, 230, 4050
4073, 15629, 230, 230, 4050
4073, 15629, 230, 230, 4050
4073, 15630, 230, 230, 4050
4073, 15630, 230, 230, 4050
4072, 15631, 230, 230, 4050
4072, 15631, 230, 230, 4050
4072, 15630, 231, 231, 4050
4072, 15631, 230, 230, 4050
4073, 15631, 230, 230, 4050
4072, 15631, 230, 230, 4050
4073, 15630, 230, 230, 4050
4072, 15630, 230, 230, 4050
4073, 15631, 230, 230, 4050
4073, 15631, 230, 230, 4050
4072, 15630, 230, 230, 4050
4071, 15630, 229, 229, 4050
4071, 15630, 229, 229, 4050
4072, 15631, 230, 230, 4050
4072, 15631, 230, 230, 4050
4073, 15630, 230, 230, 4050
4073, 15631, 231, 231, 4050
4073, 15631, 231, 231, 4050
4073, 15631, 230, 230, 4050
4073, 15630, 230, 230, 4050
4072, 15631, 230, 230, 4050
4072, 15631, 230, 230, 4050
4072, 15631, 230, 230, 4050
4072, 15631, 230, 230, 4050
4073, 15631, 230, 230, 4050
4074, 15631, 231, 231, 4050
4072, 15630, 231, 231, 4050
4073, 15631, 231, 231, 4050
4073, 15630, 230, 230, 4050
4073, 15630, 230, 230, 4050
4073, 15631, 230, 230, 4050
4073, 15631, 230, 230, 4050
4072, 15631, 230, 230, 4050
4073, 15632, 230, 230, 4050
4073, 15632, 230, 230, 4050
4073, 15631, 230, 230, 4050
4071, 15632, 230, 230, 4050
4072, 15631, 230, 230, 4050
4072, 15631, 230, 230, 4050
4072, 15631, 230, 230, 4050
4073, 15630, 231, 231, 4050
4072, 15631, 230, 230, 4050
4073, 15631, 230, 230, 4050
4073, 15631, 230, 230, 4050
4073, 15631, 231, 231, 4052
4072, 15631, 230, 230, 4052
4073, 15631, 231, 231, 4052
4073, 15631, 231, 231, 4052
4072, 15631, 230, 230, 4052
4072, 15631, 230, 230, 4052
4072, 15631, 230, 230, 4052
4072, 15631, 230, 230, 4052
4072, 15632, 230, 230, 4052
4073, 15631, 231, 231, 4052
4073, 15631, 231, 231, 4052
4072, 15631, 230, 230, 4052
4072, 15631, 230, 230, 4052
4072, 15631, 229, 229, 4052
4072, 15631, 229, 229, 4052
4073, 15632, 231, 231, 4052
4072, 15631, 230, 230, 4052
4072, 15631, 230, 230, 4052
4073, 15631, 230, 230, 4052
4073, 15631, 230, 230, 4052
4073, 15632, 230, 230, 4052
4073, 15631, 230, 230, 4050
4073, 15631, 230, 230, 4050
4073, 15631, 230, 230, 4050
4073, 15631, 231, 231, 4050
4073, 15631, 231, 231, 4050
4073, 15631, 231, 231, 4050
4073, 15632, 230, 230, 4050
4072, 15632, 230, 230, 4050
4073, 15632, 230, 230, 4050
4073, 15632, 230, 230, 4050
4073, 15631, 231, 231, 4050
4073, 15631, 230, 230, 4050
4074, 15630, 231, 231, 4050
4074, 15630, 231, 231, 4050
4072, 15631, 230, 230, 4050
4072, 15632, 231, 231, 4050
4073, 15631, 230, 230, 4050
4073, 15631, 231, 231, 4050
4073, 15631, 231, 231, 4050
4073, 15630, 231, 231, 4050
4073, 15630, 231, 231, 4050
3874, 15606, 35, 35, 4050
3874, 15606, 35, 35, 4050
3890, 15606, 44, 44, 4050
3892, 15607, 47, 47, 4054
3888, 15607, 46, 46, 4054
3888, 15607, 46, 46, 4054
3890, 15608, 46, 46, 4054
3889, 15608, 46, 46, 4054
3888, 15608, 47, 47, 4054
3888, 15606, 46, 46, 4054
3888, 15607, 47, 47, 4054
3886, 15607, 47, 47, 4054
3893, 15608, 47, 47, 4054
3893, 15608, 47, 47, 4054
3894, 15609, 48, 48, 4054
3894, 15609, 48, 48, 4054
3890, 15609, 48, 48, 4054
3890, 15609, 48, 48, 4054
3888, 15608, 49, 49, 4054
3888, 15608, 49, 49, 4054
3887, 15608, 49, 49, 4054
3887, 15608, 49, 49, 4054
3887, 15607, 49, 49, 4054
3887, 15607, 49, 49, 4054
3888, 15607, 49, 49, 4054
3893, 15608, 49, 49, 4054
3894, 15609, 49, 49, 4054
3896, 15609, 49, 49, 4048
3890, 15609, 48, 48, 4048
3890, 15609, 48, 48, 4048
3889, 15608, 49, 49, 4048
3889, 15608, 49, 49, 4048
3889, 15608, 49, 49, 4048
3894, 15608, 49, 49, 4048
3887, 15608, 48, 48, 4048
3897, 15609, 49, 49, 4048
3897, 15609, 49, 49, 4048
3894, 15608, 49, 49, 4048
3892, 15609, 48, 48, 4048
3895, 15607, 49, 49, 4048
3890, 15609, 48, 48, 4048
3896, 15609, 49, 49, 4048
3896, 15609, 49, 49, 4048
3895, 15610, 49, 49, 4048
3895, 15610, 49, 49, 4048
3893, 15609, 49, 49, 4048
3888, 15609, 48, 48, 4048
3888, 15609, 48, 48, 4048
3887, 15607, 49, 49, 4048
3887, 15607, 49, 49, 4048
3887, 15608, 49, 49, 4048
3896, 15609, 50, 50, 4050
3894, 15609, 49, 49, 4050
3894, 15609, 49, 49, 4050
3888, 15609, 48, 48, 4050
3888, 15608, 49, 49, 4050
3889, 15609, 49, 49, 4050
3889, 15609, 49, 49, 4050
3894, 15610, 49, 49, 4050
3894, 15610, 49, 49, 4050
3896, 15609, 49, 49, 4050
3896, 15609, 49, 49, 4050
3890, 15609, 49, 49, 4050
3890, 15609, 49, 49, 4050
3891, 15609, 49, 49, 4050
3889, 15608, 50, 50, 4050
3889, 15608, 50, 50, 4050
3894, 15609, 49, 49, 4050
3894, 15609, 49, 49, 4050
3894, 15609, 49, 49, 4050
3893, 15610, 49, 49, 4050
3893, 15610, 49, 49, 4050
3887, 15608, 49, 49, 4050
3887, 15608, 49, 49, 4050
3891, 15608, 49, 49, 4050
3891, 15610, 49, 49, 4050
3891, 15610, 49, 49, 4050
3895, 15609, 48, 48, 4050
3892, 15610, 50, 50, 4050
3890, 15609, 50, 50, 4056
3890, 15609, 50, 50, 4056
3890, 15609, 50, 50, 4056
3889, 15608, 49, 49, 4056
3893, 15609, 50, 50, 4056
3893, 15609, 50, 50, 4056
3895, 15610, 49, 49, 4056
3889, 15610, 49, 49, 4056
3889, 15610, 49, 49, 4056
3889, 15610, 50, 50, 4056
3889, 15609, 49, 49, 4056
3890, 15609, 49, 49, 4056
3896, 15609, 49, 49, 4056
3896, 15609, 49, 49, 4056
3894, 15610, 49, 49, 4056
3894, 15610, 49, 49, 4056
3894, 15609, 49, 49, 4056
3888, 15609, 49, 49, 4056
3888, 15609, 49, 49, 4056
3890, 15609, 50, 50, 4056
3896, 15609, 50, 50, 4056
3895, 15610, 49, 49, 4056
3889, 15608, 49, 49, 4056
3889, 15608, 49, 49, 4056
3889, 15609, 50, 50, 4056
3889, 15609, 49, 49, 4058
3889, 15609, 50, 50, 4058
3889, 15609, 50, 50, 4058
3892, 15609, 49, 49, 4058
3894, 15610, 50, 50, 4058
3894, 15611, 49, 49, 4058
3895, 15609, 50, 50, 4058
3895, 15609, 50, 50, 4058
4094, 15638, 104, 104, 4058
4094, 15638, 104, 104, 4058
4079, 15635, 238, 238, 4058
4079, 15635, 238, 238, 4058
4079, 15633, 236, 236, 4058
4077, 15633, 235, 235, 4058
4076, 15633, 234, 234, 4058
4075, 15633, 233, 233, 4058
4075, 15632, 233, 233, 4058
4075, 15632, 233, 233, 4058
4075, 15632, 233, 233, 4058
4075, 15632, 233, 233, 4058
4075, 15633, 233, 233, 4058
4075, 15633, 233, 233, 4058
4073, 15632, 232, 232, 4058
4074, 15632, 232, 232, 4058
4073, 15632, 231, 231, 4058
4073, 15632, 231, 231, 4058
4074, 15633, 232, 232, 4046
4074, 15633, 232, 232, 4046
4074, 15633, 232, 232, 4046
4075, 15634, 232, 232, 4046
4073, 15632, 231, 231, 4046
4074, 15633, 231, 231, 4046
4074, 15633, 231, 231, 4046
4073, 15632, 231, 231, 4046
4074, 15632, 232, 232, 4046
4074, 15633, 232, 232, 4046
4074, 15633, 232, 232, 4046
4073, 15633, 231, 231, 4046
4074, 15634, 231, 231, 4046
4074, 15634, 231, 231, 4046
4073, 15633, 231, 231, 4046
4072, 15634, 230, 230, 4046
4074, 15632, 231, 231, 4046
4074, 15633, 232, 232, 4046
4075, 15633, 232, 232, 4046
4075, 15633, 232, 232, 4046
4074, 15632, 232, 232, 4046
4073, 15632, 231, 231, 4046
4073, 15633, 231, 231, 4046
4073, 15633, 231, 231, 4046
4074, 15633, 232, 232, 4046
4074, 15632, 232, 232, 4046
4074, 15633, 231, 231, 4062
4074, 15632, 231, 231, 4062
4074, 15633, 232, 232, 4062
4074, 15633, 232, 232, 4062
4074, 15633, 232, 232, 4062
4073, 15633, 231, 231, 4062
4074, 15633, 231, 231, 4062
4073, 15633, 231, 231, 4062
4073, 15633, 231, 231, 4062
4074, 15633, 231, 231, 4062
4073, 15634, 231, 231, 4062
4073, 15634, 231, 231, 4062
4074, 15634, 232, 232, 4062
4073, 15632, 231, 231, 4062
4073, 15633, 231, 231, 4062
4073, 15633, 231, 231, 4062
4073, 15633, 231, 231, 4062
4073, 15633, 231, 231, 4062
4073, 15633, 231, 231, 4062
4073, 15633, 231, 231, 4062
4073, 15633, 231, 231, 4062
4074, 15633, 231, 231, 4062
4073, 15631, 232, 232, 4062
4074, 15633, 231, 231, 4062
4074, 15633, 231, 231, 4062
4073, 15633, 231, 231, 4066
4073, 15633, 231, 231, 4066
4073, 15633, 231, 231, 4066
4073, 15632, 231, 231, 4066
4074, 15633, 231, 231, 4066
4074, 15633, 231, 231, 4066
4075, 15633, 232, 232, 4066
4074, 15633, 232, 232, 4066
4074, 15632, 232, 232, 4066
4075, 15633, 232, 232, 4066
4075, 15633, 232, 232, 4066
4074, 15633, 232, 232, 4066
4074, 15633, 232, 232, 4066
4073, 15634, 232, 232, 4066
4074, 15633, 232, 232, 4066
4074, 15633, 232, 232, 4066
4074, 15633, 232, 232, 4066
4074, 15633, 232, 232, 4066
4075, 15633, 232, 232, 4066
4075, 15633, 232, 232, 4066
4074, 15633, 232, 232, 4066
4074, 15633, 231, 231, 4066
4075, 15633, 232, 232, 4066
4075, 15633, 232, 232, 4066
4074, 15633, 232, 232, 4066
4074, 15633, 232, 232, 4064
4074, 15633, 231, 231, 4064
4074, 15633, 231, 231, 4064
4074, 15633, 231, 231, 4064
4074, 15634, 232, 232, 4064
4074, 15633, 231, 231, 4064
4074, 15633, 232, 232, 4064
4074, 15633, 232, 232, 4064
4074, 15634, 232, 232, 4064
4074, 15634, 232, 232, 4064
4073, 15633, 231, 231, 4064
4074, 15633, 231, 231, 4064
4074, 15633, 232, 232, 4064
4074, 15633, 232, 232, 4064
4074, 15634, 231, 231, 4064
4074, 15633, 232, 232, 4064
4074, 15633, 232, 232, 4064
4074, 15633, 232, 232, 4064
4074, 15633, 231, 231, 4064
4074, 15634, 232, 232, 4064
4074, 15634, 232, 232, 4064
4074, 15633, 232, 232, 4064
4074, 15633, 232, 232, 4064
4073, 15633, 231, 231, 4064
4073, 15633, 231, 231, 4064
4073, 15633, 231, 231, 4064
4074, 15634, 231, 231, 4064
4074, 15633, 232, 232, 4068
4074, 15632, 232, 232, 4068
4074, 15633, 232, 232, 4068
4074, 15633, 232, 232, 4068
4074, 15632, 231, 231, 4068
4075, 15633, 232, 232, 4068
4075, 15633, 232, 232, 4068
4074, 15609, 232, 232, 4068
4074, 15609, 232, 232, 4068
3888, 15608, 44, 44, 4068
3888, 15608, 44, 44, 4068
3889, 15607, 45, 45, 4068
3888, 15608, 45, 45, 4068
3890, 15609, 46, 46, 4068
3893, 15610, 48, 48, 4068
3892, 15610, 47, 47, 4068
3892, 15610, 48, 48, 4068
3893, 15610, 48, 48, 4068
3886, 15610, 48, 48, 4068
3886, 15610, 48, 48, 4068
3890, 15609, 49, 49, 4068
3890, 15609, 49, 49, 4068
3889, 15609, 49, 49, 4068
3892, 15609, 50, 50, 4068
3892, 15610, 50, 50, 4058
3892, 15610, 50, 50, 4058
3892, 15611, 50, 50, 4058
3889, 15610, 49, 49, 4058
3893, 15611, 50, 50, 4058
3893, 15611, 50, 50, 4058
3892, 15610, 50, 50, 4058
3895, 15611, 49, 49, 4058
3895, 15611, 49, 49, 4058
3895, 15611, 50, 50, 4058
3890, 15610, 49, 49, 4058
3890, 15610, 49, 49, 4058
3891, 15610, 50, 50, 4058
3891, 15610, 50, 50, 4058
3889, 15609, 50, 50, 4058
3892, 15611, 51, 51, 4058
3898, 15611, 51, 51, 4058
3893, 15611, 51, 51, 4058
3893, 15611, 51, 51, 4058
3892, 15611, 51, 51, 4058
3892, 15611, 51, 51, 4058
3890, 15610, 50, 50, 4058
3897, 15611, 51, 51, 4058
3890, 15609, 50, 50, 4058
3890, 15611, 51, 51, 4058
3890, 15611, 51, 51, 4058
3894, 15611, 51, 51, 4062
3897, 15610, 52, 52, 4062
3897, 15611, 51, 51, 4062
3897, 15612, 51, 51, 4062
3896, 15611, 51, 51, 4062
3894, 15611, 51, 51, 4062
3896, 15612, 51, 51, 4062
3897, 15611, 51, 51, 4062
3897, 15611, 51, 51, 4062
3891, 15611, 51, 51, 4062
3891, 15611, 51, 51, 4062
3889, 15610, 51, 51, 4062
3889, 15610, 51, 51, 4062
3890, 15611, 51, 51, 4062
3890, 15611, 51, 51, 4062
3896, 15611, 51, 51, 4062
3890, 15611, 51, 51, 4062
3890, 15611, 51, 51, 4062
3897, 15611, 51, 51, 4062
3897, 15612, 51, 51, 4062
3897, 15612, 52, 52, 4062
3895, 15612, 51, 51, 4062
3895, 15612, 51, 51, 4062
3893, 15610, 51, 51, 4062
3895, 15611, 50, 50, 4064
3895, 15611, 50, 50, 4064
3890, 15610, 51, 51, 4064
3893, 15611, 51, 51, 4064
3893, 15611, 51, 51, 4064
3888, 15609, 52, 52, 4064
3888, 15609, 52, 52, 4064
3889, 15610, 51, 51, 4064
3890, 15611, 51, 51, 4064
3890, 15611, 51, 51, 4064
3895, 15612, 51, 51, 4064
3896, 15611, 52, 52, 4064
3896, 15611, 52, 52, 4064
3897, 15611, 51, 51, 4064
3897, 15613, 51, 51, 4064
3897, 15612, 52, 52, 4064
3897, 15612, 52, 52, 4064
3890, 15611, 52, 52, 4064
3891, 15612, 51, 51, 4064
3890, 15612, 52, 52, 4064
3889, 15611, 51, 51, 4064
3889, 15610, 51, 51, 4064
3894, 15611, 52, 52, 4064
3896, 15613, 51, 51, 4064
3896, 15613, 51, 51, 4064
3892, 15612, 51, 51, 4064
3895, 15612, 51, 51, 4054
3894, 15612, 51, 51, 4054
3894, 15612, 52, 52, 4054
3894, 15613, 52, 52, 4054
3893, 15612, 52, 52, 4054
3893, 15612, 52, 52, 4054
3890, 15611, 51, 51, 4054
3896, 15612, 52, 52, 4054
3896, 15612, 52, 52, 4054
3896, 15612, 51, 51, 4054
3896, 15612, 52, 52, 4054
3895, 15613, 52, 52, 4054
3891, 15612, 52, 52, 4054
3890, 15611, 52, 52, 4054
3896, 15612, 52, 52, 4054
3890, 15612, 52, 52, 4054
3890, 15612, 52, 52, 4054
3891, 15612, 52, 52, 4054
3891, 15612, 52, 52, 4054
4096, 15640, 106, 106, 4054
4096, 15640, 106, 106, 4054
4081, 15636, 240, 240, 4054
4081, 15636, 240, 240, 4054
4079, 15635, 237, 237, 4054
4079, 15635, 237, 237, 4054
4078, 15636, 236, 236, 4054
4077, 15635, 235, 235, 4054
4077, 15635, 235, 235, 4054
4077, 15635, 235, 235, 4054
4077, 15635, 235, 235, 4054
4077, 15634, 234, 234, 4054
4077, 15634, 234, 234, 4054
4077, 15634, 235, 235, 4054
4076, 15635, 234, 234, 4054
4076, 15635, 234, 234, 4054
4076, 15635, 234, 234, 4054
4076, 15635, 234, 234, 4054
4077, 15635, 235, 235, 4054
4077, 15635, 235, 235, 4054
4077, 15635, 234, 234, 4054
4077, 15635, 234, 234, 4054
4076, 15635, 234, 234, 4054
4076, 15635, 234, 234, 4054
4077, 15635, 234, 234, 4054
4077, 15635, 234, 234, 4054
4076, 15635, 234, 234, 4054
4076, 15635, 233, 233, 4054
4076, 15635, 234, 234, 4054
4076, 15634, 234, 234, 4054
4076, 15635, 233, 233, 4062
4076, 15635, 233, 233, 4062
4076, 15635, 234, 234, 4062
4076, 15634, 234, 234, 4062
4076, 15634, 234, 234, 4062
4077, 15635, 234, 234, 4062
4076, 15634, 233, 233, 4062
4077, 15633, 234, 234, 4062
4076, 15634, 234, 234, 4062
4076, 15634, 233, 233, 4062
4075, 15635, 233, 233, 4062
4077, 15636, 233, 233, 4062
4077, 15634, 234, 234, 4062
4076, 15636, 234, 234, 4062
4076, 15636, 234, 234, 4062
4075, 15635, 233, 233, 4062
4076, 15635, 233, 233, 4062
4076, 15635, 234, 234, 4062
4076, 15635, 233, 233, 4062
4075, 15634, 233, 233, 4062
4076, 15636, 234, 234, 4062
4076, 15636, 234, 234, 4062
4076, 15635, 234, 234, 4062
4077, 15635, 234, 234, 4062
4076, 15635, 234, 234, 4062
4077, 15635, 234, 234, 4054
4077, 15635, 234, 234, 4054
4077, 15635, 233, 233, 4054
4077, 15635, 233, 233, 4054
4076, 15636, 234, 234, 4054
4076, 15635, 234, 234, 4054
4076, 15635, 234, 234, 4054
4076, 15635, 234, 234, 4054
4076, 15635, 234, 234, 4054
4075, 15634, 233, 233, 4054
4075, 15635, 233, 233, 4054
4076, 15634, 234, 234, 4054
4076, 15634, 234, 234, 4054
4075, 15635, 233, 233, 4054
4075, 15635, 233, 233, 4054
4076, 15636, 233, 233, 4054
4076, 15635, 234, 234, 4054
4075, 15635, 233, 233, 4054
4077, 15635, 234, 234, 4054
4076, 15635, 234, 234, 4054
4076, 15635, 234, 234, 4054
4076, 15635, 234, 234, 4054
4076, 15635, 233, 233, 4054
4076, 15635, 233, 233, 4054
4076, 15635, 234, 234, 4060
4076, 15635, 234, 234, 4060
4076, 15636, 234, 234, 4060
4076, 15635, 234, 234, 4060
4076, 15635, 233, 233, 4060
4076, 15635, 233, 233, 4060
4076, 15635, 233, 233, 4060
4076, 15636, 234, 234, 4060
4076, 15636, 234, 234, 4060
4076, 15636, 234, 234, 4060
4076, 15636, 234, 234, 4060
4077, 15635, 234, 234, 4060
4077, 15635, 234, 234, 4060
4076, 15635, 234, 234, 4060
4076, 15636, 234, 234, 4060
4077, 15635, 234, 234, 4060
4077, 15635, 234, 234, 4060
4077, 15636, 234, 234, 4060
4077, 15635, 234, 234, 4060
4077, 15636, 234, 234, 4060
4077, 15636, 234, 234, 4060
4077, 15634, 234, 234, 4060
4076, 15635, 234, 234, 4060
4076, 15635, 234, 234, 4060
4076, 15635, 234, 234, 4060
4076, 15636, 233, 233, 4052
4077, 15635, 234, 234, 4052
4077, 15635, 234, 234, 4052
4076, 15635, 234, 234, 4052
4076, 15635, 234, 234, 4052
4076, 15635, 234, 234, 4052
4076, 15635, 234, 234, 4052
4076, 15635, 234, 234, 4052
4076, 15635, 234, 234, 4052
4077, 15636, 234, 234, 4052
4077, 15635, 234, 234, 4052
4076, 15635, 234, 234, 4052
4077, 15635, 234, 234, 4052
4076, 15635, 233, 233, 4052
4076, 15635, 233, 233, 4052
4076, 15635, 234, 234, 4052
4076, 15636, 234, 234, 4052
4076, 15636, 234, 234, 4052
4076, 15636, 234, 234, 4052
3883, 15618, 178, 178, 4052
3883, 15618, 178, 178, 4052
3886, 15609, 35, 35, 4052
3888, 15611, 48, 48, 4052
3894, 15611, 49, 49, 4046
3894, 15611, 49, 49, 4046
3894, 15613, 49, 49, 4046
3894, 15613, 49, 49, 4046
3894, 15613, 49, 49, 4046
3893, 15613, 50, 50, 4046
3893, 15613, 50, 50, 4046
3893, 15614, 51, 51, 4046
3893, 15614, 51, 51, 4046
3898, 15613, 52, 52, 4046
3891, 15614, 51, 51, 4046
3891, 15614, 51, 51, 4046
3896, 15612, 51, 51, 4046
3891, 15612, 52, 52, 4046
3892, 15611, 52, 52, 4046
3892, 15612, 52, 52, 4046
3892, 15614, 53, 53, 4046
3895, 15613, 53, 53, 4046
3898, 15614, 52, 52, 4046
3898, 15614, 52, 52, 4046
3899, 15614, 53, 53, 4046
3894, 15612, 52, 52, 4046
3899, 15614, 55, 55, 4056
3897, 15614, 52, 52, 4056
3897, 15614, 52, 52, 4056
3890, 15614, 52, 52, 4056
3890, 15614, 52, 52, 4056
3892, 15612, 52, 52, 4056
3896, 15613, 53, 53, 4056
3896, 15613, 53, 53, 4056
3898, 15614, 54, 54, 4056
3898, 15614, 54, 54, 4056
3897, 15613, 53, 53, 4056
3898, 15613, 53, 53, 4056
3898, 15613, 53, 53, 4056
3891, 15614, 52, 52, 4056
3893, 15614, 53, 53, 4056
3894, 15612, 54, 54, 4056
3894, 15612, 54, 54, 4056
3896, 15613, 53, 53, 4056
3898, 15614, 54, 54, 4056
3900, 15614, 53, 53, 4056
3900, 15614, 53, 53, 4056
3894, 15613, 53, 53, 4056
3890, 15613, 53, 53, 4056
3890, 15613, 53, 53, 4056
3898, 15614, 53, 53, 4056
3898, 15614, 53, 53, 4056
3896, 15613, 53, 53, 4048
3895, 15614, 54, 54, 4048
3895, 15614, 54, 54, 4048
3893, 15613, 53, 53, 4048
3895, 15614, 54, 54, 4048
3895, 15614, 54, 54, 4048
3899, 15614, 54, 54, 4048
3899, 15614, 54, 54, 4048
3900, 15615, 53, 53, 4048
3896, 15614, 53, 53, 4048
3896, 15614, 53, 53, 4048
3890, 15614, 53, 53, 4048
3892, 15615, 54, 54, 4048
3892, 15615, 54, 54, 4048
3896, 15613, 53, 53, 4048
3900, 15614, 54, 54, 4048
3900, 15614, 54, 54, 4048
3899, 15614, 53, 53, 4048
3899, 15615, 53, 53, 4048
3893, 15614, 54, 54, 4048
3893, 15614, 54, 54, 4048
3892, 15614, 54, 54, 4048
3892, 15614, 54, 54, 4048
3893, 15614, 53, 53, 4048
3894, 15613, 53, 53, 4048
3892, 15613, 53, 53, 4048
3895, 15614, 53, 53, 4048
3896, 15614, 54, 54, 4048
3898, 15615, 53, 53, 4056
3891, 15613, 53, 53, 4056
3891, 15613, 53, 53, 4056
3892, 15613, 54, 54, 4056
3897, 15614, 53, 53, 4056
3897, 15614, 53, 53, 4056
3898, 15614, 54, 54, 4056
3899, 15615, 53, 53, 4056
3899, 15615, 53, 53, 4056
3899, 15616, 54, 54, 4056
3899, 15615, 53, 53, 4056
3893, 15614, 54, 54, 4056
3893, 15614, 54, 54, 4056
3894, 15614, 54, 54, 4056
3894, 15613, 54, 54, 4056
3895, 15615, 54, 54, 4056
3900, 15614, 53, 53, 4056
3895, 15614, 53, 53, 4056
3895, 15614, 53, 53, 4056
3895, 15614, 54, 54, 4056
3892, 15613, 53, 53, 4056
3892, 15613, 53, 53, 4056
3899, 15614, 54, 54, 4056
3894, 15613, 54, 54, 4056
3901, 15615, 54, 54, 4056
3901, 15615, 54, 54, 4056
3900, 15615, 53, 53, 4056
3896, 15614, 54, 54, 4056
3896, 15614, 54, 54, 4056
3893, 15614, 54, 54, 4056
3893, 15614, 54, 54, 4056
3895, 15615, 58, 58, 4056
4085, 15638, 244, 244, 4056
4084, 15639, 242, 242, 4056
4084, 15639, 242, 242, 4056
4081, 15637, 239, 239, 4056
4081, 15637, 239, 239, 4056
4081, 15638, 239, 239, 4056
4080, 15638, 238, 238, 4056
4080, 15638, 238, 238, 4056
4080, 15637, 238, 238, 4056
4080, 15636, 237, 237, 4056
4080, 15637, 237, 237, 4056
4078, 15638, 236, 236, 4056
4078, 15638, 236, 236, 4056
4079, 15636, 237, 237, 4056
4079, 15636, 237, 237, 4056
4079, 15637, 236, 236, 4052
4080, 15637, 237, 237, 4052
4079, 15638, 236, 236, 4052
4079, 15638, 236, 236, 4052
4079, 15638, 236, 236, 4052
4079, 15638, 236, 236, 4052
4078, 15639, 236, 236, 4052
4078, 15639, 236, 236, 4052
4078, 15638, 236, 236, 4052
4078, 15637, 236, 236, 4052
4078, 15637, 236, 236, 4052
4078, 15638, 236, 236, 4052
4079, 15637, 237, 237, 4052
4079, 15638, 236, 236, 4052
4079, 15638, 236, 236, 4052
4079, 15638, 237, 237, 4052
4079, 15638, 237, 237, 4052
4079, 15638, 237, 237, 4052
4079, 15638, 237, 237, 4052
4078, 15638, 236, 236, 4052
4079, 15637, 236, 236, 4052
4079, 15638, 236, 236, 4052
4079, 15637, 236, 236, 4052
4079, 15637, 237, 237, 4050
4078, 15638, 236, 236, 4050
4078, 15638, 236, 236, 4050
4079, 15639, 236, 236, 4050
4079, 15638, 236, 236, 4050
4078, 15638, 236, 236, 4050
4078, 15638, 236, 236, 4050
4078, 15638, 236, 236, 4050
4079, 15638, 236, 236, 4050
4079, 15638, 236, 236, 4050
4078, 15637, 236, 236, 4050
4078, 15638, 236, 236, 4050
4078, 15639, 236, 236, 4050
4079, 15638, 236, 236, 4050
4080, 15638, 237, 237, 4050
4080, 15638, 237, 237, 4050
4079, 15638, 237, 237, 4050
4079, 15638, 236, 236, 4050
4079, 15639, 237, 237, 4050
4079, 15639, 237, 237, 4050
4078, 15638, 236, 236, 4050
4078, 15638, 236, 236, 4050
4078, 15638, 236, 236, 4050
4079, 15638, 236, 236, 4050
4079, 15638, 236, 236, 4050
4078, 15638, 236, 236, 4050
4078, 15638, 236, 236, 4052
4079, 15638, 236, 236, 4052
4079, 15639, 237, 237, 4052
4079, 15639, 237, 237, 4052
4078, 15638, 236, 236, 4052
4078, 15638, 236, 236, 4052
4078, 15638, 236, 236, 4052
4079, 15639, 236, 236, 4052
4079, 15639, 236, 236, 4052
4078, 15638, 236, 236, 4052
4079, 15638, 236, 236, 4052
4079, 15638, 236, 236, 4052
4079, 15638, 236, 236, 4052
4079, 15638, 236, 236, 4052
4079, 15639, 237, 237, 4052
4078, 15639, 236, 236, 4052
4078, 15639, 236, 236, 4052
4078, 15639, 236, 236, 4052
4079, 15639, 237, 237, 4052
4078, 15640, 236, 236, 4052
4078, 15639, 236, 236, 4052
4078, 15638, 236, 236, 4052
4078, 15638, 236, 236, 4052
4078, 15639, 236, 236, 4052
4078, 15639, 236, 236, 4052
4078, 15638, 236, 236, 4052
4079, 15638, 236, 236, 4056
4079, 15638, 236, 236, 4056
4078, 15639, 236, 236, 4056
4079, 15639, 237, 237, 4056
4079, 15639, 237, 237, 4056
4079, 15639, 236, 236, 4056
4079, 15639, 236, 236, 4056
4080, 15639, 237, 237, 4056
4079, 15639, 237, 237, 4056
4079, 15638, 236, 236, 4056
4079, 15638, 236, 236, 4056
4079, 15639, 236, 236, 4056
4080, 15638, 236, 236, 4056
4080, 15638, 236, 236, 4056
4079, 15638, 236, 236, 4056
4079, 15639, 237, 237, 4056
4079, 15639, 237, 237, 4056
4078, 15638, 236, 236, 4056
4080, 15638, 236, 236, 4056
4079, 15638, 237, 237, 4056
4080, 15639, 237, 237, 4056
4080, 15640, 237, 237, 4056
4079, 15640, 237, 237, 4056
4079, 15639, 237, 237, 4052
4080, 15639, 237, 237, 4052
4080, 15639, 237, 237, 4052
4080, 15638, 237, 237, 4052
4080, 15638, 237, 237, 4052
4080, 15638, 237, 237, 4052
4079, 15640, 237, 237, 4052
4080, 15639, 237, 237, 4052
4080, 15639, 237, 237, 4052
3897, 15612, 45, 45, 4052
3897, 15612, 45, 45, 4052
3891, 15615, 49, 49, 4052
3891, 15615, 49, 49, 4052
3889, 15614, 50, 50, 4052
3896, 15615, 52, 52, 4052
3896, 15615, 53, 53, 4052
3901, 15616, 54, 54, 4052
3901, 15616, 54, 54, 4052
3894, 15615, 54, 54, 4052
3894, 15615, 54, 54, 4052
3893, 15616, 54, 54, 4052
3893, 15616, 53, 53, 4052
3893, 15616, 53, 53, 4052
3893, 15615, 54, 54, 4052
3894, 15615, 54, 54, 4054
3894, 15615, 54, 54, 4054
3893, 15616, 54, 54, 4054
3893, 15616, 54, 54, 4054
3900, 15615, 54, 54, 4054
3900, 15615, 54, 54, 4054
3899, 15616, 54, 54, 4054
3896, 15617, 54, 54, 4054
3896, 15617, 54, 54, 4054
3893, 15615, 54, 54, 4054
3893, 15615, 54, 54, 4054
3897, 15615, 54, 54, 4054
3896, 15615, 54, 54, 4054
3896, 15615, 54, 54, 4054
3898, 15616, 55, 55, 4054
3900, 15616, 55, 55, 4054
3900, 15614, 55, 55, 4054
3900, 15617, 55, 55, 4054
3900, 15617, 55, 55, 4054
3900, 15616, 55, 55, 4054
3900, 15617, 55, 55, 4054
3895, 15616, 56, 56, 4054
3895, 15616, 56, 56, 4054
3895, 15616, 55, 55, 4054
3895, 15616, 55, 55, 4054
3897, 15616, 55, 55, 4054
3901, 15617, 55, 55, 4054
3901, 15617, 55, 55, 4054
3895, 15616, 54, 54, 4054
3897, 15616, 54, 54, 4050
3897, 15616, 54, 54, 4050
3893, 15616, 55, 55, 4050
3897, 15616, 55, 55, 4050
3897, 15616, 55, 55, 4050
3897, 15617, 55, 55, 4050
3899, 15616, 55, 55, 4050
3899, 15616, 55, 55, 4050
3902, 15617, 56, 56, 4050
3901, 15617, 55, 55, 4050
3895, 15616, 56, 56, 4050
3895, 15617, 55, 55, 4050
3895, 15617, 55, 55, 4050
3895, 15616, 55, 55, 4050
3895, 15616, 55, 55, 4050
3902, 15617, 55, 55, 4050
3902, 15617, 55, 55, 4050
3900, 15617, 56, 56, 4050
3897, 15617, 55, 55, 4050
3895, 15617, 56, 56, 4050
3895, 15617, 56, 56, 4050
3895, 15616, 56, 56, 4050
3899, 15616, 55, 55, 4050
3899, 15616, 55, 55, 4050
3897, 15616, 55, 55, 4056
3898, 15616, 55, 55, 4056
3902, 15617, 56, 56, 4056
3896, 15617, 56, 56, 4056
3895, 15617, 55, 55, 4056
3895, 15617, 55, 55, 4056
3896, 15617, 56, 56, 4056
3894, 15617, 56, 56, 4056
3894, 15617, 56, 56, 4056
3903, 15617, 56, 56, 4056
3901, 15617, 55, 55, 4056
3903, 15617, 56, 56, 4056
3903, 15617, 56, 56, 4056
3903, 15618, 55, 55, 4056
3902, 15617, 55, 55, 4056
3902, 15617, 55, 55, 4056
3896, 15617, 56, 56, 4056
3896, 15617, 56, 56, 4056
3895, 15616, 56, 56, 4056
3901, 15618, 56, 56, 4056
3901, 15618, 56, 56, 4056
3902, 15618, 56, 56, 4056
3895, 15618, 55, 55, 4054
3895, 15618, 55, 55, 4054
3895, 15616, 56, 56, 4054
3895, 15617, 56, 56, 4054
3895, 15617, 56, 56, 4054
3902, 15617, 56, 56, 4054
3898, 15617, 57, 57, 4054
3898, 15617, 57, 57, 4054
3903, 15617, 56, 56, 4054
3903, 15617, 56, 56, 4054
3898, 15618, 56, 56, 4054
3898, 15618, 56, 56, 4054
3895, 15616, 56, 56, 4054
3895, 15616, 56, 56, 4054
3895, 15617, 56, 56, 4054
3901, 15617, 56, 56, 4054
3901, 15617, 55, 55, 4054
3902, 15618, 56, 56, 4054
3902, 15617, 56, 56, 4054
3900, 15618, 56, 56, 4054
3891, 15618, 55, 55, 4054
3889, 15616, 57, 57, 4054
4092, 15643, 205, 205, 4054
4086, 15642, 244, 244, 4054
4086, 15642, 244, 244, 4054
4084, 15642, 242, 242, 4054
4082, 15641, 240, 240, 4060
4082, 15641, 240, 240, 4060
4082, 15641, 239, 239, 4060
4082, 15641, 239, 239, 4060
4082, 15640, 239, 239, 4060
4082, 15640, 239, 239, 4060
4082, 15640, 239, 239, 4060
4081, 15640, 239, 239, 4060
4082, 15641, 239, 239, 4060
4082, 15641, 239, 239, 4060
4081, 15639, 238, 238, 4060
4081, 15640, 238, 238, 4060
4081, 15640, 238, 238, 4060
4082, 15641, 239, 239, 4060
4081, 15641, 239, 239, 4060
4082, 15641, 239, 239, 4060
4082, 15640, 239, 239, 4060
4080, 15641, 238, 238, 4060
4080, 15641, 238, 238, 4060
4082, 15641, 239, 239, 4060
4082, 15641, 239, 239, 4060
4081, 15641, 239, 239, 4060
4080, 15641, 238, 238, 4060
4081, 15640, 239, 239, 4058
4081, 15640, 239, 239, 4058
4081, 15641, 239, 239, 4058
4080, 15641, 238, 238, 4058
4081, 15641, 239, 239, 4058
4081, 15640, 239, 239, 4058
4080, 15640, 238, 238, 4058
4081, 15642, 238, 238, 4058
4081, 15642, 238, 238, 4058
4081, 15640, 239, 239, 4058
4080, 15641, 238, 238, 4058
4080, 15641, 238, 238, 4058
4081, 15640, 238, 238, 4058
4082, 15640, 238, 238, 4058
4082, 15640, 238, 238, 4058
4081, 15640, 238, 238, 4058
4081, 15640, 238, 238, 4058
4081, 15640, 238, 238, 4058
4081, 15641, 238, 238, 4058
4081, 15640, 238, 238, 4058
4081, 15640, 238, 238, 4058
4081, 15641, 239, 239, 4058
4081, 15640, 239, 239, 4058
4082, 15640, 239, 239, 4058
4082, 15640, 239, 239, 4058
4080, 15641, 239, 239, 4058
4081, 15641, 238, 238, 4058
4080, 15641, 238, 238, 4058
4081, 15639, 239, 239, 4056
4081, 15641, 239, 239, 4056
4081, 15641, 239, 239, 4056
4080, 15640, 238, 238, 4056
4080, 15640, 238, 238, 4056
4080, 15641, 238, 238, 4056
4080, 15641, 238, 238, 4056
4081, 15640, 238, 238, 4056
4080, 15642, 238, 238, 4056
4080, 15642, 238, 238, 4056
4081, 15641, 239, 239, 4056
4081, 15640, 238, 238, 4056
4081, 15640, 238, 238, 4056
4081, 15641, 239, 239, 4056
4081, 15640, 238, 238, 4056
4081, 15640, 239, 239, 4056
4081, 15640, 238, 238, 4056
4081, 15640, 238, 238, 4056
4081, 15641, 239, 239, 4056
4081, 15641, 239, 239, 4056
4082, 15641, 239, 239, 4056
4081, 15641, 239, 239, 4056
4080, 15641, 239, 239, 4056
4080, 15641, 239, 239, 4056
4081, 15641, 238, 238, 4056
4080, 15641, 238, 238, 4056
4080, 15641, 239, 239, 4048
4080, 15641, 239, 239, 4048
4080, 15641, 238, 238, 4048
4082, 15640, 238, 238, 4048
4080, 15641, 239, 239, 4048
4080, 15641, 239, 239, 4048
4081, 15640, 239, 239, 4048
4081, 15642, 239, 239, 4048
4081, 15642, 239, 239, 4048
4081, 15642, 239, 239, 4048
4081, 15642, 239, 239, 4048
4081, 15642, 239, 239, 4048
4081, 15642, 239, 239, 4048
4081, 15641, 239, 239, 4048
4081, 15641, 238, 238, 4048
4081, 15641, 238, 238, 4048
4081, 15640, 239, 239, 4048
4081, 15641, 238, 238, 4048
4081, 15641, 239, 239, 4048
4080, 15641, 238, 238, 4048
4080, 15641, 238, 238, 4048
4081, 15642, 239, 239, 4048
4081, 15642, 239, 239, 4048
4080, 15642, 239, 239, 4048
4081, 15641, 239, 239, 4048
4081, 15640, 239, 239, 4048
4081, 15641, 239, 239, 4048
4082, 15642, 239, 239, 4054
4081, 15641, 238, 238, 4054
4081, 15641, 238, 238, 4054
4080, 15642, 238, 238, 4054
4081, 15642, 239, 239, 4054
4081, 15642, 239, 239, 4054
4081, 15641, 239, 239, 4054
4081, 15641, 239, 239, 4054
4081, 15642, 239, 239, 4054
4081, 15641, 239, 239, 4054
4081, 15640, 239, 239, 4054
4082, 15641, 239, 239, 4054
4082, 15640, 239, 239, 4054
4081, 15642, 239, 239, 4054
4081, 15642, 239, 239, 4054
3866, 15615, 30, 30, 4054
3866, 15615, 30, 30, 4054
3898, 15618, 52, 52, 4054
3894, 15618, 53, 53, 4054
3894, 15618, 53, 53, 4054
3895, 15617, 55, 55, 4054
3896, 15617, 55, 55, 4054
3898, 15618, 56, 56, 4054
3898, 15618, 56, 56, 4054
3901, 15619, 55, 55, 4054
3902, 15619, 56, 56, 4054
3902, 15619, 56, 56, 4054
3897, 15618, 56, 56, 4054
3897, 15618, 56, 56, 4054
3901, 15619, 57, 57, 4054
3901, 15619, 57, 57, 4054
3900, 15620, 57, 57, 4054
3900, 15620, 57, 57, 4054
3901, 15619, 57, 57, 4054
3895, 15618, 57, 57, 4054
3896, 15618, 56, 56, 4054
3901, 15619, 57, 57, 4054
3903, 15620, 57, 57, 4054
3903, 15620, 57, 57, 4054
3902, 15619, 57, 57, 4054
3902, 15619, 57, 57, 4054
3897, 15620, 57, 57, 4054
3896, 15618, 57, 57, 4054
3896, 15618, 57, 57, 4054
3896, 15618, 57, 57, 4054
3898, 15619, 58, 58, 4054
3898, 15619, 58, 58, 4054
3903, 15619, 58, 58, 4054
3903, 15619, 58, 58, 4054
3904, 15619, 57, 57, 4054
3904, 15619, 57, 57, 4054
3901, 15621, 58, 58, 4054
3901, 15621, 58, 58, 4054
3896, 15620, 58, 58, 4054
3896, 15620, 58, 58, 4054
3897, 15620, 58, 58, 4054
3897, 15619, 58, 58, 4054
3897, 15619, 58, 58, 4054
3896, 15618, 58, 58, 4054
3902, 15619, 58, 58, 4054
3902, 15619, 58, 58, 4054
3902, 15620, 58, 58, 4054
3902, 15620, 58, 58, 4054
3903, 15620, 58, 58, 4054
3903, 15620, 58, 58, 4054
3898, 15619, 58, 58, 4054
3898, 15619, 58, 58, 4054
3895, 15618, 58, 58, 4054
3895, 15618, 58, 58, 4054
3900, 15619, 57, 57, 4054
3902, 15620, 59, 59, 4058
3902, 15620, 59, 59, 4058
3897, 15619, 58, 58, 4058
3902, 15619, 58, 58, 4058
3902, 15619, 58, 58, 4058
3896, 15619, 58, 58, 4058
3901, 15620, 58, 58, 4058
3901, 15620, 58, 58, 4058
3899, 15619, 58, 58, 4058
3900, 15620, 58, 58, 4058
3900, 15620, 58, 58, 4058
3900, 15621, 58, 58, 4058
3899, 15619, 58, 58, 4058
3899, 15619, 58, 58, 4058
3905, 15621, 58, 58, 4058
3905, 15621, 58, 58, 4058
3904, 15620, 58, 58, 4058
3900, 15621, 58, 58, 4058
3900, 15621, 58, 58, 4058
3899, 15620, 59, 59, 4058
3899, 15620, 59, 59, 4058
3899, 15620, 58, 58, 4058
3899, 15620, 58, 58, 4058
3903, 15621, 59, 59, 4058
3903, 15621, 59, 59, 4058
3899, 15621, 58, 58, 4058
3899, 15621, 58, 58, 4058
3899, 15621, 58, 58, 4058
3898, 15619, 59, 59, 4058
3898, 15619, 59, 59, 4058
3899, 15620, 59, 59, 4058
3900, 15620, 59, 59, 4058
3904, 15621, 58, 58, 4058
3904, 15621, 58, 58, 4058
3901, 15621, 58, 58, 4058
3901, 15621, 58, 58, 4058
3902, 15620, 59, 59, 4058
3896, 15620, 59, 59, 4058
3896, 15620, 59, 59, 4058
3902, 15621, 58, 58, 4058
3905, 15620, 59, 59, 4058
3905, 15620, 59, 59, 4058
3904, 15621, 59, 59, 4058
3904, 15621, 59, 59, 4058
3904, 15620, 59, 59, 4058
3903, 15621, 58, 58, 4058
3903, 15620, 59, 59, 4058
3902, 15621, 59, 59, 4058
3902, 15621, 59, 59, 4058
3896, 15620, 59, 59, 4058
3896, 15620, 59, 59, 4058
3898, 15619, 58, 58, 4058
3899, 15620, 59, 59, 4058
3904, 15620, 58, 58, 4058
3904, 15620, 58, 58, 4058
3904, 15621, 58, 58, 4058
3902, 15621, 58, 58, 4058
4094, 15646, 256, 256, 4058
4094, 15646, 256, 256, 4058
4087, 15644, 246, 246, 4058
4087, 15644, 245, 245, 4058
4085, 15642, 243, 243, 4058
4085, 15642, 243, 243, 4058
4085, 15643, 243, 243, 4058
4085, 15643, 243, 243, 4058
4084, 15644, 242, 242, 4058
4084, 15643, 242, 242, 4058
4085, 15644, 242, 242, 4058
4084, 15644, 241, 241, 4058
4084, 15644, 241, 241, 4058
4083, 15644, 241, 241, 4058
4084, 15643, 241, 241, 4058
4084, 15643, 241, 241, 4058
4083, 15643, 241, 241, 4058
4083, 15644, 241, 241, 4064
4084, 15644, 241, 241, 4064
4084, 15644, 241, 241, 4064
4084, 15644, 241, 241, 4064
4083, 15643, 241, 241, 4064
4083, 15645, 241, 241, 4064
4082, 15644, 241, 241, 4064
4083, 15644, 241, 241, 4064
4083, 15644, 241, 241, 4064
4083, 15643, 241, 241, 4064
4083, 15644, 241, 241, 4064
4084, 15645, 241, 241, 4064
4083, 15643, 241, 241, 4064
4083, 15643, 241, 241, 4064
4083, 15644, 241, 241, 4064
4083, 15644, 241, 241, 4064
4084, 15644, 241, 241, 4064
4083, 15644, 241, 241, 4064
4084, 15643, 242, 242, 4064
4084, 15643, 242, 242, 4064
4083, 15645, 241, 241, 4064
4084, 15645, 241, 241, 4064
4083, 15644, 241, 241, 4064
4083, 15644, 241, 241, 4064
4083, 15644, 241, 241, 4064
4083, 15644, 241, 241, 4064
4083, 15644, 241, 241, 4064
4083, 15644, 241, 241, 4064
4084, 15643, 241, 241, 4064
4085, 15644, 241, 241, 4064
4084, 15643, 241, 241, 4064
4083, 15644, 241, 241, 4064
4083, 15644, 241, 241, 4064
4084, 15644, 241, 241, 4064
4084, 15644, 241, 241, 4064
4084, 15644, 241, 241, 4064
4084, 15644, 241, 241, 4064
4084, 15644, 241, 241, 4064
4084, 15644, 241, 241, 4064
4084, 15643, 241, 241, 4064
4083, 15644, 241, 241, 4064
4083, 15644, 241, 241, 4064
4083, 15644, 241, 241, 4064
4083, 15645, 241, 241, 4064
4083, 15642, 241, 241, 4064
4083, 15644, 241, 241, 4064
4084, 15644, 241, 241, 4064
4083, 15644, 241, 241, 4064
4083, 15644, 241, 241, 4064
4084, 15644, 241, 241, 4064
4084, 15644, 241, 241, 4064
4082, 15643, 241, 241, 4060
4084, 15645, 241, 241, 4060
4084, 15645, 241, 241, 4060
4083, 15645, 241, 241, 4060
4083, 15644, 241, 241, 4060
4083, 15645, 241, 241, 4060
4083, 15644, 240, 240, 4060
4083, 15645, 241, 241, 4060
4083, 15643, 241, 241, 4060
4084, 15645, 241, 241, 4060
4084, 15645, 241, 241, 4060
4084, 15645, 241, 241, 4060
4084, 15645, 242, 242, 4060
4084, 15644, 242, 242, 4060
4084, 15644, 242, 242, 4060
4084, 15644, 242, 242, 4060
4084, 15644, 242, 242, 4060
4084, 15644, 241, 241, 4060
4084, 15645, 242, 242, 4060
4084, 15644, 242, 242, 4060
4084, 15644, 242, 242, 4060
4084, 15646, 241, 241, 4060
4083, 15644, 241, 241, 4060
4083, 15645, 241, 241, 4060
4083, 15644, 241, 241, 4060
4084, 15644, 241, 241, 4060
4084, 15644, 241, 241, 4060
4084, 15645, 241, 241, 4060
4083, 15645, 241, 241, 4060
4083, 15645, 241, 241, 4060
4084, 15645, 241, 241, 4060
4083, 15645, 241, 241, 4060
4082, 15646, 241, 241, 4060
4082, 15646, 241, 241, 4060
4084, 15645, 241, 241, 4060
4084, 15645, 241, 241, 4060
4084, 15645, 242, 242, 4060
4084, 15645, 242, 242, 4060
4084, 15645, 242, 242, 4060
4084, 15644, 242, 242, 4060
4084, 15645, 242, 242, 4060
4083, 15645, 241, 241, 4060
4083, 15645, 241, 241, 4060
4084, 15645, 241, 241, 4060
4084, 15645, 241, 241, 4060
4084, 15645, 242, 242, 4060
4084, 15645, 242, 242, 4060
4085, 15645, 242, 242, 4060
4085, 15645, 242, 242, 4060
4084, 15645, 241, 241, 4060
4084, 15644, 242, 242, 4060
4085, 15645, 242, 242, 4060
4085, 15645, 242, 242, 4060
4084, 15645, 242, 242, 4060
4084, 15645, 242, 242, 4060
4084, 15646, 241, 241, 4060
4084, 15645, 241, 241, 4060
4084, 15645, 242, 242, 4060
4084, 15645, 242, 242, 4060
4084, 15645, 242, 242, 4060
4084, 15646, 242, 242, 4060
4084, 15645, 241, 241, 4060
4083, 15646, 242, 242, 4060
4084, 15646, 241, 241, 4060
4084, 15645, 242, 242, 4060
4084, 15645, 242, 242, 4060
4084, 15646, 242, 242, 4060
4084, 15644, 242, 242, 4060
4084, 15645, 242, 242, 4060
4084, 15645, 242, 242, 4060
4084, 15645, 242, 242, 4060
4084, 15645, 242, 242, 4060
4085, 15645, 242, 242, 4060
4084, 15645, 242, 242, 4060
4084, 15644, 242, 242, 4058
4084, 15645, 242, 242, 4058
4084, 15645, 242, 242, 4058
4084, 15645, 242, 242, 4058
4085, 15646, 242, 242, 4058
4085, 15646, 242, 242, 4058
4085, 15646, 242, 242, 4058
4085, 15646, 242, 242, 4058
4085, 15646, 242, 242, 4058
4085, 15645, 242, 242, 4058
4085, 15645, 242, 242, 4058
4085, 15646, 242, 242, 4058
4083, 15645, 242, 242, 4058
4085, 15646, 243, 243, 4058
4085, 15646, 243, 243, 4058
4085, 15646, 243, 243, 4058
4084, 15646, 242, 242, 4058
4085, 15645, 242, 242, 4058
4085, 15645, 242, 242, 4058
4085, 15646, 242, 242, 4058
4084, 15645, 242, 242, 4058
4084, 15645, 242, 242, 4058
4085, 15645, 243, 243, 4058
4085, 15645, 243, 243, 4058
4085, 15647, 242, 242, 4056
4085, 15647, 242, 242, 4056
4084, 15646, 242, 242, 4056
4085, 15645, 243, 243, 4056
4085, 15645, 243, 243, 4056
4085, 15646, 243, 243, 4056
4085, 15645, 243, 243, 4056
4085, 15645, 242, 242, 4056
4085, 15646, 242, 242, 4056
4085, 15646, 242, 242, 4056
4084, 15645, 242, 242, 4056
4085, 15646, 242, 242, 4056
4084, 15647, 242, 242, 4056
4084, 15646, 242, 242, 4056
4086, 15645, 243, 243, 4056
4086, 15645, 243, 243, 4056
4085, 15644, 242, 242, 4056
4085, 15645, 243, 243, 4056
4085, 15645, 243, 243, 4056
4086, 15646, 243, 243, 4056
4085, 15645, 242, 242, 4056
4085, 15646, 243, 243, 4056
4085, 15645, 243, 243, 4056
4084, 15646, 242, 242, 4056
4085, 15646, 242, 242, 4058
4085, 15646, 242, 242, 4058
4085, 15646, 242, 242, 4058
4085, 15645, 243, 243, 4058
4084, 15646, 242, 242, 4058
4085, 15646, 243, 243, 4058
4084, 15645, 242, 242, 4058
