-9868, 2105, 165, 165, 216
-9868, 2105, 165, 165, 216
-9868, 2106, 165, 165, 216
-9868, 2106, 165, 165, 216
-9868, 2105, 165, 165, 216
-9868, 2105, 165, 165, 216
-9868, 2105, 165, 165, 216
-9868, 2106, 165, 165, 216
-9868, 2106, 165, 165, 216
-9869, 2105, 164, 164, 257
-9869, 2105, 164, 164, 257
-9868, 2106, 164, 164, 257
-9868, 2105, 165, 165, 257
-9868, 2107, 164, 164, 257
-9869, 2106, 164, 164, 257
-9869, 2105, 164, 164, 257
-9869, 2105, 164, 164, 257
-9869, 2105, 164, 164, 257
-9868, 2106, 164, 164, 257
-9868, 2106, 164, 164, 257
-9869, 2106, 163, 163, 257
-9869, 2106, 164, 164, 257
-9870, 2105, 164, 164, 257
-9869, 2104, 163, 163, 257
-9868, 2106, 164, 164, 257
-9869, 2105, 164, 164, 257
-9870, 2105, 163, 163, 257
-9868, 2105, 163, 163, 257
-9870, 2105, 163, 163, 257
-9869, 2105, 163, 163, 257
-9869, 2104, 163, 163, 257
-9870, 2106, 163, 163, 257
-9870, 2106, 163, 163, 273
-9870, 2105, 162, 162, 273
-9870, 2105, 162, 162, 273
-9871, 2106, 162, 162, 273
-9870, 2105, 163, 163, 273
-9870, 2106, 163, 163, 273
-9870, 2106, 163, 163, 273
-9870, 2106, 163, 163, 273
-9870, 2105, 163, 163, 273
-9869, 2105, 163, 163, 273
-9869, 2105, 163, 163, 273
-9870, 2106, 162, 162, 273
-9870, 2105, 163, 163, 273
-9870, 2105, 162, 162, 273
-9870, 2105, 163, 163, 273
-9870, 2105, 163, 163, 273
-9870, 2105, 163, 163, 273
-9870, 2105, 163, 163, 273
-9870, 2105, 163, 163, 273
-9870, 2106, 162, 162, 273
-9871, 2105, 162, 162, 273
-9870, 2106, 162, 162, 273
-9870, 2105, 162, 162, 273
-9870, 2105, 163, 163, 273
-9870, 2105, 163, 163, 273
-9870, 2106, 163, 163, 262
-9870, 2106, 163, 163, 262
-9870, 2105, 162, 162, 262
-9871, 2105, 163, 163, 262
-9870, 2105, 163, 163, 262
-9870, 2105, 162, 162, 262
-9870, 2106, 162, 162, 262
-9870, 2106, 162, 162, 262
-9870, 2106, 163, 163, 262
-9870, 2106, 163, 163, 262
-9869, 2105, 163, 163, 262
-9871, 2105, 163, 163, 262
-9871, 2105, 163, 163, 262
-9870, 2106, 163, 163, 262
-9870, 2106, 163, 163, 262
-9870, 2106, 163, 163, 262
-9870, 2106, 163, 163, 262
-9870, 2105, 163, 163, 262
-9870, 2106, 162, 162, 262
-9870, 2106, 163, 163, 262
-9871, 2105, 162, 162, 262
-9870, 2106, 162, 162, 262
-9870, 2106, 163, 163, 262
-9870, 2106, 163, 163, 262
-9870, 2105, 163, 163, 262
-9870, 2105, 163, 163, 257
-9870, 2105, 163, 163, 257
-9871, 2105, 162, 162, 257
-9870, 2105, 162, 162, 257
-9870, 2107, 162, 162, 257
-9871, 2106, 162, 162, 257
-9870, 2106, 162, 162, 257
-9870, 2106, 162, 162, 257
-9870, 2105, 162, 162, 257
-9871, 2105, 162, 162, 257
-9871, 2105, 162, 162, 257
-9871, 2105, 162, 162, 257
-9870, 2105, 162, 162, 257
-9869, 2105, 163, 163, 257
-9869, 2105, 163, 163, 257
-9871, 2105, 162, 162, 257
-9871, 2105, 162, 162, 257
-9946, 2086, 74, 74, 257
-9946, 2086, 74, 74, 257
-9960, 2088, 75, 75, 257
-9960, 2088, 75, 75, 257
-9960, 2088, 73, 73, 257
-9963, 2088, 71, 71, 257
-9964, 2087, 69, 69, 257
-9964, 2087, 69, 69, 257
-9965, 2086, 67, 67, 257
-9965, 2086, 67, 67, 257
-9967, 2088, 65, 65, 255
-9967, 2088, 65, 65, 255
-9968, 2087, 65, 65, 255
-9968, 2087, 65, 65, 255
-9969, 2088, 64, 64, 255
-9969, 2087, 64, 64, 255
-9969, 2087, 64, 64, 255
-9969, 2088, 63, 63, 255
-9969, 2088, 63, 63, 255
-9969, 2087, 64, 64, 255
-9969, 2087, 64, 64, 255
-9969, 2088, 62, 62, 255
-9969, 2088, 62, 62, 255
-9969, 2087, 63, 63, 255
-9969, 2087, 64, 64, 255
-9969, 2087, 63, 63, 255
-9969, 2087, 63, 63, 255
-9970, 2088, 63, 63, 255
-9970, 2088, 63, 63, 255
-9970, 2087, 63, 63, 255
-9970, 2087, 63, 63, 255
-9971, 2087, 62, 62, 255
-9969, 2087, 63, 63, 255
-9969, 2087, 63, 63, 255
-9969, 2088, 62, 62, 249
-9969, 2088, 62, 62, 249
-9970, 2088, 62, 62, 249
-9971, 2087, 62, 62, 249
-9971, 2087, 62, 62, 249
-9971, 2088, 62, 62, 249
-9971, 2088, 62, 62, 249
-9971, 2088, 63, 63, 249
-9971, 2088, 63, 63, 249
-9970, 2087, 62, 62, 249
-9970, 2088, 63, 63, 249
-9970, 2088, 63, 63, 249
-9971, 2088, 62, 62, 249
-9968, 2088, 63, 63, 249
-9968, 2088, 63, 63, 249
-9971, 2088, 62, 62, 249
-9971, 2088, 62, 62, 249
-9970, 2089, 63, 63, 249
-9970, 2089, 63, 63, 249
-9972, 2088, 62, 62, 249
-9971, 2088, 63, 63, 249
-9970, 2086, 64, 64, 249
-9970, 2086, 64, 64, 249
-9971, 2088, 63, 63, 249
-9971, 2088, 63, 63, 249
-9970, 2088, 63, 63, 249
-9970, 2088, 63, 63, 249
-9969, 2088, 63, 63, 244
-9970, 2088, 62, 62, 244
-9971, 2088, 62, 62, 244
-9971, 2087, 63, 63, 244
-9971, 2087, 62, 62, 244
-9971, 2087, 62, 62, 244
-9971, 2088, 62, 62, 244
-9971, 2088, 62, 62, 244
-9968, 2088, 63, 63, 244
-9969, 2088, 63, 63, 244
-9970, 2088, 63, 63, 244
-9969, 2088, 63, 63, 244
-9969, 2088, 63, 63, 244
-9970, 2088, 63, 63, 244
-9970, 2088, 63, 63, 244
-9971, 2088, 63, 63, 244
-9969, 2087, 63, 63, 244
-9970, 2088, 63, 63, 244
-9970, 2088, 63, 63, 244
-9969, 2088, 64, 64, 244
-9969, 2088, 64, 64, 244
-9969, 2087, 64, 64, 244
-9972, 2088, 63, 63, 244
-9972, 2088, 63, 63, 244
-9971, 2088, 63, 63, 244
-9970, 2087, 64, 64, 244
-9970, 2087, 64, 64, 244
-9969, 2088, 63, 63, 251
-9969, 2088, 63, 63, 251
-9971, 2089, 62, 62, 251
-9969, 2087, 63, 63, 251
-9969, 2087, 63, 63, 251
-9970, 2089, 63, 63, 251
-9969, 2088, 63, 63, 251
-9969, 2088, 63, 63, 251
-9970, 2087, 63, 63, 251
-9970, 2087, 63, 63, 251
-9970, 2087, 63, 63, 251
-9969, 2087, 63, 63, 251
-9970, 2088, 63, 63, 251
-9970, 2088, 63, 63, 251
-9971, 2088, 62, 62, 251
-9969, 2086, 63, 63, 251
-9969, 2087, 64, 64, 251
-9969, 2087, 64, 64, 251
-9970, 2088, 62, 62, 251
-9970, 2088, 62, 62, 251
-9970, 2088, 63, 63, 251
-9970, 2088, 63, 63, 251
-9970, 2087, 63, 63, 251
-9969, 2088, 64, 64, 251
-9969, 2088, 64, 64, 251
-9970, 2087, 63, 63, 251
-9967, 2087, 63, 63, 249
-9967, 2087, 63, 63, 249
-9893, 2107, 115, 115, 249
-9893, 2107, 115, 115, 249
-9882, 2106, 150, 150, 249
-9882, 2106, 150, 150, 249
-9879, 2106, 153, 153, 249
-9878, 2106, 155, 155, 249
-9877, 2106, 156, 156, 249
-9874, 2106, 158, 158, 249
-9874, 2106, 159, 159, 249
-9873, 2106, 159, 159, 249
-9873, 2106, 159, 159, 249
-9872, 2107, 160, 160, 249
-9873, 2106, 160, 160, 249
-9872, 2105, 161, 161, 249
-9871, 2106, 162, 162, 249
-9871, 2106, 162, 162, 249
-9870, 2107, 162, 162, 249
-9870, 2107, 162, 162, 249
-9870, 2105, 163, 163, 249
-9870, 2106, 163, 163, 249
-9870, 2106, 163, 163, 249
-9870, 2107, 163, 163, 244
-9869, 2107, 163, 163, 244
-9869, 2106, 163, 163, 244
-9869, 2108, 163, 163, 244
-9869, 2106, 163, 163, 244
-9870, 2106, 164, 164, 244
-9870, 2105, 163, 163, 244
-9869, 2106, 163, 163, 244
-9870, 2105, 163, 163, 244
-9870, 2105, 163, 163, 244
-9869, 2105, 164, 164, 244
-9870, 2106, 163, 163, 244
-9868, 2106, 164, 164, 244
-9868, 2106, 164, 164, 244
-9870, 2106, 163, 163, 244
-9869, 2106, 164, 164, 244
-9869, 2106, 163, 163, 244
-9868, 2105, 164, 164, 244
-9868, 2106, 164, 164, 244
-9869, 2105, 163, 163, 244
-9869, 2105, 163, 163, 244
-9868, 2106, 164, 164, 244
-9868, 2106, 164, 164, 244
-9869, 2106, 164, 164, 244
-9869, 2105, 164, 164, 244
-9868, 2106, 164, 164, 244
-9868, 2106, 164, 164, 242
-9869, 2106, 164, 164, 242
-9868, 2106, 164, 164, 242
-9868, 2105, 164, 164, 242
-9868, 2105, 164, 164, 242
-9869, 2107, 164, 164, 242
-9869, 2107, 164, 164, 242
-9870, 2106, 164, 164, 242
-9869, 2106, 164, 164, 242
-9869, 2105, 163, 163, 242
-9868, 2106, 164, 164, 242
-9870, 2105, 163, 163, 242
-9869, 2106, 164, 164, 242
-9869, 2105, 164, 164, 242
-9869, 2106, 163, 163, 242
-9869, 2106, 163, 163, 242
-9868, 2105, 164, 164, 242
-9868, 2105, 164, 164, 242
-9869, 2105, 164, 164, 242
-9869, 2106, 164, 164, 242
-9870, 2105, 164, 164, 242
-9869, 2105, 163, 163, 242
-9869, 2105, 163, 163, 242
-9869, 2105, 163, 163, 242
-9869, 2105, 164, 164, 244
-9869, 2105, 164, 164, 244
-9868, 2106, 164, 164, 244
-9869, 2105, 164, 164, 244
-9869, 2105, 164, 164, 244
-9870, 2104, 164, 164, 244
-9870, 2104, 164, 164, 244
-9869, 2105, 164, 164, 244
-9869, 2105, 164, 164, 244
-9869, 2104, 164, 164, 244
-9869, 2104, 164, 164, 244
-9868, 2105, 164, 164, 244
-9869, 2105, 164, 164, 244
-9868, 2105, 164, 164, 244
-9869, 2106, 164, 164, 244
-9870, 2105, 163, 163, 244
-9869, 2105, 164, 164, 244
-9869, 2105, 164, 164, 244
-9869, 2105, 164, 164, 244
-9868, 2105, 164, 164, 244
-9868, 2105, 164, 164, 244
-9869, 2105, 164, 164, 244
-9869, 2105, 164, 164, 244
-9869, 2106, 164, 164, 244
-9870, 2105, 163, 163, 244
-9868, 2105, 164, 164, 244
-9869, 2105, 163, 163, 244
-9870, 2105, 163, 163, 242
-9870, 2104, 163, 163, 242
-9869, 2105, 163, 163, 242
-9870, 2106, 163, 163, 242
-9869, 2106, 163, 163, 242
-9869, 2106, 163, 163, 242
-9869, 2105, 163, 163, 242
-9870, 2105, 163, 163, 242
-9870, 2105, 163, 163, 242
-9869, 2106, 164, 164, 242
-9869, 2105, 163, 163, 242
-9869, 2105, 163, 163, 242
-9871, 2104, 162, 162, 242
-9868, 2105, 164, 164, 242
-9868, 2105, 164, 164, 242
-9868, 2105, 164, 164, 242
-9870, 2104, 164, 164, 242
-9870, 2105, 163, 163, 242
-9869, 2105, 163, 163, 242
-9869, 2105, 163, 163, 242
-9870, 2105, 163, 163, 242
-9870, 2105, 163, 163, 242
-9868, 2105, 164, 164, 242
-9869, 2106, 164, 164, 242
-9968, 2090, 121, 121, 233
-9957, 2088, 77, 77, 233
-9957, 2088, 77, 77, 233
-9962, 2087, 73, 73, 233
-9962, 2087, 73, 73, 233
-9963, 2086, 70, 70, 233
-9963, 2086, 70, 70, 233
-9963, 2086, 69, 69, 233
-9963, 2086, 69, 69, 233
-9966, 2086, 68, 68, 233
-9966, 2087, 66, 66, 233
-9966, 2087, 66, 66, 233
-9968, 2087, 65, 65, 233
-9968, 2087, 65, 65, 233
-9968, 2087, 65, 65, 233
-9969, 2088, 64, 64, 233
-9969, 2088, 64, 64, 233
-9968, 2087, 64, 64, 233
-9968, 2087, 64, 64, 233
-9969, 2087, 64, 64, 233
-9968, 2087, 64, 64, 233
-9968, 2087, 64, 64, 233
-9970, 2087, 64, 64, 233
-9970, 2087, 64, 64, 233
-9969, 2086, 64, 64, 233
-9970, 2087, 64, 64, 233
-9970, 2087, 64, 64, 233
-9970, 2086, 63, 63, 242
-9969, 2087, 63, 63, 242
-9969, 2087, 63, 63, 242
-9968, 2088, 63, 63, 242
-9968, 2088, 63, 63, 242
-9971, 2088, 63, 63, 242
-9971, 2087, 63, 63, 242
-9969, 2087, 63, 63, 242
-9970, 2087, 63, 63, 242
-9969, 2087, 63, 63, 242
-9969, 2088, 63, 63, 242
-9969, 2086, 63, 63, 242
-9970, 2089, 63, 63, 242
-9970, 2089, 63, 63, 242
-9971, 2088, 63, 63, 242
-9971, 2088, 63, 63, 242
-9969, 2087, 63, 63, 242
-9969, 2087, 63, 63, 242
-9970, 2087, 62, 62, 242
-9969, 2087, 63, 63, 242
-9969, 2087, 63, 63, 242
-9970, 2086, 63, 63, 242
-9970, 2086, 63, 63, 242
-9971, 2088, 63, 63, 246
-9971, 2088, 62, 62, 246
-9970, 2088, 63, 63, 246
-9972, 2087, 63, 63, 246
-9972, 2087, 63, 63, 246
-9970, 2087, 63, 63, 246
-9969, 2087, 63, 63, 246
-9969, 2087, 63, 63, 246
-9970, 2086, 63, 63, 246
-9970, 2086, 63, 63, 246
-9968, 2088, 64, 64, 246
-9969, 2087, 64, 64, 246
-9970, 2088, 63, 63, 246
-9970, 2088, 63, 63, 246
-9970, 2087, 62, 62, 246
-9970, 2087, 63, 63, 246
-9970, 2087, 63, 63, 246
-9969, 2087, 63, 63, 246
-9969, 2087, 63, 63, 246
-9968, 2087, 63, 63, 246
-9968, 2087, 63, 63, 246
-9970, 2088, 63, 63, 246
-9970, 2088, 63, 63, 246
-9970, 2087, 63, 63, 246
-9970, 2087, 63, 63, 246
-9970, 2088, 63, 63, 246
-9969, 2088, 64, 64, 246
-9969, 2088, 64, 64, 246
-9970, 2087, 63, 63, 242
-9969, 2088, 63, 63, 242
-9969, 2088, 63, 63, 242
-9969, 2088, 63, 63, 242
-9970, 2088, 63, 63, 242
-9969, 2087, 63, 63, 242
-9970, 2087, 63, 63, 242
-9970, 2089, 63, 63, 242
-9970, 2089, 63, 63, 242
-9970, 2087, 63, 63, 242
-9970, 2087, 63, 63, 242
-9969, 2088, 63, 63, 242
-9969, 2088, 63, 63, 242
-9970, 2088, 63, 63, 242
-9970, 2088, 63, 63, 242
-9969, 2088, 64, 64, 242
-9969, 2088, 64, 64, 242
-9968, 2087, 65, 65, 242
-9968, 2087, 65, 65, 242
-9967, 2086, 64, 64, 242
-9967, 2086, 64, 64, 242
-9970, 2088, 63, 63, 242
-9970, 2088, 63, 63, 253
-9968, 2088, 63, 63, 253
-9969, 2088, 63, 63, 253
-9969, 2088, 63, 63, 253
-9969, 2088, 64, 64, 253
-9969, 2087, 64, 64, 253
-9969, 2087, 64, 64, 253
-9969, 2088, 64, 64, 253
-9969, 2088, 64, 64, 253
-9965, 2086, 66, 66, 253
-9965, 2086, 66, 66, 253
-9886, 2107, 143, 143, 253
-9886, 2107, 143, 143, 253
-9881, 2106, 150, 150, 253
-9876, 2106, 156, 156, 253
-9876, 2106, 156, 156, 253
-9875, 2105, 158, 158, 253
-9875, 2105, 158, 158, 253
-9874, 2105, 159, 159, 253
-9874, 2105, 159, 159, 253
-9872, 2106, 160, 160, 253
-9870, 2107, 161, 161, 253
-9870, 2106, 162, 162, 253
-9870, 2106, 162, 162, 253
-9870, 2105, 163, 163, 253
-9869, 2106, 163, 163, 238
-9869, 2106, 163, 163, 238
-9868, 2106, 164, 164, 238
-9868, 2106, 164, 164, 238
-9869, 2106, 163, 163, 238
-9870, 2104, 163, 163, 238
-9869, 2105, 163, 163, 238
-9869, 2105, 163, 163, 238
-9869, 2106, 163, 163, 238
-9869, 2105, 164, 164, 238
-9868, 2105, 164, 164, 238
-9868, 2105, 164, 164, 238
-9867, 2106, 164, 164, 238
-9867, 2106, 164, 164, 238
-9869, 2106, 164, 164, 238
-9869, 2105, 164, 164, 238
-9868, 2105, 164, 164, 238
-9868, 2105, 164, 164, 238
-9868, 2105, 164, 164, 238
-9869, 2105, 164, 164, 238
-9869, 2106, 164, 164, 238
-9869, 2106, 164, 164, 238
-9869, 2106, 164, 164, 238
-9869, 2105, 164, 164, 238
-9869, 2105, 164, 164, 238
-9869, 2106, 164, 164, 262
-9869, 2105, 164, 164, 262
-9869, 2105, 164, 164, 262
-9868, 2105, 164, 164, 262
-9868, 2105, 165, 165, 262
-9868, 2105, 165, 165, 262
-9867, 2105, 164, 164, 262
-9867, 2105, 165, 165, 262
-9869, 2105, 164, 164, 262
-9869, 2104, 164, 164, 262
-9869, 2104, 165, 165, 262
-9869, 2104, 165, 165, 262
-9868, 2105, 164, 164, 262
-9868, 2105, 165, 165, 262
-9868, 2106, 164, 164, 262
-9868, 2106, 164, 164, 262
-9869, 2105, 164, 164, 262
-9867, 2106, 165, 165, 262
-9869, 2106, 164, 164, 262
-9869, 2106, 164, 164, 262
-9870, 2105, 163, 163, 262
-9869, 2104, 164, 164, 246
-9870, 2106, 164, 164, 246
-9870, 2106, 164, 164, 246
-9869, 2105, 164, 164, 246
-9868, 2105, 164, 164, 246
-9869, 2104, 165, 165, 246
-9870, 2104, 164, 164, 246
-9867, 2104, 165, 165, 246
-9869, 2105, 164, 164, 246
-9868, 2105, 165, 165, 246
-9868, 2105, 165, 165, 246
-9869, 2104, 164, 164, 246
-9868, 2105, 164, 164, 246
-9868, 2105, 164, 164, 246
-9869, 2105, 164, 164, 246
-9869, 2104, 164, 164, 246
-9869, 2105, 164, 164, 246
-9869, 2105, 164, 164, 246
-9867, 2105, 164, 164, 246
-9868, 2105, 164, 164, 246
-9868, 2105, 164, 164, 246
-9870, 2104, 164, 164, 246
-9870, 2104, 164, 164, 246
-9869, 2105, 164, 164, 246
-9869, 2104, 164, 164, 246
-9870, 2104, 164, 164, 246
-9870, 2104, 164, 164, 246
-9869, 2105, 164, 164, 246
-9869, 2105, 164, 164, 246
-9868, 2105, 165, 165, 246
-9868, 2105, 165, 165, 246
-9869, 2105, 164, 164, 246
-9869, 2105, 164, 164, 246
-9870, 2106, 164, 164, 246
-9870, 2104, 164, 164, 246
-9870, 2104, 164, 164, 246
-9869, 2104, 164, 164, 246
-9869, 2105, 163, 163, 246
-9869, 2105, 163, 163, 246
-9869, 2105, 164, 164, 246
-9868, 2104, 164, 164, 246
-9869, 2105, 164, 164, 246
-9869, 2105, 164, 164, 246
-9869, 2106, 164, 164, 246
-9869, 2106, 164, 164, 246
-9869, 2105, 164, 164, 246
-9869, 2104, 164, 164, 246
-9869, 2104, 164, 164, 246
-9869, 2104, 164, 164, 246
-9869, 2105, 164, 164, 253
-9869, 2105, 164, 164, 253
-9869, 2105, 164, 164, 253
-9869, 2105, 164, 164, 253
-9870, 2104, 164, 164, 253
-9868, 2104, 165, 165, 253
-9869, 2105, 164, 164, 253
-9869, 2105, 164, 164, 253
-9870, 2104, 163, 163, 253
-9948, 2084, 83, 83, 253
-9948, 2084, 83, 83, 253
-9955, 2086, 77, 77, 253
-9961, 2087, 72, 72, 253
-9961, 2087, 72, 72, 253
-9964, 2087, 70, 70, 253
-9964, 2086, 69, 69, 253
-9964, 2086, 69, 69, 253
-9964, 2086, 69, 69, 253
-9964, 2087, 67, 67, 253
-9964, 2087, 67, 67, 253
-9968, 2087, 66, 66, 253
-9968, 2087, 66, 66, 253
-9970, 2086, 65, 65, 253
-9970, 2086, 65, 65, 253
-9969, 2087, 64, 64, 251
-9968, 2087, 65, 65, 251
-9969, 2086, 65, 65, 251
-9969, 2086, 64, 64, 251
-9969, 2087, 64, 64, 251
-9968, 2087, 64, 64, 251
-9969, 2086, 64, 64, 251
-9969, 2086, 64, 64, 251
-9970, 2087, 63, 63, 251
-9969, 2086, 63, 63, 251
-9969, 2087, 64, 64, 251
-9970, 2087, 63, 63, 251
-9968, 2087, 63, 63, 251
-9968, 2087, 63, 63, 251
-9968, 2087, 63, 63, 251
-9970, 2087, 63, 63, 251
-9969, 2087, 64, 64, 251
-9969, 2087, 64, 64, 251
-9969, 2087, 64, 64, 251
-9969, 2087, 64, 64, 251
-9970, 2087, 63, 63, 251
-9970, 2087, 63, 63, 251
-9971, 2088, 63, 63, 251
-9971, 2087, 63, 63, 251
-9968, 2087, 63, 63, 246
-9968, 2087, 63, 63, 246
-9968, 2087, 63, 63, 246
-9970, 2088, 63, 63, 246
-9969, 2088, 64, 64, 246
-9969, 2088, 64, 64, 246
-9968, 2087, 63, 63, 246
-9970, 2088, 64, 64, 246
-9970, 2088, 64, 64, 246
-9970, 2086, 63, 63, 246
-9970, 2086, 63, 63, 246
-9971, 2087, 62, 62, 246
-9971, 2087, 62, 62, 246
-9969, 2088, 63, 63, 246
-9968, 2087, 63, 63, 246
-9967, 2088, 63, 63, 246
-9967, 2088, 63, 63, 246
-9969, 2086, 64, 64, 246
-9969, 2087, 64, 64, 246
-9969, 2087, 64, 64, 246
-9969, 2088, 64, 64, 246
-9969, 2088, 64, 64, 246
-9969, 2087, 63, 63, 246
-9969, 2087, 63, 63, 246
-9970, 2087, 64, 64, 246
-9970, 2087, 64, 64, 246
-9971, 2087, 63, 63, 255
-9971, 2087, 63, 63, 255
-9970, 2087, 63, 63, 255
-9970, 2087, 64, 64, 255
-9969, 2087, 63, 63, 255
-9968, 2087, 64, 64, 255
-9968, 2087, 64, 64, 255
-9968, 2088, 63, 63, 255
-9968, 2087, 63, 63, 255
-9968, 2088, 63, 63, 255
-9968, 2088, 63, 63, 255
-9967, 2087, 64, 64, 255
-9969, 2087, 64, 64, 255
-9969, 2087, 64, 64, 255
-9969, 2087, 64, 64, 255
-9969, 2087, 64, 64, 255
-9970, 2087, 64, 64, 255
-9970, 2087, 64, 64, 255
-9969, 2088, 64, 64, 255
-9969, 2088, 64, 64, 255
-9967, 2087, 65, 65, 255
-9967, 2087, 65, 65, 255
-9969, 2086, 64, 64, 255
-9969, 2086, 64, 64, 255
-9969, 2087, 64, 64, 255
-9969, 2087, 64, 64, 255
-9970, 2088, 64, 64, 253
-9970, 2088, 64, 64, 253
-9968, 2086, 64, 64, 253
-9968, 2086, 64, 64, 253
-9969, 2088, 64, 64, 253
-9969, 2088, 64, 64, 253
-9969, 2088, 64, 64, 253
-9969, 2087, 63, 63, 253
-9968, 2088, 64, 64, 253
-9970, 2087, 64, 64, 253
-9970, 2087, 64, 64, 253
-9970, 2087, 63, 63, 253
-9969, 2088, 64, 64, 253
-9969, 2088, 64, 64, 253
-9969, 2087, 64, 64, 253
-9969, 2087, 64, 64, 253
-9968, 2088, 64, 64, 253
-9968, 2087, 64, 64, 253
-9965, 2087, 65, 65, 253
-9907, 2107, 81, 81, 253
-9883, 2105, 148, 148, 253
-9883, 2105, 148, 148, 253
-9880, 2105, 152, 152, 253
-9878, 2104, 154, 154, 253
-9875, 2105, 157, 157, 249
-9875, 2105, 157, 157, 249
-9875, 2105, 158, 158, 249
-9873, 2105, 160, 160, 249
-9872, 2104, 161, 161, 249
-9872, 2106, 161, 161, 249
-9871, 2105, 162, 162, 249
-9871, 2105, 162, 162, 249
-9871, 2106, 162, 162, 249
-9870, 2105, 162, 162, 249
-9870, 2106, 162, 162, 249
-9869, 2106, 163, 163, 249
-9869, 2106, 163, 163, 249
-9869, 2106, 163, 163, 249
-9868, 2105, 164, 164, 249
-9870, 2105, 163, 163, 249
-9870, 2105, 163, 163, 249
-9869, 2105, 164, 164, 249
-9871, 2104, 163, 163, 249
-9871, 2104, 163, 163, 249
-9867, 2106, 164, 164, 249
-9869, 2105, 164, 164, 249
-9869, 2105, 164, 164, 249
-9869, 2106, 164, 164, 249
-9867, 2105, 164, 164, 249
-9868, 2105, 164, 164, 249
-9869, 2105, 165, 165, 249
-9869, 2105, 165, 165, 249
-9868, 2105, 164, 164, 262
-9868, 2104, 164, 164, 262
-9868, 2106, 164, 164, 262
-9868, 2105, 165, 165, 262
-9868, 2105, 165, 165, 262
-9868, 2105, 165, 165, 262
-9868, 2105, 164, 164, 262
-9868, 2105, 164, 164, 262
-9868, 2105, 164, 164, 262
-9869, 2105, 165, 165, 262
-9869, 2105, 165, 165, 262
-9868, 2105, 165, 165, 262
-9868, 2106, 165, 165, 262
-9869, 2104, 165, 165, 262
-9868, 2105, 165, 165, 262
-9868, 2105, 165, 165, 262
-9868, 2105, 165, 165, 262
-9868, 2105, 165, 165, 262
-9867, 2105, 165, 165, 262
-9867, 2105, 165, 165, 262
-9868, 2105, 164, 164, 262
-9868, 2105, 164, 164, 262
-9867, 2105, 165, 165, 262
-9869, 2105, 164, 164, 262
-9869, 2105, 164, 164, 262
-9867, 2106, 165, 165, 262
-9868, 2105, 164, 164, 262
-9869, 2105, 164, 164, 262
-9867, 2105, 165, 165, 246
-9867, 2105, 165, 165, 246
-9869, 2104, 164, 164, 246
-9869, 2104, 164, 164, 246
-9869, 2105, 165, 165, 246
-9869, 2105, 165, 165, 246
-9869, 2104, 164, 164, 246
-9867, 2105, 165, 165, 246
-9867, 2105, 165, 165, 246
-9869, 2105, 165, 165, 246
-9868, 2105, 165, 165, 246
-9868, 2105, 165, 165, 246
-9867, 2106, 165, 165, 246
-9867, 2106, 165, 165, 246
-9869, 2105, 165, 165, 246
-9869, 2106, 164, 164, 246
-9869, 2106, 164, 164, 246
-9867, 2105, 165, 165, 246
-9869, 2106, 164, 164, 246
-9869, 2106, 164, 164, 246
-9868, 2104, 164, 164, 246
-9868, 2105, 164, 164, 246
-9869, 2105, 163, 163, 253
-9869, 2105, 164, 164, 253
-9868, 2105, 165, 165, 253
-9868, 2105, 165, 165, 253
-9869, 2105, 164, 164, 253
-9869, 2105, 165, 165, 253
-9869, 2104, 164, 164, 253
-9869, 2104, 164, 164, 253
-9869, 2104, 164, 164, 253
-9868, 2104, 164, 164, 253
-9869, 2105, 164, 164, 253
-9869, 2105, 164, 164, 253
-9868, 2105, 164, 164, 253
-9869, 2105, 165, 165, 253
-9869, 2105, 164, 164, 253
-9868, 2104, 165, 165, 253
-9869, 2106, 164, 164, 253
-9869, 2106, 164, 164, 253
-9868, 2105, 164, 164, 253
-9869, 2105, 164, 164, 253
-9868, 2104, 164, 164, 253
-9868, 2104, 164, 164, 253
-9868, 2105, 164, 164, 255
-9868, 2105, 164, 164, 255
-9869, 2105, 164, 164, 255
-9869, 2105, 164, 164, 255
-9868, 2105, 165, 165, 255
-9869, 2105, 164, 164, 255
-9869, 2105, 164, 164, 255
-9868, 2105, 165, 165, 255
-9868, 2105, 164, 164, 255
-9869, 2104, 164, 164, 255
-9869, 2104, 164, 164, 255
-9868, 2104, 164, 164, 255
-9869, 2104, 164, 164, 255
-9868, 2105, 164, 164, 255
-9869, 2105, 164, 164, 255
-9869, 2105, 164, 164, 255
-9869, 2104, 164, 164, 255
-9869, 2104, 164, 164, 255
-9869, 2104, 163, 163, 255
-9869, 2104, 163, 163, 255
-9988, 2095, 116, 116, 255
-9960, 2087, 74, 74, 255
-9963, 2087, 71, 71, 255
-9963, 2087, 71, 71, 255
-9965, 2086, 69, 69, 255
-9965, 2086, 69, 69, 255
-9964, 2086, 68, 68, 251
-9964, 2086, 68, 68, 251
-9966, 2087, 66, 66, 251
-9966, 2087, 66, 66, 251
-9969, 2087, 66, 66, 251
-9969, 2087, 66, 66, 251
-9967, 2085, 65, 65, 251
-9968, 2086, 65, 65, 251
-9970, 2087, 64, 64, 251
-9970, 2087, 64, 64, 251
-9969, 2086, 65, 65, 251
-9968, 2087, 64, 64, 251
-9968, 2087, 64, 64, 251
-9969, 2086, 64, 64, 251
-9970, 2087, 63, 63, 251
-9970, 2087, 63, 63, 251
-9968, 2086, 64, 64, 251
-9967, 2087, 65, 65, 251
-9968, 2087, 64, 64, 251
-9969, 2086, 64, 64, 251
-9968, 2088, 64, 64, 251
-9968, 2088, 64, 64, 251
-9968, 2086, 64, 64, 251
-9968, 2086, 63, 63, 251
-9969, 2087, 64, 64, 251
-9970, 2086, 64, 64, 246
-9970, 2086, 64, 64, 246
-9971, 2086, 63, 63, 246
-9971, 2086, 63, 63, 246
-9970, 2086, 63, 63, 246
-9969, 2087, 63, 63, 246
-9969, 2087, 63, 63, 246
-9969, 2088, 63, 63, 246
-9969, 2087, 63, 63, 246
-9969, 2086, 63, 63, 246
-9969, 2086, 63, 63, 246
-9970, 2085, 63, 63, 246
-9969, 2087, 64, 64, 246
-9969, 2087, 63, 63, 246
-9967, 2086, 64, 64, 246
-9967, 2086, 64, 64, 246
-9967, 2086, 65, 65, 246
-9968, 2086, 63, 63, 246
-9968, 2086, 63, 63, 246
-9970, 2088, 64, 64, 246
-9970, 2088, 63, 63, 246
-9970, 2088, 63, 63, 246
-9971, 2086, 63, 63, 246
-9971, 2086, 63, 63, 246
-9969, 2087, 63, 63, 246
-9969, 2087, 63, 63, 246
-9968, 2087, 64, 64, 251
-9968, 2087, 64, 64, 251
-9968, 2087, 64, 64, 251
-9970, 2087, 63, 63, 251
-9970, 2087, 63, 63, 251
-9968, 2087, 64, 64, 251
-9969, 2087, 64, 64, 251
-9970, 2087, 63, 63, 251
-9970, 2087, 63, 63, 251
-9969, 2086, 64, 64, 251
-9968, 2087, 64, 64, 251
-9969, 2088, 64, 64, 251
-9969, 2088, 64, 64, 251
-9970, 2087, 63, 63, 251
-9969, 2088, 63, 63, 251
-9970, 2087, 64, 64, 251
-9970, 2087, 64, 64, 251
-9969, 2087, 64, 64, 251
-9969, 2087, 64, 64, 251
-9970, 2087, 63, 63, 251
-9969, 2087, 63, 63, 251
-9969, 2087, 63, 63, 251
-9969, 2087, 64, 64, 251
-9969, 2087, 64, 64, 251
-9970, 2087, 63, 63, 251
-9970, 2087, 63, 63, 251
-9968, 2088, 64, 64, 251
-9968, 2087, 63, 63, 264
-9968, 2087, 63, 63, 264
-9967, 2087, 64, 64, 264
-9967, 2087, 64, 64, 264
-9970, 2087, 63, 63, 264
-9970, 2087, 63, 63, 264
-9970, 2086, 63, 63, 264
-9968, 2087, 64, 64, 264
-9971, 2087, 64, 64, 264
-9971, 2087, 64, 64, 264
-9969, 2086, 64, 64, 264
-9969, 2086, 64, 64, 264
-9967, 2087, 64, 64, 264
-9969, 2087, 64, 64, 264
-9967, 2087, 64, 64, 264
-9967, 2087, 64, 64, 264
-9968, 2088, 64, 64, 264
-9968, 2088, 64, 64, 264
-9968, 2087, 64, 64, 264
-9968, 2087, 64, 64, 264
-9970, 2086, 64, 64, 264
-9970, 2086, 64, 64, 264
-9969, 2087, 64, 64, 264
-9969, 2087, 64, 64, 264
-9968, 2088, 64, 64, 266
-9968, 2088, 64, 64, 266
-9896, 2106, 99, 99, 266
-9896, 2106, 99, 99, 266
-9880, 2106, 150, 150, 266
-9880, 2106, 150, 150, 266
-9879, 2106, 153, 153, 266
-9874, 2106, 157, 157, 266
-9874, 2106, 157, 157, 266
-9874, 2104, 160, 160, 266
-9874, 2104, 160, 160, 266
-9872, 2105, 160, 160, 266
-9873, 2105, 160, 160, 266
-9871, 2105, 161, 161, 266
-9870, 2106, 162, 162, 266
-9870, 2106, 162, 162, 266
-9871, 2106, 162, 162, 266
-9870, 2105, 162, 162, 266
-9870, 2105, 163, 163, 266
-9870, 2105, 164, 164, 266
-9870, 2105, 164, 164, 266
-9869, 2106, 163, 163, 266
-9869, 2105, 164, 164, 266
-9869, 2105, 164, 164, 266
-9868, 2104, 164, 164, 266
-9869, 2105, 164, 164, 266
-9869, 2105, 164, 164, 266
-9868, 2105, 164, 164, 266
-9868, 2105, 164, 164, 266
-9868, 2104, 164, 164, 266
-9868, 2106, 164, 164, 266
-9868, 2105, 165, 165, 266
-9868, 2105, 165, 165, 266
-9867, 2104, 165, 165, 266
-9868, 2104, 165, 165, 266
-9870, 2105, 164, 164, 266
-9868, 2105, 165, 165, 266
-9867, 2105, 165, 165, 266
-9867, 2105, 165, 165, 266
-9868, 2105, 165, 165, 266
-9868, 2105, 165, 165, 266
-9868, 2105, 165, 165, 266
-9869, 2105, 165, 165, 266
-9868, 2104, 165, 165, 266
-9868, 2104, 165, 165, 266
-9868, 2105, 165, 165, 266
-9868, 2105, 165, 165, 266
-9869, 2105, 164, 164, 266
-9867, 2105, 165, 165, 266
-9867, 2106, 165, 165, 266
-9868, 2105, 165, 165, 266
-9868, 2105, 164, 164, 266
-9868, 2106, 165, 165, 257
-9869, 2106, 165, 165, 257
-9869, 2104, 165, 165, 257
-9869, 2104, 165, 165, 257
-9867, 2105, 165, 165, 257
-9867, 2105, 165, 165, 257
-9867, 2105, 165, 165, 257
-9867, 2104, 165, 165, 257
-9867, 2104, 165, 165, 257
-9869, 2104, 164, 164, 257
-9868, 2105, 165, 165, 257
-9867, 2105, 165, 165, 257
-9867, 2105, 165, 165, 257
-9868, 2106, 164, 164, 257
-9867, 2105, 165, 165, 257
-9868, 2104, 165, 165, 257
-9868, 2104, 165, 165, 257
-9868, 2104, 165, 165, 257
-9868, 2105, 165, 165, 257
-9867, 2105, 165, 165, 257
-9867, 2105, 165, 165, 257
-9867, 2104, 165, 165, 257
-9869, 2104, 164, 164, 257
-9868, 2105, 165, 165, 257
-9868, 2105, 164, 164, 257
-9869, 2104, 164, 164, 259
-9869, 2104, 164, 164, 259
-9868, 2105, 165, 165, 259
-9868, 2104, 164, 164, 259
-9868, 2105, 164, 164, 259
-9869, 2104, 165, 165, 259
-9869, 2105, 165, 165, 259
-9867, 2105, 165, 165, 259
-9868, 2104, 165, 165, 259
-9869, 2105, 164, 164, 259
-9868, 2104, 164, 164, 259
-9868, 2104, 164, 164, 259
-9868, 2104, 165, 165, 259
-9868, 2104, 165, 165, 259
-9868, 2104, 165, 165, 259
-9868, 2104, 164, 164, 259
-9868, 2104, 164, 164, 259
-9869, 2104, 165, 165, 259
-9869, 2105, 164, 164, 259
-9868, 2104, 164, 164, 259
-9869, 2103, 164, 164, 259
-9869, 2103, 164, 164, 259
-9868, 2104, 164, 164, 259
-9869, 2104, 164, 164, 259
-9869, 2104, 164, 164, 257
-9867, 2104, 164, 164, 257
-9867, 2104, 164, 164, 257
-9868, 2104, 164, 164, 257
-9868, 2104, 164, 164, 257
-9867, 2105, 165, 165, 257
-9868, 2103, 165, 165, 257
-9868, 2104, 164, 164, 257
-9868, 2104, 164, 164, 257
-9869, 2104, 164, 164, 257
-9869, 2104, 164, 164, 257
-9869, 2103, 164, 164, 257
-9869, 2103, 164, 164, 257
-9869, 2104, 164, 164, 257
-9869, 2104, 164, 164, 257
-9869, 2104, 164, 164, 257
-9869, 2104, 164, 164, 257
-9869, 2104, 164, 164, 257
-9869, 2104, 163, 163, 257
-9869, 2104, 163, 163, 257
-9869, 2104, 163, 163, 257
-9868, 2104, 164, 164, 257
-9868, 2104, 164, 164, 257
-9869, 2103, 163, 163, 257
-9869, 2103, 163, 163, 257
-9870, 2105, 163, 163, 257
-9871, 2104, 163, 163, 262
-9988, 2096, 106, 106, 262
-9988, 2096, 106, 106, 262
-9946, 2085, 70, 70, 262
-9958, 2086, 76, 76, 262
-9961, 2086, 74, 74, 262
-9963, 2086, 71, 71, 262
-9963, 2086, 71, 71, 262
-9964, 2086, 68, 68, 262
-9964, 2086, 68, 68, 262
-9966, 2086, 66, 66, 262
-9966, 2086, 66, 66, 262
-9968, 2086, 66, 66, 262
-9968, 2086, 66, 66, 262
-9968, 2086, 65, 65, 262
-9969, 2085, 66, 66, 262
-9968, 2086, 65, 65, 262
-9968, 2086, 65, 65, 262
-9968, 2086, 65, 65, 262
-9968, 2086, 65, 65, 262
-9968, 2087, 64, 64, 262
-9967, 2086, 65, 65, 262
-9967, 2086, 65, 65, 262
-9969, 2086, 63, 63, 262
-9969, 2086, 63, 63, 257
-9970, 2086, 64, 64, 257
-9969, 2085, 63, 63, 257
-9969, 2085, 63, 63, 257
-9968, 2085, 64, 64, 257
-9969, 2086, 63, 63, 257
-9969, 2086, 63, 63, 257
-9968, 2085, 63, 63, 257
-9970, 2085, 64, 64, 257
-9970, 2085, 64, 64, 257
-9971, 2086, 63, 63, 257
-9969, 2085, 63, 63, 257
-9969, 2085, 63, 63, 257
-9969, 2085, 63, 63, 257
-9969, 2086, 64, 64, 257
-9969, 2087, 64, 64, 257
-9969, 2087, 64, 64, 257
-9969, 2086, 64, 64, 257
-9969, 2086, 64, 64, 257
-9970, 2086, 63, 63, 257
-9969, 2085, 63, 63, 257
-9969, 2085, 63, 63, 257
-9969, 2086, 63, 63, 257
-9970, 2085, 63, 63, 257
-9970, 2086, 63, 63, 257
-9970, 2086, 63, 63, 257
-9971, 2085, 63, 63, 259
-9970, 2086, 63, 63, 259
-9970, 2086, 63, 63, 259
-9970, 2086, 63, 63, 259
-9970, 2086, 63, 63, 259
-9970, 2086, 63, 63, 259
-9968, 2086, 63, 63, 259
-9968, 2086, 63, 63, 259
-9969, 2086, 63, 63, 259
-9969, 2086, 63, 63, 259
-9970, 2087, 63, 63, 259
-9970, 2087, 63, 63, 259
-9969, 2086, 63, 63, 259
-9969, 2086, 63, 63, 259
-9968, 2086, 64, 64, 259
-9970, 2086, 63, 63, 259
-9969, 2086, 63, 63, 259
-9969, 2086, 63, 63, 259
-9969, 2086, 64, 64, 259
-9969, 2086, 64, 64, 259
-9969, 2087, 63, 63, 259
-9969, 2087, 63, 63, 259
-9971, 2086, 63, 63, 259
-9970, 2086, 63, 63, 259
-9970, 2086, 63, 63, 259
-9969, 2086, 63, 63, 259
-9967, 2087, 64, 64, 257
-9968, 2086, 64, 64, 257
-9968, 2086, 64, 64, 257
-9970, 2086, 63, 63, 257
-9970, 2086, 63, 63, 257
-9971, 2086, 63, 63, 257
-9970, 2087, 63, 63, 257
-9970, 2087, 63, 63, 257
-9969, 2086, 64, 64, 257
-9969, 2086, 64, 64, 257
-9968, 2086, 64, 64, 257
-9968, 2086, 63, 63, 257
-9969, 2087, 63, 63, 257
-9969, 2087, 63, 63, 257
-9970, 2087, 63, 63, 257
-9969, 2086, 64, 64, 257
-9969, 2086, 64, 64, 257
-9968, 2088, 64, 64, 257
-9968, 2088, 64, 64, 257
-9968, 2085, 64, 64, 257
-9970, 2086, 63, 63, 257
-9970, 2086, 63, 63, 257
-9970, 2086, 63, 63, 257
-9970, 2085, 63, 63, 257
-9970, 2086, 63, 63, 257
-9970, 2086, 63, 63, 257
-9970, 2087, 63, 63, 257
-9968, 2087, 64, 64, 257
-9968, 2087, 64, 64, 266
-9968, 2087, 63, 63, 266
-9970, 2087, 63, 63, 266
-9969, 2085, 63, 63, 266
-9969, 2085, 63, 63, 266
-9968, 2086, 64, 64, 266
-9969, 2085, 64, 64, 266
-9969, 2085, 64, 64, 266
-9969, 2086, 64, 64, 266
-9968, 2086, 64, 64, 266
-9968, 2086, 64, 64, 266
-9969, 2087, 64, 64, 266
-9969, 2087, 64, 64, 266
-9969, 2086, 66, 66, 266
-9886, 2105, 144, 144, 266
-9886, 2105, 144, 144, 266
-9881, 2104, 150, 150, 266
-9875, 2104, 158, 158, 266
-9875, 2104, 158, 158, 266
-9873, 2104, 160, 160, 266
-9873, 2104, 160, 160, 266
-9872, 2104, 161, 161, 266
-9872, 2104, 161, 161, 266
-9872, 2104, 161, 161, 266
-9872, 2105, 162, 162, 257
-9872, 2105, 162, 162, 257
-9871, 2103, 162, 162, 257
-9871, 2103, 162, 162, 257
-9870, 2104, 162, 162, 257
-9869, 2104, 164, 164, 257
-9869, 2104, 164, 164, 257
-9870, 2104, 163, 163, 257
-9870, 2105, 163, 163, 257
-9870, 2104, 163, 163, 257
-9870, 2104, 163, 163, 257
-9869, 2103, 163, 163, 257
-9870, 2104, 164, 164, 257
-9870, 2104, 164, 164, 257
-9870, 2105, 163, 163, 257
-9868, 2103, 164, 164, 257
-9868, 2103, 164, 164, 257
-9869, 2103, 164, 164, 257
-9870, 2105, 164, 164, 257
-9870, 2105, 164, 164, 257
-9867, 2105, 164, 164, 257
-9870, 2104, 164, 164, 257
-9868, 2104, 164, 164, 257
-9869, 2104, 164, 164, 257
-9869, 2104, 164, 164, 257
-9868, 2104, 164, 164, 257
-9869, 2104, 163, 163, 257
-9870, 2103, 164, 164, 264
-9870, 2103, 164, 164, 264
-9869, 2103, 164, 164, 264
-9868, 2104, 164, 164, 264
-9868, 2104, 164, 164, 264
-9870, 2104, 164, 164, 264
-9868, 2104, 164, 164, 264
-9868, 2104, 164, 164, 264
-9868, 2105, 164, 164, 264
-9868, 2105, 164, 164, 264
-9868, 2104, 164, 164, 264
-9868, 2104, 164, 164, 264
-9868, 2104, 164, 164, 264
-9868, 2106, 165, 165, 264
-9868, 2106, 165, 165, 264
-9869, 2106, 164, 164, 264
-9869, 2104, 164, 164, 264
-9869, 2104, 164, 164, 264
-9868, 2104, 165, 165, 264
-9868, 2104, 165, 165, 264
-9869, 2105, 165, 165, 264
-9869, 2104, 164, 164, 264
-9869, 2104, 164, 164, 264
-9868, 2105, 164, 164, 264
-9867, 2104, 165, 165, 264
-9867, 2104, 165, 165, 264
-9868, 2104, 164, 164, 264
-9869, 2104, 164, 164, 264
-9868, 2104, 164, 164, 268
-9870, 2104, 164, 164, 268
-9868, 2104, 164, 164, 268
-9868, 2103, 165, 165, 268
-9868, 2103, 164, 164, 268
-9868, 2103, 164, 164, 268
-9868, 2104, 165, 165, 268
-9869, 2103, 164, 164, 268
-9869, 2103, 164, 164, 268
-9868, 2104, 164, 164, 268
-9868, 2104, 165, 165, 268
-9868, 2104, 165, 165, 268
-9868, 2104, 164, 164, 268
-9868, 2103, 164, 164, 268
-9869, 2104, 164, 164, 268
-9869, 2104, 164, 164, 268
-9869, 2104, 164, 164, 268
-9869, 2104, 164, 164, 268
-9869, 2103, 164, 164, 268
-9869, 2103, 164, 164, 268
-9869, 2103, 164, 164, 268
-9869, 2103, 164, 164, 268
-9869, 2103, 164, 164, 268
-9868, 2103, 164, 164, 268
-9868, 2103, 164, 164, 268
-9868, 2103, 164, 164, 288
-9868, 2103, 164, 164, 288
-9869, 2104, 164, 164, 288
-9869, 2104, 164, 164, 288
-9869, 2104, 164, 164, 288
-9869, 2104, 163, 163, 288
-9869, 2103, 163, 163, 288
-9869, 2104, 164, 164, 288
-9869, 2103, 164, 164, 288
-9869, 2103, 164, 164, 288
-9869, 2103, 164, 164, 288
-9869, 2104, 164, 164, 288
-9868, 2103, 164, 164, 288
-9868, 2103, 164, 164, 288
-9868, 2103, 164, 164, 288
-9868, 2103, 164, 164, 288
-9868, 2103, 164, 164, 288
-9868, 2103, 164, 164, 288
-9868, 2103, 164, 164, 288
-9870, 2104, 163, 163, 288
-9870, 2104, 163, 163, 288
-9870, 2104, 163, 163, 288
-9869, 2104, 164, 164, 288
-9869, 2104, 164, 164, 288
-9869, 2104, 164, 164, 288
-9869, 2104, 164, 164, 288
-9869, 2104, 164, 164, 288
-9870, 2104, 163, 163, 286
-9869, 2105, 164, 164, 286
-9868, 2104, 164, 164, 286
-9868, 2104, 164, 164, 286
-9869, 2104, 163, 163, 286
-9870, 2104, 163, 163, 286
-9870, 2104, 163, 163, 286
-9868, 2103, 164, 164, 286
-9868, 2103, 164, 164, 286
-9869, 2104, 163, 163, 286
-9869, 2104, 164, 164, 286
-9869, 2103, 164, 164, 286
-9868, 2105, 164, 164, 286
-9870, 2103, 163, 163, 286
-9870, 2103, 163, 163, 286
-9869, 2103, 164, 164, 286
-9869, 2103, 164, 164, 286
-9870, 2103, 163, 163, 286
-10024, 2071, 21, 21, 286
-10024, 2071, 21, 21, 286
-10039, 2069, -4, -4, 286
-10039, 2069, -4, -4, 286
-10044, 2069, -8, -8, 286
-10045, 2069, -10, -10, 286
-10051, 2069, -16, -16, 286
-10051, 2069, -16, -16, 286
-10053, 2070, -18, -18, 286
-10053, 2070, -18, -18, 286
-10052, 2069, -20, -20, 275
-10052, 2069, -21, -21, 275
-10052, 2069, -21, -21, 275
-10057, 2069, -22, -22, 275
-10057, 2069, -22, -22, 275
-10058, 2069, -24, -24, 275
-10058, 2069, -24, -24, 275
-10055, 2070, -24, -24, 275
-10055, 2070, -24, -24, 275
-10058, 2069, -25, -25, 275
-10060, 2068, -26, -26, 275
-10060, 2068, -26, -26, 275
-10059, 2068, -27, -27, 275
-10059, 2068, -27, -27, 275
-10058, 2068, -27, -27, 275
-10061, 2070, -28, -28, 275
-10061, 2070, -28, -28, 275
-10064, 2068, -29, -29, 275
-10064, 2068, -29, -29, 275
-10063, 2069, -27, -27, 275
-10060, 2070, -28, -28, 275
-10061, 2070, -29, -29, 275
-10061, 2070, -29, -29, 275
-10063, 2069, -29, -29, 275
-10062, 2070, -28, -28, 275
-10063, 2069, -29, -29, 275
-10063, 2068, -29, -29, 275
-10060, 2069, -29, -29, 275
-10060, 2069, -29, -29, 275
-10059, 2070, -29, -29, 275
-10060, 2071, -29, -29, 275
-10062, 2069, -29, -29, 275
-10062, 2069, -29, -29, 275
-10063, 2069, -29, -29, 275
-10063, 2069, -29, -29, 275
-10063, 2070, -28, -28, 275
-10061, 2070, -28, -28, 275
-10061, 2070, -28, -28, 275
-10060, 2069, -29, -29, 275
-10060, 2069, -29, -29, 275
-10060, 2071, -30, -30, 275
-10062, 2069, -29, -29, 275
-10063, 2070, -29, -29, 275
-10063, 2070, -29, -29, 275
-10062, 2068, -29, -29, 275
-10063, 2070, -29, -29, 275
-10059, 2069, -29, -29, 275
-10058, 2070, -28, -28, 286
-10059, 2070, -29, -29, 286
-10060, 2070, -29, -29, 286
-10060, 2070, -29, -29, 286
-10061, 2070, -28, -28, 286
-10063, 2071, -29, -29, 286
-10063, 2071, -29, -29, 286
-10064, 2069, -29, -29, 286
-10064, 2069, -29, -29, 286
-10062, 2071, -29, -29, 286
-10062, 2071, -29, -29, 286
-10060, 2070, -29, -29, 286
-10060, 2070, -29, -29, 286
-10063, 2069, -29, -29, 286
-10063, 2069, -29, -29, 286
-10063, 2070, -29, -29, 286
-10063, 2069, -29, -29, 286
-10063, 2069, -29, -29, 286
-10061, 2071, -29, -29, 286
-10061, 2070, -29, -29, 286
-10062, 2070, -29, -29, 286
-10060, 2070, -28, -28, 286
-10060, 2070, -28, -28, 286
-10058, 2071, -28, -28, 286
-10058, 2071, -28, -28, 286
-10064, 2070, -28, -28, 286
-10065, 2069, -29, -29, 281
-10060, 2070, -28, -28, 281
-10060, 2070, -28, -28, 281
-10060, 2071, -30, -30, 281
-10060, 2071, -30, -30, 281
-10060, 2072, -29, -29, 281
-10060, 2072, -29, -29, 281
-10062, 2070, -29, -29, 281
-10062, 2071, -28, -28, 281
-10064, 2070, -30, -30, 281
-10061, 2069, -29, -29, 281
-10061, 2069, -29, -29, 281
-10060, 2071, -28, -28, 281
-10060, 2071, -28, -28, 281
-10059, 2070, -29, -29, 281
-10062, 2071, -28, -28, 281
-10062, 2070, -28, -28, 281
-10062, 2068, -28, -28, 281
-10062, 2070, -28, -28, 281
-10062, 2070, -28, -28, 281
-10063, 2070, -28, -28, 281
-10060, 2070, -28, -28, 281
-10060, 2070, -28, -28, 281
-10059, 2071, -28, -28, 281
-10059, 2071, -28, -28, 281
-10060, 2072, -28, -28, 281
-10060, 2070, -27, -27, 277
-10060, 2070, -27, -27, 277
-9945, 2103, 3, 3, 277
-9945, 2103, 3, 3, 277
-9901, 2104, 127, 127, 277
-9897, 2105, 135, 135, 277
-9897, 2105, 135, 135, 277
-9893, 2104, 139, 139, 277
-9886, 2105, 145, 145, 277
-9886, 2105, 145, 145, 277
-9884, 2104, 148, 148, 277
-9882, 2104, 151, 151, 277
-9882, 2104, 151, 151, 277
-9880, 2104, 152, 152, 277
-9877, 2105, 155, 155, 277
-9877, 2105, 155, 155, 277
-9877, 2105, 155, 155, 277
-9877, 2105, 156, 156, 277
-9875, 2105, 158, 158, 277
-9875, 2105, 157, 157, 277
-9873, 2105, 159, 159, 277
-9873, 2105, 159, 159, 277
-9874, 2104, 159, 159, 277
-9874, 2104, 160, 160, 277
-9872, 2104, 161, 161, 277
-9872, 2104, 161, 161, 277
-9873, 2104, 160, 160, 277
-9873, 2105, 160, 160, 277
-9873, 2105, 160, 160, 277
-9872, 2105, 161, 161, 277
-9870, 2105, 162, 162, 277
-9871, 2104, 162, 162, 277
-9871, 2104, 162, 162, 277
-9871, 2104, 162, 162, 277
-9871, 2104, 162, 162, 277
-9870, 2104, 162, 162, 277
-9870, 2104, 162, 162, 277
-9871, 2104, 162, 162, 277
-9871, 2105, 162, 162, 277
-9870, 2104, 162, 162, 277
-9870, 2104, 162, 162, 277
-9871, 2104, 162, 162, 277
-9871, 2104, 162, 162, 277
-9869, 2103, 163, 163, 277
-9869, 2103, 163, 163, 277
-9870, 2104, 163, 163, 277
-9871, 2104, 162, 162, 277
-9870, 2105, 163, 163, 277
-9871, 2104, 163, 163, 277
-9871, 2104, 163, 163, 277
-9870, 2104, 163, 163, 277
-9870, 2104, 163, 163, 277
-9869, 2104, 163, 163, 277
-9869, 2104, 163, 163, 275
-9869, 2104, 163, 163, 275
-9870, 2103, 163, 163, 275
-9870, 2103, 163, 163, 275
-9870, 2103, 163, 163, 275
-9869, 2104, 164, 164, 275
-9870, 2103, 164, 164, 275
-9869, 2105, 163, 163, 275
-9868, 2104, 163, 163, 275
-9869, 2104, 164, 164, 275
-9869, 2104, 164, 164, 275
-9870, 2104, 163, 163, 275
-9869, 2103, 163, 163, 275
-9869, 2104, 163, 163, 275
-9869, 2103, 164, 164, 275
-9869, 2103, 164, 164, 275
-9870, 2104, 163, 163, 275
-9870, 2103, 164, 164, 275
-9870, 2103, 164, 164, 275
-9870, 2103, 163, 163, 275
-9871, 2104, 163, 163, 275
-9870, 2103, 163, 163, 275
-9870, 2103, 163, 163, 275
-9870, 2103, 163, 163, 275
-9871, 2103, 163, 163, 273
-9870, 2103, 162, 162, 273
-9869, 2104, 163, 163, 273
-9869, 2104, 163, 163, 273
-9870, 2104, 163, 163, 273
-9870, 2103, 163, 163, 273
-9870, 2103, 163, 163, 273
-9871, 2103, 163, 163, 273
-9871, 2102, 162, 162, 273
-9871, 2102, 162, 162, 273
-9868, 2104, 163, 163, 273
-9871, 2103, 163, 163, 273
-9870, 2103, 162, 162, 273
-9870, 2103, 163, 163, 273
-9869, 2103, 163, 163, 273
-9869, 2104, 163, 163, 273
-9869, 2104, 163, 163, 273
-9870, 2104, 163, 163, 273
-9870, 2104, 163, 163, 273
-9871, 2104, 163, 163, 273
-9869, 2103, 162, 162, 273
-9869, 2103, 162, 162, 273
-9870, 2103, 163, 163, 273
-9869, 2103, 163, 163, 273
-9871, 2104, 162, 162, 273
-9871, 2104, 162, 162, 270
-9871, 2104, 162, 162, 270
-9870, 2104, 162, 162, 270
-9870, 2104, 162, 162, 270
-9871, 2104, 162, 162, 270
-9870, 2103, 163, 163, 270
-9870, 2103, 163, 163, 270
-9869, 2103, 163, 163, 270
-9870, 2103, 163, 163, 270
-9870, 2103, 163, 163, 270
-9871, 2103, 162, 162, 270
-9871, 2103, 162, 162, 270
-9871, 2103, 162, 162, 270
-9871, 2103, 162, 162, 270
-9870, 2103, 162, 162, 270
-9870, 2103, 163, 163, 270
-9871, 2102, 162, 162, 270
-9869, 2103, 162, 162, 270
-9870, 2103, 162, 162, 270
-9870, 2104, 162, 162, 270
-9870, 2104, 162, 162, 270
-9871, 2104, 162, 162, 270
-9871, 2104, 162, 162, 270
-10021, 2068, 34, 34, 273
-10021, 2068, 34, 34, 273
-10036, 2071, -3, -3, 273
-10036, 2071, -3, -3, 273
-10043, 2070, -10, -10, 273
-10043, 2070, -10, -10, 273
-10049, 2069, -15, -15, 273
-10049, 2069, -15, -15, 273
-10052, 2069, -18, -18, 273
-10052, 2069, -18, -18, 273
-10054, 2069, -19, -19, 273
-10055, 2068, -20, -20, 273
-10054, 2070, -21, -21, 273
-10053, 2069, -23, -23, 273
-10053, 2069, -23, -23, 273
-10055, 2070, -24, -24, 273
-10056, 2069, -24, -24, 273
-10056, 2069, -24, -24, 273
-10060, 2069, -26, -26, 273
-10060, 2069, -26, -26, 273
-10059, 2069, -25, -25, 273
-10059, 2069, -25, -25, 273
-10055, 2071, -25, -25, 273
-10055, 2071, -25, -25, 273
-10059, 2071, -26, -26, 273
-10057, 2070, -26, -26, 273
-10062, 2069, -27, -27, 275
-10062, 2069, -27, -27, 275
-10061, 2069, -28, -28, 275
-10061, 2069, -28, -28, 275
-10059, 2069, -28, -28, 275
-10059, 2069, -28, -28, 275
-10060, 2071, -27, -27, 275
-10060, 2071, -27, -27, 275
-10058, 2070, -28, -28, 275
-10062, 2070, -28, -28, 275
-10062, 2070, -28, -28, 275
-10062, 2068, -28, -28, 275
-10060, 2069, -28, -28, 275
-10060, 2069, -28, -28, 275
-10061, 2069, -27, -27, 275
-10061, 2069, -28, -28, 275
-10061, 2070, -27, -27, 275
-10059, 2069, -28, -28, 275
-10059, 2070, -28, -28, 275
-10060, 2070, -28, -28, 275
-10063, 2069, -28, -28, 275
-10064, 2069, -29, -29, 275
-10064, 2069, -29, -29, 275
-10062, 2069, -29, -29, 275
-10062, 2069, -29, -29, 275
-10062, 2068, -28, -28, 275
-10062, 2068, -28, -28, 275
-10060, 2071, -29, -29, 281
-10060, 2071, -29, -29, 281
-10063, 2070, -28, -28, 281
-10063, 2070, -28, -28, 281
-10062, 2068, -28, -28, 281
-10062, 2068, -28, -28, 281
-10060, 2069, -29, -29, 281
-10059, 2069, -29, -29, 281
-10060, 2069, -28, -28, 281
-10060, 2071, -27, -27, 281
-10062, 2071, -28, -28, 281
-10062, 2071, -28, -28, 281
-10060, 2070, -28, -28, 281
-10062, 2070, -28, -28, 281
-10061, 2068, -28, -28, 281
-10061, 2068, -28, -28, 281
-10064, 2070, -29, -29, 281
-10060, 2070, -29, -29, 281
-10061, 2070, -28, -28, 281
-10061, 2070, -28, -28, 281
-10061, 2070, -28, -28, 281
-10064, 2069, -29, -29, 281
-10063, 2069, -29, -29, 281
-10061, 2070, -29, -29, 281
-10061, 2069, -28, -28, 281
-10059, 2070, -28, -28, 279
-10059, 2068, -28, -28, 279
-10059, 2068, -28, -28, 279
-10060, 2070, -28, -28, 279
-10062, 2069, -28, -28, 279
-10062, 2069, -28, -28, 279
-10064, 2070, -29, -29, 279
-10064, 2070, -29, -29, 279
-10063, 2070, -29, -29, 279
-10063, 2070, -29, -29, 279
-10062, 2070, -28, -28, 279
-10059, 2070, -28, -28, 279
-10059, 2070, -28, -28, 279
-10059, 2070, -28, -28, 279
-10059, 2070, -28, -28, 279
-10059, 2070, -28, -28, 279
-10060, 2071, -29, -29, 279
-10060, 2071, -29, -29, 279
-10060, 2071, -28, -28, 279
-10060, 2071, -28, -28, 279
-10061, 2069, -27, -27, 279
-10063, 2070, -28, -28, 279
-10062, 2069, -27, -27, 279
-10063, 2070, -28, -28, 279
-10060, 2069, -27, -27, 279
-10060, 2069, -27, -27, 279
-10059, 2071, -28, -28, 279
-10058, 2071, -27, -27, 290
-10058, 2071, -27, -27, 290
-10062, 2071, -28, -28, 290
-10061, 2071, -27, -27, 290
-10061, 2071, -27, -27, 290
-10062, 2069, -27, -27, 290
-10060, 2070, -27, -27, 290
-10060, 2070, -27, -27, 290
-10059, 2070, -28, -28, 290
-10059, 2070, -28, -28, 290
-10059, 2071, -27, -27, 290
-10060, 2071, -28, -28, 290
-9909, 2103, 113, 113, 290
-9900, 2104, 130, 130, 290
-9900, 2104, 130, 130, 290
-9894, 2105, 136, 136, 290
-9887, 2104, 144, 144, 290
-9887, 2104, 144, 144, 290
-9884, 2104, 147, 147, 290
-9883, 2105, 149, 149, 290
-9880, 2104, 151, 151, 290
-9880, 2104, 152, 152, 290
-9879, 2104, 154, 154, 290
-9878, 2103, 155, 155, 290
-9877, 2103, 156, 156, 290
-9876, 2104, 156, 156, 290
-9877, 2105, 157, 157, 286
-9877, 2105, 157, 157, 286
-9874, 2104, 158, 158, 286
-9874, 2103, 159, 159, 286
-9874, 2104, 159, 159, 286
-9873, 2104, 159, 159, 286
-9872, 2105, 160, 160, 286
-9872, 2104, 161, 161, 286
-9872, 2104, 161, 161, 286
-9872, 2104, 161, 161, 286
-9872, 2104, 161, 161, 286
-9871, 2104, 162, 162, 286
-9871, 2104, 162, 162, 286
-9871, 2104, 162, 162, 286
-9870, 2103, 162, 162, 286
-9871, 2104, 162, 162, 286
-9871, 2105, 162, 162, 286
-9870, 2104, 162, 162, 286
-9871, 2104, 162, 162, 286
-9870, 2105, 162, 162, 286
-9870, 2103, 163, 163, 286
-9870, 2103, 163, 163, 286
-9870, 2104, 163, 163, 286
-9870, 2104, 163, 163, 286
-9869, 2105, 163, 163, 286
-9870, 2104, 162, 162, 286
-9870, 2104, 163, 163, 286
-9869, 2104, 163, 163, 279
-9871, 2104, 163, 163, 279
-9870, 2103, 163, 163, 279
-9870, 2104, 163, 163, 279
-9869, 2104, 163, 163, 279
-9869, 2104, 163, 163, 279
-9869, 2104, 163, 163, 279
-9869, 2104, 163, 163, 279
-9870, 2104, 163, 163, 279
-9869, 2103, 163, 163, 279
-9870, 2104, 163, 163, 279
-9870, 2104, 163, 163, 279
-9869, 2104, 163, 163, 279
-9869, 2103, 164, 164, 279
-9868, 2103, 163, 163, 279
-9869, 2104, 164, 164, 279
-9869, 2104, 164, 164, 279
-9870, 2104, 163, 163, 279
-9869, 2103, 163, 163, 279
-9870, 2104, 163, 163, 279
-9870, 2104, 164, 164, 279
-9870, 2104, 164, 164, 279
-9869, 2104, 164, 164, 279
-9869, 2103, 164, 164, 279
-9868, 2104, 164, 164, 277
-9869, 2102, 164, 164, 277
-9869, 2102, 164, 164, 277
-9868, 2104, 164, 164, 277
-9868, 2103, 164, 164, 277
-9870, 2104, 163, 163, 277
-9870, 2104, 163, 163, 277
-9869, 2103, 164, 164, 277
-9869, 2103, 164, 164, 277
-9869, 2104, 164, 164, 277
-9870, 2103, 163, 163, 277
-9869, 2104, 163, 163, 277
-9869, 2104, 163, 163, 277
-9869, 2103, 164, 164, 277
-9869, 2103, 164, 164, 277
-9869, 2104, 164, 164, 277
-9870, 2103, 163, 163, 277
-9869, 2103, 163, 163, 277
-9869, 2103, 163, 163, 277
-9869, 2103, 163, 163, 277
-9870, 2103, 163, 163, 277
-9870, 2103, 163, 163, 277
-9869, 2104, 163, 163, 277
-9869, 2104, 163, 163, 277
-9870, 2104, 163, 163, 277
-9870, 2104, 163, 163, 277
-9870, 2104, 163, 163, 277
-9870, 2103, 163, 163, 277
-9869, 2103, 164, 164, 273
-9870, 2103, 163, 163, 273
-9870, 2103, 163, 163, 273
-9869, 2103, 164, 164, 273
-9870, 2103, 163, 163, 273
-9870, 2103, 163, 163, 273
-9869, 2104, 163, 163, 273
-9870, 2104, 163, 163, 273
-9870, 2103, 163, 163, 273
-9870, 2103, 163, 163, 273
-9870, 2103, 163, 163, 273
-9871, 2102, 163, 163, 273
-9871, 2102, 163, 163, 273
-9870, 2103, 163, 163, 273
-9868, 2103, 164, 164, 273
-9868, 2103, 164, 164, 273
-9869, 2104, 163, 163, 273
-9869, 2104, 163, 163, 273
-9869, 2104, 163, 163, 273
-9869, 2104, 163, 163, 273
-9869, 2104, 163, 163, 273
-9871, 2103, 163, 163, 273
-9871, 2103, 163, 163, 273
-9871, 2102, 162, 162, 273
-9869, 2102, 163, 163, 273
-9871, 2103, 162, 162, 273
-9870, 2103, 162, 162, 270
-9870, 2103, 163, 163, 270
-9870, 2104, 163, 163, 270
-9870, 2104, 163, 163, 270
-9870, 2103, 162, 162, 270
-9870, 2103, 163, 163, 270
-9870, 2103, 163, 163, 270
-9869, 2103, 163, 163, 270
-10062, 2073, 49, 49, 270
-10035, 2069, -5, -5, 270
-10035, 2069, -5, -5, 270
-10036, 2069, -3, -3, 270
-10036, 2069, -3, -3, 270
-10040, 2070, -6, -6, 270
-10042, 2070, -11, -11, 270
-10044, 2070, -12, -12, 270
-10048, 2070, -15, -15, 270
-10051, 2070, -17, -17, 270
-10053, 2069, -19, -19, 270
-10053, 2069, -19, -19, 270
-10054, 2067, -21, -21, 270
-10052, 2068, -21, -21, 270
-10053, 2070, -22, -22, 270
-10055, 2070, -23, -23, 270
-10055, 2069, -23, -23, 270
-10059, 2068, -24, -24, 270
-10060, 2070, -25, -25, 275
-10057, 2069, -25, -25, 275
-10057, 2069, -26, -26, 275
-10057, 2069, -26, -26, 275
-10062, 2069, -26, -26, 275
-10061, 2068, -27, -27, 275
-10061, 2068, -27, -27, 275
-10062, 2068, -27, -27, 275
-10058, 2069, -27, -27, 275
-10060, 2071, -28, -28, 275
-10060, 2070, -27, -27, 275
-10060, 2070, -27, -27, 275
-10063, 2069, -27, -27, 275
-10063, 2069, -27, -27, 275
-10060, 2068, -28, -28, 275
-10062, 2068, -28, -28, 275
-10062, 2068, -28, -28, 275
-10061, 2069, -28, -28, 275
-10061, 2069, -28, -28, 275
-10058, 2069, -27, -27, 275
-10058, 2069, -27, -27, 275
-10060, 2069, -28, -28, 270
-10060, 2069, -28, -28, 270
-10062, 2070, -28, -28, 270
-10062, 2070, -28, -28, 270
-10063, 2070, -29, -29, 270
-10063, 2070, -29, -29, 270
-10063, 2069, -28, -28, 270
-10060, 2070, -29, -29, 270
-10060, 2070, -28, -28, 270
-10061, 2069, -29, -29, 270
-10061, 2069, -29, -29, 270
-10061, 2070, -28, -28, 270
-10063, 2069, -29, -29, 270
-10061, 2069, -28, -28, 270
-10061, 2069, -28, -28, 270
-10058, 2069, -28, -28, 270
-10060, 2070, -28, -28, 270
-10059, 2068, -28, -28, 270
-10059, 2068, -28, -28, 270
-10060, 2070, -28, -28, 270
-10063, 2070, -28, -28, 270
-10063, 2070, -28, -28, 270
-10062, 2070, -29, -29, 270
-10062, 2068, -28, -28, 270
-10062, 2070, -28, -28, 270
-10063, 2068, -29, -29, 270
-10060, 2070, -28, -28, 270
-10060, 2070, -28, -28, 270
-10061, 2070, -29, -29, 275
-10062, 2069, -28, -28, 275
-10063, 2070, -29, -29, 275
-10062, 2070, -29, -29, 275
-10062, 2070, -29, -29, 275
-10061, 2070, -29, -29, 275
-10061, 2070, -29, -29, 275
-10063, 2070, -29, -29, 275
-10063, 2070, -29, -29, 275
-10062, 2070, -28, -28, 275
-10062, 2070, -28, -28, 275
-10063, 2069, -28, -28, 275
-10062, 2070, -28, -28, 275
-10060, 2071, -28, -28, 275
-10059, 2070, -28, -28, 275
-10059, 2070, -28, -28, 275
-10062, 2069, -29, -29, 275
-10062, 2070, -29, -29, 275
-10062, 2070, -29, -29, 275
-10059, 2071, -28, -28, 275
-10059, 2071, -28, -28, 275
-10064, 2070, -29, -29, 275
-10064, 2070, -29, -29, 275
-10064, 2070, -29, -29, 275
-10064, 2070, -29, -29, 275
-10060, 2069, -30, -30, 275
-10060, 2071, -28, -28, 275
-10060, 2070, -28, -28, 275
-10060, 2070, -28, -28, 275
-10063, 2070, -28, -28, 275
-10059, 2071, -28, -28, 275
-10059, 2071, -28, -28, 275
-10060, 2070, -27, -27, 275
-10061, 2070, -29, -29, 275
-10061, 2070, -29, -29, 275
-10060, 2069, -28, -28, 275
-10058, 2070, -28, -28, 275
-10058, 2070, -28, -28, 275
-10059, 2070, -28, -28, 275
-10059, 2070, -28, -28, 275
-10059, 2071, -27, -27, 275
-10061, 2070, -28, -28, 275
-10060, 2071, -28, -28, 275
-10059, 2071, -27, -27, 275
-10059, 2071, -27, -27, 275
-10060, 2069, -28, -28, 275
-10053, 2069, -27, -27, 275
-9942, 2103, 5, 5, 275
-9900, 2105, 130, 130, 275
-9900, 2105, 130, 130, 275
-9894, 2104, 137, 137, 275
-9883, 2104, 148, 148, 286
-9883, 2104, 149, 149, 286
-9879, 2105, 153, 153, 286
-9879, 2105, 153, 153, 286
-9880, 2103, 154, 154, 286
-9877, 2104, 155, 155, 286
-9876, 2105, 156, 156, 286
-9876, 2105, 156, 156, 286
-9874, 2104, 157, 157, 286
-9874, 2104, 158, 158, 286
-9874, 2104, 159, 159, 286
-9874, 2104, 159, 159, 286
-9872, 2103, 160, 160, 286
-9874, 2104, 159, 159, 286
-9873, 2105, 159, 159, 286
-9872, 2104, 161, 161, 286
-9872, 2104, 161, 161, 286
-9872, 2104, 161, 161, 286
-9872, 2104, 161, 161, 286
-9872, 2105, 161, 161, 286
-9872, 2104, 161, 161, 286
-9871, 2104, 162, 162, 286
-9871, 2105, 162, 162, 286
-9870, 2104, 163, 163, 286
-9870, 2104, 162, 162, 275
-9871, 2104, 162, 162, 275
-9871, 2104, 162, 162, 275
-9871, 2104, 162, 162, 275
-9870, 2103, 163, 163, 275
-9869, 2103, 163, 163, 275
-9870, 2103, 163, 163, 275
-9870, 2103, 163, 163, 275
-9869, 2104, 163, 163, 275
-9869, 2105, 163, 163, 275
-9870, 2103, 163, 163, 275
-9870, 2104, 164, 164, 275
-9870, 2104, 164, 164, 275
-9869, 2104, 163, 163, 275
-9868, 2104, 163, 163, 275
-9870, 2104, 163, 163, 275
-9870, 2104, 163, 163, 275
-9870, 2103, 163, 163, 275
-9870, 2104, 163, 163, 275
-9870, 2105, 164, 164, 275
-9869, 2104, 164, 164, 275
-9869, 2103, 163, 163, 275
-9869, 2103, 163, 163, 275
-9870, 2104, 163, 163, 284
-9869, 2103, 163, 163, 284
-9869, 2104, 163, 163, 284
-9869, 2104, 164, 164, 284
-9869, 2104, 163, 163, 284
-9868, 2104, 164, 164, 284
-9869, 2103, 164, 164, 284
-9869, 2104, 164, 164, 284
-9869, 2104, 164, 164, 284
-9870, 2104, 164, 164, 284
-9869, 2104, 164, 164, 284
-9869, 2104, 163, 163, 284
-9869, 2103, 163, 163, 284
-9870, 2103, 163, 163, 284
-9868, 2104, 164, 164, 284
-9869, 2103, 163, 163, 284
-9869, 2103, 163, 163, 284
-9870, 2104, 163, 163, 284
-9870, 2104, 163, 163, 284
-9868, 2104, 164, 164, 284
-9868, 2104, 164, 164, 284
-9870, 2103, 163, 163, 284
-9869, 2104, 164, 164, 284
-9869, 2103, 164, 164, 284
-9869, 2103, 164, 164, 284
-9870, 2104, 163, 163, 275
-9870, 2103, 163, 163, 275
-9871, 2103, 163, 163, 275
-9871, 2103, 163, 163, 275
-9870, 2104, 163, 163, 275
-9868, 2104, 163, 163, 275
-9869, 2103, 163, 163, 275
-9869, 2103, 163, 163, 275
-9869, 2104, 163, 163, 275
-9870, 2104, 163, 163, 275
-9869, 2103, 163, 163, 275
-9869, 2103, 163, 163, 275
-9869, 2104, 163, 163, 275
-9869, 2103, 163, 163, 275
-9869, 2104, 164, 164, 275
-9869, 2104, 164, 164, 275
-9868, 2103, 164, 164, 275
-9869, 2103, 164, 164, 275
-9870, 2103, 163, 163, 275
-9870, 2103, 163, 163, 275
-9870, 2103, 163, 163, 275
-9869, 2103, 163, 163, 275
-9870, 2102, 163, 163, 275
-9870, 2102, 163, 163, 275
-9870, 2102, 163, 163, 275
-9870, 2102, 163, 163, 275
-9870, 2103, 163, 163, 275
-9869, 2102, 163, 163, 275
-9869, 2103, 163, 163, 284
-9869, 2102, 164, 164, 284
-9869, 2102, 164, 164, 284
-9870, 2103, 163, 163, 284
-9869, 2102, 163, 163, 284
-9870, 2102, 163, 163, 284
-9869, 2102, 163, 163, 284
-9869, 2102, 163, 163, 284
-9870, 2102, 163, 163, 284
-9870, 2102, 163, 163, 284
-9869, 2103, 163, 163, 284
-9871, 2102, 163, 163, 284
-9871, 2102, 163, 163, 284
-9869, 2102, 163, 163, 284
-9871, 2102, 163, 163, 284
-9871, 2102, 163, 163, 284
-9921, 2051, 150, 150, 284
-9921, 2051, 150, 150, 284
-10031, 2069, 6, 6, 284
-10038, 2070, -4, -4, 284
-10038, 2070, -4, -4, 284
-10046, 2068, -10, -10, 284
-10046, 2068, -10, -10, 284
-10047, 2068, -14, -14, 284
-10047, 2068, -14, -14, 284
-10048, 2070, -15, -15, 284
-10051, 2068, -18, -18, 273
-10051, 2069, -19, -19, 273
-10052, 2068, -20, -20, 273
-10056, 2068, -21, -21, 273
-10056, 2068, -21, -21, 273
-10056, 2068, -21, -21, 273
-10057, 2068, -23, -23, 273
-10059, 2069, -24, -24, 273
-10059, 2069, -24, -24, 273
-10056, 2068, -24, -24, 273
-10058, 2068, -24, -24, 273
-10059, 2068, -25, -25, 273
-10059, 2068, -25, -25, 273
-10061, 2069, -26, -26, 273
-10059, 2068, -26, -26, 273
-10061, 2068, -27, -27, 273
-10059, 2068, -27, -27, 273
-10058, 2069, -27, -27, 273
-10058, 2069, -27, -27, 273
-10060, 2069, -28, -28, 273
-10058, 2069, -28, -28, 273
-10062, 2071, -29, -29, 273
-10062, 2069, -28, -28, 275
-10062, 2069, -28, -28, 275
-10063, 2068, -28, -28, 275
-10059, 2069, -28, -28, 275
-10059, 2069, -28, -28, 275
-10058, 2068, -28, -28, 275
-10059, 2069, -28, -28, 275
-10059, 2069, -28, -28, 275
-10058, 2069, -28, -28, 275
-10060, 2069, -29, -29, 275
-10063, 2069, -30, -30, 275
-10063, 2069, -29, -29, 275
-10060, 2070, -29, -29, 275
-10060, 2069, -28, -28, 275
-10060, 2069, -28, -28, 275
-10062, 2069, -28, -28, 275
-10062, 2069, -28, -28, 275
-10059, 2069, -28, -28, 275
-10059, 2069, -28, -28, 275
-10062, 2070, -29, -29, 275
-10062, 2070, -29, -29, 275
-10064, 2068, -29, -29, 275
-10062, 2068, -29, -29, 275
-10062, 2068, -29, -29, 275
-10064, 2069, -29, -29, 286
-10064, 2069, -29, -29, 286
-10061, 2069, -29, -29, 286
-10061, 2069, -29, -29, 286
-10061, 2070, -28, -28, 286
-10061, 2070, -28, -28, 286
-10063, 2069, -29, -29, 286
-10062, 2069, -28, -28, 286
-10062, 2069, -29, -29, 286
-10062, 2069, -29, -29, 286
-10060, 2069, -29, -29, 286
-10060, 2069, -29, -29, 286
-10061, 2069, -28, -28, 286
-10060, 2070, -28, -28, 286
-10060, 2070, -28, -28, 286
-10062, 2069, -28, -28, 286
-10062, 2069, -27, -27, 286
-10060, 2069, -28, -28, 286
-10061, 2069, -27, -27, 286
-10062, 2068, -28, -28, 286
-10062, 2068, -28, -28, 286
-10060, 2069, -28, -28, 286
-10060, 2069, -28, -28, 286
-10061, 2070, -28, -28, 286
-10061, 2069, -28, -28, 286
-10063, 2069, -28, -28, 286
-10062, 2069, -29, -29, 284
-10062, 2069, -29, -29, 284
-10060, 2069, -28, -28, 284
-10062, 2070, -28, -28, 284
-10062, 2070, -28, -28, 284
-10062, 2069, -28, -28, 284
-10060, 2069, -28, -28, 284
-10060, 2069, -28, -28, 284
-10058, 2070, -27, -27, 284
-10058, 2070, -27, -27, 284
-10059, 2070, -27, -27, 284
-10059, 2070, -27, -27, 284
-10061, 2069, -28, -28, 284
-10058, 2070, -28, -28, 284
-10060, 2071, -27, -27, 284
-10064, 2069, -28, -28, 284
-10064, 2069, -28, -28, 284
-10062, 2069, -28, -28, 284
-10062, 2069, -28, -28, 284
-10059, 2070, -27, -27, 284
-10059, 2070, -27, -27, 284
-10059, 2070, -28, -28, 284
-10059, 2070, -28, -28, 284
-10059, 2070, -27, -27, 284
-10061, 2070, -28, -28, 284
-10061, 2070, -28, -28, 284
-10062, 2070, -28, -28, 284
-10062, 2069, -27, -27, 284
-10059, 2072, -26, -26, 284
-10059, 2072, -26, -26, 284
-10057, 2071, -27, -27, 284
-9916, 2104, 73, 73, 284
-9902, 2105, 127, 127, 284
-9897, 2104, 133, 133, 284
-9891, 2103, 140, 140, 284
-9883, 2104, 149, 149, 284
-9883, 2104, 149, 149, 284
-9881, 2104, 150, 150, 284
-9880, 2104, 152, 152, 284
-9879, 2104, 153, 153, 284
-9877, 2104, 155, 155, 284
-9877, 2104, 155, 155, 284
-9876, 2103, 157, 157, 284
-9876, 2103, 157, 157, 284
-9874, 2105, 158, 158, 284
-9875, 2104, 158, 158, 284
-9875, 2104, 158, 158, 284
-9874, 2104, 158, 158, 284
-9872, 2104, 160, 160, 284
-9872, 2104, 160, 160, 284
-9871, 2104, 161, 161, 284
-9873, 2105, 161, 161, 284
-9871, 2105, 162, 162, 281
-9872, 2103, 160, 160, 281
-9871, 2104, 162, 162, 281
-9871, 2104, 162, 162, 281
-9872, 2104, 161, 161, 281
-9872, 2104, 161, 161, 281
-9871, 2104, 162, 162, 281
-9870, 2104, 162, 162, 281
-9871, 2104, 162, 162, 281
-9871, 2104, 162, 162, 281
-9870, 2105, 162, 162, 281
-9870, 2105, 162, 162, 281
-9870, 2104, 163, 163, 281
-9870, 2104, 163, 163, 281
-9870, 2104, 163, 163, 281
-9870, 2104, 163, 163, 281
-9870, 2104, 163, 163, 281
-9870, 2104, 163, 163, 281
-9870, 2104, 163, 163, 281
-9870, 2104, 164, 164, 281
-9870, 2104, 164, 164, 281
-9869, 2104, 164, 164, 281
-9870, 2104, 163, 163, 281
-9870, 2104, 163, 163, 281
-9869, 2103, 163, 163, 281
-9871, 2103, 163, 163, 281
-9871, 2103, 163, 163, 281
-9870, 2103, 164, 164, 281
-9869, 2103, 164, 164, 281
-9869, 2103, 163, 163, 281
-9869, 2103, 163, 163, 281
-9870, 2104, 163, 163, 281
-9869, 2103, 164, 164, 281
-9869, 2103, 164, 164, 281
-9870, 2104, 164, 164, 281
-9869, 2103, 164, 164, 281
-9869, 2103, 164, 164, 281
-9869, 2103, 163, 163, 281
-9868, 2104, 164, 164, 281
-9868, 2104, 164, 164, 281
-9869, 2104, 164, 164, 281
-9869, 2104, 164, 164, 281
-9869, 2104, 164, 164, 281
-9869, 2104, 164, 164, 281
-9869, 2103, 164, 164, 281
-9869, 2104, 164, 164, 281
-9869, 2104, 164, 164, 281
-9869, 2104, 164, 164, 281
-9868, 2103, 164, 164, 281
-9869, 2104, 164, 164, 281
-9869, 2104, 164, 164, 281
-9869, 2104, 164, 164, 281
-9868, 2103, 164, 164, 281
-9868, 2102, 164, 164, 281
-9870, 2103, 164, 164, 279
-9871, 2103, 163, 163, 279
-9871, 2103, 163, 163, 279
-9870, 2104, 163, 163, 279
-9870, 2104, 163, 163, 279
-9868, 2102, 164, 164, 279
-9868, 2102, 164, 164, 279
-9868, 2103, 164, 164, 279
-9869, 2104, 164, 164, 279
-9869, 2103, 164, 164, 279
-9869, 2103, 164, 164, 279
-9870, 2103, 163, 163, 279
-9869, 2104, 164, 164, 279
-9870, 2102, 163, 163, 279
-9870, 2102, 163, 163, 279
-9870, 2102, 164, 164, 279
-9869, 2103, 164, 164, 279
-9870, 2103, 163, 163, 279
-9868, 2102, 164, 164, 279
-9868, 2102, 164, 164, 279
-9869, 2103, 164, 164, 279
-9869, 2103, 163, 163, 279
-9870, 2102, 163, 163, 279
-9869, 2102, 164, 164, 279
-9870, 2103, 163, 163, 279
-9869, 2103, 163, 163, 279
-9870, 2102, 163, 163, 279
-9870, 2102, 163, 163, 279
-9870, 2103, 163, 163, 281
-9871, 2103, 163, 163, 281
-9869, 2102, 163, 163, 281
-9869, 2103, 163, 163, 281
-9871, 2103, 163, 163, 281
-9870, 2103, 163, 163, 281
-9870, 2103, 163, 163, 281
-9870, 2103, 163, 163, 281
-9870, 2103, 163, 163, 281
-9871, 2103, 162, 162, 281
-9868, 2103, 163, 163, 281
-9870, 2102, 163, 163, 281
-9871, 2103, 163, 163, 281
-9870, 2103, 163, 163, 281
-9869, 2102, 163, 163, 281
-9870, 2103, 163, 163, 281
-9870, 2103, 163, 163, 281
-9869, 2102, 163, 163, 281
-9869, 2103, 163, 163, 281
-9871, 2102, 163, 163, 281
-9870, 2102, 163, 163, 281
-9870, 2102, 163, 163, 281
-9869, 2102, 163, 163, 281
-9870, 2102, 163, 163, 281
-9870, 2102, 163, 163, 281
-9870, 2102, 163, 163, 281
-9870, 2102, 163, 163, 281
-9871, 2103, 162, 162, 286
-9870, 2102, 163, 163, 286
-10024, 2068, 20, 20, 286
-10024, 2068, 20, 20, 286
-10034, 2069, 2, 2, 286
-10037, 2069, -4, -4, 286
-10047, 2068, -12, -12, 286
-10047, 2068, -12, -12, 286
-10047, 2067, -14, -14, 286
-10047, 2067, -14, -14, 286
-10049, 2069, -17, -17, 286
-10052, 2068, -17, -17, 286
-10052, 2069, -19, -19, 286
-10051, 2069, -20, -20, 286
-10053, 2067, -22, -22, 286
-10053, 2067, -22, -22, 286
-10054, 2068, -22, -22, 286
-10057, 2069, -24, -24, 286
-10057, 2069, -24, -24, 286
-10058, 2068, -25, -25, 286
-10058, 2068, -24, -24, 286
-10059, 2068, -25, -25, 286
-10060, 2067, -25, -25, 286
-10060, 2067, -25, -25, 286
-10060, 2067, -26, -26, 286
-10059, 2067, -26, -26, 286
-10057, 2069, -27, -27, 286
-10057, 2069, -27, -27, 286
-10058, 2069, -27, -27, 279
-10059, 2070, -27, -27, 279
-10058, 2069, -27, -27, 279
-10062, 2069, -27, -27, 279
-10062, 2069, -27, -27, 279
-10060, 2070, -27, -27, 279
-10060, 2070, -27, -27, 279
-10060, 2068, -28, -28, 279
-10062, 2067, -28, -28, 279
-10061, 2069, -29, -29, 279
-10060, 2068, -28, -28, 279
-10061, 2069, -29, -29, 279
-10064, 2067, -28, -28, 279
-10062, 2068, -29, -29, 279
-10062, 2068, -29, -29, 279
-10063, 2068, -29, -29, 279
-10063, 2068, -29, -29, 279
-10062, 2069, -30, -30, 279
-10062, 2069, -30, -30, 279
-10059, 2070, -29, -29, 279
-10059, 2070, -29, -29, 279
-10061, 2069, -29, -29, 279
-10061, 2069, -29, -29, 279
-10064, 2068, -30, -30, 279
-10063, 2068, -29, -29, 279
-10059, 2070, -29, -29, 279
-10059, 2070, -29, -29, 279
-10061, 2069, -29, -29, 277
-10061, 2069, -29, -29, 277
-10063, 2069, -29, -29, 277
-10063, 2069, -29, -29, 277
-10064, 2069, -29, -29, 277
-10062, 2069, -28, -28, 277
-10062, 2069, -28, -28, 277
-10060, 2069, -29, -29, 277
-10060, 2069, -29, -29, 277
-10062, 2070, -29, -29, 277
-10063, 2070, -29, -29, 277
-10062, 2068, -29, -29, 277
-10061, 2069, -29, -29, 277
-10061, 2069, -29, -29, 277
-10061, 2070, -29, -29, 277
-10061, 2070, -29, -29, 277
-10062, 2069, -29, -29, 277
-10062, 2069, -29, -29, 277
-10063, 2070, -30, -30, 277
-10060, 2068, -29, -29, 277
-10060, 2068, -29, -29, 277
-10060, 2070, -29, -29, 277
-10062, 2070, -29, -29, 277
-10062, 2070, -29, -29, 277
-10064, 2068, -29, -29, 292
-10064, 2068, -29, -29, 292
-10061, 2071, -29, -29, 292
-10061, 2071, -29, -29, 292
-10064, 2070, -29, -29, 292
-10064, 2069, -29, -29, 292
-10064, 2069, -29, -29, 292
-10060, 2070, -29, -29, 292
-10063, 2069, -29, -29, 292
-10061, 2069, -29, -29, 292
-10061, 2069, -29, -29, 292
-10061, 2070, -29, -29, 292
-10061, 2070, -29, -29, 292
-10062, 2071, -29, -29, 292
-10064, 2068, -29, -29, 292
-10064, 2069, -29, -29, 292
-10062, 2070, -29, -29, 292
-10062, 2070, -29, -29, 292
-10061, 2069, -30, -30, 292
-10061, 2069, -29, -29, 292
-10061, 2069, -29, -29, 292
-10062, 2070, -29, -29, 292
-10062, 2070, -29, -29, 292
-10063, 2069, -29, -29, 292
-10063, 2069, -29, -29, 292
-10061, 2070, -29, -29, 284
-10061, 2070, -29, -29, 284
-10061, 2070, -29, -29, 284
-10061, 2070, -29, -29, 284
-10061, 2070, -29, -29, 284
-10062, 2070, -29, -29, 284
-10062, 2070, -29, -29, 284
-10061, 2069, -28, -28, 284
-10061, 2069, -28, -28, 284
-10055, 2068, -28, -28, 284
-10055, 2068, -28, -28, 284
-9919, 2103, 60, 60, 284
-9919, 2103, 60, 60, 284
-9905, 2104, 121, 121, 284
-9892, 2103, 139, 139, 284
-9892, 2103, 139, 139, 284
-9889, 2104, 143, 143, 284
-9886, 2104, 146, 146, 284
-9883, 2104, 148, 148, 284
-9882, 2104, 151, 151, 284
-9881, 2104, 152, 152, 284
-9880, 2104, 154, 154, 284
-9880, 2104, 154, 154, 284
-9878, 2104, 154, 154, 284
-9876, 2105, 157, 157, 275
-9876, 2105, 157, 157, 275
-9875, 2104, 158, 158, 275
-9873, 2104, 158, 158, 275
-9873, 2104, 158, 158, 275
-9874, 2104, 159, 159, 275
-9872, 2104, 160, 160, 275
-9872, 2104, 161, 161, 275
-9872, 2104, 161, 161, 275
-9872, 2104, 161, 161, 275
-9872, 2104, 161, 161, 275
-9872, 2104, 161, 161, 275
-9872, 2104, 161, 161, 275
-9872, 2104, 161, 161, 275
-9871, 2104, 161, 161, 275
-9871, 2104, 162, 162, 275
-9871, 2104, 162, 162, 275
-9872, 2104, 162, 162, 275
-9870, 2103, 162, 162, 275
-9871, 2104, 163, 163, 275
-9872, 2104, 162, 162, 275
-9872, 2104, 162, 162, 275
-9872, 2104, 162, 162, 275
-9870, 2105, 162, 162, 275
-9870, 2103, 163, 163, 275
-9870, 2103, 163, 163, 275
-9870, 2104, 163, 163, 275
-9869, 2104, 163, 163, 275
-9869, 2106, 163, 163, 281
-9870, 2104, 163, 163, 281
-9870, 2104, 163, 163, 281
-9869, 2104, 164, 164, 281
-9869, 2104, 164, 164, 281
-9869, 2103, 164, 164, 281
-9869, 2103, 164, 164, 281
-9870, 2104, 163, 163, 281
-9870, 2104, 163, 163, 281
-9870, 2104, 163, 163, 281
-9869, 2104, 163, 163, 281
-9869, 2104, 164, 164, 281
-9869, 2104, 164, 164, 281
-9870, 2104, 163, 163, 281
-9868, 2104, 164, 164, 281
-9869, 2104, 164, 164, 281
-9869, 2104, 164, 164, 281
-9869, 2104, 164, 164, 281
-9871, 2104, 163, 163, 281
-9871, 2104, 163, 163, 281
-9869, 2104, 164, 164, 281
-9869, 2103, 164, 164, 281
-9869, 2104, 164, 164, 281
-9869, 2103, 164, 164, 281
-9868, 2104, 164, 164, 281
-9868, 2104, 164, 164, 281
-9869, 2104, 163, 163, 281
-9868, 2103, 164, 164, 284
-9868, 2103, 164, 164, 284
-9870, 2103, 163, 163, 284
-9870, 2104, 163, 163, 284
-9869, 2103, 164, 164, 284
-9868, 2105, 164, 164, 284
-9869, 2103, 164, 164, 284
-9869, 2103, 164, 164, 284
-9870, 2104, 163, 163, 284
-9869, 2104, 164, 164, 284
-9869, 2104, 164, 164, 284
-9868, 2102, 164, 164, 284
-9868, 2103, 164, 164, 284
-9869, 2103, 164, 164, 284
-9869, 2103, 164, 164, 284
-9869, 2103, 164, 164, 284
-9869, 2104, 164, 164, 284
-9870, 2102, 163, 163, 284
-9870, 2103, 163, 163, 284
-9870, 2103, 163, 163, 284
-9870, 2103, 163, 163, 284
-9870, 2102, 164, 164, 284
-9870, 2103, 163, 163, 284
-9870, 2102, 164, 164, 284
-9870, 2103, 162, 162, 288
-9870, 2103, 162, 162, 288
-9870, 2103, 162, 162, 288
-9870, 2103, 163, 163, 288
-9870, 2103, 163, 163, 288
-9869, 2103, 164, 164, 288
-9869, 2103, 164, 164, 288
-9870, 2102, 164, 164, 288
-9871, 2103, 163, 163, 288
-9870, 2103, 162, 162, 288
-9870, 2103, 162, 162, 288
-9869, 2103, 163, 163, 288
-9870, 2102, 163, 163, 288
-9870, 2102, 163, 163, 288
-9869, 2103, 164, 164, 288
-9869, 2103, 164, 164, 288
-9870, 2103, 163, 163, 288
-9870, 2103, 163, 163, 288
-9869, 2103, 163, 163, 288
-9870, 2103, 163, 163, 288
-9870, 2103, 163, 163, 288
-9870, 2103, 163, 163, 288
-9869, 2103, 164, 164, 288
-9869, 2102, 163, 163, 288
-9869, 2102, 163, 163, 288
-9870, 2102, 162, 162, 288
-9870, 2102, 162, 162, 288
-9869, 2103, 163, 163, 288
-9870, 2103, 163, 163, 288
-9870, 2103, 163, 163, 288
-9871, 2102, 162, 162, 288
-9870, 2103, 163, 163, 288
-9870, 2103, 163, 163, 288
-9870, 2102, 163, 163, 288
-9870, 2102, 163, 163, 288
-9870, 2102, 163, 163, 288
-9870, 2103, 162, 162, 288
-9870, 2103, 162, 162, 288
-9870, 2102, 163, 163, 288
-9871, 2102, 162, 162, 288
-9871, 2103, 162, 162, 288
-9870, 2102, 162, 162, 288
-9870, 2102, 162, 162, 288
-9869, 2103, 163, 163, 288
-9871, 2102, 162, 162, 288
-9871, 2102, 162, 162, 288
-9870, 2103, 162, 162, 288
-9870, 2104, 162, 162, 288
-9871, 2104, 162, 162, 288
-9870, 2102, 163, 163, 288
-9871, 2102, 162, 162, 288
-9871, 2102, 162, 162, 288
-9870, 2102, 163, 163, 288
-9870, 2103, 162, 162, 286
-9870, 2103, 162, 162, 286
-9870, 2103, 162, 162, 286
-9870, 2102, 162, 162, 286
-9871, 2103, 163, 163, 286
-9870, 2103, 162, 162, 286
-9870, 2103, 162, 162, 286
-9871, 2103, 162, 162, 286
-9871, 2103, 162, 162, 286
-9872, 2102, 161, 161, 286
-9872, 2102, 161, 161, 286
-9871, 2102, 162, 162, 286
-9872, 2103, 162, 162, 286
-9870, 2103, 162, 162, 286
-9870, 2103, 162, 162, 286
-9871, 2103, 162, 162, 286
-9871, 2103, 162, 162, 286
-9871, 2103, 162, 162, 286
-9872, 2102, 162, 162, 286
-9872, 2102, 162, 162, 286
-9870, 2102, 162, 162, 286
-9872, 2103, 162, 162, 286
-9872, 2103, 162, 162, 286
-9871, 2103, 162, 162, 286
-9871, 2102, 162, 162, 286
-9871, 2102, 162, 162, 286
-9871, 2102, 162, 162, 286
-9872, 2102, 161, 161, 286
-9870, 2102, 162, 162, 286
-9870, 2102, 162, 162, 286
-9869, 2102, 163, 163, 286
-9872, 2102, 162, 162, 286
-9870, 2102, 162, 162, 286
-9871, 2102, 162, 162, 286
-9871, 2103, 162, 162, 286
-9871, 2103, 161, 161, 286
-9870, 2102, 162, 162, 286
-9870, 2102, 162, 162, 286
-9871, 2102, 161, 161, 286
-9871, 2102, 161, 161, 286
-9872, 2102, 162, 162, 286
-9871, 2101, 161, 161, 286
-9871, 2101, 161, 161, 286
-9872, 2102, 161, 161, 286
-9871, 2102, 162, 162, 286
-9872, 2103, 161, 161, 286
-9871, 2102, 161, 161, 286
-9871, 2102, 161, 161, 286
-9871, 2103, 161, 161, 286
-9872, 2102, 161, 161, 286
-9872, 2103, 161, 161, 286
-9871, 2103, 161, 161, 286
-9871, 2102, 161, 161, 286
-9871, 2102, 161, 161, 286
-9870, 2102, 162, 162, 286
