-9525, 3320, 507, 507, 6458
-9525, 3320, 508, 508, 6458
-9524, 3320, 508, 508, 6458
-9524, 3319, 508, 508, 6458
-9525, 3320, 508, 508, 6458
-9525, 3321, 508, 508, 6458
-9525, 3321, 508, 508, 6458
-9524, 3321, 508, 508, 6458
-9524, 3321, 508, 508, 6458
-9523, 3320, 509, 509, 6458
-9525, 3320, 508, 508, 6458
-9524, 3320, 508, 508, 6458
-9525, 3319, 508, 508, 6458
-9524, 3320, 508, 508, 6458
-9524, 3320, 509, 509, 6458
-9525, 3320, 507, 507, 6458
-9525, 3320, 507, 507, 6458
-9524, 3321, 508, 508, 6477
-9525, 3320, 508, 508, 6477
-9525, 3321, 508, 508, 6477
-9525, 3321, 508, 508, 6477
-9525, 3320, 508, 508, 6477
-9524, 3321, 508, 508, 6477
-9524, 3321, 509, 509, 6477
-9525, 3321, 509, 509, 6477
-9524, 3322, 508, 508, 6477
-9525, 3321, 508, 508, 6477
-9525, 3321, 508, 508, 6477
-9525, 3320, 508, 508, 6477
-9524, 3320, 508, 508, 6477
-9523, 3321, 509, 509, 6477
-9524, 3321, 509, 509, 6477
-9524, 3321, 508, 508, 6477
-9524, 3321, 508, 508, 6477
-9524, 3321, 508, 508, 6477
-9524, 3321, 508, 508, 6477
-9524, 3321, 508, 508, 6477
-9524, 3321, 509, 509, 6477
-9524, 3321, 509, 509, 6477
-9524, 3322, 508, 508, 6477
-9523, 3321, 509, 509, 6477
-9524, 3321, 509, 509, 6477
-9524, 3322, 509, 509, 6477
-9524, 3321, 508, 508, 6473
-9524, 3321, 508, 508, 6473
-9524, 3321, 509, 509, 6473
-9522, 3321, 509, 509, 6473
-9522, 3321, 509, 509, 6473
-9524, 3321, 510, 510, 6473
-9523, 3322, 510, 510, 6473
-9524, 3322, 509, 509, 6473
-9522, 3321, 510, 510, 6473
-9523, 3321, 510, 510, 6473
-9524, 3322, 509, 509, 6473
-9524, 3322, 510, 510, 6473
-9524, 3322, 510, 510, 6473
-9524, 3322, 510, 510, 6473
-9523, 3322, 510, 510, 6473
-9523, 3322, 510, 510, 6473
-9523, 3322, 510, 510, 6473
-9523, 3322, 510, 510, 6473
-9522, 3323, 511, 511, 6473
-9522, 3322, 510, 510, 6473
-9522, 3322, 510, 510, 6473
-9523, 3323, 510, 510, 6473
-9522, 3322, 511, 511, 6473
-9522, 3322, 511, 511, 6473
-9522, 3324, 510, 510, 6473
-9522, 3324, 510, 510, 6473
-9522, 3322, 510, 510, 6473
-9522, 3322, 510, 510, 6473
-9522, 3322, 511, 511, 6473
-9522, 3322, 511, 511, 6473
-9522, 3322, 511, 511, 6473
-9522, 3323, 511, 511, 6473
-9522, 3322, 511, 511, 6473
-9521, 3324, 511, 511, 6473
-9522, 3323, 511, 511, 6473
-9522, 3323, 511, 511, 6473
-9521, 3322, 511, 511, 6473
-9522, 3322, 511, 511, 6473
-9523, 3323, 511, 511, 6473
-9521, 3323, 511, 511, 6473
-9521, 3323, 512, 512, 6473
-9521, 3323, 512, 512, 6473
-9522, 3323, 511, 511, 6473
-9520, 3324, 512, 512, 6473
-9521, 3323, 512, 512, 6473
-9520, 3324, 512, 512, 6473
-9520, 3324, 512, 512, 6473
-9521, 3324, 512, 512, 6458
-9520, 3323, 512, 512, 6458
-9520, 3323, 512, 512, 6458
-9521, 3324, 512, 512, 6458
-9520, 3308, 513, 513, 6458
-9674, 3310, 410, 410, 6458
-9621, 3309, 414, 414, 6458
-9621, 3309, 414, 414, 6458
-9621, 3310, 417, 417, 6458
-9611, 3310, 418, 418, 6458
-9611, 3311, 419, 419, 6458
-9611, 3311, 419, 419, 6458
-9611, 3311, 419, 419, 6458
-9611, 3312, 421, 421, 6458
-9609, 3311, 422, 422, 6458
-9609, 3310, 423, 423, 6458
-9606, 3312, 422, 422, 6458
-9610, 3311, 424, 424, 6458
-9610, 3311, 424, 424, 6458
-9611, 3312, 423, 423, 6458
-9610, 3313, 424, 424, 6458
-9609, 3312, 426, 426, 6458
-9612, 3312, 424, 424, 6458
-9611, 3311, 424, 424, 6458
-9611, 3311, 424, 424, 6458
-9609, 3312, 426, 426, 6458
-9609, 3313, 425, 425, 6458
-9609, 3311, 425, 425, 6458
-9609, 3311, 426, 426, 6458
-9604, 3312, 426, 426, 6458
-9604, 3312, 426, 426, 6458
-9607, 3312, 428, 428, 6458
-9604, 3313, 427, 427, 6458
-9607, 3312, 427, 427, 6458
-9607, 3312, 427, 427, 6458
-9607, 3312, 429, 429, 6458
-9607, 3311, 427, 427, 6458
-9601, 3313, 428, 428, 6458
-9603, 3313, 428, 428, 6458
-9602, 3312, 427, 427, 6458
-9601, 3313, 429, 429, 6458
-9601, 3314, 428, 428, 6458
-9601, 3314, 428, 428, 6458
-9599, 3314, 430, 430, 6458
-9604, 3313, 429, 429, 6458
-9605, 3313, 428, 428, 6458
-9602, 3314, 430, 430, 6451
-9601, 3313, 429, 429, 6451
-9599, 3314, 429, 429, 6451
-9601, 3314, 429, 429, 6451
-9602, 3313, 428, 428, 6451
-9602, 3314, 428, 428, 6451
-9602, 3314, 431, 431, 6451
-9601, 3315, 430, 430, 6451
-9603, 3315, 428, 428, 6451
-9597, 3315, 432, 432, 6451
-9601, 3314, 428, 428, 6451
-9601, 3313, 430, 430, 6451
-9601, 3313, 430, 430, 6451
-9601, 3315, 431, 431, 6451
-9601, 3314, 431, 431, 6451
-9600, 3315, 431, 431, 6451
-9603, 3314, 431, 431, 6451
-9604, 3314, 431, 431, 6451
-9604, 3314, 431, 431, 6451
-9598, 3315, 431, 431, 6451
-9597, 3316, 432, 432, 6451
-9601, 3316, 432, 432, 6451
-9602, 3315, 432, 432, 6451
-9602, 3315, 432, 432, 6451
-9603, 3315, 432, 432, 6451
-9598, 3314, 432, 432, 6451
-9601, 3316, 432, 432, 6451
-9600, 3315, 433, 433, 6451
-9600, 3315, 433, 433, 6451
-9603, 3315, 432, 432, 6451
-9602, 3315, 433, 433, 6451
-9603, 3315, 433, 433, 6451
-9597, 3316, 433, 433, 6451
-9597, 3316, 433, 433, 6451
-9598, 3315, 432, 432, 6451
-9599, 3316, 433, 433, 6451
-9597, 3316, 433, 433, 6451
-9601, 3315, 433, 433, 6451
-9597, 3316, 433, 433, 6451
-9597, 3316, 433, 433, 6451
-9598, 3316, 434, 434, 6451
-9597, 3315, 433, 433, 6451
-9600, 3315, 434, 434, 6451
-9604, 3315, 432, 432, 6451
-9604, 3315, 432, 432, 6451
-9602, 3317, 433, 433, 6451
-9598, 3317, 433, 433, 6453
-9598, 3317, 433, 433, 6453
-9597, 3318, 434, 434, 6453
-9599, 3317, 433, 433, 6453
-9595, 3317, 434, 434, 6453
-9597, 3317, 434, 434, 6453
-9601, 3317, 434, 434, 6453
-9600, 3315, 435, 435, 6453
-9600, 3316, 434, 434, 6453
-9600, 3316, 434, 434, 6453
-9599, 3316, 434, 434, 6453
-9596, 3317, 434, 434, 6453
-9596, 3317, 434, 434, 6453
-9596, 3317, 434, 434, 6453
-9595, 3317, 435, 435, 6453
-9595, 3318, 435, 435, 6453
-9595, 3319, 435, 435, 6453
-9497, 3332, 536, 536, 6453
-9497, 3332, 536, 536, 6453
-9500, 3332, 533, 533, 6453
-9502, 3331, 532, 532, 6453
-9502, 3331, 531, 531, 6453
-9502, 3331, 531, 531, 6453
-9502, 3331, 530, 530, 6456
-9502, 3331, 530, 530, 6456
-9503, 3331, 529, 529, 6456
-9503, 3331, 529, 529, 6456
-9504, 3331, 529, 529, 6456
-9504, 3331, 529, 529, 6456
-9505, 3332, 528, 528, 6456
-9505, 3332, 528, 528, 6456
-9505, 3332, 528, 528, 6456
-9505, 3332, 528, 528, 6456
-9506, 3331, 527, 527, 6456
-9506, 3332, 527, 527, 6456
-9506, 3331, 526, 526, 6456
-9506, 3331, 526, 526, 6456
-9507, 3330, 526, 526, 6456
-9507, 3330, 526, 526, 6456
-9507, 3331, 526, 526, 6456
-9508, 3330, 526, 526, 6456
-9507, 3331, 525, 525, 6456
-9507, 3331, 526, 526, 6456
-9507, 3331, 525, 525, 6456
-9507, 3331, 525, 525, 6456
-9508, 3331, 526, 526, 6456
-9507, 3331, 526, 526, 6453
-9507, 3331, 526, 526, 6453
-9508, 3331, 525, 525, 6453
-9508, 3331, 525, 525, 6453
-9509, 3332, 524, 524, 6453
-9509, 3332, 524, 524, 6453
-9508, 3332, 525, 525, 6453
-9507, 3331, 525, 525, 6453
-9508, 3331, 525, 525, 6453
-9507, 3332, 525, 525, 6453
-9508, 3332, 525, 525, 6453
-9507, 3332, 526, 526, 6453
-9508, 3331, 525, 525, 6453
-9509, 3332, 525, 525, 6453
-9508, 3331, 525, 525, 6453
-9509, 3331, 525, 525, 6453
-9508, 3332, 525, 525, 6453
-9508, 3332, 525, 525, 6453
-9508, 3332, 525, 525, 6453
-9507, 3331, 525, 525, 6453
-9507, 3331, 525, 525, 6453
-9508, 3332, 525, 525, 6453
-9509, 3332, 524, 524, 6453
-9508, 3332, 524, 524, 6453
-9509, 3332, 524, 524, 6453
-9508, 3332, 525, 525, 6449
-9509, 3331, 524, 524, 6449
-9508, 3332, 525, 525, 6449
-9508, 3332, 525, 525, 6449
-9508, 3332, 525, 525, 6449
-9508, 3332, 525, 525, 6449
-9509, 3332, 524, 524, 6449
-9508, 3331, 525, 525, 6449
-9508, 3331, 525, 525, 6449
-9508, 3332, 525, 525, 6449
-9508, 3332, 525, 525, 6449
-9508, 3332, 525, 525, 6449
-9509, 3332, 525, 525, 6449
-9509, 3332, 525, 525, 6449
-9508, 3332, 525, 525, 6449
-9508, 3332, 525, 525, 6449
-9508, 3333, 525, 525, 6449
-9508, 3332, 525, 525, 6449
-9508, 3332, 525, 525, 6449
-9508, 3332, 525, 525, 6449
-9508, 3332, 525, 525, 6449
-9507, 3333, 525, 525, 6449
-9507, 3333, 525, 525, 6449
-9508, 3333, 525, 525, 6449
-9508, 3332, 525, 525, 6438
-9508, 3332, 525, 525, 6438
-9509, 3331, 524, 524, 6438
-9508, 3332, 524, 524, 6438
-9508, 3332, 525, 525, 6438
-9508, 3333, 524, 524, 6438
-9507, 3332, 525, 525, 6438
-9507, 3333, 525, 525, 6438
-9507, 3333, 525, 525, 6438
-9508, 3333, 524, 524, 6438
-9507, 3333, 525, 525, 6438
-9507, 3333, 525, 525, 6438
-9507, 3333, 526, 526, 6438
-9507, 3334, 526, 526, 6438
-9507, 3334, 526, 526, 6438
-9508, 3333, 525, 525, 6438
-9506, 3334, 526, 526, 6438
-9508, 3333, 525, 525, 6438
-9506, 3333, 526, 526, 6438
-9507, 3332, 526, 526, 6438
-9508, 3333, 526, 526, 6438
-9508, 3333, 526, 526, 6438
-9507, 3333, 526, 526, 6438
-9508, 3334, 525, 525, 6442
-9507, 3334, 526, 526, 6442
-9507, 3334, 526, 526, 6442
-9508, 3333, 525, 525, 6442
-9507, 3333, 526, 526, 6442
-9506, 3333, 526, 526, 6442
-9506, 3334, 526, 526, 6442
-9507, 3333, 526, 526, 6442
-9507, 3333, 526, 526, 6442
-9507, 3333, 526, 526, 6442
-9506, 3334, 526, 526, 6442
-9507, 3332, 526, 526, 6442
-9507, 3333, 526, 526, 6442
-9507, 3335, 526, 526, 6442
-9507, 3334, 526, 526, 6442
-9507, 3334, 526, 526, 6442
-9606, 3321, 433, 433, 6442
-9605, 3320, 429, 429, 6442
-9605, 3320, 429, 429, 6442
-9604, 3320, 430, 430, 6442
-9600, 3320, 431, 431, 6442
-9600, 3320, 431, 431, 6442
-9602, 3321, 432, 432, 6442
-9602, 3320, 433, 433, 6436
-9599, 3321, 433, 433, 6436
-9599, 3320, 435, 435, 6436
-9599, 3320, 435, 435, 6436
-9596, 3321, 435, 435, 6436
-9598, 3321, 435, 435, 6436
-9596, 3321, 435, 435, 6436
-9595, 3321, 435, 435, 6436
-9595, 3321, 436, 436, 6436
-9598, 3321, 435, 435, 6436
-9599, 3321, 436, 436, 6436
-9599, 3321, 436, 436, 6436
-9598, 3320, 437, 437, 6436
-9599, 3321, 436, 436, 6436
-9598, 3321, 436, 436, 6436
-9598, 3320, 437, 437, 6436
-9598, 3322, 437, 437, 6436
-9597, 3321, 438, 438, 6436
-9596, 3322, 437, 437, 6436
-9596, 3322, 437, 437, 6436
-9596, 3322, 438, 438, 6436
-9596, 3322, 438, 438, 6438
-9597, 3322, 439, 439, 6438
-9598, 3322, 438, 438, 6438
-9595, 3322, 438, 438, 6438
-9591, 3322, 439, 439, 6438
-9595, 3322, 439, 439, 6438
-9594, 3323, 440, 440, 6438
-9591, 3321, 439, 439, 6438
-9595, 3322, 440, 440, 6438
-9591, 3321, 440, 440, 6438
-9597, 3322, 439, 439, 6438
-9592, 3322, 440, 440, 6438
-9592, 3322, 440, 440, 6438
-9590, 3324, 439, 439, 6438
-9595, 3322, 440, 440, 6438
-9593, 3323, 441, 441, 6438
-9594, 3322, 440, 440, 6438
-9594, 3322, 440, 440, 6438
-9589, 3324, 442, 442, 6438
-9589, 3324, 442, 442, 6438
-9593, 3322, 441, 441, 6438
-9593, 3322, 441, 441, 6438
-9590, 3323, 441, 441, 6438
-9591, 3323, 442, 442, 6438
-9590, 3323, 442, 442, 6438
-9590, 3323, 441, 441, 6438
-9589, 3322, 442, 442, 6438
-9589, 3323, 442, 442, 6438
-9591, 3323, 441, 441, 6438
-9589, 3324, 442, 442, 6438
-9588, 3323, 442, 442, 6438
-9591, 3324, 442, 442, 6438
-9589, 3323, 441, 441, 6438
-9590, 3324, 442, 442, 6438
-9588, 3323, 442, 442, 6438
-9589, 3325, 441, 441, 6438
-9593, 3322, 443, 443, 6438
-9590, 3324, 442, 442, 6438
-9589, 3323, 442, 442, 6438
-9589, 3324, 442, 442, 6438
-9589, 3324, 442, 442, 6438
-9589, 3324, 443, 443, 6440
-9592, 3324, 442, 442, 6440
-9587, 3323, 443, 443, 6440
-9590, 3324, 442, 442, 6440
-9591, 3322, 443, 443, 6440
-9592, 3322, 442, 442, 6440
-9592, 3322, 442, 442, 6440
-9593, 3323, 443, 443, 6440
-9591, 3323, 443, 443, 6440
-9591, 3323, 443, 443, 6440
-9592, 3323, 442, 442, 6440
-9591, 3323, 443, 443, 6440
-9588, 3324, 443, 443, 6440
-9588, 3324, 443, 443, 6440
-9590, 3324, 443, 443, 6440
-9591, 3324, 444, 444, 6440
-9589, 3323, 443, 443, 6440
-9589, 3325, 442, 442, 6440
-9589, 3325, 442, 442, 6440
-9588, 3324, 443, 443, 6440
-9587, 3326, 444, 444, 6434
-9587, 3324, 444, 444, 6434
-9587, 3325, 443, 443, 6434
-9584, 3325, 444, 444, 6434
-9584, 3325, 444, 444, 6434
-9582, 3323, 443, 443, 6434
-9491, 3338, 543, 543, 6434
-9492, 3338, 541, 541, 6434
-9492, 3338, 541, 541, 6434
-9493, 3338, 540, 540, 6434
-9493, 3338, 540, 540, 6434
-9495, 3337, 538, 538, 6434
-9495, 3337, 538, 538, 6434
-9495, 3338, 538, 538, 6434
-9495, 3338, 538, 538, 6434
-9495, 3338, 537, 537, 6434
-9497, 3337, 536, 536, 6434
-9497, 3337, 536, 536, 6434
-9496, 3338, 536, 536, 6434
-9498, 3337, 535, 535, 6434
-9497, 3338, 535, 535, 6434
-9498, 3338, 535, 535, 6434
-9498, 3338, 535, 535, 6434
-9498, 3337, 535, 535, 6434
-9497, 3339, 535, 535, 6434
-9498, 3338, 535, 535, 6434
-9499, 3338, 535, 535, 6434
-9499, 3338, 534, 534, 6434
-9499, 3338, 534, 534, 6434
-9499, 3338, 534, 534, 6434
-9499, 3338, 534, 534, 6434
-9499, 3338, 534, 534, 6434
-9499, 3338, 534, 534, 6434
-9499, 3339, 534, 534, 6434
-9499, 3338, 533, 533, 6434
-9499, 3338, 533, 533, 6434
-9500, 3338, 534, 534, 6434
-9499, 3338, 534, 534, 6434
-9499, 3337, 533, 533, 6434
-9500, 3338, 533, 533, 6434
-9500, 3339, 533, 533, 6434
-9499, 3338, 533, 533, 6434
-9500, 3337, 533, 533, 6434
-9500, 3339, 533, 533, 6434
-9499, 3338, 533, 533, 6434
-9500, 3338, 533, 533, 6434
-9501, 3338, 533, 533, 6434
-9500, 3338, 533, 533, 6434
-9500, 3338, 533, 533, 6434
-9500, 3339, 533, 533, 6434
-9500, 3339, 533, 533, 6434
-9500, 3338, 533, 533, 6434
-9501, 3338, 532, 532, 6434
-9500, 3338, 532, 532, 6434
-9501, 3338, 532, 532, 6434
-9501, 3338, 532, 532, 6434
-9501, 3338, 533, 533, 6434
-9501, 3338, 532, 532, 6434
-9501, 3338, 532, 532, 6434
-9501, 3338, 532, 532, 6434
-9500, 3338, 532, 532, 6434
-9500, 3338, 533, 533, 6434
-9500, 3338, 533, 533, 6434
-9501, 3337, 532, 532, 6434
-9501, 3338, 532, 532, 6434
-9500, 3339, 533, 533, 6434
-9501, 3338, 532, 532, 6434
-9501, 3338, 532, 532, 6434
-9501, 3337, 532, 532, 6434
-9500, 3338, 532, 532, 6434
-9501, 3337, 532, 532, 6434
-9500, 3338, 532, 532, 6434
-9500, 3338, 532, 532, 6434
-9501, 3337, 531, 531, 6434
-9500, 3337, 532, 532, 6434
-9501, 3338, 532, 532, 6434
-9500, 3338, 532, 532, 6434
-9501, 3338, 532, 532, 6434
-9501, 3337, 532, 532, 6434
-9500, 3337, 532, 532, 6434
-9500, 3337, 532, 532, 6434
-9500, 3337, 532, 532, 6434
-9501, 3337, 532, 532, 6434
-9501, 3338, 532, 532, 6434
-9501, 3338, 532, 532, 6434
-9501, 3338, 532, 532, 6434
-9501, 3338, 532, 532, 6434
-9501, 3338, 531, 531, 6434
-9501, 3338, 532, 532, 6434
-9501, 3338, 532, 532, 6434
-9501, 3338, 531, 531, 6434
-9501, 3338, 532, 532, 6434
-9501, 3338, 532, 532, 6434
-9500, 3337, 532, 532, 6434
-9501, 3338, 532, 532, 6434
-9501, 3338, 532, 532, 6431
-9502, 3338, 531, 531, 6431
-9502, 3338, 531, 531, 6431
-9502, 3338, 532, 532, 6431
-9502, 3338, 532, 532, 6431
-9500, 3338, 531, 531, 6431
-9500, 3338, 531, 531, 6431
-9502, 3337, 531, 531, 6431
-9501, 3338, 531, 531, 6431
-9501, 3338, 531, 531, 6431
-9501, 3337, 531, 531, 6431
-9501, 3338, 532, 532, 6431
-9501, 3338, 532, 532, 6431
-9502, 3338, 531, 531, 6431
-9501, 3339, 532, 532, 6431
-9501, 3338, 531, 531, 6431
-9502, 3338, 531, 531, 6431
-9502, 3338, 531, 531, 6431
-9502, 3339, 531, 531, 6431
-9501, 3338, 531, 531, 6431
-9501, 3338, 531, 531, 6431
-9500, 3338, 532, 532, 6429
-9502, 3338, 531, 531, 6429
-9501, 3338, 532, 532, 6429
-9501, 3338, 532, 532, 6429
-9501, 3339, 532, 532, 6429
-9598, 3324, 434, 434, 6429
-9598, 3324, 434, 434, 6429
-9596, 3325, 434, 434, 6429
-9593, 3324, 436, 436, 6429
-9594, 3323, 437, 437, 6429
-9597, 3324, 437, 437, 6429
-9597, 3324, 438, 438, 6429
-9596, 3324, 439, 439, 6429
-9594, 3324, 440, 440, 6429
-9594, 3324, 440, 440, 6429
-9594, 3324, 440, 440, 6429
-9592, 3325, 441, 441, 6429
-9591, 3324, 441, 441, 6429
-9591, 3324, 441, 441, 6429
-9590, 3325, 441, 441, 6429
-9590, 3325, 441, 441, 6429
-9589, 3324, 442, 442, 6429
-9589, 3325, 442, 442, 6429
-9589, 3325, 442, 442, 6429
-9590, 3325, 443, 443, 6425
-9593, 3325, 442, 442, 6425
-9595, 3324, 442, 442, 6425
-9594, 3325, 442, 442, 6425
-9592, 3324, 443, 443, 6425
-9592, 3324, 443, 443, 6425
-9589, 3325, 442, 442, 6425
-9588, 3326, 443, 443, 6425
-9589, 3325, 444, 444, 6425
-9589, 3325, 444, 444, 6425
-9592, 3325, 443, 443, 6425
-9591, 3325, 443, 443, 6425
-9591, 3325, 443, 443, 6425
-9591, 3324, 444, 444, 6425
-9592, 3325, 444, 444, 6425
-9588, 3326, 444, 444, 6425
-9590, 3325, 444, 444, 6425
-9589, 3325, 444, 444, 6425
-9589, 3326, 444, 444, 6425
-9592, 3326, 443, 443, 6436
-9592, 3326, 443, 443, 6436
-9591, 3326, 443, 443, 6436
-9589, 3325, 444, 444, 6436
-9587, 3325, 445, 445, 6436
-9592, 3325, 443, 443, 6436
-9591, 3326, 444, 444, 6436
-9590, 3325, 444, 444, 6436
-9586, 3326, 445, 445, 6436
-9586, 3326, 444, 444, 6436
-9588, 3327, 445, 445, 6436
-9588, 3325, 445, 445, 6436
-9590, 3326, 445, 445, 6436
-9590, 3326, 444, 444, 6436
-9591, 3327, 445, 445, 6436
-9591, 3327, 445, 445, 6436
-9590, 3326, 445, 445, 6436
-9589, 3325, 446, 446, 6436
-9588, 3326, 445, 445, 6436
-9588, 3326, 445, 445, 6436
-9587, 3325, 446, 446, 6436
-9587, 3326, 446, 446, 6436
-9587, 3326, 446, 446, 6436
-9587, 3326, 447, 447, 6434
-9588, 3326, 447, 447, 6434
-9588, 3326, 446, 446, 6434
-9583, 3326, 446, 446, 6434
-9584, 3326, 447, 447, 6434
-9587, 3327, 446, 446, 6434
-9587, 3327, 446, 446, 6434
-9585, 3327, 446, 446, 6434
-9585, 3327, 446, 446, 6434
-9587, 3326, 446, 446, 6434
-9587, 3326, 446, 446, 6434
-9588, 3326, 446, 446, 6434
-9588, 3325, 446, 446, 6434
-9589, 3325, 446, 446, 6434
-9588, 3326, 447, 447, 6434
-9586, 3326, 446, 446, 6434
-9586, 3326, 446, 446, 6434
-9584, 3326, 447, 447, 6434
-9584, 3326, 447, 447, 6434
-9585, 3327, 446, 446, 6434
-9584, 3326, 447, 447, 6434
-9584, 3327, 446, 446, 6434
-9584, 3326, 447, 447, 6434
-9584, 3327, 447, 447, 6434
-9588, 3327, 447, 447, 6434
-9584, 3327, 447, 447, 6434
-9584, 3327, 447, 447, 6434
-9586, 3327, 446, 446, 6434
-9588, 3327, 447, 447, 6434
-9587, 3326, 448, 448, 6434
-9589, 3327, 447, 447, 6434
-9588, 3327, 447, 447, 6434
-9587, 3327, 448, 448, 6434
-9587, 3326, 447, 447, 6434
-9588, 3327, 447, 447, 6434
-9584, 3326, 447, 447, 6434
-9583, 3327, 448, 448, 6434
-9594, 3327, 445, 445, 6434
-9594, 3327, 445, 445, 6434
-9487, 3340, 547, 547, 6434
-9487, 3340, 547, 547, 6434
-9488, 3340, 545, 545, 6434
-9490, 3340, 544, 544, 6434
-9489, 3340, 543, 543, 6434
-9490, 3341, 542, 542, 6434
-9490, 3340, 542, 542, 6434
-9492, 3339, 541, 541, 6440
-9492, 3340, 540, 540, 6440
-9492, 3340, 540, 540, 6440
-9493, 3340, 540, 540, 6440
-9494, 3340, 539, 539, 6440
-9494, 3339, 539, 539, 6440
-9494, 3339, 539, 539, 6440
-9495, 3340, 538, 538, 6440
-9495, 3340, 538, 538, 6440
-9495, 3339, 538, 538, 6440
-9494, 3340, 538, 538, 6440
-9496, 3339, 537, 537, 6440
-9496, 3339, 537, 537, 6440
-9496, 3339, 537, 537, 6440
-9496, 3339, 537, 537, 6440
-9497, 3340, 536, 536, 6440
-9497, 3338, 537, 537, 6440
-9496, 3339, 537, 537, 6440
-9496, 3339, 536, 536, 6440
-9496, 3340, 536, 536, 6440
-9496, 3340, 536, 536, 6440
-9495, 3339, 536, 536, 6440
-9497, 3339, 536, 536, 6438
-9498, 3339, 535, 535, 6438
-9497, 3340, 535, 535, 6438
-9497, 3340, 536, 536, 6438
-9497, 3339, 536, 536, 6438
-9496, 3339, 536, 536, 6438
-9496, 3340, 536, 536, 6438
-9497, 3340, 535, 535, 6438
-9498, 3340, 535, 535, 6438
-9497, 3340, 535, 535, 6438
-9497, 3340, 535, 535, 6438
-9498, 3341, 535, 535, 6438
-9498, 3340, 535, 535, 6438
-9498, 3340, 535, 535, 6438
-9499, 3340, 535, 535, 6438
-9499, 3339, 534, 534, 6438
-9498, 3340, 534, 534, 6438
-9498, 3339, 535, 535, 6438
-9498, 3340, 535, 535, 6438
-9498, 3340, 535, 535, 6438
-9498, 3339, 535, 535, 6438
-9497, 3339, 535, 535, 6434
-9497, 3339, 535, 535, 6434
-9499, 3340, 534, 534, 6434
-9498, 3339, 534, 534, 6434
-9498, 3339, 534, 534, 6434
-9498, 3339, 534, 534, 6434
-9500, 3340, 534, 534, 6434
-9498, 3339, 535, 535, 6434
-9498, 3339, 535, 535, 6434
-9498, 3339, 534, 534, 6434
-9498, 3339, 534, 534, 6434
-9499, 3339, 534, 534, 6434
-9499, 3339, 534, 534, 6434
-9499, 3339, 534, 534, 6434
-9499, 3339, 534, 534, 6434
-9499, 3340, 534, 534, 6434
-9499, 3339, 534, 534, 6434
-9499, 3338, 534, 534, 6434
-9499, 3338, 534, 534, 6434
-9499, 3339, 534, 534, 6434
-9498, 3339, 534, 534, 6434
-9498, 3339, 534, 534, 6434
-9499, 3339, 534, 534, 6434
-9498, 3337, 534, 534, 6434
-9499, 3338, 534, 534, 6434
-9499, 3338, 534, 534, 6434
-9498, 3339, 534, 534, 6434
-9498, 3339, 534, 534, 6434
-9499, 3339, 534, 534, 6436
-9498, 3338, 534, 534, 6436
-9498, 3338, 534, 534, 6436
-9499, 3339, 534, 534, 6436
-9499, 3338, 534, 534, 6436
-9499, 3338, 534, 534, 6436
-9500, 3338, 533, 533, 6436
-9500, 3338, 533, 533, 6436
-9500, 3339, 533, 533, 6436
-9500, 3339, 533, 533, 6436
-9500, 3339, 533, 533, 6436
-9500, 3339, 533, 533, 6436
-9499, 3338, 533, 533, 6436
-9499, 3339, 534, 534, 6436
-9500, 3338, 533, 533, 6436
-9499, 3338, 533, 533, 6436
-9499, 3339, 533, 533, 6436
-9500, 3339, 534, 534, 6436
-9500, 3338, 533, 533, 6436
-9500, 3339, 533, 533, 6436
-9499, 3339, 533, 533, 6436
-9499, 3339, 533, 533, 6436
-9500, 3339, 533, 533, 6436
-9500, 3339, 533, 533, 6436
-9499, 3338, 533, 533, 6436
-9500, 3338, 533, 533, 6436
-9500, 3337, 533, 533, 6436
-9500, 3338, 533, 533, 6436
-9500, 3338, 533, 533, 6436
-9500, 3337, 532, 532, 6436
-9500, 3337, 533, 533, 6436
-9500, 3338, 533, 533, 6436
-9501, 3338, 532, 532, 6436
-9501, 3339, 532, 532, 6436
-9501, 3338, 532, 532, 6436
-9500, 3338, 532, 532, 6436
-9500, 3337, 533, 533, 6436
-9501, 3338, 532, 532, 6436
-9501, 3338, 532, 532, 6436
-9500, 3338, 533, 533, 6436
-9500, 3338, 533, 533, 6436
-9591, 3322, 435, 435, 6436
-9591, 3322, 435, 435, 6436
-9599, 3323, 436, 436, 6436
-9599, 3323, 436, 436, 6436
-9593, 3323, 438, 438, 6436
-9593, 3323, 438, 438, 6436
-9595, 3323, 438, 438, 6436
-9591, 3324, 440, 440, 6436
-9594, 3323, 440, 440, 6436
-9594, 3323, 440, 440, 6436
-9594, 3323, 440, 440, 6436
-9595, 3324, 440, 440, 6436
-9590, 3325, 440, 440, 6436
-9589, 3325, 441, 441, 6436
-9593, 3325, 440, 440, 6436
-9593, 3324, 441, 441, 6436
-9593, 3323, 441, 441, 6436
-9593, 3323, 441, 441, 6436
-9593, 3324, 442, 442, 6436
-9591, 3324, 442, 442, 6436
-9594, 3324, 443, 443, 6436
-9594, 3324, 443, 443, 6436
-9593, 3324, 442, 442, 6436
-9592, 3324, 443, 443, 6436
-9592, 3325, 443, 443, 6436
-9590, 3324, 444, 444, 6436
-9591, 3324, 443, 443, 6436
-9591, 3324, 444, 444, 6436
-9587, 3325, 444, 444, 6440
-9587, 3325, 444, 444, 6440
-9589, 3324, 444, 444, 6440
-9588, 3324, 444, 444, 6440
-9588, 3324, 444, 444, 6440
-9587, 3324, 445, 445, 6440
-9588, 3325, 444, 444, 6440
-9585, 3324, 445, 445, 6440
-9587, 3326, 445, 445, 6440
-9587, 3326, 445, 445, 6440
-9589, 3325, 445, 445, 6440
-9589, 3325, 445, 445, 6440
-9586, 3325, 445, 445, 6440
-9586, 3326, 445, 445, 6440
-9586, 3325, 445, 445, 6440
-9586, 3325, 445, 445, 6440
-9586, 3326, 445, 445, 6440
-9587, 3324, 445, 445, 6440
-9587, 3325, 446, 446, 6440
-9586, 3324, 445, 445, 6440
-9586, 3325, 446, 446, 6440
-9591, 3325, 445, 445, 6440
-9585, 3324, 445, 445, 6440
-9591, 3324, 445, 445, 6440
-9588, 3326, 446, 446, 6438
-9588, 3326, 446, 446, 6438
-9587, 3326, 446, 446, 6438
-9589, 3325, 444, 444, 6438
-9589, 3325, 444, 444, 6438
-9583, 3325, 446, 446, 6438
-9586, 3325, 445, 445, 6438
-9586, 3325, 446, 446, 6438
-9586, 3325, 446, 446, 6438
-9589, 3325, 446, 446, 6438
-9590, 3325, 445, 445, 6438
-9588, 3324, 446, 446, 6438
-9588, 3324, 446, 446, 6438
-9589, 3324, 446, 446, 6438
-9588, 3324, 446, 446, 6438
-9588, 3325, 447, 447, 6438
-9584, 3325, 446, 446, 6438
-9584, 3325, 446, 446, 6438
-9585, 3325, 445, 445, 6438
-9585, 3325, 445, 445, 6438
-9584, 3325, 446, 446, 6438
-9584, 3325, 447, 447, 6438
-9586, 3325, 447, 447, 6440
-9588, 3324, 446, 446, 6440
-9588, 3324, 446, 446, 6440
-9586, 3324, 447, 447, 6440
-9586, 3324, 447, 447, 6440
-9585, 3324, 446, 446, 6440
-9589, 3325, 446, 446, 6440
-9589, 3325, 446, 446, 6440
-9589, 3325, 446, 446, 6440
-9587, 3323, 446, 446, 6440
-9587, 3323, 446, 446, 6440
-9587, 3324, 447, 447, 6440
-9587, 3324, 447, 447, 6440
-9587, 3325, 447, 447, 6440
-9582, 3324, 446, 446, 6440
-9583, 3325, 446, 446, 6440
-9586, 3325, 446, 446, 6440
-9584, 3325, 447, 447, 6440
-9588, 3324, 446, 446, 6440
-9585, 3326, 447, 447, 6440
-9587, 3325, 446, 446, 6440
-9587, 3325, 446, 446, 6440
-9587, 3324, 447, 447, 6445
-9587, 3324, 447, 447, 6445
-9585, 3324, 447, 447, 6445
-9588, 3323, 447, 447, 6445
-9592, 3323, 444, 444, 6445
-9592, 3323, 444, 444, 6445
-9482, 3338, 502, 502, 6445
-9488, 3338, 547, 547, 6445
-9488, 3339, 545, 545, 6445
-9489, 3337, 543, 543, 6445
-9491, 3337, 543, 543, 6445
-9492, 3338, 542, 542, 6445
-9492, 3337, 541, 541, 6445
-9492, 3338, 541, 541, 6445
-9492, 3338, 541, 541, 6445
-9493, 3337, 540, 540, 6445
-9493, 3337, 540, 540, 6445
-9493, 3338, 539, 539, 6445
-9494, 3337, 539, 539, 6445
-9493, 3337, 539, 539, 6445
-9493, 3336, 538, 538, 6445
-9493, 3336, 538, 538, 6445
-9495, 3336, 538, 538, 6445
-9495, 3336, 538, 538, 6445
-9495, 3337, 537, 537, 6445
-9496, 3337, 537, 537, 6445
-9496, 3337, 537, 537, 6445
-9496, 3337, 537, 537, 6447
-9497, 3337, 536, 536, 6447
-9498, 3336, 536, 536, 6447
-9497, 3336, 536, 536, 6447
-9497, 3337, 536, 536, 6447
-9497, 3337, 536, 536, 6447
-9497, 3337, 536, 536, 6447
-9498, 3336, 535, 535, 6447
-9498, 3336, 535, 535, 6447
-9498, 3337, 535, 535, 6447
-9498, 3337, 535, 535, 6447
-9498, 3337, 535, 535, 6447
-9497, 3338, 535, 535, 6447
-9499, 3337, 535, 535, 6447
-9498, 3336, 535, 535, 6447
-9498, 3336, 534, 534, 6447
-9498, 3336, 534, 534, 6447
-9498, 3337, 534, 534, 6447
-9498, 3337, 534, 534, 6447
-9499, 3336, 534, 534, 6447
-9500, 3335, 533, 533, 6447
-9498, 3337, 533, 533, 6436
-9500, 3336, 533, 533, 6436
-9499, 3336, 533, 533, 6436
-9500, 3336, 533, 533, 6436
-9500, 3336, 533, 533, 6436
-9499, 3336, 533, 533, 6436
-9499, 3336, 533, 533, 6436
-9500, 3336, 533, 533, 6436
-9500, 3337, 533, 533, 6436
-9500, 3337, 533, 533, 6436
-9500, 3335, 533, 533, 6436
-9500, 3336, 533, 533, 6436
-9500, 3336, 533, 533, 6436
-9500, 3335, 532, 532, 6436
-9501, 3335, 532, 532, 6436
-9499, 3336, 533, 533, 6436
-9500, 3335, 532, 532, 6436
-9500, 3335, 532, 532, 6436
-9501, 3336, 532, 532, 6436
-9501, 3336, 532, 532, 6436
-9500, 3336, 533, 533, 6436
-9500, 3335, 532, 532, 6436
-9501, 3334, 532, 532, 6442
-9501, 3334, 532, 532, 6442
-9500, 3336, 531, 531, 6442
-9499, 3335, 533, 533, 6442
-9501, 3335, 532, 532, 6442
-9501, 3336, 532, 532, 6442
-9501, 3336, 532, 532, 6442
-9501, 3335, 532, 532, 6442
-9501, 3335, 532, 532, 6442
-9501, 3335, 532, 532, 6442
-9501, 3335, 532, 532, 6442
-9501, 3335, 532, 532, 6442
-9501, 3335, 531, 531, 6442
-9501, 3335, 532, 532, 6442
-9501, 3335, 531, 531, 6442
-9502, 3335, 531, 531, 6442
-9501, 3335, 532, 532, 6442
-9501, 3335, 532, 532, 6442
-9501, 3335, 532, 532, 6442
-9502, 3335, 531, 531, 6442
-9501, 3335, 531, 531, 6442
-9502, 3333, 531, 531, 6442
-9502, 3333, 531, 531, 6442
-9502, 3335, 531, 531, 6442
-9502, 3334, 531, 531, 6442
-9502, 3334, 530, 530, 6442
-9501, 3334, 531, 531, 6442
-9502, 3334, 531, 531, 6442
-9502, 3334, 531, 531, 6442
-9502, 3335, 531, 531, 6442
-9502, 3334, 531, 531, 6442
-9502, 3335, 531, 531, 6442
-9502, 3335, 531, 531, 6442
-9503, 3335, 530, 530, 6442
-9502, 3334, 531, 531, 6442
-9503, 3335, 530, 530, 6442
-9502, 3335, 530, 530, 6442
-9502, 3334, 530, 530, 6442
-9502, 3334, 530, 530, 6442
-9502, 3333, 531, 531, 6442
-9502, 3333, 531, 531, 6442
-9503, 3334, 530, 530, 6442
-9502, 3333, 531, 531, 6442
-9503, 3334, 530, 530, 6442
-9502, 3334, 530, 530, 6442
-9502, 3335, 531, 531, 6442
-9502, 3334, 531, 531, 6442
-9502, 3333, 531, 531, 6436
-9502, 3333, 531, 531, 6436
-9504, 3335, 530, 530, 6436
-9503, 3334, 530, 530, 6436
-9503, 3334, 530, 530, 6436
-9503, 3333, 530, 530, 6436
-9545, 3316, 468, 468, 6436
-9601, 3321, 434, 434, 6436
-9597, 3319, 435, 435, 6436
-9599, 3320, 435, 435, 6436
-9599, 3320, 435, 435, 6436
-9599, 3321, 437, 437, 6436
-9595, 3320, 438, 438, 6436
-9593, 3321, 437, 437, 6436
-9593, 3321, 437, 437, 6436
-9591, 3320, 439, 439, 6436
-9591, 3320, 439, 439, 6436
-9592, 3320, 438, 438, 6436
-9591, 3321, 439, 439, 6436
-9594, 3321, 440, 440, 6436
-9594, 3321, 440, 440, 6436
-9594, 3319, 439, 439, 6436
-9593, 3320, 440, 440, 6438
-9593, 3320, 440, 440, 6438
-9591, 3320, 440, 440, 6438
-9595, 3320, 439, 439, 6438
-9594, 3319, 440, 440, 6438
-9591, 3320, 440, 440, 6438
-9594, 3320, 440, 440, 6438
-9590, 3321, 440, 440, 6438
-9589, 3320, 441, 441, 6438
-9592, 3320, 440, 440, 6438
-9592, 3320, 440, 440, 6438
-9591, 3320, 441, 441, 6438
-9591, 3321, 441, 441, 6438
-9591, 3321, 441, 441, 6438
-9592, 3321, 440, 440, 6438
-9593, 3320, 441, 441, 6438
-9594, 3319, 442, 442, 6438
-9594, 3319, 441, 441, 6438
-9592, 3320, 441, 441, 6438
-9589, 3321, 442, 442, 6438
-9588, 3321, 442, 442, 6438
-9588, 3321, 442, 442, 6438
-9588, 3320, 442, 442, 6438
-9592, 3320, 442, 442, 6438
-9593, 3319, 442, 442, 6438
-9594, 3320, 442, 442, 6436
-9592, 3321, 442, 442, 6436
-9592, 3321, 442, 442, 6436
-9589, 3321, 441, 441, 6436
-9589, 3321, 441, 441, 6436
-9592, 3320, 442, 442, 6436
-9592, 3320, 442, 442, 6436
-9595, 3320, 441, 441, 6436
-9592, 3320, 442, 442, 6436
-9593, 3320, 443, 443, 6436
-9588, 3320, 442, 442, 6436
-9588, 3319, 443, 443, 6436
-9592, 3321, 441, 441, 6436
-9592, 3321, 441, 441, 6436
-9592, 3320, 442, 442, 6436
-9592, 3321, 442, 442, 6436
-9592, 3320, 442, 442, 6436
-9593, 3320, 441, 441, 6436
-9589, 3320, 442, 442, 6436
-9593, 3319, 442, 442, 6436
-9593, 3319, 442, 442, 6436
-9591, 3320, 442, 442, 6436
-9590, 3320, 443, 443, 6436
-9587, 3320, 443, 443, 6436
-9588, 3321, 444, 444, 6445
-9588, 3319, 443, 443, 6445
-9590, 3321, 442, 442, 6445
-9589, 3320, 443, 443, 6445
-9589, 3320, 443, 443, 6445
-9594, 3321, 442, 442, 6445
-9591, 3321, 442, 442, 6445
-9592, 3319, 442, 442, 6445
-9592, 3319, 442, 442, 6445
-9592, 3319, 442, 442, 6445
-9591, 3319, 443, 443, 6445
-9594, 3319, 442, 442, 6445
-9592, 3320, 443, 443, 6445
-9592, 3320, 443, 443, 6445
-9591, 3320, 443, 443, 6445
-9591, 3320, 443, 443, 6445
-9593, 3319, 442, 442, 6445
-9590, 3320, 443, 443, 6445
-9590, 3320, 443, 443, 6445
-9592, 3319, 443, 443, 6445
-9591, 3319, 442, 442, 6445
-9591, 3319, 442, 442, 6445
-9591, 3319, 443, 443, 6445
-9591, 3319, 442, 442, 6445
-9589, 3320, 443, 443, 6451
-9591, 3319, 443, 443, 6451
-9588, 3318, 443, 443, 6451
-9589, 3320, 442, 442, 6451
-9593, 3320, 442, 442, 6451
-9593, 3320, 442, 442, 6451
-9587, 3320, 442, 442, 6451
-9586, 3319, 443, 443, 6451
-9586, 3319, 443, 443, 6451
-9591, 3319, 443, 443, 6451
-9587, 3318, 444, 444, 6451
-9588, 3320, 443, 443, 6451
-9586, 3320, 443, 443, 6451
-9589, 3320, 443, 443, 6451
-9589, 3320, 443, 443, 6451
-9577, 3336, 446, 446, 6451
-9577, 3336, 446, 446, 6451
-9490, 3334, 543, 543, 6451
-9490, 3334, 543, 543, 6451
-9492, 3332, 541, 541, 6451
-9493, 3333, 540, 540, 6451
-9494, 3333, 539, 539, 6451
-9495, 3332, 538, 538, 6451
-9494, 3332, 538, 538, 6462
-9496, 3332, 537, 537, 6462
-9497, 3333, 535, 535, 6462
-9497, 3333, 536, 536, 6462
-9497, 3332, 535, 535, 6462
-9498, 3333, 535, 535, 6462
-9498, 3331, 535, 535, 6462
-9499, 3333, 534, 534, 6462
-9499, 3332, 534, 534, 6462
-9499, 3332, 534, 534, 6462
-9500, 3332, 533, 533, 6462
-9499, 3331, 534, 534, 6462
-9500, 3332, 532, 532, 6462
-9500, 3331, 533, 533, 6462
-9500, 3331, 533, 533, 6462
-9501, 3331, 532, 532, 6462
-9501, 3331, 532, 532, 6462
-9501, 3331, 532, 532, 6462
-9501, 3332, 532, 532, 6462
-9501, 3332, 532, 532, 6462
-9501, 3332, 531, 531, 6462
-9501, 3331, 532, 532, 6462
-9501, 3332, 532, 532, 6462
-9501, 3331, 532, 532, 6462
-9502, 3331, 531, 531, 6462
-9502, 3330, 531, 531, 6462
-9502, 3330, 531, 531, 6462
-9502, 3331, 531, 531, 6462
-9502, 3331, 531, 531, 6462
-9503, 3331, 531, 531, 6462
-9502, 3331, 531, 531, 6462
-9503, 3331, 530, 530, 6462
-9501, 3331, 531, 531, 6462
-9501, 3331, 531, 531, 6462
-9502, 3331, 530, 530, 6462
-9502, 3331, 530, 530, 6462
-9502, 3331, 530, 530, 6462
-9502, 3331, 531, 531, 6462
-9503, 3331, 530, 530, 6462
-9503, 3331, 530, 530, 6462
-9503, 3330, 530, 530, 6462
-9503, 3330, 530, 530, 6462
-9503, 3330, 529, 529, 6462
-9504, 3329, 529, 529, 6462
-9503, 3330, 530, 530, 6462
-9504, 3330, 529, 529, 6462
-9504, 3329, 529, 529, 6462
-9504, 3331, 529, 529, 6462
-9503, 3329, 529, 529, 6451
-9504, 3329, 528, 528, 6451
-9504, 3329, 528, 528, 6451
-9505, 3330, 528, 528, 6451
-9505, 3329, 528, 528, 6451
-9505, 3330, 529, 529, 6451
-9505, 3330, 529, 529, 6451
-9505, 3330, 528, 528, 6451
-9504, 3329, 528, 528, 6451
-9503, 3329, 529, 529, 6451
-9503, 3329, 529, 529, 6451
-9506, 3330, 528, 528, 6451
-9504, 3329, 528, 528, 6451
-9506, 3329, 528, 528, 6451
-9506, 3330, 528, 528, 6451
-9506, 3330, 528, 528, 6451
-9504, 3328, 528, 528, 6451
-9504, 3328, 528, 528, 6451
-9506, 3330, 527, 527, 6451
-9505, 3330, 527, 527, 6451
-9505, 3330, 527, 527, 6451
-9505, 3328, 527, 527, 6451
-9506, 3329, 527, 527, 6451
-9506, 3329, 527, 527, 6451
-9506, 3329, 527, 527, 6451
-9506, 3329, 527, 527, 6451
-9506, 3329, 527, 527, 6451
-9505, 3329, 527, 527, 6451
-9506, 3329, 527, 527, 6451
-9506, 3329, 527, 527, 6451
-9506, 3330, 527, 527, 6451
-9505, 3329, 527, 527, 6451
-9506, 3329, 527, 527, 6451
-9506, 3329, 527, 527, 6451
-9506, 3329, 527, 527, 6451
-9505, 3329, 527, 527, 6451
-9505, 3329, 527, 527, 6451
-9507, 3329, 526, 526, 6451
-9507, 3328, 527, 527, 6451
-9507, 3329, 526, 526, 6451
-9507, 3328, 526, 526, 6451
-9507, 3328, 526, 526, 6451
-9506, 3328, 526, 526, 6442
-9506, 3328, 526, 526, 6442
-9506, 3328, 526, 526, 6442
-9506, 3328, 526, 526, 6442
-9507, 3328, 526, 526, 6442
-9507, 3328, 526, 526, 6442
-9508, 3328, 525, 525, 6442
-9507, 3328, 525, 525, 6442
-9507, 3328, 525, 525, 6442
-9508, 3329, 525, 525, 6442
-9508, 3328, 525, 525, 6442
-9508, 3329, 525, 525, 6442
-9508, 3328, 525, 525, 6442
-9508, 3327, 525, 525, 6442
-9508, 3328, 525, 525, 6442
-9507, 3328, 525, 525, 6442
-9508, 3327, 525, 525, 6442
-9509, 3328, 524, 524, 6442
-9509, 3328, 524, 524, 6442
-9507, 3327, 525, 525, 6442
-9509, 3326, 525, 525, 6442
-9509, 3326, 525, 525, 6442
-9508, 3326, 525, 525, 6442
-9653, 3306, 379, 379, 6442
-9683, 3303, 335, 335, 6442
-9679, 3302, 351, 351, 6442
-9686, 3301, 352, 352, 6442
-9682, 3302, 354, 354, 6442
-9675, 3301, 356, 356, 6442
-9679, 3301, 358, 358, 6442
-9678, 3302, 358, 358, 6442
-9675, 3302, 359, 359, 6442
-9675, 3303, 360, 360, 6442
-9671, 3304, 361, 361, 6442
-9666, 3303, 362, 362, 6442
-9668, 3303, 361, 361, 6442
-9668, 3303, 361, 361, 6442
-9674, 3302, 363, 363, 6442
-9674, 3302, 363, 363, 6442
-9672, 3302, 364, 364, 6442
-9672, 3302, 364, 364, 6442
-9672, 3303, 364, 364, 6442
-9671, 3302, 364, 364, 6442
-9664, 3303, 365, 365, 6442
-9664, 3303, 365, 365, 6442
-9665, 3304, 364, 364, 6442
-9667, 3303, 365, 365, 6442
-9667, 3303, 365, 365, 6442
-9672, 3303, 366, 366, 6442
-9664, 3303, 366, 366, 6442
-9664, 3304, 366, 366, 6442
-9672, 3303, 366, 366, 6442
-9672, 3303, 366, 366, 6442
-9671, 3303, 366, 366, 6442
-9667, 3303, 366, 366, 6442
-9665, 3302, 367, 367, 6442
-9663, 3304, 367, 367, 6442
-9663, 3304, 367, 367, 6442
-9663, 3303, 367, 367, 6442
-9663, 3304, 367, 367, 6442
-9663, 3303, 368, 368, 6442
-9665, 3304, 368, 368, 6442
-9665, 3304, 368, 368, 6442
-9660, 3304, 368, 368, 6442
-9660, 3304, 368, 368, 6442
-9668, 3304, 368, 368, 6442
-9668, 3304, 368, 368, 6442
-9667, 3304, 368, 368, 6442
-9668, 3304, 369, 369, 6442
-9668, 3304, 369, 369, 6442
-9669, 3302, 369, 369, 6442
-9666, 3303, 368, 368, 6442
-9666, 3301, 369, 369, 6442
-9666, 3301, 369, 369, 6442
-9659, 3303, 369, 369, 6442
-9662, 3303, 369, 369, 6440
-9661, 3304, 369, 369, 6440
-9660, 3304, 369, 369, 6440
-9663, 3304, 368, 368, 6440
-9667, 3303, 369, 369, 6440
-9660, 3303, 369, 369, 6440
-9664, 3303, 369, 369, 6440
-9660, 3303, 369, 369, 6440
-9661, 3303, 369, 369, 6440
-9666, 3303, 369, 369, 6440
-9667, 3303, 369, 369, 6440
-9663, 3301, 370, 370, 6440
-9665, 3301, 370, 370, 6440
-9658, 3303, 370, 370, 6440
-9658, 3303, 370, 370, 6440
-9659, 3303, 370, 370, 6440
-9663, 3302, 370, 370, 6440
-9659, 3304, 369, 369, 6440
-9660, 3303, 369, 369, 6440
-9660, 3303, 369, 369, 6440
-9664, 3303, 370, 370, 6440
-9665, 3302, 370, 370, 6440
-9665, 3302, 371, 371, 6440
-9665, 3302, 371, 371, 6440
-9666, 3302, 371, 371, 6449
-9666, 3302, 371, 371, 6449
-9660, 3302, 370, 370, 6449
-9667, 3301, 370, 370, 6449
-9659, 3304, 371, 371, 6449
-9659, 3304, 371, 371, 6449
-9664, 3302, 370, 370, 6449
-9657, 3303, 370, 370, 6449
-9662, 3300, 371, 371, 6449
-9658, 3303, 370, 370, 6449
-9657, 3303, 371, 371, 6449
-9664, 3302, 371, 371, 6449
-9659, 3303, 370, 370, 6449
-9659, 3303, 371, 371, 6449
-9658, 3302, 371, 371, 6449
-9660, 3303, 371, 371, 6449
-9661, 3302, 371, 371, 6449
-9662, 3302, 371, 371, 6449
-9661, 3302, 371, 371, 6449
-9662, 3302, 372, 372, 6449
-9662, 3302, 372, 372, 6449
-9664, 3303, 371, 371, 6449
-9659, 3301, 371, 371, 6449
-9662, 3302, 371, 371, 6447
-9662, 3302, 371, 371, 6447
-9657, 3302, 371, 371, 6447
-9657, 3302, 371, 371, 6447
-9657, 3303, 371, 371, 6447
-9664, 3301, 371, 371, 6447
-9664, 3301, 371, 371, 6447
-9664, 3302, 371, 371, 6447
-9664, 3302, 371, 371, 6447
-9664, 3300, 372, 372, 6447
-9664, 3301, 372, 372, 6447
-9663, 3301, 372, 372, 6447
-9656, 3310, 377, 377, 6447
-9480, 3327, 558, 558, 6447
-9485, 3327, 550, 550, 6447
-9488, 3326, 546, 546, 6447
-9490, 3326, 544, 544, 6447
-9491, 3326, 542, 542, 6447
-9493, 3325, 540, 540, 6447
-9493, 3325, 540, 540, 6447
-9494, 3325, 539, 539, 6447
-9496, 3325, 537, 537, 6447
-9497, 3325, 536, 536, 6447
-9498, 3325, 535, 535, 6447
-9499, 3325, 535, 535, 6453
-9500, 3324, 534, 534, 6453
-9500, 3324, 534, 534, 6453
-9499, 3324, 533, 533, 6453
-9500, 3324, 533, 533, 6453
-9500, 3324, 532, 532, 6453
-9501, 3324, 532, 532, 6453
-9503, 3325, 531, 531, 6453
-9503, 3324, 530, 530, 6453
-9503, 3324, 530, 530, 6453
-9503, 3324, 529, 529, 6453
-9503, 3324, 529, 529, 6453
-9504, 3324, 528, 528, 6453
-9504, 3323, 529, 529, 6453
-9504, 3324, 528, 528, 6453
-9505, 3323, 528, 528, 6453
-9504, 3324, 528, 528, 6453
-9505, 3323, 528, 528, 6453
-9505, 3322, 528, 528, 6453
-9506, 3322, 527, 527, 6453
-9506, 3324, 527, 527, 6453
-9506, 3322, 527, 527, 6451
-9506, 3322, 527, 527, 6451
-9506, 3323, 527, 527, 6451
-9506, 3323, 527, 527, 6451
-9507, 3323, 526, 526, 6451
-9506, 3322, 526, 526, 6451
-9506, 3322, 527, 527, 6451
-9506, 3323, 526, 526, 6451
-9506, 3323, 526, 526, 6451
-9507, 3322, 526, 526, 6451
-9507, 3323, 526, 526, 6451
-9507, 3322, 525, 525, 6451
-9507, 3323, 526, 526, 6451
-9506, 3323, 526, 526, 6451
-9507, 3322, 526, 526, 6451
-9508, 3322, 525, 525, 6451
-9508, 3321, 525, 525, 6451
-9508, 3322, 525, 525, 6451
-9509, 3321, 524, 524, 6451
-9508, 3321, 525, 525, 6451
-9508, 3321, 525, 525, 6451
-9508, 3322, 524, 524, 6451
-9508, 3321, 524, 524, 6451
-9508, 3322, 524, 524, 6458
-9509, 3320, 524, 524, 6458
-9509, 3321, 524, 524, 6458
-9510, 3322, 524, 524, 6458
-9510, 3322, 523, 523, 6458
-9510, 3322, 523, 523, 6458
-9510, 3321, 523, 523, 6458
-9510, 3321, 523, 523, 6458
-9510, 3321, 523, 523, 6458
-9510, 3320, 522, 522, 6458
-9510, 3320, 522, 522, 6458
-9510, 3321, 523, 523, 6458
-9511, 3320, 522, 522, 6458
-9511, 3320, 522, 522, 6458
-9510, 3321, 523, 523, 6458
-9510, 3321, 523, 523, 6458
-9510, 3321, 522, 522, 6458
-9511, 3321, 522, 522, 6458
-9511, 3321, 522, 522, 6458
-9510, 3321, 523, 523, 6458
-9511, 3321, 522, 522, 6458
-9511, 3321, 522, 522, 6458
-9511, 3321, 522, 522, 6458
-9511, 3321, 522, 522, 6458
-9511, 3321, 522, 522, 6453
-9512, 3319, 522, 522, 6453
-9511, 3321, 522, 522, 6453
-9512, 3319, 522, 522, 6453
-9512, 3320, 521, 521, 6453
-9512, 3320, 521, 521, 6453
-9512, 3320, 521, 521, 6453
-9512, 3320, 521, 521, 6453
-9511, 3321, 522, 522, 6453
-9512, 3320, 521, 521, 6453
-9512, 3320, 521, 521, 6453
-9511, 3320, 521, 521, 6453
-9511, 3320, 521, 521, 6453
-9512, 3320, 521, 521, 6453
-9512, 3320, 521, 521, 6453
-9513, 3320, 520, 520, 6453
-9513, 3320, 520, 520, 6453
-9512, 3320, 521, 521, 6453
-9512, 3320, 521, 521, 6453
-9512, 3318, 521, 521, 6453
-9512, 3319, 521, 521, 6453
-9513, 3319, 520, 520, 6453
-9512, 3319, 520, 520, 6453
-9513, 3319, 519, 519, 6453
-9513, 3319, 519, 519, 6453
-9513, 3318, 520, 520, 6456
-9513, 3318, 519, 519, 6456
-9513, 3319, 519, 519, 6456
-9513, 3319, 519, 519, 6456
-9513, 3319, 520, 520, 6456
-9514, 3319, 520, 520, 6456
-9513, 3319, 520, 520, 6456
-9514, 3319, 520, 520, 6456
-9513, 3318, 520, 520, 6456
-9513, 3318, 519, 519, 6456
-9513, 3317, 520, 520, 6456
-9675, 3296, 351, 351, 6456
-9689, 3293, 347, 347, 6456
-9689, 3293, 347, 347, 6456
-9682, 3293, 349, 349, 6456
-9679, 3294, 350, 350, 6456
-9674, 3294, 353, 353, 6456
-9674, 3294, 353, 353, 6456
-9676, 3293, 353, 353, 6456
-9675, 3294, 355, 355, 6456
-9676, 3294, 355, 355, 6456
-9676, 3294, 355, 355, 6456
-9672, 3294, 358, 358, 6460
-9673, 3294, 356, 356, 6460
-9671, 3294, 357, 357, 6460
-9670, 3294, 358, 358, 6460
-9675, 3294, 357, 357, 6460
-9671, 3294, 358, 358, 6460
-9675, 3294, 360, 360, 6460
-9670, 3295, 360, 360, 6460
-9677, 3294, 360, 360, 6460
-9671, 3294, 360, 360, 6460
-9672, 3295, 360, 360, 6460
-9672, 3295, 360, 360, 6460
-9672, 3295, 361, 361, 6460
-9671, 3294, 361, 361, 6460
-9672, 3295, 361, 361, 6460
-9676, 3294, 361, 361, 6460
-9677, 3293, 362, 362, 6460
-9668, 3294, 362, 362, 6460
-9667, 3294, 362, 362, 6460
-9668, 3293, 362, 362, 6460
-9666, 3294, 363, 363, 6456
-9670, 3294, 362, 362, 6456
-9670, 3294, 362, 362, 6456
-9670, 3294, 363, 363, 6456
-9673, 3294, 362, 362, 6456
-9673, 3294, 362, 362, 6456
-9672, 3292, 362, 362, 6456
-9672, 3293, 362, 362, 6456
-9673, 3292, 363, 363, 6456
-9674, 3293, 363, 363, 6456
-9673, 3293, 363, 363, 6456
-9673, 3293, 363, 363, 6456
-9673, 3292, 363, 363, 6456
-9673, 3293, 363, 363, 6456
-9666, 3294, 363, 363, 6456
-9673, 3293, 363, 363, 6456
-9672, 3293, 363, 363, 6456
-9671, 3293, 363, 363, 6456
-9671, 3293, 363, 363, 6456
-9665, 3295, 363, 363, 6456
-9671, 3294, 363, 363, 6456
-9671, 3294, 363, 363, 6456
-9670, 3295, 364, 364, 6456
-9672, 3294, 363, 363, 6456
-9674, 3293, 363, 363, 6460
-9674, 3293, 363, 363, 6460
-9674, 3293, 363, 363, 6460
-9674, 3292, 363, 363, 6460
-9674, 3293, 363, 363, 6460
-9674, 3292, 363, 363, 6460
-9674, 3292, 363, 363, 6460
-9666, 3293, 364, 364, 6460
-9667, 3294, 363, 363, 6460
-9667, 3294, 363, 363, 6460
-9668, 3293, 363, 363, 6460
-9667, 3293, 363, 363, 6460
-9670, 3293, 363, 363, 6460
-9669, 3293, 363, 363, 6460
-9671, 3293, 364, 364, 6460
-9671, 3293, 364, 364, 6460
-9672, 3293, 363, 363, 6460
-9674, 3292, 363, 363, 6460
-9670, 3292, 364, 364, 6460
-9670, 3292, 364, 364, 6460
-9664, 3293, 364, 364, 6460
-9664, 3293, 364, 364, 6460
-9664, 3292, 364, 364, 6460
-9670, 3293, 363, 363, 6460
-9670, 3293, 363, 363, 6460
-9671, 3292, 364, 364, 6462
-9671, 3292, 364, 364, 6462
-9671, 3293, 363, 363, 6462
-9669, 3291, 364, 364, 6462
-9669, 3293, 364, 364, 6462
-9666, 3292, 363, 363, 6462
-9667, 3292, 363, 363, 6462
-9668, 3292, 363, 363, 6462
-9667, 3292, 364, 364, 6462
-9670, 3293, 363, 363, 6462
-9674, 3291, 363, 363, 6462
-9669, 3292, 363, 363, 6462
-9669, 3292, 363, 363, 6462
-9667, 3292, 364, 364, 6462
-9667, 3292, 364, 364, 6462
-9665, 3291, 364, 364, 6462
-9665, 3291, 364, 364, 6462
-9666, 3293, 363, 363, 6462
-9665, 3293, 363, 363, 6462
-9665, 3291, 363, 363, 6462
-9667, 3292, 363, 363, 6462
-9673, 3293, 363, 363, 6462
-9484, 3320, 457, 457, 6460
-9484, 3320, 457, 457, 6460
-9496, 3316, 537, 537, 6460
-9496, 3316, 537, 537, 6460
-9498, 3316, 534, 534, 6460
-9500, 3316, 534, 534, 6460
-9502, 3316, 531, 531, 6460
-9503, 3315, 530, 530, 6460
-9504, 3316, 528, 528, 6460
-9504, 3316, 528, 528, 6460
-9505, 3315, 528, 528, 6460
-9505, 3315, 528, 528, 6460
-9507, 3314, 526, 526, 6460
-9507, 3314, 526, 526, 6460
-9507, 3314, 525, 525, 6460
-9508, 3315, 525, 525, 6460
-9509, 3316, 524, 524, 6460
-9510, 3314, 523, 523, 6460
-9509, 3314, 523, 523, 6460
-9509, 3314, 523, 523, 6460
-9511, 3313, 522, 522, 6460
-9511, 3314, 522, 522, 6460
-9511, 3314, 522, 522, 6460
-9511, 3314, 521, 521, 6460
-9512, 3313, 521, 521, 6471
-9512, 3313, 521, 521, 6471
-9513, 3313, 520, 520, 6471
-9513, 3314, 520, 520, 6471
-9513, 3314, 520, 520, 6471
-9513, 3313, 520, 520, 6471
-9514, 3314, 519, 519, 6471
-9514, 3314, 519, 519, 6471
-9513, 3312, 520, 520, 6471
-9514, 3314, 519, 519, 6471
-9514, 3313, 519, 519, 6471
-9514, 3313, 519, 519, 6471
-9515, 3313, 518, 518, 6471
-9514, 3312, 519, 519, 6471
-9515, 3312, 518, 518, 6471
-9515, 3312, 518, 518, 6471
-9516, 3312, 517, 517, 6471
-9516, 3312, 517, 517, 6471
-9515, 3312, 518, 518, 6471
-9515, 3312, 518, 518, 6471
-9516, 3312, 518, 518, 6471
-9516, 3312, 517, 517, 6471
-9516, 3311, 517, 517, 6471
-9517, 3312, 517, 517, 6467
-9517, 3311, 515, 515, 6467
-9517, 3311, 515, 515, 6467
-9516, 3311, 516, 516, 6467
-9516, 3311, 516, 516, 6467
-9516, 3312, 516, 516, 6467
-9517, 3311, 515, 515, 6467
-9518, 3311, 515, 515, 6467
-9518, 3311, 515, 515, 6467
-9517, 3311, 515, 515, 6467
-9517, 3312, 515, 515, 6467
-9518, 3312, 515, 515, 6467
-9519, 3311, 514, 514, 6467
-9518, 3311, 515, 515, 6467
-9518, 3312, 514, 514, 6467
-9518, 3310, 515, 515, 6467
-9518, 3311, 514, 514, 6467
-9518, 3311, 515, 515, 6467
-9519, 3311, 514, 514, 6467
-9519, 3311, 514, 514, 6467
-9519, 3311, 514, 514, 6467
-9518, 3311, 514, 514, 6467
-9519, 3311, 514, 514, 6467
-9519, 3310, 514, 514, 6467
-9518, 3310, 513, 513, 6460
-9518, 3310, 513, 513, 6460
-9520, 3309, 514, 513, 6460
-9519, 3310, 513, 513, 6460
-9520, 3310, 513, 513, 6460
-9520, 3310, 513, 513, 6460
-9519, 3310, 513, 513, 6460
-9519, 3310, 513, 513, 6460
-9519, 3309, 513, 513, 6460
-9520, 3310, 513, 513, 6460
-9520, 3309, 513, 513, 6460
-9521, 3310, 512, 512, 6460
-9520, 3309, 513, 513, 6460
-9520, 3310, 512, 512, 6460
-9521, 3309, 512, 512, 6460
-9520, 3308, 512, 512, 6460
-9520, 3309, 512, 512, 6460
-9521, 3309, 512, 512, 6460
-9521, 3309, 512, 512, 6460
-9523, 3310, 511, 511, 6460
-9522, 3309, 511, 511, 6460
-9522, 3309, 511, 511, 6460
-9522, 3310, 511, 511, 6460
-9522, 3309, 511, 511, 6460
-9521, 3309, 511, 511, 6460
-9523, 3309, 510, 510, 6462
-9523, 3309, 510, 510, 6462
-9522, 3309, 511, 511, 6462
-9522, 3308, 510, 510, 6462
-9523, 3308, 511, 511, 6462
-9522, 3308, 510, 510, 6462
-9522, 3308, 511, 511, 6462
-9521, 3308, 511, 511, 6462
-9522, 3309, 511, 511, 6462
-9522, 3309, 511, 511, 6462
-9522, 3309, 511, 511, 6462
-9522, 3308, 510, 510, 6462
-9522, 3309, 511, 511, 6462
-9522, 3310, 510, 510, 6462
-9522, 3308, 510, 510, 6462
-9522, 3308, 510, 510, 6462
-9523, 3308, 510, 510, 6462
-9522, 3308, 510, 510, 6462
-9522, 3308, 510, 510, 6462
-9523, 3308, 510, 510, 6462
-9523, 3308, 509, 509, 6462
-9523, 3307, 509, 509, 6462
-9523, 3307, 510, 510, 6462
-9522, 3279, 509, 509, 6462
-9689, 3288, 313, 313, 6456
-9696, 3282, 338, 338, 6456
-9692, 3282, 337, 337, 6456
-9687, 3283, 342, 342, 6456
-9688, 3283, 342, 342, 6456
-9688, 3282, 345, 345, 6456
-9688, 3282, 345, 345, 6456
-9692, 3283, 345, 345, 6456
-9687, 3283, 346, 346, 6456
-9691, 3282, 346, 346, 6456
-9688, 3283, 347, 347, 6456
-9688, 3282, 348, 348, 6456
-9689, 3284, 347, 347, 6456
-9688, 3282, 348, 348, 6456
-9681, 3283, 348, 348, 6456
-9683, 3283, 349, 349, 6456
-9684, 3283, 349, 349, 6456
-9684, 3283, 349, 349, 6456
-9687, 3283, 350, 350, 6456
-9682, 3282, 350, 350, 6456
-9686, 3283, 350, 350, 6456
-9682, 3283, 350, 350, 6456
-9682, 3283, 350, 350, 6456
-9684, 3282, 351, 351, 6456
-9684, 3282, 351, 351, 6456
-9684, 3282, 351, 351, 6456
-9682, 3283, 352, 352, 6456
-9685, 3283, 351, 351, 6456
-9683, 3282, 351, 351, 6456
-9680, 3283, 352, 352, 6456
-9680, 3283, 352, 352, 6456
-9679, 3283, 352, 352, 6456
-9679, 3283, 352, 352, 6456
-9677, 3282, 353, 353, 6456
-9677, 3282, 353, 353, 6456
-9676, 3283, 352, 352, 6456
-9676, 3283, 352, 352, 6456
-9684, 3282, 353, 353, 6456
-9682, 3282, 353, 353, 6456
-9675, 3283, 353, 353, 6456
-9681, 3282, 353, 353, 6456
-9681, 3282, 353, 353, 6456
-9680, 3282, 353, 353, 6456
-9683, 3283, 352, 352, 6458
-9677, 3283, 353, 353, 6458
-9676, 3282, 353, 353, 6458
-9675, 3283, 354, 354, 6458
-9675, 3283, 354, 354, 6458
-9679, 3282, 353, 353, 6458
-9678, 3283, 353, 353, 6458
-9678, 3283, 353, 353, 6458
-9677, 3282, 353, 353, 6458
-9676, 3282, 353, 353, 6458
-9674, 3282, 353, 353, 6458
-9675, 3283, 354, 354, 6458
-9680, 3283, 353, 353, 6458
-9680, 3283, 353, 353, 6458
-9681, 3281, 354, 354, 6458
-9681, 3281, 354, 354, 6458
-9682, 3282, 354, 354, 6458
-9683, 3280, 354, 354, 6458
-9682, 3281, 354, 354, 6458
-9677, 3282, 354, 354, 6458
-9677, 3282, 354, 354, 6458
-9679, 3281, 355, 355, 6458
-9679, 3281, 355, 355, 6458
-9680, 3282, 354, 354, 6458
-9682, 3280, 354, 354, 6458
-9682, 3280, 354, 354, 6458
-9681, 3280, 354, 354, 6458
-9682, 3280, 354, 354, 6458
-9679, 3281, 354, 354, 6458
-9682, 3280, 355, 355, 6458
-9683, 3280, 354, 354, 6458
-9681, 3281, 354, 354, 6458
-9681, 3281, 354, 354, 6458
-9681, 3281, 354, 354, 6458
-9681, 3280, 355, 355, 6458
-9682, 3280, 354, 354, 6458
-9678, 3282, 354, 354, 6458
-9684, 3281, 354, 354, 6458
-9682, 3280, 355, 355, 6458
-9676, 3281, 355, 355, 6458
-9676, 3281, 355, 355, 6458
-9676, 3281, 355, 355, 6458
-9676, 3280, 354, 354, 6458
-9676, 3280, 354, 354, 6458
-9676, 3280, 354, 354, 6458
-9674, 3281, 355, 355, 6460
-9675, 3281, 354, 354, 6460
-9676, 3280, 354, 354, 6460
-9677, 3280, 354, 354, 6460
-9676, 3281, 354, 354, 6460
-9678, 3281, 353, 353, 6460
-9674, 3280, 354, 354, 6460
-9679, 3281, 353, 353, 6460
-9677, 3280, 354, 354, 6460
-9687, 3279, 353, 353, 6460
-9668, 3289, 360, 360, 6460
-9495, 3306, 498, 498, 6460
-9502, 3306, 532, 532, 6460
-9506, 3305, 528, 528, 6460
-9507, 3305, 526, 526, 6460
-9509, 3303, 525, 525, 6460
-9510, 3304, 523, 523, 6460
-9514, 3304, 519, 519, 6460
-9514, 3304, 519, 519, 6460
-9516, 3303, 518, 518, 6460
-9517, 3302, 516, 516, 6464
-9517, 3302, 516, 516, 6464
-9517, 3303, 515, 515, 6464
-9518, 3302, 515, 515, 6464
-9519, 3303, 514, 514, 6464
-9519, 3302, 514, 514, 6464
-9519, 3302, 513, 513, 6464
-9521, 3302, 513, 513, 6464
-9520, 3303, 513, 513, 6464
-9521, 3301, 512, 512, 6464
-9522, 3301, 511, 511, 6464
-9522, 3302, 511, 511, 6464
-9522, 3302, 511, 511, 6464
-9522, 3302, 511, 511, 6464
-9522, 3302, 511, 511, 6464
-9522, 3302, 511, 511, 6464
-9522, 3301, 511, 511, 6464
-9522, 3300, 510, 510, 6464
-9523, 3301, 510, 510, 6464
-9524, 3301, 509, 509, 6464
-9524, 3301, 509, 509, 6464
-9524, 3301, 509, 509, 6464
-9525, 3300, 509, 509, 6462
-9525, 3300, 509, 509, 6462
-9525, 3301, 508, 508, 6462
-9524, 3300, 508, 508, 6462
-9525, 3300, 508, 508, 6462
-9525, 3300, 508, 508, 6462
-9525, 3300, 508, 508, 6462
-9525, 3300, 508, 508, 6462
-9526, 3300, 507, 507, 6462
-9526, 3300, 507, 507, 6462
-9526, 3300, 507, 507, 6462
-9527, 3300, 506, 506, 6462
-9527, 3300, 506, 506, 6462
-9526, 3299, 507, 507, 6462
-9526, 3299, 507, 507, 6462
-9526, 3299, 507, 507, 6462
-9526, 3299, 507, 507, 6462
-9527, 3299, 506, 506, 6462
-9527, 3299, 506, 506, 6462
-9527, 3299, 506, 506, 6462
-9527, 3299, 506, 506, 6462
-9527, 3298, 506, 506, 6462
-9527, 3298, 505, 505, 6462
-9527, 3298, 505, 505, 6462
-9527, 3299, 505, 505, 6462
-9528, 3298, 505, 505, 6462
-9528, 3299, 505, 505, 6456
-9528, 3298, 504, 504, 6456
-9528, 3298, 504, 504, 6456
-9528, 3298, 504, 504, 6456
-9528, 3298, 505, 505, 6456
-9530, 3299, 504, 504, 6456
-9530, 3299, 504, 504, 6456
-9529, 3298, 504, 504, 6456
-9529, 3298, 504, 504, 6456
-9529, 3298, 504, 504, 6456
-9529, 3298, 504, 504, 6456
-9529, 3298, 504, 504, 6456
-9530, 3298, 503, 503, 6456
-9530, 3298, 503, 503, 6456
-9530, 3298, 504, 504, 6456
-9530, 3298, 503, 503, 6456
-9529, 3297, 503, 503, 6456
-9530, 3298, 503, 503, 6456
-9530, 3298, 503, 503, 6456
-9530, 3298, 503, 503, 6456
-9530, 3298, 502, 502, 6456
-9531, 3298, 502, 502, 6456
-9530, 3298, 502, 502, 6456
-9531, 3297, 502, 502, 6456
-9530, 3298, 503, 503, 6460
-9531, 3297, 502, 502, 6460
-9531, 3297, 501, 501, 6460
-9531, 3296, 501, 501, 6460
-9531, 3296, 501, 501, 6460
-9531, 3296, 501, 501, 6460
-9531, 3297, 502, 502, 6460
-9531, 3297, 501, 501, 6460
-9531, 3297, 501, 501, 6460
-9532, 3297, 501, 501, 6460
-9532, 3296, 501, 501, 6460
-9531, 3296, 501, 501, 6460
-9533, 3296, 501, 501, 6460
-9533, 3297, 500, 500, 6460
-9532, 3296, 501, 501, 6460
-9532, 3296, 501, 501, 6460
-9532, 3296, 500, 500, 6460
-9532, 3296, 500, 500, 6460
-9532, 3296, 500, 500, 6460
-9533, 3296, 500, 500, 6460
-9533, 3296, 500, 500, 6460
-9533, 3296, 499, 499, 6460
-9532, 3295, 500, 500, 6458
-9533, 3295, 500, 500, 6458
-9532, 3296, 500, 500, 6458
-9533, 3296, 500, 500, 6458
-9534, 3296, 499, 499, 6458
-9533, 3295, 500, 500, 6458
-9534, 3296, 499, 499, 6458
-9534, 3296, 499, 499, 6458
-9534, 3294, 499, 499, 6458
-9533, 3295, 499, 499, 6458
-9533, 3294, 499, 499, 6458
-9724, 3276, 331, 331, 6458
-9708, 3269, 326, 326, 6458
-9708, 3269, 326, 326, 6458
-9705, 3268, 328, 328, 6458
-9704, 3270, 330, 330, 6458
-9702, 3269, 332, 332, 6458
-9704, 3270, 333, 333, 6458
-9699, 3271, 334, 334, 6458
-9692, 3271, 335, 335, 6458
-9693, 3272, 336, 336, 6458
-9691, 3272, 337, 337, 6453
-9692, 3271, 337, 337, 6453
-9692, 3271, 337, 337, 6453
-9693, 3270, 337, 337, 6453
-9692, 3270, 338, 338, 6453
-9692, 3270, 338, 338, 6453
-9690, 3271, 338, 338, 6453
-9689, 3271, 339, 339, 6453
-9689, 3270, 339, 339, 6453
-9689, 3270, 339, 339, 6453
-9690, 3270, 339, 339, 6453
-9691, 3270, 339, 339, 6453
-9690, 3271, 340, 340, 6453
-9690, 3271, 340, 340, 6453
-9688, 3270, 340, 340, 6453
-9688, 3271, 340, 340, 6453
-9691, 3269, 341, 341, 6453
-9688, 3271, 341, 341, 6453
-9690, 3271, 341, 341, 6453
-9693, 3269, 340, 340, 6458
-9695, 3270, 341, 341, 6458
-9686, 3270, 342, 342, 6458
-9686, 3270, 342, 342, 6458
-9688, 3271, 341, 341, 6458
-9688, 3271, 342, 342, 6458
-9689, 3269, 341, 341, 6458
-9693, 3269, 341, 341, 6458
-9693, 3270, 341, 341, 6458
-9696, 3269, 341, 341, 6458
-9692, 3270, 342, 342, 6458
-9692, 3270, 342, 342, 6458
-9692, 3270, 342, 342, 6458
-9688, 3269, 342, 342, 6458
-9689, 3270, 342, 342, 6458
-9689, 3270, 342, 342, 6458
-9686, 3270, 343, 343, 6458
-9691, 3268, 342, 342, 6458
-9691, 3268, 342, 342, 6458
-9691, 3269, 343, 343, 6458
-9695, 3269, 343, 343, 6458
-9687, 3270, 344, 344, 6460
-9687, 3269, 343, 343, 6460
-9685, 3270, 343, 343, 6460
-9685, 3270, 343, 343, 6460
-9685, 3269, 343, 343, 6460
-9685, 3269, 343, 343, 6460
-9693, 3268, 343, 343, 6460
-9692, 3268, 343, 343, 6460
-9691, 3268, 343, 343, 6460
-9694, 3268, 343, 343, 6460
-9694, 3269, 343, 343, 6460
-9690, 3268, 343, 343, 6460
-9691, 3268, 343, 343, 6460
-9691, 3268, 343, 343, 6460
-9686, 3268, 343, 343, 6460
-9686, 3269, 343, 343, 6460
-9688, 3269, 342, 342, 6460
-9687, 3269, 342, 342, 6460
-9685, 3269, 343, 343, 6460
-9690, 3268, 343, 343, 6460
-9690, 3268, 343, 343, 6460
-9693, 3268, 342, 342, 6464
-9686, 3269, 342, 342, 6464
-9686, 3269, 342, 342, 6464
-9692, 3268, 342, 342, 6464
-9695, 3268, 342, 342, 6464
-9690, 3268, 343, 343, 6464
-9691, 3269, 343, 343, 6464
-9687, 3268, 342, 342, 6464
-9686, 3269, 343, 343, 6464
-9686, 3268, 343, 343, 6464
-9689, 3268, 342, 342, 6464
-9689, 3268, 343, 343, 6464
-9690, 3268, 343, 343, 6464
-9688, 3268, 343, 343, 6464
-9695, 3267, 343, 343, 6464
-9694, 3267, 342, 342, 6464
-9693, 3267, 342, 342, 6464
-9693, 3268, 343, 343, 6464
-9686, 3267, 343, 343, 6464
-9684, 3267, 343, 343, 6464
-9503, 3295, 440, 440, 6462
-9514, 3292, 521, 521, 6462
-9517, 3291, 515, 515, 6462
-9519, 3291, 514, 514, 6462
-9522, 3291, 510, 510, 6462
-9522, 3291, 510, 510, 6462
-9523, 3290, 509, 509, 6462
-9524, 3291, 509, 509, 6462
-9525, 3290, 508, 508, 6462
-9527, 3290, 506, 506, 6462
-9528, 3291, 505, 505, 6462
-9528, 3291, 505, 505, 6462
-9527, 3290, 505, 505, 6462
-9527, 3290, 505, 505, 6462
-9529, 3290, 504, 504, 6462
-9530, 3290, 502, 502, 6462
-9531, 3290, 501, 501, 6462
-9531, 3290, 501, 501, 6462
-9532, 3289, 501, 501, 6462
-9532, 3289, 500, 500, 6462
-9533, 3288, 500, 500, 6462
-9533, 3288, 500, 500, 6462
-9533, 3288, 499, 499, 6462
-9533, 3288, 499, 499, 6462
-9535, 3288, 499, 499, 6462
-9535, 3287, 498, 498, 6462
-9535, 3287, 498, 498, 6462
-9535, 3286, 498, 498, 6462
-9537, 3286, 497, 497, 6462
-9536, 3286, 496, 496, 6462
-9536, 3286, 496, 496, 6462
-9535, 3287, 497, 497, 6462
-9536, 3287, 496, 496, 6462
-9537, 3287, 496, 496, 6462
-9538, 3286, 496, 496, 6462
-9538, 3286, 496, 496, 6462
-9539, 3287, 495, 495, 6462
-9539, 3287, 495, 495, 6462
-9537, 3286, 495, 495, 6462
-9536, 3286, 495, 495, 6464
-9538, 3287, 494, 494, 6464
-9540, 3287, 494, 494, 6464
-9538, 3286, 494, 494, 6464
-9538, 3286, 494, 494, 6464
-9538, 3286, 494, 494, 6464
-9539, 3287, 494, 494, 6464
-9539, 3285, 493, 493, 6464
-9540, 3285, 493, 493, 6464
-9539, 3286, 493, 493, 6464
-9540, 3286, 493, 493, 6464
-9539, 3286, 493, 493, 6464
-9540, 3284, 493, 493, 6464
-9541, 3285, 492, 492, 6464
-9541, 3285, 492, 492, 6464
-9541, 3284, 492, 492, 6464
-9541, 3285, 492, 492, 6464
-9541, 3284, 491, 491, 6464
-9540, 3285, 492, 492, 6464
-9542, 3284, 491, 491, 6458
-9542, 3284, 491, 491, 6458
-9542, 3284, 491, 491, 6458
-9542, 3285, 491, 491, 6458
-9543, 3284, 490, 490, 6458
-9542, 3284, 490, 490, 6458
-9543, 3284, 491, 491, 6458
-9542, 3284, 490, 490, 6458
-9542, 3284, 490, 490, 6458
-9544, 3284, 490, 490, 6458
-9542, 3283, 490, 490, 6458
-9543, 3284, 490, 490, 6458
-9542, 3284, 490, 490, 6458
-9542, 3284, 490, 490, 6458
-9543, 3283, 490, 490, 6458
-9545, 3283, 489, 489, 6458
-9543, 3282, 490, 490, 6458
-9544, 3284, 488, 488, 6458
-9544, 3284, 488, 488, 6458
-9544, 3283, 489, 489, 6458
-9544, 3283, 489, 489, 6458
-9544, 3283, 489, 489, 6458
-9544, 3284, 488, 488, 6458
-9544, 3283, 489, 489, 6456
-9545, 3282, 488, 488, 6456
-9544, 3283, 488, 488, 6456
-9545, 3283, 488, 488, 6456
-9544, 3282, 489, 489, 6456
-9545, 3282, 488, 488, 6456
-9545, 3283, 488, 488, 6456
-9545, 3282, 488, 488, 6456
-9544, 3283, 488, 488, 6456
-9545, 3283, 488, 488, 6456
-9546, 3281, 487, 487, 6456
-9545, 3282, 488, 488, 6456
-9545, 3282, 488, 488, 6456
-9545, 3281, 487, 487, 6456
-9545, 3282, 487, 487, 6456
-9545, 3282, 487, 487, 6456
-9545, 3281, 487, 487, 6456
-9545, 3281, 487, 487, 6456
-9546, 3282, 487, 487, 6456
-9547, 3281, 486, 486, 6456
-9546, 3281, 487, 487, 6456
-9546, 3281, 487, 487, 6456
-9546, 3281, 487, 487, 6456
-9711, 3247, 373, 373, 6456
-9707, 3256, 314, 314, 6451
-9722, 3256, 311, 311, 6451
-9720, 3257, 316, 316, 6451
-9720, 3256, 317, 317, 6451
-9709, 3257, 319, 319, 6451
-9708, 3257, 320, 320, 6451
-9707, 3257, 322, 322, 6451
-9707, 3257, 322, 322, 6451
-9714, 3256, 322, 322, 6451
-9713, 3256, 324, 324, 6451
-9713, 3256, 324, 324, 6451
-9705, 3257, 323, 323, 6451
-9707, 3258, 324, 324, 6451
-9704, 3258, 324, 324, 6451
-9709, 3257, 324, 324, 6451
-9703, 3257, 325, 325, 6451
-9710, 3256, 326, 326, 6451
-9709, 3256, 326, 326, 6451
-9711, 3257, 326, 326, 6451
-9703, 3258, 327, 327, 6451
-9704, 3258, 326, 326, 6451
-9703, 3257, 328, 328, 6460
-9703, 3256, 327, 327, 6460
-9703, 3257, 327, 327, 6460
-9705, 3256, 328, 328, 6460
-9705, 3256, 328, 328, 6460
-9706, 3255, 328, 328, 6460
-9708, 3255, 328, 328, 6460
-9709, 3255, 328, 328, 6460
-9708, 3256, 329, 329, 6460
-9708, 3256, 329, 329, 6460
-9708, 3255, 328, 328, 6460
-9707, 3257, 329, 329, 6460
-9707, 3257, 329, 329, 6460
-9706, 3256, 329, 329, 6460
-9706, 3256, 329, 329, 6460
-9706, 3255, 329, 329, 6460
-9708, 3256, 330, 330, 6460
-9708, 3256, 330, 330, 6460
-9704, 3256, 329, 329, 6460
-9704, 3257, 329, 329, 6460
-9706, 3256, 330, 330, 6460
-9708, 3256, 330, 330, 6464
-9709, 3256, 330, 330, 6464
-9709, 3255, 329, 329, 6464
-9709, 3255, 329, 329, 6464
-9708, 3255, 330, 330, 6464
-9708, 3255, 330, 330, 6464
-9706, 3255, 329, 329, 6464
-9700, 3256, 330, 330, 6464
-9708, 3255, 330, 330, 6464
-9708, 3255, 329, 329, 6464
-9699, 3255, 329, 329, 6464
-9702, 3256, 329, 329, 6464
-9705, 3254, 330, 330, 6464
-9706, 3255, 330, 330, 6464
-9700, 3256, 330, 330, 6464
-9700, 3256, 330, 330, 6464
-9700, 3256, 330, 330, 6464
-9708, 3255, 330, 330, 6464
-9707, 3254, 330, 330, 6464
-9705, 3254, 330, 330, 6458
-9705, 3254, 330, 330, 6458
-9700, 3255, 329, 329, 6458
-9700, 3254, 330, 330, 6458
-9701, 3255, 330, 330, 6458
-9702, 3255, 330, 330, 6458
-9700, 3256, 329, 329, 6458
-9698, 3254, 330, 330, 6458
-9700, 3255, 329, 329, 6458
-9703, 3254, 330, 330, 6458
-9704, 3253, 330, 330, 6458
-9706, 3253, 330, 330, 6458
-9706, 3253, 330, 330, 6458
-9705, 3254, 329, 329, 6458
-9704, 3254, 330, 330, 6458
-9707, 3253, 329, 329, 6458
-9705, 3252, 330, 330, 6458
-9705, 3252, 330, 330, 6458
-9700, 3253, 330, 330, 6458
-9699, 3254, 330, 330, 6458
-9699, 3254, 330, 330, 6458
-9703, 3252, 330, 330, 6458
-9703, 3254, 330, 330, 6458
-9705, 3253, 331, 331, 6471
-9706, 3253, 329, 329, 6471
-9704, 3252, 330, 330, 6471
-9703, 3252, 329, 329, 6471
-9703, 3252, 329, 329, 6471
-9702, 3254, 330, 330, 6471
-9702, 3254, 330, 330, 6471
-9699, 3253, 329, 329, 6471
-9701, 3254, 329, 329, 6471
-9701, 3254, 329, 329, 6471
-9696, 3255, 330, 330, 6471
-9694, 3262, 335, 335, 6471
-9521, 3279, 516, 516, 6471
-9528, 3277, 507, 507, 6471
-9529, 3278, 504, 504, 6471
-9532, 3277, 502, 502, 6471
-9534, 3276, 499, 499, 6471
-9535, 3277, 498, 498, 6471
-9538, 3275, 496, 496, 6471
-9539, 3276, 494, 494, 6471
-9540, 3276, 494, 494, 6471
-9540, 3276, 493, 493, 6471
-9540, 3276, 493, 493, 6464
-9542, 3274, 491, 491, 6464
-9542, 3275, 491, 491, 6464
-9543, 3276, 491, 491, 6464
-9543, 3276, 490, 490, 6464
-9543, 3274, 490, 490, 6464
-9544, 3275, 488, 488, 6464
-9544, 3275, 488, 488, 6464
-9544, 3275, 488, 488, 6464
-9544, 3275, 488, 488, 6464
-9546, 3274, 487, 487, 6464
-9547, 3275, 487, 487, 6464
-9547, 3275, 487, 487, 6464
-9547, 3274, 486, 486, 6464
-9547, 3274, 486, 486, 6464
-9547, 3273, 485, 485, 6464
-9549, 3274, 484, 484, 6464
-9549, 3274, 484, 484, 6464
-9549, 3273, 484, 484, 6464
-9548, 3274, 485, 485, 6464
-9549, 3273, 484, 484, 6464
-9548, 3274, 484, 484, 6460
-9550, 3273, 483, 483, 6460
-9550, 3273, 483, 483, 6460
-9550, 3272, 482, 482, 6460
-9551, 3272, 482, 482, 6460
-9551, 3272, 481, 481, 6460
-9550, 3273, 482, 482, 6460
-9551, 3272, 482, 482, 6460
-9552, 3272, 481, 481, 6460
-9551, 3272, 481, 481, 6460
-9551, 3272, 481, 481, 6460
-9551, 3272, 481, 481, 6460
-9553, 3272, 481, 481, 6460
-9552, 3271, 481, 481, 6460
-9553, 3271, 480, 480, 6460
-9553, 3271, 480, 480, 6460
-9553, 3271, 480, 480, 6460
-9553, 3271, 480, 480, 6460
-9553, 3271, 480, 480, 6460
-9552, 3272, 480, 480, 6464
-9553, 3270, 479, 479, 6464
-9553, 3270, 479, 479, 6464
-9554, 3271, 479, 479, 6464
-9554, 3270, 478, 478, 6464
-9555, 3271, 479, 479, 6464
-9553, 3270, 479, 479, 6464
-9555, 3269, 479, 479, 6464
-9554, 3269, 478, 478, 6464
-9554, 3270, 478, 478, 6464
-9556, 3270, 477, 477, 6464
-9555, 3270, 478, 478, 6464
-9555, 3270, 478, 478, 6464
-9556, 3270, 477, 477, 6464
-9555, 3270, 478, 478, 6464
-9554, 3270, 478, 478, 6464
-9554, 3270, 478, 478, 6464
-9555, 3269, 478, 478, 6464
-9555, 3269, 478, 478, 6464
-9556, 3269, 477, 477, 6464
-9556, 3269, 477, 477, 6464
-9555, 3269, 477, 477, 6464
-9555, 3269, 477, 477, 6464
-9555, 3269, 477, 477, 6460
-9556, 3270, 477, 477, 6460
-9557, 3269, 477, 477, 6460
-9556, 3268, 477, 477, 6460
-9556, 3269, 477, 477, 6460
-9556, 3270, 477, 477, 6460
-9557, 3268, 476, 476, 6460
-9557, 3268, 476, 476, 6460
-9557, 3268, 476, 476, 6460
-9557, 3269, 476, 476, 6460
-9558, 3269, 476, 476, 6460
-9557, 3268, 476, 476, 6460
-9557, 3267, 476, 476, 6460
-9556, 3269, 476, 476, 6460
-9557, 3268, 475, 475, 6460
-9557, 3268, 475, 475, 6460
-9558, 3269, 475, 475, 6460
-9557, 3268, 475, 475, 6460
-9557, 3268, 475, 475, 6460
-9557, 3267, 475, 475, 6460
-9558, 3268, 475, 475, 6460
-9558, 3267, 475, 475, 6460
-9558, 3268, 475, 475, 6460
-9559, 3268, 475, 475, 6464
-9559, 3267, 474, 474, 6464
-9558, 3267, 474, 474, 6464
-9558, 3267, 474, 474, 6464
-9559, 3266, 474, 474, 6464
-9558, 3265, 474, 474, 6464
-9559, 3266, 474, 474, 6464
-9559, 3266, 474, 474, 6464
-9558, 3266, 474, 474, 6464
-9560, 3266, 474, 474, 6464
-9559, 3266, 473, 473, 6464
-9560, 3266, 473, 473, 6464
-9560, 3265, 473, 473, 6464
-9559, 3265, 473, 473, 6464
-9560, 3266, 473, 473, 6464
-9559, 3266, 473, 473, 6464
-9559, 3266, 473, 473, 6464
-9560, 3266, 473, 473, 6464
-9560, 3266, 473, 473, 6464
-9561, 3265, 473, 473, 6464
-9560, 3266, 472, 472, 6464
-9560, 3265, 472, 472, 6464
-9560, 3266, 472, 472, 6464
-9560, 3266, 473, 473, 6460
-9561, 3265, 472, 472, 6460
-9561, 3265, 473, 473, 6460
-9560, 3266, 472, 472, 6460
-9560, 3266, 472, 472, 6460
-9561, 3265, 472, 472, 6460
-9560, 3266, 472, 472, 6460
-9561, 3265, 472, 472, 6460
-9561, 3265, 472, 472, 6460
-9560, 3265, 472, 472, 6460
-9562, 3265, 471, 471, 6460
-9561, 3265, 472, 472, 6460
-9561, 3266, 471, 471, 6460
-9562, 3265, 471, 471, 6460
-9561, 3265, 471, 471, 6460
-9563, 3264, 471, 471, 6460
-9562, 3265, 471, 471, 6460
-9562, 3265, 471, 471, 6460
-9562, 3264, 471, 471, 6460
-9562, 3264, 471, 471, 6460
-9562, 3264, 470, 470, 6460
-9562, 3265, 470, 470, 6460
-9562, 3265, 470, 470, 6460
-9562, 3264, 470, 470, 6460
-9562, 3264, 470, 470, 6460
-9562, 3264, 470, 470, 6460
-9563, 3263, 470, 470, 6460
-9563, 3263, 470, 470, 6460
-9563, 3264, 470, 470, 6460
-9563, 3263, 469, 469, 6460
-9563, 3263, 469, 469, 6460
-9564, 3262, 469, 469, 6460
-9564, 3262, 469, 469, 6460
-9563, 3263, 469, 469, 6460
-9564, 3263, 469, 469, 6460
-9564, 3263, 469, 469, 6460
-9565, 3263, 469, 469, 6460
-9564, 3262, 469, 469, 6460
-9564, 3262, 469, 469, 6460
-9565, 3262, 469, 469, 6460
-9564, 3263, 469, 469, 6460
-9564, 3262, 468, 468, 6460
-9566, 3263, 467, 467, 6460
-9566, 3263, 467, 467, 6460
-9566, 3262, 468, 468, 6460
-9565, 3262, 468, 468, 6453
-9565, 3262, 468, 468, 6453
-9565, 3262, 468, 468, 6453
-9566, 3263, 467, 467, 6453
-9566, 3263, 467, 467, 6453
-9566, 3262, 467, 467, 6453
-9566, 3261, 467, 467, 6453
-9566, 3261, 467, 467, 6453
-9566, 3263, 468, 468, 6453
-9565, 3261, 468, 468, 6453
-9566, 3261, 467, 467, 6453
-9566, 3261, 467, 467, 6453
-9565, 3262, 467, 467, 6453
-9565, 3261, 468, 468, 6453
-9566, 3263, 467, 467, 6453
-9566, 3261, 467, 467, 6453
-9566, 3261, 467, 467, 6453
-9566, 3261, 467, 467, 6453
-9567, 3260, 466, 466, 6453
-9567, 3261, 466, 466, 6453
-9567, 3260, 466, 466, 6453
-9567, 3261, 466, 466, 6453
-9567, 3261, 466, 466, 6453
-9566, 3260, 466, 466, 6449
-9566, 3260, 466, 466, 6449
-9566, 3260, 466, 466, 6449
-9567, 3259, 466, 466, 6449
-9568, 3259, 465, 465, 6449
-9568, 3260, 465, 465, 6449
-9567, 3260, 466, 466, 6449
-9567, 3259, 465, 465, 6449
-9567, 3260, 465, 465, 6449
-9567, 3260, 465, 465, 6449
-9567, 3260, 465, 465, 6449
-9567, 3259, 465, 465, 6449
-9568, 3260, 465, 465, 6449
-9567, 3260, 465, 465, 6449
-9568, 3260, 465, 465, 6449
-9569, 3259, 464, 464, 6449
-9569, 3260, 464, 464, 6449
-9567, 3259, 464, 464, 6449
-9567, 3260, 465, 465, 6449
-9569, 3259, 464, 464, 6449
-9569, 3259, 464, 464, 6449
-9568, 3259, 464, 464, 6449
-9569, 3260, 464, 464, 6449
-9569, 3260, 464, 464, 6449
-9569, 3259, 464, 464, 6449
-9569, 3259, 464, 464, 6449
-9569, 3259, 464, 464, 6449
-9568, 3259, 464, 464, 6449
-9568, 3259, 464, 464, 6449
-9568, 3259, 464, 464, 6449
-9569, 3260, 464, 464, 6449
-9569, 3259, 464, 464, 6449
-9569, 3259, 464, 464, 6449
-9569, 3259, 464, 464, 6449
-9569, 3258, 464, 464, 6449
-9569, 3258, 464, 464, 6449
-9569, 3258, 464, 464, 6449
-9569, 3258, 464, 464, 6449
-9569, 3258, 464, 464, 6449
-9570, 3258, 463, 463, 6449
-9570, 3257, 463, 463, 6449
-9569, 3257, 464, 464, 6449
-9570, 3258, 464, 464, 6445
-9570, 3257, 463, 463, 6445
-9571, 3257, 462, 462, 6445
-9570, 3257, 463, 463, 6445
-9570, 3258, 463, 463, 6445
-9570, 3258, 463, 463, 6445
-9571, 3257, 462, 462, 6445
-9571, 3257, 462, 462, 6445
-9571, 3257, 462, 462, 6445
-9571, 3258, 462, 462, 6445
-9569, 3257, 462, 462, 6445
-9570, 3257, 462, 462, 6445
-9570, 3256, 462, 462, 6445
-9570, 3256, 462, 462, 6445
-9570, 3257, 463, 463, 6445
-9571, 3257, 462, 462, 6445
-9570, 3256, 462, 462, 6445
-9572, 3256, 462, 462, 6445
-9572, 3256, 462, 462, 6445
-9571, 3256, 462, 462, 6445
-9572, 3256, 462, 462, 6445
-9572, 3256, 461, 461, 6445
-9571, 3257, 462, 462, 6445
-9570, 3255, 462, 462, 6442
-9570, 3255, 462, 462, 6442
-9573, 3255, 461, 461, 6442
-9572, 3256, 461, 461, 6442
-9572, 3256, 461, 461, 6442
-9573, 3256, 460, 460, 6442
-9572, 3255, 461, 461, 6442
-9572, 3255, 460, 460, 6442
-9573, 3256, 460, 460, 6442
-9572, 3255, 460, 460, 6442
-9573, 3255, 460, 460, 6442
-9573, 3255, 461, 461, 6442
-9573, 3254, 460, 460, 6442
-9572, 3254, 460, 460, 6442
-9572, 3254, 460, 460, 6442
-9572, 3255, 460, 460, 6442
-9572, 3254, 461, 461, 6442
-9573, 3255, 460, 460, 6442
-9573, 3255, 460, 460, 6442
-9574, 3255, 460, 460, 6442
-9573, 3254, 460, 460, 6442
-9573, 3254, 460, 460, 6447
-9574, 3254, 459, 459, 6447
-9574, 3254, 459, 459, 6447
-9574, 3254, 460, 460, 6447
-9573, 3254, 459, 459, 6447
-9573, 3254, 459, 459, 6447
-9575, 3253, 459, 459, 6447
-9575, 3253, 459, 459, 6447
-9575, 3254, 458, 458, 6447
-9575, 3254, 458, 458, 6447
-9574, 3254, 458, 458, 6447
-9574, 3253, 459, 459, 6447
-9575, 3254, 458, 458, 6447
-9575, 3254, 458, 458, 6447
-9574, 3254, 458, 458, 6447
-9573, 3254, 458, 458, 6447
-9574, 3253, 458, 458, 6447
-9574, 3253, 458, 458, 6447
-9576, 3252, 457, 457, 6447
-9575, 3253, 458, 458, 6447
-9575, 3252, 457, 457, 6447
-9575, 3251, 458, 458, 6447
-9576, 3252, 458, 458, 6449
-9576, 3252, 457, 457, 6449
-9576, 3252, 457, 457, 6449
-9576, 3252, 458, 458, 6449
-9576, 3252, 457, 457, 6449
-9576, 3253, 457, 457, 6449
-9576, 3253, 457, 457, 6449
-9576, 3252, 457, 457, 6449
-9577, 3252, 457, 457, 6449
-9577, 3252, 457, 457, 6449
-9576, 3252, 456, 456, 6449
-9576, 3252, 457, 457, 6449
-9575, 3252, 457, 457, 6449
-9577, 3251, 456, 456, 6449
-9576, 3251, 457, 457, 6449
-9577, 3252, 456, 456, 6449
-9577, 3251, 456, 456, 6449
-9576, 3251, 456, 456, 6449
-9576, 3251, 456, 456, 6449
-9576, 3250, 457, 457, 6449
-9576, 3250, 457, 457, 6449
-9577, 3251, 456, 456, 6449
-9577, 3251, 456, 456, 6449
-9576, 3251, 456, 456, 6449
-9576, 3251, 456, 456, 6449
-9577, 3251, 455, 455, 6449
-9578, 3251, 455, 455, 6449
-9578, 3251, 455, 455, 6449
-9578, 3251, 455, 455, 6449
-9577, 3251, 455, 455, 6449
-9577, 3251, 454, 454, 6449
-9578, 3251, 455, 455, 6449
-9578, 3251, 455, 455, 6449
-9578, 3251, 455, 455, 6449
-9578, 3251, 455, 455, 6449
-9578, 3251, 455, 455, 6449
-9578, 3250, 455, 455, 6449
-9579, 3250, 454, 454, 6449
-9579, 3250, 455, 455, 6449
-9579, 3250, 454, 454, 6449
-9579, 3250, 454, 454, 6449
-9579, 3250, 454, 454, 6449
-9579, 3250, 454, 454, 6449
-9579, 3250, 454, 454, 6449
-9579, 3250, 454, 454, 6451
-9579, 3250, 454, 454, 6451
-9579, 3249, 454, 454, 6451
-9579, 3250, 454, 454, 6451
-9580, 3250, 453, 453, 6451
-9580, 3250, 453, 453, 6451
-9580, 3250, 453, 453, 6451
-9579, 3250, 453, 453, 6451
-9579, 3249, 453, 453, 6451
-9580, 3248, 453, 453, 6451
-9579, 3248, 454, 454, 6451
-9580, 3249, 453, 453, 6451
-9579, 3249, 453, 454, 6451
-9580, 3249, 453, 453, 6451
-9580, 3249, 453, 453, 6451
-9580, 3248, 452, 452, 6451
-9579, 3248, 454, 454, 6451
-9579, 3248, 453, 453, 6451
-9579, 3248, 453, 453, 6451
-9580, 3247, 452, 452, 6451
-9580, 3247, 452, 452, 6451
-9580, 3248, 452, 452, 6442
-9580, 3247, 452, 452, 6442
-9580, 3247, 452, 452, 6442
-9581, 3248, 452, 452, 6442
-9582, 3247, 451, 451, 6442
-9580, 3247, 452, 452, 6442
-9581, 3248, 452, 452, 6442
-9581, 3247, 452, 452, 6442
-9582, 3248, 451, 451, 6442
-9582, 3247, 452, 452, 6442
-9581, 3246, 451, 451, 6442
-9582, 3247, 451, 451, 6442
-9582, 3247, 451, 451, 6442
-9582, 3246, 451, 451, 6442
-9581, 3247, 451, 451, 6442
-9581, 3246, 451, 451, 6442
-9581, 3246, 451, 451, 6442
-9581, 3247, 451, 451, 6442
-9582, 3246, 451, 451, 6442
-9582, 3248, 451, 451, 6442
-9582, 3246, 450, 450, 6442
-9582, 3246, 450, 450, 6442
-9581, 3247, 450, 450, 6447
-9581, 3246, 452, 452, 6447
-9581, 3246, 451, 451, 6447
-9582, 3246, 451, 451, 6447
-9582, 3246, 450, 450, 6447
-9583, 3246, 450, 450, 6447
-9583, 3246, 450, 450, 6447
-9583, 3246, 451, 451, 6447
-9583, 3246, 450, 450, 6447
-9582, 3246, 450, 450, 6447
-9583, 3246, 450, 450, 6447
-9582, 3246, 450, 450, 6447
-9583, 3246, 450, 450, 6447
-9583, 3246, 450, 450, 6447
-9583, 3245, 450, 450, 6447
-9583, 3245, 450, 450, 6447
-9583, 3246, 450, 450, 6447
-9584, 3246, 449, 449, 6447
-9584, 3246, 449, 449, 6447
-9583, 3244, 450, 450, 6447
-9582, 3245, 450, 450, 6447
-9582, 3245, 450, 450, 6447
-9583, 3246, 449, 449, 6447
-9582, 3246, 450, 450, 6447
-9583, 3244, 450, 450, 6447
-9583, 3244, 450, 450, 6447
-9583, 3244, 450, 450, 6447
-9584, 3244, 449, 449, 6447
-9584, 3244, 449, 449, 6447
-9583, 3244, 449, 449, 6447
-9582, 3244, 450, 450, 6447
-9584, 3244, 449, 449, 6447
-9583, 3243, 449, 449, 6447
-9584, 3244, 449, 449, 6447
-9584, 3246, 449, 449, 6447
-9584, 3244, 449, 449, 6447
-9584, 3244, 449, 449, 6447
-9585, 3244, 449, 449, 6447
-9584, 3244, 449, 449, 6447
-9584, 3244, 448, 448, 6447
-9584, 3245, 448, 448, 6447
-9585, 3244, 448, 448, 6447
-9584, 3244, 448, 448, 6447
-9585, 3243, 447, 447, 6447
-9585, 3243, 447, 447, 6447
-9585, 3244, 447, 447, 6447
-9586, 3244, 447, 447, 6447
-9585, 3244, 448, 448, 6447
-9586, 3243, 447, 447, 6449
-9585, 3243, 448, 448, 6449
-9585, 3242, 447, 447, 6449
-9585, 3243, 447, 447, 6449
-9585, 3242, 448, 448, 6449
-9585, 3242, 448, 448, 6449
-9585, 3242, 447, 447, 6449
-9585, 3242, 447, 447, 6449
-9586, 3242, 447, 447, 6449
-9585, 3242, 447, 447, 6449
-9585, 3242, 447, 447, 6449
-9585, 3243, 447, 447, 6449
-9585, 3242, 448, 448, 6449
-9587, 3242, 447, 447, 6449
-9585, 3242, 447, 447, 6449
-9585, 3241, 447, 447, 6449
-9586, 3242, 447, 447, 6449
-9586, 3242, 447, 447, 6449
-9587, 3242, 446, 446, 6449
-9586, 3242, 447, 447, 6447
-9587, 3242, 446, 446, 6447
-9587, 3242, 446, 446, 6447
-9586, 3242, 446, 446, 6447
-9586, 3241, 446, 446, 6447
-9588, 3241, 446, 446, 6447
-9588, 3241, 446, 446, 6447
-9588, 3241, 446, 446, 6447
-9587, 3241, 446, 446, 6447
-9586, 3241, 446, 446, 6447
-9587, 3241, 445, 445, 6447
-9587, 3241, 446, 446, 6447
-9586, 3240, 446, 446, 6447
-9586, 3241, 446, 446, 6447
-9588, 3240, 446, 446, 6447
-9588, 3240, 445, 445, 6447
-9588, 3241, 446, 446, 6447
-9588, 3241, 446, 446, 6447
-9587, 3240, 445, 445, 6447
-9587, 3240, 445, 445, 6447
-9587, 3241, 445, 445, 6447
-9586, 3240, 446, 446, 6447
-9588, 3240, 445, 445, 6447
-9588, 3240, 445, 445, 6447
-9587, 3241, 445, 445, 6447
-9587, 3240, 445, 445, 6447
-9587, 3240, 446, 446, 6445
-9588, 3239, 444, 444, 6445
-9589, 3240, 445, 445, 6445
-9588, 3239, 445, 445, 6445
-9589, 3240, 444, 444, 6445
-9589, 3240, 444, 444, 6445
-9589, 3239, 445, 445, 6445
-9588, 3240, 445, 445, 6445
-9587, 3239, 445, 445, 6445
-9588, 3238, 445, 445, 6445
-9588, 3239, 445, 445, 6445
-9588, 3239, 445, 445, 6445
-9588, 3239, 445, 445, 6445
-9588, 3239, 444, 444, 6445
-9588, 3239, 444, 444, 6445
-9588, 3238, 445, 445, 6445
-9589, 3239, 444, 444, 6445
-9589, 3239, 444, 444, 6445
-9588, 3239, 445, 445, 6445
-9589, 3238, 444, 444, 6445
-9590, 3238, 444, 444, 6445
-9589, 3238, 444, 444, 6445
-9588, 3238, 444, 444, 6445
-9589, 3238, 444, 444, 6445
-9589, 3238, 444, 444, 6449
-9589, 3239, 443, 443, 6449
-9588, 3238, 444, 444, 6449
-9589, 3238, 443, 443, 6449
-9589, 3238, 443, 443, 6449
-9589, 3237, 444, 444, 6449
-9590, 3238, 443, 443, 6449
-9590, 3237, 443, 443, 6449
-9590, 3237, 443, 443, 6449
-9590, 3237, 443, 443, 6449
-9590, 3237, 443, 443, 6449
-9589, 3237, 443, 443, 6449
-9590, 3237, 443, 443, 6449
-9590, 3237, 443, 443, 6449
-9590, 3237, 442, 442, 6449
-9590, 3237, 442, 442, 6449
-9590, 3237, 442, 442, 6449
-9591, 3237, 442, 442, 6449
-9591, 3237, 442, 442, 6449
-9591, 3236, 442, 442, 6449
-9592, 3237, 442, 442, 6449
-9590, 3237, 442, 442, 6438
-9591, 3236, 442, 442, 6438
-9592, 3236, 442, 442, 6438
-9591, 3237, 441, 441, 6438
-9591, 3237, 441, 441, 6438
-9592, 3236, 441, 441, 6438
-9592, 3236, 441, 441, 6438
-9591, 3235, 441, 441, 6438
-9591, 3237, 441, 441, 6438
-9591, 3237, 441, 441, 6438
-9592, 3235, 441, 441, 6438
-9592, 3235, 441, 441, 6438
-9593, 3235, 440, 440, 6438
-9592, 3236, 441, 441, 6438
-9592, 3236, 440, 440, 6438
-9592, 3236, 440, 440, 6438
-9592, 3236, 440, 440, 6438
-9593, 3236, 440, 440, 6438
-9593, 3235, 440, 440, 6438
-9592, 3235, 440, 440, 6438
-9592, 3235, 440, 440, 6438
-9592, 3236, 440, 440, 6449
-9592, 3235, 440, 440, 6449
-9593, 3236, 440, 440, 6449
-9594, 3234, 440, 440, 6449
-9594, 3235, 439, 439, 6449
-9594, 3235, 439, 439, 6449
-9594, 3235, 439, 439, 6449
-9594, 3235, 439, 439, 6449
-9594, 3235, 439, 439, 6449
-9594, 3235, 439, 439, 6449
-9594, 3234, 439, 439, 6449
-9594, 3234, 439, 439, 6449
-9594, 3234, 439, 439, 6449
-9594, 3234, 439, 439, 6449
-9594, 3234, 439, 439, 6449
-9593, 3235, 439, 439, 6449
-9594, 3235, 439, 439, 6449
-9594, 3234, 438, 438, 6449
-9595, 3234, 438, 438, 6449
-9593, 3234, 439, 439, 6449
-9593, 3234, 439, 439, 6449
-9594, 3235, 438, 438, 6449
-9593, 3234, 439, 439, 6445
-9594, 3233, 439, 439, 6445
-9595, 3233, 438, 438, 6445
-9594, 3233, 439, 439, 6445
-9595, 3233, 438, 438, 6445
-9594, 3233, 438, 438, 6445
-9594, 3233, 438, 438, 6445
-9596, 3233, 438, 438, 6445
-9594, 3233, 438, 438, 6445
-9595, 3233, 438, 438, 6445
-9595, 3233, 437, 437, 6445
-9595, 3233, 437, 437, 6445
-9594, 3233, 438, 438, 6445
-9594, 3233, 438, 438, 6445
-9596, 3233, 437, 437, 6445
-9595, 3232, 437, 437, 6445
-9596, 3233, 437, 437, 6445
-9596, 3233, 437, 437, 6445
-9595, 3231, 437, 437, 6445
-9595, 3232, 437, 437, 6445
-9595, 3231, 438, 438, 6445
-9595, 3231, 438, 438, 6445
-9595, 3231, 437, 437, 6445
-9595, 3233, 438, 438, 6447
-9597, 3233, 437, 437, 6447
-9597, 3231, 436, 436, 6447
-9597, 3231, 436, 436, 6447
-9597, 3231, 436, 436, 6447
-9596, 3231, 436, 436, 6447
-9596, 3231, 436, 436, 6447
-9597, 3231, 436, 436, 6447
-9597, 3231, 436, 436, 6447
-9597, 3230, 436, 436, 6447
-9597, 3230, 436, 436, 6447
-9597, 3230, 436, 436, 6447
-9597, 3231, 436, 436, 6447
-9597, 3231, 436, 436, 6447
-9597, 3231, 436, 436, 6447
-9597, 3231, 436, 436, 6447
-9597, 3230, 436, 436, 6447
-9597, 3231, 435, 435, 6447
-9598, 3230, 435, 435, 6447
-9597, 3230, 435, 435, 6447
-9597, 3230, 435, 435, 6447
-9598, 3230, 436, 436, 6447
-9598, 3230, 435, 435, 6449
-9598, 3230, 435, 435, 6449
-9598, 3230, 435, 435, 6449
-9598, 3230, 434, 434, 6449
-9598, 3230, 434, 434, 6449
-9598, 3230, 435, 435, 6449
-9599, 3230, 434, 434, 6449
-9598, 3229, 434, 434, 6449
-9598, 3229, 434, 434, 6449
-9597, 3230, 435, 435, 6449
-9597, 3230, 435, 435, 6449
-9598, 3229, 434, 434, 6449
-9598, 3229, 434, 434, 6449
-9599, 3229, 434, 434, 6449
-9599, 3229, 434, 434, 6449
-9598, 3229, 434, 434, 6449
-9598, 3229, 434, 434, 6449
-9599, 3229, 435, 435, 6449
-9599, 3229, 434, 434, 6449
-9598, 3228, 435, 435, 6449
-9599, 3229, 434, 434, 6445
-9599, 3229, 434, 434, 6445
-9599, 3227, 434, 434, 6445
-9599, 3228, 434, 434, 6445
-9599, 3228, 434, 434, 6445
-9599, 3228, 434, 434, 6445
-9599, 3228, 434, 434, 6445
-9600, 3228, 433, 433, 6445
-9600, 3228, 433, 433, 6445
-9599, 3228, 433, 433, 6445
-9599, 3228, 433, 433, 6445
-9600, 3227, 433, 433, 6445
-9600, 3227, 433, 433, 6445
-9600, 3228, 433, 433, 6445
-9600, 3228, 432, 432, 6445
-9600, 3228, 432, 432, 6445
-9600, 3227, 433, 433, 6445
-9599, 3227, 433, 433, 6445
-9599, 3228, 433, 433, 6445
-9599, 3227, 432, 432, 6445
-9600, 3226, 432, 432, 6445
-9600, 3226, 432, 432, 6445
-9600, 3226, 432, 432, 6445
-9601, 3227, 432, 432, 6445
-9600, 3227, 433, 433, 6447
-9600, 3225, 433, 433, 6447
-9600, 3226, 433, 433, 6447
-9600, 3226, 433, 433, 6447
-9600, 3227, 432, 432, 6447
-9600, 3226, 433, 433, 6447
-9600, 3226, 432, 432, 6447
-9600, 3226, 432, 432, 6447
-9600, 3226, 432, 432, 6447
-9600, 3226, 432, 432, 6447
-9600, 3226, 433, 433, 6447
-9601, 3227, 432, 432, 6447
-9601, 3226, 432, 432, 6447
-9601, 3226, 432, 432, 6447
-9602, 3227, 431, 431, 6447
-9601, 3226, 431, 431, 6447
-9600, 3226, 432, 432, 6447
-9601, 3225, 432, 432, 6447
-9601, 3226, 432, 432, 6447
-9600, 3225, 432, 432, 6447
-9601, 3225, 431, 431, 6447
-9601, 3225, 431, 431, 6447
-9602, 3225, 431, 431, 6442
-9602, 3225, 431, 431, 6442
-9602, 3225, 431, 431, 6442
-9602, 3225, 431, 431, 6442
-9601, 3225, 431, 431, 6442
-9601, 3225, 431, 431, 6442
-9602, 3225, 430, 430, 6442
-9602, 3225, 430, 430, 6442
-9603, 3226, 430, 430, 6442
-9602, 3225, 430, 430, 6442
-9603, 3224, 430, 430, 6442
-9603, 3224, 430, 430, 6442
-9603, 3225, 430, 430, 6442
-9603, 3225, 430, 430, 6442
-9602, 3224, 430, 430, 6442
-9602, 3224, 430, 430, 6442
-9603, 3223, 430, 430, 6442
-9602, 3224, 430, 430, 6442
-9603, 3224, 429, 429, 6442
-9604, 3224, 429, 429, 6442
-9604, 3223, 429, 429, 6442
-9604, 3224, 429, 429, 6442
-9604, 3224, 429, 429, 6445
-9604, 3224, 429, 429, 6445
-9603, 3223, 429, 429, 6445
-9603, 3223, 429, 429, 6445
-9604, 3223, 429, 429, 6445
-9605, 3223, 428, 428, 6445
-9604, 3223, 429, 429, 6445
-9604, 3223, 429, 429, 6445
-9604, 3223, 429, 429, 6445
-9604, 3223, 429, 429, 6445
-9605, 3222, 428, 428, 6445
-9605, 3222, 428, 428, 6445
-9605, 3223, 429, 429, 6445
-9603, 3223, 428, 428, 6445
-9605, 3221, 428, 428, 6445
-9603, 3222, 429, 429, 6445
-9605, 3223, 428, 428, 6445
-9604, 3223, 428, 428, 6445
-9604, 3222, 428, 428, 6445
-9605, 3222, 428, 428, 6445
-9604, 3222, 428, 428, 6445
-9605, 3222, 428, 428, 6445
-9605, 3222, 427, 427, 6445
-9605, 3223, 428, 428, 6445
-9605, 3221, 427, 427, 6445
-9606, 3221, 427, 427, 6445
-9606, 3222, 427, 427, 6445
-9606, 3221, 427, 427, 6445
-9605, 3222, 427, 427, 6445
-9605, 3222, 427, 427, 6445
-9606, 3222, 427, 427, 6445
-9606, 3222, 427, 427, 6445
-9606, 3221, 427, 427, 6445
-9605, 3222, 427, 427, 6445
-9606, 3222, 427, 427, 6445
-9605, 3221, 428, 428, 6445
-9606, 3221, 427, 427, 6445
-9606, 3221, 427, 427, 6445
-9606, 3221, 427, 427, 6445
-9607, 3221, 426, 426, 6445
-9605, 3221, 427, 427, 6445
-9607, 3221, 426, 426, 6445
-9606, 3221, 426, 426, 6445
-9606, 3220, 426, 426, 6445
-9606, 3221, 426, 426, 6445
-9606, 3221, 426, 426, 6445
-9606, 3221, 427, 427, 6449
-9606, 3220, 427, 427, 6449
-9607, 3220, 426, 426, 6449
-9607, 3219, 426, 426, 6449
-9607, 3219, 426, 426, 6449
-9607, 3219, 425, 425, 6449
-9608, 3220, 425, 425, 6449
-9605, 3220, 427, 427, 6449
