-9649, 2274, 383, 383, -1785
-9652, 2273, 382, 382, -1785
-9652, 2273, 382, 382, -1785
-9650, 2273, 381, 381, -1785
-9650, 2273, 383, 383, -1785
-9650, 2273, 383, 383, -1785
-9651, 2274, 383, 383, -1785
-9651, 2274, 383, 383, -1785
-9651, 2274, 382, 382, -1756
-9651, 2274, 382, 382, -1756
-9650, 2274, 382, 382, -1756
-9650, 2274, 383, 383, -1756
-9649, 2273, 383, 383, -1756
-9651, 2274, 382, 382, -1756
-9651, 2274, 382, 382, -1756
-9650, 2273, 382, 382, -1756
-9650, 2274, 382, 382, -1756
-9650, 2274, 382, 382, -1756
-9650, 2273, 383, 383, -1756
-9650, 2274, 383, 383, -1756
-9649, 2274, 383, 383, -1756
-9651, 2274, 382, 382, -1756
-9651, 2274, 382, 382, -1756
-9650, 2274, 382, 382, -1756
-9650, 2274, 382, 382, -1756
-9650, 2273, 383, 383, -1756
-9652, 2274, 381, 381, -1756
-9650, 2274, 382, 382, -1756
-9653, 2273, 381, 381, -1756
-9649, 2273, 383, 383, -1756
-9650, 2274, 383, 383, -1756
-9650, 2274, 383, 383, -1756
-9650, 2275, 382, 382, -1756
-9649, 2274, 383, 383, -1756
-9650, 2274, 382, 382, -1756
-9652, 2274, 381, 381, -1756
-9650, 2274, 381, 381, -1752
-9650, 2274, 381, 381, -1752
-9652, 2273, 382, 382, -1752
-9651, 2273, 381, 381, -1752
-9651, 2273, 381, 381, -1752
-9652, 2273, 381, 381, -1752
-9652, 2274, 381, 381, -1752
-9652, 2274, 381, 381, -1752
-9651, 2273, 381, 381, -1752
-9651, 2273, 382, 382, -1752
-9650, 2273, 382, 382, -1752
-9651, 2273, 382, 382, -1752
-9651, 2273, 382, 382, -1752
-9652, 2273, 381, 381, -1752
-9651, 2274, 382, 382, -1752
-9651, 2274, 381, 381, -1752
-9650, 2274, 382, 382, -1752
-9650, 2274, 382, 382, -1752
-9652, 2273, 382, 382, -1752
-9651, 2274, 381, 381, -1752
-9651, 2274, 381, 381, -1752
-9651, 2274, 382, 382, -1752
-9651, 2274, 382, 382, -1752
-9651, 2273, 382, 382, -1752
-9650, 2273, 382, 382, -1752
-9650, 2273, 382, 382, -1752
-9653, 2274, 381, 381, -1752
-9651, 2272, 382, 382, -1752
-9652, 2274, 380, 380, -1752
-9651, 2274, 380, 380, -1752
-9651, 2274, 381, 381, -1752
-9651, 2274, 381, 381, -1752
-9651, 2274, 381, 381, -1752
-9651, 2274, 382, 382, -1752
-9652, 2273, 381, 381, -1752
-9650, 2273, 382, 382, -1752
-9652, 2272, 382, 382, -1752
-9652, 2273, 381, 381, -1752
-9652, 2273, 381, 381, -1752
-9653, 2273, 380, 380, -1752
-9651, 2273, 381, 381, -1752
-9651, 2273, 381, 381, -1752
-9650, 2273, 382, 382, -1752
-9651, 2273, 382, 382, -1752
-9653, 2273, 381, 381, -1752
-9651, 2273, 381, 381, -1752
-9651, 2273, 382, 382, -1752
-9651, 2273, 382, 382, -1752
-9651, 2273, 382, 382, -1752
-9651, 2274, 381, 381, -1752
-9651, 2274, 381, 381, -1752
-9652, 2273, 381, 381, -1752
-9651, 2272, 382, 382, -1752
-9651, 2273, 382, 382, -1752
-9652, 2272, 380, 380, -1741
-9652, 2272, 380, 380, -1741
-9651, 2273, 380, 380, -1741
-9652, 2273, 381, 381, -1741
-9652, 2273, 381, 381, -1741
-9652, 2273, 381, 381, -1741
-9652, 2273, 381, 381, -1741
-9653, 2272, 380, 380, -1741
-9651, 2274, 382, 382, -1741
-9651, 2274, 382, 382, -1741
-9651, 2273, 382, 382, -1741
-9651, 2273, 382, 382, -1741
-9651, 2273, 381, 381, -1741
-9651, 2273, 381, 381, -1741
-9651, 2272, 381, 381, -1741
-9651, 2273, 382, 382, -1741
-9651, 2273, 381, 381, -1741
-9651, 2273, 381, 381, -1741
-9653, 2272, 380, 380, -1741
-9652, 2273, 381, 381, -1741
-9652, 2274, 380, 380, -1741
-9651, 2273, 380, 380, -1741
-9651, 2274, 382, 382, -1741
-9651, 2273, 381, 381, -1741
-9651, 2273, 381, 381, -1741
-9651, 2275, 382, 382, -1741
-9652, 2273, 380, 380, -1741
-9651, 2273, 381, 381, -1726
-9651, 2273, 381, 381, -1726
-9651, 2274, 381, 381, -1726
-9651, 2273, 382, 382, -1726
-9651, 2273, 382, 382, -1726
-9652, 2273, 380, 380, -1726
-9652, 2273, 380, 380, -1726
-9651, 2273, 381, 381, -1726
-9651, 2273, 381, 381, -1726
-9653, 2273, 380, 380, -1726
-9651, 2273, 381, 381, -1726
-9651, 2273, 381, 381, -1726
-9653, 2274, 381, 381, -1726
-9650, 2273, 381, 381, -1726
-9651, 2273, 381, 381, -1726
-9650, 2274, 382, 382, -1726
-9651, 2273, 381, 381, -1726
-9650, 2274, 382, 382, -1726
-9651, 2272, 382, 382, -1726
-9653, 2273, 381, 381, -1726
-9650, 2274, 381, 381, -1726
-9652, 2273, 381, 381, -1726
-9651, 2273, 381, 381, -1726
-9651, 2273, 381, 381, -1726
-9652, 2274, 381, 381, -1726
-9652, 2273, 381, 381, -1726
-9652, 2273, 381, 381, -1726
-9653, 2273, 381, 381, -1741
-9653, 2273, 381, 381, -1741
-9654, 2273, 380, 380, -1741
-9652, 2273, 380, 380, -1741
-9652, 2273, 380, 380, -1741
-9651, 2274, 382, 382, -1741
-9653, 2273, 381, 381, -1741
-9652, 2274, 380, 380, -1741
-9654, 2273, 380, 380, -1741
-9651, 2273, 381, 381, -1741
-9652, 2273, 381, 381, -1741
-9652, 2274, 380, 380, -1741
-9651, 2273, 381, 381, -1741
-9651, 2273, 381, 381, -1741
-9652, 2273, 380, 380, -1741
-9652, 2272, 381, 381, -1741
-9652, 2272, 381, 381, -1741
-9650, 2274, 382, 382, -1741
-9650, 2274, 382, 382, -1741
-9650, 2273, 382, 382, -1741
-9652, 2273, 381, 381, -1741
-9655, 2273, 380, 380, -1741
-9654, 2273, 379, 379, -1741
-9652, 2273, 381, 381, -1741
-9653, 2273, 381, 381, -1741
-9653, 2273, 381, 381, -1741
-9652, 2273, 380, 380, -1741
-9652, 2273, 381, 381, -1741
-9651, 2274, 381, 381, -1741
-9653, 2273, 379, 379, -1741
-9652, 2273, 380, 380, -1741
-9652, 2273, 380, 380, -1741
-9652, 2272, 380, 380, -1741
-9654, 2273, 381, 381, -1741
-9652, 2272, 381, 381, -1741
-9652, 2272, 381, 381, -1741
-9652, 2273, 380, 380, -1741
-9651, 2272, 381, 381, -1741
-9651, 2273, 381, 381, -1741
-9652, 2274, 381, 381, -1741
-9652, 2273, 381, 381, -1741
-9653, 2273, 381, 381, -1741
-9651, 2274, 381, 381, -1741
-9652, 2273, 381, 381, -1741
-9651, 2272, 381, 381, -1741
-9652, 2273, 380, 380, -1730
-9653, 2273, 380, 380, -1730
-9653, 2273, 380, 380, -1730
-9652, 2273, 381, 381, -1730
-9652, 2274, 381, 381, -1730
-9652, 2274, 381, 381, -1730
-9652, 2273, 381, 381, -1730
-9652, 2273, 380, 380, -1730
-9652, 2273, 380, 380, -1730
-9654, 2273, 379, 379, -1730
-9653, 2272, 380, 380, -1730
-9651, 2273, 380, 380, -1730
-9652, 2273, 380, 380, -1730
-9652, 2273, 381, 381, -1730
-9654, 2272, 380, 380, -1730
-9652, 2272, 380, 380, -1730
-9652, 2273, 381, 381, -1730
-9652, 2273, 381, 381, -1730
-9651, 2273, 381, 381, -1730
-9651, 2273, 381, 381, -1730
-9651, 2273, 382, 382, -1730
-9652, 2273, 381, 381, -1730
-9652, 2273, 381, 381, -1730
-9651, 2272, 381, 381, -1728
-9651, 2274, 381, 381, -1728
-9654, 2273, 380, 380, -1728
-9653, 2273, 380, 380, -1728
-9652, 2274, 380, 380, -1728
-9652, 2274, 380, 380, -1728
-9651, 2273, 381, 381, -1728
-9656, 2243, 380, 380, -1728
-9688, 2254, 348, 348, -1728
-9694, 2255, 338, 338, -1728
-9699, 2254, 335, 335, -1728
-9701, 2253, 332, 332, -1728
-9701, 2254, 332, 332, -1728
-9702, 2254, 330, 330, -1728
-9702, 2254, 330, 330, -1728
-9703, 2253, 328, 328, -1728
-9706, 2254, 328, 328, -1728
-9706, 2254, 328, 328, -1728
-9706, 2253, 326, 326, -1728
-9706, 2253, 326, 326, -1728
-9707, 2253, 326, 326, -1728
-9708, 2253, 325, 325, -1728
-9708, 2253, 325, 325, -1728
-9708, 2253, 325, 325, -1728
-9709, 2252, 323, 323, -1728
-9709, 2252, 323, 323, -1728
-9710, 2252, 324, 324, -1728
-9711, 2252, 323, 323, -1728
-9711, 2252, 323, 323, -1728
-9710, 2253, 323, 323, -1728
-9710, 2253, 322, 322, -1728
-9710, 2253, 322, 322, -1728
-9712, 2253, 322, 322, -1728
-9712, 2253, 322, 322, -1728
-9711, 2253, 321, 321, -1728
-9711, 2253, 321, 321, -1728
-9713, 2253, 320, 320, -1728
-9713, 2253, 320, 320, -1728
-9714, 2253, 320, 320, -1728
-9714, 2253, 320, 320, -1728
-9712, 2253, 320, 320, -1728
-9715, 2253, 319, 319, -1728
-9711, 2253, 320, 320, -1728
-9711, 2253, 320, 320, -1728
-9712, 2253, 319, 319, -1728
-9712, 2253, 319, 319, -1728
-9714, 2253, 319, 319, -1728
-9715, 2253, 318, 318, -1728
-9715, 2253, 318, 318, -1728
-9713, 2253, 319, 319, -1728
-9715, 2253, 319, 319, -1728
-9715, 2253, 319, 319, -1728
-9715, 2252, 317, 317, -1737
-9716, 2253, 317, 317, -1737
-9715, 2252, 318, 318, -1737
-9717, 2253, 317, 317, -1737
-9715, 2253, 317, 317, -1737
-9716, 2253, 317, 317, -1737
-9716, 2253, 317, 317, -1737
-9718, 2253, 316, 316, -1737
-9718, 2253, 316, 316, -1737
-9716, 2253, 316, 316, -1737
-9716, 2252, 316, 316, -1737
-9716, 2252, 316, 316, -1737
-9716, 2253, 317, 317, -1737
-9716, 2253, 317, 317, -1737
-9716, 2253, 316, 316, -1737
-9716, 2253, 316, 316, -1737
-9717, 2252, 316, 316, -1737
-9717, 2252, 316, 316, -1737
-9716, 2254, 317, 317, -1737
-9716, 2253, 316, 316, -1737
-9719, 2253, 315, 315, -1737
-9720, 2253, 316, 316, -1737
-9718, 2253, 315, 315, -1737
-9719, 2253, 314, 314, -1737
-9717, 2253, 315, 315, -1737
-9717, 2253, 315, 315, -1737
-9717, 2252, 314, 314, -1737
-9718, 2253, 315, 315, -1737
-9718, 2252, 314, 314, -1737
-9720, 2253, 314, 314, -1737
-9720, 2253, 314, 314, -1737
-9720, 2252, 314, 314, -1737
-9718, 2252, 314, 314, -1737
-9718, 2253, 314, 314, -1737
-9718, 2253, 314, 314, -1737
-9718, 2253, 314, 314, -1737
-9718, 2253, 315, 315, -1737
-9718, 2253, 315, 315, -1737
-9719, 2254, 314, 314, -1737
-9719, 2253, 314, 314, -1737
-9719, 2253, 314, 314, -1737
-9718, 2253, 314, 314, -1737
-9718, 2253, 314, 314, -1737
-9719, 2253, 314, 314, -1737
-9720, 2252, 314, 314, -1737
-9720, 2253, 314, 314, -1737
-9720, 2253, 313, 313, -1737
-9720, 2253, 313, 313, -1737
-9718, 2253, 314, 314, -1737
-9720, 2254, 313, 313, -1737
-9720, 2254, 313, 313, -1737
-9720, 2253, 313, 313, -1737
-9718, 2253, 314, 314, -1737
-9719, 2254, 313, 313, -1737
-9719, 2253, 313, 313, -1737
-9721, 2254, 313, 313, -1737
-9721, 2254, 312, 312, -1730
-9721, 2254, 313, 313, -1730
-9719, 2254, 313, 313, -1730
-9720, 2253, 312, 312, -1730
-9720, 2253, 312, 312, -1730
-9721, 2253, 311, 311, -1730
-9720, 2253, 312, 312, -1730
-9722, 2254, 312, 312, -1730
-9722, 2254, 312, 312, -1730
-9720, 2253, 312, 312, -1730
-9720, 2253, 312, 312, -1730
-9722, 2254, 312, 312, -1730
-9722, 2254, 312, 312, -1730
-9722, 2254, 312, 312, -1730
-9722, 2254, 312, 312, -1730
-9722, 2254, 311, 311, -1730
-9722, 2253, 311, 311, -1730
-9722, 2253, 311, 311, -1730
-9716, 2253, 312, 312, -1730
-9716, 2253, 312, 312, -1730
-9720, 2263, 312, 312, -1730
-9680, 2273, 352, 352, -1730
-9680, 2273, 352, 352, -1730
-9679, 2272, 353, 353, -1730
-9677, 2273, 355, 355, -1730
-9675, 2272, 356, 356, -1730
-9674, 2272, 358, 358, -1730
-9674, 2271, 358, 358, -1730
-9674, 2273, 358, 358, -1730
-9674, 2273, 360, 360, -1730
-9674, 2273, 360, 360, -1730
-9671, 2272, 361, 361, -1730
-9671, 2272, 361, 361, -1730
-9671, 2272, 361, 361, -1730
-9670, 2274, 362, 362, -1730
-9670, 2274, 362, 362, -1730
-9670, 2273, 363, 363, -1730
-9671, 2273, 362, 362, -1730
-9668, 2272, 363, 363, -1730
-9668, 2272, 364, 364, -1730
-9668, 2272, 364, 364, -1730
-9669, 2273, 364, 364, -1730
-9670, 2273, 364, 364, -1730
-9668, 2273, 364, 364, -1730
-9667, 2272, 365, 365, -1730
-9667, 2272, 365, 365, -1730
-9668, 2273, 365, 365, -1730
-9669, 2273, 364, 364, -1730
-9668, 2273, 365, 365, -1730
-9666, 2273, 366, 366, -1730
-9667, 2273, 366, 366, -1730
-9667, 2273, 366, 366, -1730
-9667, 2273, 366, 366, -1730
-9668, 2273, 365, 365, -1728
-9666, 2273, 366, 366, -1728
-9666, 2273, 366, 366, -1728
-9666, 2273, 366, 366, -1728
-9665, 2273, 367, 367, -1728
-9665, 2272, 367, 367, -1728
-9666, 2273, 367, 367, -1728
-9667, 2272, 367, 367, -1728
-9665, 2273, 367, 367, -1728
-9665, 2273, 367, 367, -1728
-9665, 2273, 367, 367, -1728
-9665, 2273, 367, 367, -1728
-9667, 2273, 367, 367, -1728
-9665, 2273, 367, 367, -1728
-9665, 2273, 367, 367, -1728
-9664, 2272, 368, 368, -1728
-9664, 2272, 368, 368, -1728
-9664, 2272, 368, 368, -1728
-9667, 2274, 368, 368, -1728
-9666, 2273, 367, 367, -1728
-9664, 2273, 368, 368, -1728
-9664, 2273, 368, 368, -1728
-9664, 2273, 368, 368, -1728
-9664, 2273, 368, 368, -1728
-9664, 2273, 368, 368, -1728
-9666, 2273, 368, 368, -1726
-9666, 2273, 368, 368, -1726
-9665, 2273, 368, 368, -1726
-9664, 2273, 369, 369, -1726
-9664, 2273, 369, 369, -1726
-9663, 2272, 369, 369, -1726
-9665, 2273, 369, 369, -1726
-9665, 2272, 368, 368, -1726
-9665, 2273, 369, 369, -1726
-9663, 2273, 369, 369, -1726
-9663, 2273, 370, 370, -1726
-9663, 2273, 370, 370, -1726
-9663, 2272, 369, 369, -1726
-9663, 2273, 369, 369, -1726
-9663, 2273, 369, 369, -1726
-9663, 2273, 369, 369, -1726
-9662, 2273, 370, 370, -1726
-9664, 2274, 369, 369, -1726
-9661, 2273, 370, 370, -1726
-9661, 2273, 370, 370, -1726
-9663, 2273, 370, 370, -1726
-9664, 2273, 370, 370, -1726
-9664, 2273, 370, 370, -1726
-9663, 2272, 370, 370, -1726
-9661, 2273, 370, 370, -1726
-9662, 2273, 371, 371, -1726
-9663, 2273, 370, 370, -1726
-9662, 2273, 371, 371, -1732
-9663, 2273, 370, 370, -1732
-9661, 2273, 371, 371, -1732
-9663, 2272, 370, 370, -1732
-9662, 2273, 370, 370, -1732
-9662, 2273, 370, 370, -1732
-9663, 2272, 370, 370, -1732
-9663, 2273, 371, 371, -1732
-9663, 2273, 371, 371, -1732
-9662, 2272, 371, 371, -1732
-9664, 2272, 370, 370, -1732
-9662, 2273, 370, 370, -1732
-9662, 2272, 371, 371, -1732
-9662, 2273, 371, 371, -1732
-9662, 2273, 371, 371, -1732
-9661, 2272, 371, 371, -1732
-9663, 2273, 370, 370, -1732
-9663, 2273, 370, 370, -1732
-9662, 2273, 371, 371, -1732
-9661, 2273, 371, 371, -1732
-9661, 2273, 371, 371, -1732
-9662, 2272, 371, 371, -1732
-9662, 2274, 371, 371, -1732
-9662, 2273, 371, 371, -1732
-9661, 2273, 371, 371, -1732
-9661, 2273, 371, 371, -1732
-9661, 2272, 371, 371, -1723
-9661, 2272, 371, 371, -1723
-9662, 2272, 370, 370, -1723
-9662, 2273, 371, 371, -1723
-9662, 2272, 371, 371, -1723
-9662, 2273, 371, 371, -1723
-9662, 2273, 371, 371, -1723
-9663, 2273, 370, 370, -1723
-9661, 2273, 371, 371, -1723
-9661, 2273, 371, 371, -1723
-9661, 2272, 372, 372, -1723
-9662, 2273, 371, 371, -1723
-9662, 2273, 371, 371, -1723
-9662, 2274, 371, 371, -1723
-9661, 2273, 372, 372, -1723
-9660, 2273, 371, 371, -1723
-9694, 2257, 344, 344, -1723
-9699, 2255, 333, 333, -1723
-9699, 2255, 333, 333, -1723
-9701, 2254, 331, 331, -1723
-9705, 2254, 329, 329, -1723
-9705, 2253, 328, 328, -1723
-9705, 2253, 328, 328, -1723
-9708, 2254, 326, 326, -1723
-9708, 2252, 325, 325, -1723
-9708, 2252, 325, 325, -1723
-9710, 2254, 322, 322, -1715
-9710, 2254, 322, 322, -1715
-9712, 2254, 322, 322, -1715
-9713, 2253, 320, 320, -1715
-9713, 2253, 321, 321, -1715
-9713, 2253, 321, 321, -1715
-9712, 2253, 320, 320, -1715
-9712, 2253, 320, 320, -1715
-9713, 2253, 320, 320, -1715
-9713, 2253, 320, 320, -1715
-9714, 2252, 319, 319, -1715
-9715, 2254, 318, 318, -1715
-9715, 2254, 318, 318, -1715
-9715, 2253, 317, 317, -1715
-9715, 2253, 317, 317, -1715
-9716, 2252, 317, 317, -1715
-9716, 2252, 317, 317, -1715
-9716, 2253, 317, 317, -1715
-9715, 2252, 317, 317, -1715
-9716, 2252, 317, 317, -1715
-9715, 2253, 316, 316, -1715
-9715, 2253, 316, 316, -1715
-9715, 2253, 316, 316, -1715
-9718, 2252, 316, 316, -1715
-9718, 2252, 316, 316, -1715
-9717, 2252, 315, 315, -1715
-9717, 2253, 316, 316, -1715
-9718, 2252, 315, 315, -1715
-9718, 2252, 315, 315, -1715
-9718, 2253, 315, 315, -1715
-9717, 2254, 314, 314, -1715
-9717, 2254, 314, 314, -1715
-9717, 2253, 315, 315, -1715
-9718, 2252, 315, 315, -1715
-9717, 2253, 315, 315, -1715
-9717, 2253, 315, 315, -1715
-9719, 2252, 314, 314, -1715
-9718, 2253, 315, 315, -1715
-9718, 2253, 314, 314, -1715
-9718, 2253, 314, 314, -1715
-9720, 2252, 313, 313, -1715
-9719, 2253, 313, 313, -1715
-9719, 2253, 313, 313, -1715
-9719, 2253, 313, 313, -1715
-9719, 2253, 313, 313, -1715
-9719, 2253, 314, 314, -1715
-9719, 2253, 314, 314, -1715
-9720, 2253, 312, 312, -1715
-9720, 2253, 313, 313, -1715
-9720, 2253, 313, 313, -1715
-9719, 2254, 312, 312, -1715
-9721, 2253, 312, 312, -1715
-9721, 2253, 313, 313, -1715
-9720, 2253, 312, 312, -1730
-9720, 2253, 312, 312, -1730
-9721, 2254, 311, 311, -1730
-9720, 2253, 312, 312, -1730
-9720, 2253, 312, 312, -1730
-9721, 2253, 312, 312, -1730
-9722, 2253, 312, 312, -1730
-9721, 2252, 311, 311, -1730
-9721, 2252, 311, 311, -1730
-9720, 2253, 312, 312, -1730
-9720, 2253, 312, 312, -1730
-9722, 2253, 310, 310, -1730
-9722, 2253, 311, 311, -1730
-9722, 2253, 311, 311, -1730
-9723, 2253, 311, 311, -1730
-9723, 2253, 311, 311, -1730
-9721, 2253, 311, 311, -1730
-9721, 2253, 311, 311, -1730
-9721, 2253, 311, 311, -1730
-9721, 2253, 311, 311, -1730
-9722, 2254, 310, 310, -1730
-9722, 2254, 310, 310, -1730
-9722, 2254, 311, 311, -1730
-9723, 2254, 310, 310, -1732
-9723, 2254, 310, 310, -1732
-9724, 2253, 309, 309, -1732
-9722, 2253, 310, 310, -1732
-9723, 2253, 310, 310, -1732
-9723, 2253, 310, 310, -1732
-9723, 2252, 309, 309, -1732
-9725, 2253, 309, 309, -1732
-9724, 2253, 309, 309, -1732
-9723, 2253, 310, 310, -1732
-9723, 2253, 310, 310, -1732
-9722, 2253, 311, 311, -1732
-9725, 2253, 309, 309, -1732
-9725, 2253, 309, 309, -1732
-9724, 2253, 310, 310, -1732
-9724, 2253, 309, 309, -1732
-9724, 2253, 309, 309, -1732
-9724, 2254, 308, 308, -1732
-9724, 2254, 308, 308, -1732
-9724, 2253, 309, 309, -1732
-9724, 2252, 308, 308, -1732
-9724, 2252, 308, 308, -1732
-9724, 2254, 308, 308, -1732
-9725, 2254, 309, 309, -1741
-9725, 2254, 309, 309, -1741
-9694, 2270, 323, 323, -1741
-9687, 2272, 344, 344, -1741
-9682, 2271, 350, 350, -1741
-9682, 2271, 350, 350, -1741
-9681, 2272, 351, 351, -1741
-9678, 2273, 352, 352, -1741
-9680, 2272, 354, 354, -1741
-9678, 2273, 354, 354, -1741
-9677, 2273, 356, 356, -1741
-9677, 2273, 356, 356, -1741
-9675, 2273, 357, 357, -1741
-9675, 2273, 357, 357, -1741
-9675, 2274, 358, 358, -1741
-9673, 2273, 359, 359, -1741
-9674, 2273, 359, 359, -1741
-9672, 2272, 360, 360, -1741
-9672, 2273, 360, 360, -1741
-9672, 2273, 360, 360, -1741
-9672, 2274, 360, 360, -1741
-9673, 2273, 360, 360, -1741
-9670, 2273, 362, 362, -1741
-9670, 2273, 362, 362, -1741
-9673, 2273, 362, 362, -1734
-9673, 2273, 362, 362, -1734
-9670, 2273, 362, 362, -1734
-9671, 2274, 363, 363, -1734
-9671, 2273, 362, 362, -1734
-9670, 2273, 363, 363, -1734
-9670, 2273, 363, 363, -1734
-9670, 2273, 363, 363, -1734
-9668, 2274, 363, 363, -1734
-9668, 2273, 364, 364, -1734
-9668, 2273, 364, 364, -1734
-9669, 2273, 364, 364, -1734
-9669, 2274, 364, 364, -1734
-9668, 2273, 365, 365, -1734
-9667, 2273, 365, 365, -1734
-9667, 2273, 365, 365, -1734
-9667, 2273, 364, 364, -1734
-9666, 2273, 365, 365, -1734
-9667, 2273, 365, 365, -1734
-9667, 2273, 365, 365, -1734
-9668, 2273, 365, 365, -1734
-9666, 2273, 365, 365, -1734
-9667, 2273, 365, 365, -1734
-9667, 2273, 365, 365, -1734
-9667, 2273, 365, 365, -1734
-9667, 2273, 367, 367, -1734
-9668, 2273, 366, 366, -1743
-9668, 2273, 366, 366, -1743
-9666, 2273, 366, 366, -1743
-9666, 2273, 367, 367, -1743
-9666, 2273, 367, 367, -1743
-9666, 2273, 366, 366, -1743
-9666, 2273, 366, 366, -1743
-9665, 2273, 366, 366, -1743
-9667, 2273, 367, 367, -1743
-9667, 2273, 367, 367, -1743
-9665, 2272, 367, 367, -1743
-9667, 2273, 367, 367, -1743
-9666, 2273, 366, 366, -1743
-9665, 2273, 366, 366, -1743
-9665, 2273, 366, 366, -1743
-9665, 2273, 367, 367, -1743
-9665, 2272, 368, 368, -1743
-9667, 2272, 367, 367, -1743
-9667, 2272, 367, 367, -1743
-9665, 2273, 367, 367, -1743
-9667, 2273, 367, 367, -1743
-9665, 2273, 367, 367, -1743
-9664, 2273, 367, 367, -1743
-9664, 2274, 368, 368, -1743
-9664, 2274, 368, 368, -1743
-9666, 2272, 367, 367, -1743
-9667, 2273, 366, 366, -1743
-9667, 2273, 366, 366, -1743
-9665, 2273, 367, 367, -1743
-9664, 2272, 368, 368, -1743
-9664, 2272, 368, 368, -1743
-9664, 2273, 369, 369, -1743
-9664, 2271, 368, 368, -1743
-9665, 2272, 368, 368, -1743
-9665, 2272, 368, 368, -1743
-9664, 2272, 368, 368, -1743
-9664, 2273, 368, 368, -1743
-9665, 2273, 368, 368, -1743
-9665, 2272, 368, 368, -1743
-9663, 2273, 369, 369, -1743
-9663, 2273, 369, 369, -1743
-9664, 2273, 369, 369, -1743
-9665, 2273, 368, 368, -1743
-9665, 2273, 368, 368, -1743
-9663, 2271, 369, 369, -1743
-9663, 2271, 369, 369, -1743
-9665, 2272, 369, 369, -1743
-9665, 2273, 368, 368, -1743
-9665, 2274, 369, 369, -1743
-9665, 2272, 369, 369, -1743
-9665, 2272, 369, 369, -1743
-9665, 2272, 368, 368, -1750
-9664, 2272, 369, 369, -1750
-9664, 2272, 369, 369, -1750
-9664, 2272, 369, 369, -1750
-9664, 2272, 369, 369, -1750
-9663, 2272, 370, 370, -1750
-9666, 2273, 368, 368, -1750
-9662, 2273, 370, 370, -1750
-9662, 2273, 370, 370, -1750
-9663, 2273, 369, 369, -1750
-9664, 2273, 369, 369, -1750
-9665, 2272, 368, 368, -1750
-9665, 2272, 368, 368, -1750
-9665, 2273, 369, 369, -1750
-9663, 2272, 369, 369, -1750
-9664, 2272, 369, 369, -1750
-9664, 2272, 369, 369, -1750
-9664, 2272, 369, 369, -1750
-9663, 2272, 369, 369, -1750
-9663, 2272, 369, 369, -1750
-9664, 2273, 370, 370, -1750
-9662, 2272, 369, 369, -1750
-9662, 2272, 369, 369, -1750
-9662, 2272, 370, 370, -1750
-9693, 2254, 342, 342, -1750
-9693, 2254, 342, 342, -1750
-9701, 2256, 334, 334, -1750
-9704, 2255, 329, 329, -1750
-9706, 2254, 326, 326, -1752
-9706, 2254, 326, 326, -1752
-9710, 2252, 323, 323, -1752
-9710, 2252, 323, 323, -1752
-9709, 2255, 323, 323, -1752
-9711, 2253, 323, 323, -1752
-9710, 2255, 321, 321, -1752
-9713, 2253, 321, 321, -1752
-9713, 2253, 321, 321, -1752
-9715, 2253, 319, 319, -1752
-9715, 2254, 318, 318, -1752
-9715, 2254, 318, 318, -1752
-9713, 2253, 319, 319, -1752
-9715, 2253, 318, 318, -1752
-9715, 2253, 318, 318, -1752
-9713, 2253, 318, 318, -1752
-9713, 2253, 318, 318, -1752
-9717, 2253, 317, 317, -1752
-9717, 2254, 317, 317, -1752
-9717, 2253, 316, 316, -1752
-9717, 2253, 316, 316, -1752
-9717, 2253, 316, 316, -1752
-9716, 2253, 317, 317, -1752
-9718, 2253, 315, 315, -1752
-9718, 2253, 315, 315, -1752
-9718, 2253, 315, 315, -1752
-9719, 2253, 314, 314, -1734
-9719, 2253, 314, 314, -1734
-9718, 2252, 314, 314, -1734
-9720, 2253, 313, 313, -1734
-9720, 2253, 313, 313, -1734
-9718, 2252, 313, 313, -1734
-9719, 2252, 313, 313, -1734
-9719, 2254, 313, 313, -1734
-9721, 2252, 312, 312, -1734
-9722, 2253, 312, 312, -1734
-9720, 2253, 312, 312, -1734
-9720, 2253, 312, 312, -1734
-9720, 2253, 312, 312, -1734
-9720, 2254, 312, 312, -1734
-9723, 2253, 311, 311, -1734
-9723, 2253, 311, 311, -1734
-9723, 2253, 311, 311, -1734
-9723, 2253, 311, 311, -1734
-9721, 2252, 311, 311, -1734
-9722, 2253, 310, 310, -1734
-9722, 2253, 310, 310, -1734
-9722, 2253, 310, 310, -1748
-9723, 2254, 310, 310, -1748
-9723, 2254, 310, 310, -1748
-9722, 2252, 310, 310, -1748
-9723, 2253, 310, 310, -1748
-9723, 2253, 309, 309, -1748
-9723, 2253, 309, 309, -1748
-9724, 2252, 309, 309, -1748
-9724, 2253, 309, 309, -1748
-9724, 2252, 309, 309, -1748
-9723, 2252, 309, 309, -1748
-9723, 2252, 309, 309, -1748
-9724, 2253, 309, 309, -1748
-9722, 2254, 310, 310, -1748
-9722, 2253, 310, 310, -1748
-9723, 2253, 310, 310, -1748
-9723, 2253, 310, 310, -1748
-9724, 2253, 309, 309, -1748
-9724, 2253, 309, 309, -1748
-9724, 2253, 309, 309, -1748
-9723, 2253, 309, 309, -1748
-9723, 2253, 309, 309, -1748
-9722, 2253, 309, 309, -1748
-9724, 2253, 309, 309, -1748
-9724, 2252, 308, 308, -1748
-9725, 2253, 308, 308, -1737
-9725, 2252, 308, 308, -1737
-9726, 2252, 308, 308, -1737
-9726, 2252, 308, 308, -1737
-9726, 2253, 308, 308, -1737
-9726, 2253, 309, 309, -1737
-9726, 2253, 309, 309, -1737
-9725, 2253, 308, 308, -1737
-9724, 2253, 309, 309, -1737
-9724, 2253, 308, 308, -1737
-9726, 2253, 308, 308, -1737
-9724, 2254, 308, 308, -1737
-9725, 2253, 308, 308, -1737
-9726, 2252, 308, 308, -1737
-9726, 2252, 308, 308, -1737
-9726, 2253, 307, 307, -1737
-9724, 2254, 307, 307, -1737
-9724, 2254, 307, 307, -1737
-9724, 2253, 307, 307, -1737
-9724, 2253, 307, 307, -1737
-9725, 2253, 307, 307, -1737
-9726, 2253, 307, 307, -1737
-9726, 2253, 307, 307, -1737
-9726, 2253, 307, 307, -1737
-9725, 2253, 307, 307, -1745
-9725, 2253, 307, 307, -1745
-9727, 2253, 307, 307, -1745
-9727, 2253, 307, 307, -1745
-9724, 2253, 307, 307, -1745
-9725, 2253, 308, 308, -1745
-9726, 2254, 307, 307, -1745
-9726, 2254, 307, 307, -1745
-9726, 2253, 307, 307, -1745
-9722, 2252, 308, 308, -1745
-9725, 2254, 309, 309, -1745
-9686, 2271, 343, 343, -1745
-9686, 2271, 343, 343, -1745
-9681, 2272, 350, 350, -1745
-9681, 2272, 350, 350, -1745
-9682, 2272, 351, 351, -1745
-9679, 2272, 352, 352, -1745
-9679, 2272, 355, 355, -1745
-9676, 2272, 356, 356, -1745
-9677, 2272, 356, 356, -1745
-9677, 2272, 356, 356, -1745
-9675, 2273, 356, 356, -1745
-9676, 2272, 357, 357, -1745
-9676, 2272, 357, 357, -1745
-9675, 2272, 358, 358, -1745
-9673, 2272, 358, 358, -1745
-9673, 2272, 358, 358, -1745
-9674, 2273, 359, 359, -1741
-9674, 2273, 359, 359, -1741
-9674, 2273, 359, 359, -1741
-9673, 2272, 359, 359, -1741
-9674, 2273, 360, 360, -1741
-9674, 2273, 360, 360, -1741
-9672, 2272, 360, 360, -1741
-9672, 2272, 360, 360, -1741
-9672, 2272, 360, 360, -1741
-9671, 2273, 361, 361, -1741
-9672, 2274, 361, 361, -1741
-9672, 2274, 361, 361, -1741
-9672, 2274, 361, 361, -1741
-9672, 2273, 361, 361, -1741
-9672, 2273, 361, 361, -1741
-9672, 2273, 362, 362, -1741
-9672, 2273, 362, 362, -1741
-9669, 2273, 362, 362, -1741
-9669, 2273, 362, 362, -1741
-9672, 2274, 362, 362, -1741
-9670, 2273, 362, 362, -1741
-9671, 2273, 362, 362, -1741
-9671, 2272, 362, 362, -1741
-9669, 2272, 363, 363, -1741
-9669, 2272, 363, 363, -1741
-9671, 2273, 362, 362, -1741
-9670, 2273, 363, 363, -1741
-9668, 2273, 363, 363, -1739
-9668, 2273, 363, 363, -1739
-9670, 2273, 363, 363, -1739
-9670, 2273, 363, 363, -1739
-9667, 2273, 364, 364, -1739
-9668, 2273, 365, 365, -1739
-9668, 2273, 365, 365, -1739
-9668, 2273, 365, 365, -1739
-9670, 2272, 365, 365, -1739
-9667, 2273, 365, 365, -1739
-9667, 2273, 365, 365, -1739
-9670, 2272, 364, 364, -1739
-9667, 2273, 364, 364, -1739
-9669, 2273, 365, 365, -1739
-9669, 2273, 365, 365, -1739
-9667, 2273, 365, 365, -1739
-9667, 2272, 365, 365, -1739
-9668, 2274, 366, 366, -1739
-9667, 2273, 365, 365, -1739
-9667, 2273, 365, 365, -1739
-9669, 2273, 365, 365, -1739
-9666, 2273, 365, 365, -1739
-9666, 2273, 366, 366, -1739
-9666, 2274, 366, 366, -1739
-9667, 2274, 366, 366, -1739
-9667, 2274, 366, 366, -1739
-9666, 2273, 365, 365, -1739
-9666, 2273, 366, 366, -1750
-9666, 2273, 366, 366, -1750
-9666, 2273, 366, 366, -1750
-9666, 2273, 366, 366, -1750
-9666, 2274, 366, 366, -1750
-9666, 2274, 366, 366, -1750
-9668, 2273, 365, 365, -1750
-9667, 2273, 366, 366, -1750
-9666, 2273, 367, 367, -1750
-9667, 2273, 366, 366, -1750
-9667, 2273, 366, 366, -1750
-9667, 2273, 366, 366, -1750
-9665, 2273, 366, 366, -1750
-9665, 2273, 366, 366, -1750
-9667, 2273, 366, 366, -1750
-9665, 2274, 367, 367, -1750
-9666, 2273, 366, 366, -1750
-9666, 2274, 366, 366, -1750
-9666, 2274, 367, 367, -1750
-9666, 2274, 367, 367, -1750
-9666, 2274, 367, 367, -1750
-9666, 2273, 367, 367, -1750
-9666, 2273, 367, 367, -1750
-9666, 2273, 367, 367, -1750
-9666, 2273, 367, 367, -1750
-9665, 2273, 367, 367, -1750
-9666, 2273, 367, 367, -1741
-9666, 2273, 367, 367, -1741
-9664, 2274, 368, 368, -1741
-9664, 2273, 368, 368, -1741
-9665, 2273, 367, 367, -1741
-9664, 2273, 368, 368, -1741
-9666, 2273, 368, 368, -1741
-9665, 2273, 368, 368, -1741
-9667, 2273, 367, 367, -1741
-9667, 2273, 367, 367, -1741
-9664, 2273, 368, 368, -1741
-9664, 2273, 368, 368, -1741
-9666, 2273, 368, 368, -1741
-9666, 2273, 368, 368, -1741
-9665, 2273, 368, 368, -1741
-9664, 2273, 368, 368, -1741
-9666, 2272, 368, 368, -1741
-9666, 2272, 368, 368, -1741
-9666, 2272, 367, 367, -1741
-9664, 2272, 368, 368, -1741
-9664, 2272, 368, 368, -1741
-9664, 2272, 369, 369, -1741
-9664, 2272, 369, 369, -1741
-9663, 2272, 369, 369, -1741
-9665, 2272, 369, 369, -1741
-9664, 2272, 368, 368, -1741
-9664, 2272, 368, 368, -1741
-9664, 2272, 368, 368, -1741
-9665, 2272, 368, 368, -1739
-9664, 2272, 368, 368, -1739
-9664, 2272, 368, 368, -1739
-9664, 2272, 369, 369, -1739
-9664, 2272, 369, 369, -1739
-9696, 2254, 345, 345, -1739
-9704, 2254, 330, 330, -1739
-9704, 2254, 330, 330, -1739
-9708, 2254, 326, 326, -1739
-9708, 2254, 326, 326, -1739
-9709, 2253, 324, 324, -1739
-9711, 2254, 321, 321, -1739
-9711, 2254, 321, 321, -1739
-9713, 2252, 319, 319, -1739
-9713, 2252, 319, 319, -1739
-9712, 2253, 320, 320, -1739
-9715, 2253, 319, 319, -1739
-9715, 2253, 319, 319, -1739
-9716, 2253, 317, 317, -1739
-9717, 2254, 317, 317, -1739
-9717, 2253, 316, 316, -1739
-9717, 2253, 316, 316, -1739
-9717, 2252, 316, 316, -1739
-9716, 2254, 316, 316, -1739
-9719, 2254, 315, 315, -1739
-9716, 2253, 316, 316, -1745
-9717, 2253, 315, 315, -1745
-9718, 2253, 314, 314, -1745
-9718, 2253, 314, 314, -1745
-9719, 2254, 314, 314, -1745
-9719, 2254, 314, 314, -1745
-9720, 2252, 313, 313, -1745
-9720, 2252, 313, 313, -1745
-9720, 2252, 313, 313, -1745
-9721, 2253, 313, 313, -1745
-9720, 2252, 313, 313, -1745
-9721, 2254, 313, 313, -1745
-9721, 2253, 312, 312, -1745
-9720, 2253, 313, 313, -1745
-9719, 2253, 312, 312, -1745
-9719, 2253, 312, 312, -1745
-9721, 2252, 311, 311, -1745
-9721, 2252, 311, 311, -1745
-9723, 2252, 311, 311, -1745
-9722, 2252, 312, 312, -1745
-9720, 2253, 312, 312, -1745
-9720, 2253, 312, 312, -1745
-9721, 2253, 311, 311, -1745
-9721, 2253, 311, 311, -1745
-9721, 2252, 311, 311, -1745
-9723, 2253, 310, 310, -1745
-9723, 2253, 310, 310, -1745
-9724, 2253, 309, 309, -1752
-9724, 2253, 309, 309, -1752
-9724, 2252, 309, 309, -1752
-9724, 2252, 310, 310, -1752
-9724, 2252, 310, 310, -1752
-9723, 2253, 310, 310, -1752
-9721, 2253, 310, 310, -1752
-9723, 2253, 310, 310, -1752
-9724, 2252, 309, 309, -1752
-9722, 2253, 310, 310, -1752
-9724, 2252, 310, 310, -1752
-9725, 2252, 309, 309, -1752
-9725, 2253, 308, 308, -1752
-9725, 2253, 308, 308, -1752
-9724, 2253, 308, 308, -1752
-9724, 2253, 308, 308, -1752
-9725, 2253, 308, 308, -1752
-9723, 2254, 309, 309, -1752
-9725, 2253, 308, 308, -1752
-9725, 2251, 309, 309, -1752
-9725, 2251, 309, 309, -1752
-9723, 2253, 309, 309, -1752
-9724, 2253, 308, 308, -1752
-9724, 2253, 308, 308, -1752
-9724, 2252, 308, 308, -1752
-9727, 2252, 307, 307, -1739
-9724, 2253, 308, 308, -1739
-9726, 2253, 307, 307, -1739
-9724, 2252, 308, 308, -1739
-9724, 2252, 308, 308, -1739
-9727, 2253, 307, 307, -1739
-9727, 2253, 307, 307, -1739
-9726, 2254, 306, 306, -1739
-9725, 2254, 307, 307, -1739
-9727, 2253, 306, 306, -1739
-9727, 2253, 306, 306, -1739
-9727, 2253, 306, 306, -1739
-9726, 2253, 306, 306, -1739
-9726, 2253, 306, 306, -1739
-9726, 2254, 306, 306, -1739
-9726, 2254, 306, 306, -1739
-9727, 2253, 306, 306, -1739
-9726, 2253, 306, 306, -1739
-9727, 2253, 306, 306, -1739
-9727, 2253, 306, 306, -1739
-9724, 2254, 307, 307, -1739
-9726, 2252, 306, 306, -1739
-9727, 2253, 306, 306, -1739
-9726, 2252, 306, 306, -1739
-9726, 2252, 306, 306, -1739
-9727, 2253, 306, 306, -1743
-9727, 2252, 306, 306, -1743
-9727, 2252, 306, 306, -1743
-9728, 2253, 306, 306, -1743
-9727, 2252, 305, 305, -1743
-9727, 2253, 306, 306, -1743
-9726, 2253, 306, 306, -1743
-9726, 2253, 306, 306, -1743
-9728, 2253, 304, 304, -1743
-9728, 2253, 304, 304, -1743
-9727, 2253, 306, 306, -1743
-9725, 2253, 306, 306, -1743
-9728, 2253, 305, 305, -1743
-9727, 2253, 305, 305, -1743
-9727, 2253, 305, 305, -1743
-9724, 2252, 306, 306, -1743
-9726, 2254, 306, 306, -1743
-9689, 2270, 341, 341, -1743
-9689, 2270, 341, 341, -1743
-9686, 2272, 346, 346, -1743
-9683, 2273, 349, 349, -1743
-9682, 2272, 350, 350, -1743
-9683, 2273, 350, 350, -1743
-9680, 2271, 351, 351, -1743
-9679, 2273, 353, 353, -1743
-9679, 2273, 353, 353, -1743
-9678, 2273, 354, 354, -1743
-9677, 2273, 355, 355, -1754
-9678, 2273, 355, 355, -1754
-9678, 2273, 355, 355, -1754
-9675, 2272, 357, 357, -1754
-9675, 2272, 357, 357, -1754
-9677, 2273, 357, 357, -1754
-9675, 2272, 357, 357, -1754
-9675, 2272, 357, 357, -1754
-9675, 2273, 358, 358, -1754
-9675, 2273, 358, 358, -1754
-9675, 2273, 358, 358, -1754
-9674, 2272, 358, 358, -1754
-9675, 2272, 358, 358, -1754
-9673, 2273, 360, 360, -1754
-9673, 2273, 360, 360, -1754
-9674, 2273, 359, 359, -1754
-9673, 2273, 360, 360, -1754
-9673, 2272, 360, 360, -1754
-9673, 2272, 359, 359, -1754
-9673, 2272, 360, 360, -1754
-9673, 2272, 360, 360, -1754
-9673, 2272, 360, 360, -1754
-9671, 2274, 361, 361, -1754
-9671, 2274, 361, 361, -1754
-9672, 2273, 362, 362, -1754
-9673, 2273, 361, 361, -1754
-9672, 2272, 361, 361, -1754
-9672, 2273, 362, 362, -1737
-9670, 2273, 362, 362, -1737
-9672, 2273, 362, 362, -1737
-9670, 2274, 361, 361, -1737
-9671, 2272, 362, 362, -1737
-9671, 2272, 362, 362, -1737
-9671, 2272, 362, 362, -1737
-9671, 2272, 362, 362, -1737
-9671, 2272, 362, 362, -1737
-9669, 2272, 363, 363, -1737
-9671, 2272, 363, 363, -1737
-9669, 2272, 363, 363, -1737
-9669, 2272, 363, 363, -1737
-9670, 2273, 363, 363, -1737
-9669, 2272, 363, 363, -1737
-9671, 2272, 363, 363, -1737
-9668, 2273, 364, 364, -1737
-9668, 2273, 364, 364, -1737
-9668, 2273, 364, 364, -1737
-9671, 2274, 364, 364, -1737
-9671, 2274, 364, 364, -1737
-9668, 2272, 364, 364, -1737
-9668, 2272, 364, 364, -1737
-9668, 2272, 364, 364, -1737
-9669, 2272, 364, 364, -1737
-9668, 2273, 365, 365, -1737
-9668, 2273, 365, 365, -1737
-9669, 2273, 365, 365, -1748
-9668, 2272, 364, 364, -1748
-9667, 2273, 365, 365, -1748
-9669, 2272, 364, 364, -1748
-9667, 2273, 365, 365, -1748
-9667, 2273, 365, 365, -1748
-9667, 2272, 365, 365, -1748
-9666, 2273, 365, 365, -1748
-9666, 2273, 365, 365, -1748
-9668, 2272, 365, 365, -1748
-9668, 2272, 365, 365, -1748
-9667, 2272, 365, 365, -1748
-9667, 2272, 366, 366, -1748
-9667, 2272, 366, 366, -1748
-9667, 2273, 365, 365, -1748
-9669, 2273, 365, 365, -1748
-9669, 2273, 365, 365, -1748
-9666, 2273, 366, 366, -1748
-9666, 2273, 366, 366, -1748
-9666, 2273, 366, 366, -1748
-9667, 2272, 365, 365, -1748
-9666, 2272, 365, 365, -1748
-9668, 2272, 365, 365, -1748
-9668, 2272, 365, 365, -1748
-9666, 2271, 366, 366, -1748
-9667, 2272, 365, 365, -1748
-9668, 2272, 366, 366, -1748
-9667, 2272, 367, 367, -1748
-9667, 2272, 367, 367, -1748
-9667, 2272, 366, 366, -1748
-9665, 2274, 367, 367, -1748
-9666, 2272, 366, 366, -1748
-9666, 2272, 366, 366, -1748
-9667, 2272, 367, 367, -1748
-9665, 2272, 367, 367, -1748
-9665, 2272, 367, 367, -1748
-9667, 2272, 366, 366, -1748
-9667, 2272, 366, 366, -1748
-9668, 2271, 366, 366, -1748
-9666, 2272, 367, 367, -1748
-9666, 2273, 367, 367, -1748
-9666, 2271, 367, 367, -1748
-9666, 2272, 367, 367, -1748
-9666, 2272, 367, 367, -1748
-9667, 2271, 366, 366, -1748
-9667, 2272, 367, 367, -1748
-9665, 2272, 367, 367, -1748
-9665, 2272, 367, 367, -1748
-9667, 2273, 367, 367, -1748
-9665, 2271, 368, 368, -1748
-9666, 2271, 367, 367, -1758
-9664, 2272, 367, 367, -1758
-9664, 2272, 367, 367, -1758
-9666, 2271, 367, 367, -1758
-9666, 2272, 368, 368, -1758
-9666, 2272, 367, 367, -1758
-9666, 2272, 367, 367, -1758
-9666, 2271, 368, 368, -1758
-9666, 2272, 367, 367, -1758
-9666, 2272, 367, 367, -1758
-9664, 2272, 368, 368, -1758
-9666, 2271, 368, 368, -1758
-9664, 2272, 368, 368, -1758
-9664, 2272, 368, 368, -1758
-9698, 2252, 344, 344, -1758
-9702, 2253, 331, 331, -1758
-9707, 2253, 326, 326, -1758
-9707, 2253, 326, 326, -1758
-9709, 2252, 323, 323, -1758
-9712, 2253, 322, 322, -1758
-9712, 2252, 321, 321, -1758
-9712, 2252, 321, 321, -1758
-9712, 2253, 320, 320, -1758
-9712, 2253, 320, 320, -1758
-9715, 2252, 319, 319, -1758
-9715, 2252, 318, 318, -1758
-9714, 2253, 318, 318, -1758
-9716, 2253, 317, 317, -1758
-9715, 2253, 316, 316, -1752
-9715, 2253, 316, 316, -1752
-9719, 2252, 315, 315, -1752
-9719, 2252, 315, 315, -1752
-9717, 2252, 315, 315, -1752
-9718, 2252, 315, 315, -1752
-9718, 2253, 314, 314, -1752
-9718, 2253, 314, 314, -1752
-9720, 2253, 313, 313, -1752
-9720, 2253, 313, 313, -1752
-9720, 2252, 313, 313, -1752
-9719, 2252, 313, 313, -1752
-9719, 2253, 312, 312, -1752
-9719, 2253, 312, 312, -1752
-9721, 2253, 312, 312, -1752
-9720, 2253, 312, 312, -1752
-9722, 2253, 311, 311, -1752
-9722, 2253, 311, 311, -1752
-9720, 2254, 311, 311, -1752
-9722, 2253, 310, 310, -1752
-9722, 2253, 311, 311, -1752
-9722, 2253, 311, 311, -1752
-9722, 2253, 310, 310, -1748
-9722, 2253, 310, 310, -1748
-9721, 2253, 310, 310, -1748
-9721, 2253, 310, 310, -1748
-9723, 2253, 311, 311, -1748
-9722, 2253, 310, 310, -1748
-9722, 2253, 310, 310, -1748
-9724, 2253, 310, 310, -1748
-9723, 2253, 309, 309, -1748
-9721, 2253, 309, 309, -1748
-9723, 2254, 309, 309, -1748
-9723, 2254, 309, 309, -1748
-9724, 2252, 309, 309, -1748
-9724, 2253, 309, 309, -1748
-9724, 2253, 308, 308, -1748
-9723, 2252, 309, 309, -1748
-9723, 2252, 309, 309, -1748
-9724, 2253, 308, 308, -1748
-9725, 2253, 308, 308, -1748
-9725, 2253, 308, 308, -1748
-9725, 2253, 308, 308, -1748
-9724, 2253, 308, 308, -1748
-9725, 2252, 308, 308, -1748
-9725, 2252, 308, 308, -1748
-9724, 2253, 308, 308, -1748
-9724, 2253, 308, 308, -1748
-9726, 2253, 308, 308, -1741
-9726, 2253, 308, 308, -1741
-9726, 2253, 308, 308, -1741
-9725, 2253, 306, 306, -1741
-9726, 2252, 307, 307, -1741
-9727, 2252, 306, 306, -1741
-9724, 2253, 307, 307, -1741
-9725, 2252, 307, 307, -1741
-9727, 2253, 306, 306, -1741
-9725, 2253, 307, 307, -1741
-9725, 2253, 307, 307, -1741
-9727, 2254, 306, 306, -1741
-9727, 2254, 306, 306, -1741
-9727, 2253, 306, 306, -1741
-9726, 2254, 306, 306, -1741
-9726, 2254, 306, 306, -1741
-9727, 2254, 306, 306, -1741
-9726, 2253, 305, 305, -1741
-9725, 2253, 306, 306, -1741
-9728, 2254, 306, 306, -1741
-9727, 2252, 306, 306, -1741
-9726, 2254, 307, 307, -1741
-9726, 2254, 307, 307, -1741
-9724, 2253, 307, 307, -1741
-9728, 2253, 306, 306, -1741
-9728, 2253, 305, 305, -1741
-9728, 2253, 305, 305, -1741
-9728, 2254, 305, 305, -1741
-9727, 2253, 305, 305, -1754
-9729, 2253, 305, 305, -1754
-9728, 2253, 306, 306, -1754
-9728, 2253, 306, 306, -1754
-9726, 2253, 305, 305, -1754
-9728, 2252, 305, 305, -1754
-9727, 2252, 305, 305, -1754
-9729, 2253, 304, 304, -1754
-9726, 2253, 305, 305, -1754
-9728, 2254, 305, 305, -1754
-9728, 2254, 305, 305, -1754
-9728, 2254, 305, 305, -1754
-9728, 2254, 305, 305, -1754
-9728, 2253, 305, 305, -1754
-9729, 2253, 304, 304, -1754
-9729, 2253, 304, 304, -1754
-9729, 2253, 304, 304, -1754
-9729, 2253, 304, 304, -1754
-9728, 2253, 304, 304, -1754
-9727, 2254, 307, 307, -1754
-9689, 2271, 343, 343, -1754
-9686, 2271, 345, 345, -1741
-9685, 2272, 347, 347, -1741
-9683, 2272, 349, 349, -1741
-9680, 2272, 351, 351, -1741
-9681, 2273, 352, 352, -1741
-9680, 2272, 353, 353, -1741
-9678, 2272, 353, 353, -1741
-9679, 2272, 353, 353, -1741
-9678, 2272, 355, 355, -1741
-9678, 2272, 355, 355, -1741
-9678, 2272, 356, 356, -1741
-9678, 2272, 356, 356, -1741
-9677, 2273, 356, 356, -1741
-9676, 2274, 357, 357, -1741
-9676, 2274, 357, 357, -1741
-9677, 2272, 357, 357, -1741
-9676, 2273, 357, 357, -1741
-9676, 2273, 357, 357, -1741
-9675, 2272, 358, 358, -1741
-9674, 2272, 358, 358, -1741
-9676, 2272, 358, 358, -1741
-9675, 2272, 358, 358, -1741
-9675, 2272, 358, 358, -1741
-9674, 2273, 358, 358, -1741
-9672, 2273, 359, 359, -1741
-9672, 2272, 360, 360, -1741
-9673, 2272, 360, 360, -1748
-9674, 2273, 359, 359, -1748
-9674, 2273, 359, 359, -1748
-9672, 2272, 360, 360, -1748
-9674, 2272, 360, 360, -1748
-9674, 2272, 360, 360, -1748
-9671, 2273, 361, 361, -1748
-9672, 2272, 361, 361, -1748
-9672, 2272, 361, 361, -1748
-9671, 2272, 361, 361, -1748
-9669, 2273, 362, 362, -1748
-9669, 2273, 362, 362, -1748
-9671, 2273, 361, 361, -1748
-9670, 2273, 362, 362, -1748
-9670, 2273, 362, 362, -1748
-9671, 2273, 361, 361, -1748
-9671, 2273, 361, 361, -1748
-9672, 2272, 361, 361, -1748
-9670, 2273, 362, 362, -1748
-9669, 2272, 363, 363, -1748
-9669, 2272, 363, 363, -1748
-9671, 2273, 362, 362, -1748
-9671, 2273, 362, 362, -1748
-9671, 2272, 363, 363, -1748
-9669, 2273, 363, 363, -1748
-9671, 2272, 363, 363, -1748
-9671, 2272, 363, 363, -1748
-9672, 2272, 361, 361, -1748
-9670, 2273, 363, 363, -1748
-9670, 2273, 363, 363, -1748
-9668, 2271, 363, 363, -1748
-9671, 2273, 363, 363, -1748
-9670, 2272, 363, 363, -1748
-9669, 2272, 363, 363, -1748
-9668, 2272, 364, 364, -1748
-9670, 2272, 363, 363, -1748
-9668, 2272, 364, 364, -1748
-9668, 2272, 364, 364, -1748
-9669, 2272, 364, 364, -1748
-9668, 2272, 364, 364, -1748
-9670, 2272, 364, 364, -1748
-9668, 2272, 365, 365, -1748
-9669, 2272, 363, 363, -1748
-9669, 2272, 364, 364, -1748
-9668, 2273, 364, 364, -1748
-9669, 2273, 364, 364, -1748
-9669, 2272, 364, 364, -1748
-9669, 2272, 364, 364, -1748
-9670, 2274, 364, 364, -1748
-9669, 2272, 363, 363, -1748
-9669, 2272, 363, 363, -1748
-9667, 2272, 365, 365, -1748
-9669, 2273, 364, 364, -1748
-9668, 2272, 364, 364, -1743
-9668, 2272, 364, 364, -1743
-9666, 2273, 366, 366, -1743
-9669, 2273, 365, 365, -1743
-9668, 2272, 365, 365, -1743
-9668, 2272, 365, 365, -1743
-9669, 2271, 364, 364, -1743
-9669, 2272, 364, 364, -1743
-9669, 2272, 364, 364, -1743
-9667, 2272, 365, 365, -1743
-9668, 2272, 366, 366, -1743
-9668, 2272, 366, 366, -1743
-9667, 2272, 365, 365, -1743
-9667, 2272, 364, 364, -1743
-9669, 2273, 365, 365, -1743
-9669, 2273, 365, 365, -1743
-9669, 2271, 365, 365, -1743
-9667, 2272, 365, 365, -1743
-9668, 2272, 365, 365, -1743
-9668, 2272, 365, 365, -1743
-9666, 2272, 366, 366, -1743
-9666, 2272, 366, 366, -1743
-9667, 2272, 366, 366, -1743
-9667, 2272, 366, 366, -1743
-9667, 2272, 366, 366, -1743
-9666, 2272, 367, 367, -1743
-9666, 2272, 366, 366, -1743
-9667, 2272, 366, 366, -1752
-9667, 2272, 366, 366, -1752
-9667, 2272, 365, 365, -1752
-9667, 2272, 365, 365, -1752
-9665, 2272, 367, 367, -1752
-9665, 2273, 366, 366, -1752
-9666, 2273, 367, 367, -1752
-9666, 2273, 367, 367, -1752
-9664, 2272, 367, 367, -1752
-9664, 2272, 367, 367, -1752
-9665, 2273, 368, 368, -1752
-9666, 2272, 367, 367, -1752
-9665, 2272, 367, 367, -1752
-9668, 2272, 367, 367, -1752
-9668, 2272, 367, 367, -1752
-9665, 2272, 367, 367, -1752
-9667, 2272, 367, 367, -1752
-9667, 2272, 367, 367, -1752
-9666, 2273, 367, 367, -1752
-9667, 2272, 367, 367, -1752
-9665, 2273, 367, 367, -1752
-9665, 2272, 367, 367, -1752
-9667, 2272, 367, 367, -1752
-9665, 2273, 367, 367, -1752
-9664, 2273, 367, 367, -1752
-9699, 2219, 359, 359, -1752
-9750, 2229, 304, 304, -1750
-9767, 2231, 269, 269, -1750
-9769, 2229, 266, 266, -1750
-9769, 2229, 266, 266, -1750
-9773, 2229, 260, 260, -1750
-9773, 2229, 260, 260, -1750
-9777, 2231, 256, 256, -1750
-9777, 2231, 256, 256, -1750
-9779, 2230, 254, 254, -1750
-9780, 2229, 253, 253, -1750
-9782, 2229, 252, 252, -1750
-9782, 2230, 251, 251, -1750
-9783, 2230, 250, 250, -1750
-9783, 2231, 249, 249, -1750
-9785, 2230, 248, 248, -1750
-9787, 2231, 246, 246, -1750
-9787, 2231, 246, 246, -1750
-9787, 2229, 246, 246, -1750
-9787, 2230, 245, 245, -1750
-9787, 2230, 245, 245, -1750
-9789, 2230, 243, 243, -1750
-9790, 2230, 244, 244, -1750
-9791, 2229, 242, 242, -1750
-9791, 2229, 242, 242, -1750
-9791, 2230, 242, 242, -1750
-9792, 2230, 242, 242, -1750
-9795, 2229, 241, 241, -1750
-9793, 2231, 240, 240, -1750
-9794, 2231, 240, 240, -1750
-9791, 2230, 240, 240, -1750
-9791, 2230, 240, 240, -1750
-9794, 2229, 239, 239, -1750
-9794, 2229, 239, 239, -1750
-9793, 2231, 239, 239, -1750
-9795, 2229, 239, 239, -1750
-9795, 2229, 239, 239, -1750
-9795, 2230, 238, 238, -1750
-9796, 2229, 238, 238, -1750
-9796, 2229, 238, 238, -1750
-9798, 2229, 236, 236, -1750
-9796, 2230, 236, 236, -1750
-9797, 2229, 236, 236, -1750
-9797, 2229, 236, 236, -1750
-9796, 2230, 236, 236, -1750
-9798, 2230, 236, 236, -1750
-9800, 2231, 234, 234, -1750
-9800, 2231, 234, 234, -1750
-9798, 2230, 235, 235, -1750
-9798, 2230, 235, 235, -1750
-9798, 2230, 235, 235, -1750
-9798, 2230, 234, 234, -1750
-9798, 2230, 234, 234, -1750
-9800, 2231, 233, 233, -1750
-9801, 2231, 233, 233, -1741
-9802, 2230, 232, 232, -1741
-9802, 2230, 232, 232, -1741
-9800, 2231, 232, 232, -1741
-9800, 2231, 232, 232, -1741
-9799, 2231, 233, 233, -1741
-9800, 2230, 233, 233, -1741
-9801, 2231, 232, 232, -1741
-9801, 2231, 232, 232, -1741
-9802, 2231, 232, 232, -1741
-9802, 2231, 231, 231, -1741
-9802, 2231, 231, 231, -1741
-9801, 2232, 231, 231, -1741
-9801, 2231, 230, 230, -1741
-9801, 2231, 230, 230, -1741
-9804, 2231, 230, 230, -1741
-9802, 2231, 230, 230, -1741
-9802, 2231, 230, 230, -1741
-9802, 2231, 230, 230, -1741
-9804, 2232, 229, 229, -1741
-9804, 2232, 229, 229, -1741
-9804, 2231, 230, 230, -1741
-9804, 2231, 230, 230, -1741
-9804, 2231, 229, 229, -1741
-9805, 2231, 229, 229, -1741
-9805, 2231, 229, 229, -1741
-9804, 2230, 229, 229, -1741
-9803, 2231, 230, 230, -1741
-9805, 2232, 228, 228, -1734
-9805, 2232, 228, 228, -1734
-9805, 2231, 228, 228, -1734
-9805, 2231, 227, 227, -1734
-9805, 2231, 227, 227, -1734
-9805, 2232, 228, 228, -1734
-9805, 2232, 228, 228, -1734
-9805, 2231, 228, 228, -1734
-9806, 2231, 227, 227, -1734
-9805, 2232, 227, 227, -1734
-9805, 2232, 227, 227, -1734
-9808, 2232, 226, 226, -1734
-9808, 2232, 226, 226, -1734
-9806, 2231, 227, 227, -1734
-9806, 2232, 227, 227, -1734
-9808, 2231, 226, 226, -1734
-9806, 2231, 227, 227, -1734
-9806, 2231, 227, 227, -1734
-9808, 2232, 226, 226, -1734
-9808, 2232, 226, 226, -1734
-9808, 2231, 225, 225, -1734
-9808, 2231, 225, 225, -1734
-9808, 2231, 225, 225, -1734
-9808, 2231, 225, 225, -1734
-9806, 2232, 225, 225, -1750
-9806, 2232, 225, 225, -1750
-9808, 2232, 225, 225, -1750
-9808, 2232, 225, 225, -1750
-9807, 2231, 226, 226, -1750
-9808, 2231, 226, 226, -1750
-9808, 2232, 225, 225, -1750
-9809, 2231, 225, 225, -1750
-9808, 2231, 224, 224, -1750
-9808, 2231, 224, 224, -1750
-9807, 2231, 225, 225, -1750
-9808, 2233, 227, 227, -1750
-9808, 2233, 227, 227, -1750
-9736, 2264, 281, 281, -1750
-9730, 2266, 300, 300, -1750
-9724, 2267, 307, 307, -1750
-9719, 2268, 311, 311, -1750
-9717, 2269, 314, 314, -1750
-9714, 2269, 317, 317, -1750
-9712, 2269, 320, 320, -1750
-9710, 2270, 322, 322, -1750
-9709, 2269, 322, 322, -1750
-9709, 2269, 322, 322, -1750
-9709, 2269, 323, 323, -1750
-9706, 2269, 327, 327, -1750
-9704, 2270, 327, 327, -1750
-9704, 2270, 327, 327, -1750
-9704, 2270, 329, 329, -1750
-9702, 2269, 329, 329, -1750
-9702, 2270, 331, 331, -1739
-9702, 2270, 331, 331, -1739
-9702, 2270, 331, 331, -1739
-9703, 2271, 331, 331, -1739
-9699, 2270, 333, 333, -1739
-9700, 2270, 333, 333, -1739
-9700, 2270, 333, 333, -1739
-9700, 2269, 333, 333, -1739
-9699, 2270, 334, 334, -1739
-9698, 2271, 334, 334, -1739
-9698, 2271, 334, 334, -1739
-9698, 2271, 334, 334, -1739
-9698, 2270, 335, 335, -1739
-9697, 2270, 336, 336, -1739
-9697, 2270, 336, 336, -1739
-9697, 2270, 336, 336, -1739
-9696, 2270, 336, 336, -1739
-9695, 2270, 338, 338, -1739
-9695, 2270, 338, 338, -1739
-9694, 2270, 338, 338, -1739
-9696, 2271, 338, 338, -1739
-9694, 2271, 338, 338, -1739
-9695, 2270, 338, 338, -1739
-9694, 2269, 339, 339, -1739
-9693, 2270, 340, 340, -1739
-9693, 2270, 340, 340, -1739
-9693, 2270, 339, 339, -1739
-9692, 2270, 340, 340, -1745
-9692, 2270, 340, 340, -1745
-9693, 2270, 340, 340, -1745
-9693, 2269, 341, 341, -1745
-9691, 2270, 341, 341, -1745
-9691, 2270, 341, 341, -1745
-9692, 2270, 341, 341, -1745
-9691, 2270, 340, 340, -1745
-9692, 2268, 341, 341, -1745
-9692, 2268, 341, 341, -1745
-9691, 2270, 341, 341, -1745
-9691, 2270, 341, 341, -1745
-9691, 2270, 342, 342, -1745
-9690, 2269, 343, 343, -1745
-9690, 2269, 343, 343, -1745
-9689, 2269, 344, 344, -1745
-9690, 2269, 342, 342, -1745
-9689, 2269, 343, 343, -1745
-9689, 2269, 344, 344, -1745
-9689, 2269, 344, 344, -1745
-9690, 2269, 343, 343, -1745
-9688, 2270, 343, 343, -1745
-9689, 2269, 343, 343, -1745
-9688, 2269, 344, 344, -1745
-9689, 2270, 344, 344, -1745
-9691, 2270, 343, 343, -1754
-9691, 2270, 343, 343, -1754
-9689, 2268, 344, 344, -1754
-9689, 2270, 344, 344, -1754
-9689, 2270, 344, 344, -1754
-9687, 2269, 345, 345, -1754
-9688, 2268, 346, 346, -1754
-9686, 2270, 345, 345, -1754
-9688, 2269, 345, 345, -1754
-9688, 2269, 345, 345, -1754
-9688, 2269, 345, 345, -1754
-9687, 2269, 345, 345, -1754
-9687, 2269, 345, 345, -1754
-9688, 2270, 345, 345, -1754
-9688, 2270, 345, 345, -1754
-9687, 2269, 345, 345, -1754
-9687, 2269, 345, 345, -1754
-9687, 2269, 345, 345, -1754
-9687, 2269, 345, 345, -1754
-9685, 2270, 346, 346, -1754
-9685, 2270, 346, 346, -1754
-9687, 2270, 346, 346, -1754
-9685, 2269, 347, 347, -1754
-9685, 2269, 347, 347, -1754
-9687, 2270, 346, 346, -1754
-9686, 2269, 347, 347, -1754
-9686, 2269, 347, 347, -1754
-9686, 2270, 347, 347, -1750
-9686, 2269, 348, 348, -1750
-9685, 2269, 347, 347, -1750
-9685, 2269, 347, 347, -1750
-9684, 2268, 348, 348, -1750
-9686, 2270, 348, 348, -1750
-9684, 2269, 348, 348, -1750
-9685, 2270, 347, 347, -1750
-9685, 2269, 348, 348, -1750
-9684, 2269, 348, 348, -1750
-9686, 2268, 348, 348, -1750
-9685, 2269, 348, 348, -1750
-9685, 2269, 348, 348, -1750
-9685, 2269, 348, 348, -1750
-9685, 2269, 348, 348, -1750
-9684, 2269, 348, 348, -1750
-9684, 2269, 348, 348, -1750
-9685, 2268, 348, 348, -1750
-9685, 2268, 348, 348, -1750
-9683, 2269, 349, 349, -1750
-9685, 2269, 348, 348, -1750
-9685, 2269, 348, 348, -1750
-9684, 2268, 349, 349, -1750
-9684, 2269, 348, 348, -1750
-9683, 2270, 349, 349, -1750
-9684, 2269, 349, 349, -1750
-9684, 2269, 349, 349, -1750
-9684, 2269, 349, 349, -1750
-9683, 2270, 349, 349, -1750
-9684, 2269, 349, 349, -1750
-9683, 2270, 350, 350, -1750
-9720, 2223, 334, 334, -1750
-9720, 2223, 334, 334, -1750
-9766, 2233, 267, 267, -1750
-9766, 2233, 267, 267, -1750
-9773, 2232, 260, 260, -1750
-9773, 2232, 260, 260, -1750
-9777, 2232, 257, 257, -1750
-9781, 2231, 253, 253, -1750
-9781, 2231, 253, 253, -1750
-9781, 2232, 251, 251, -1750
-9781, 2232, 251, 251, -1750
-9784, 2232, 249, 249, -1750
-9783, 2232, 248, 248, -1750
-9790, 2232, 245, 245, -1750
-9789, 2231, 244, 244, -1750
-9790, 2232, 242, 242, -1750
-9790, 2231, 242, 242, -1750
-9790, 2231, 242, 242, -1750
-9791, 2231, 241, 241, -1750
-9794, 2231, 239, 239, -1750
-9794, 2231, 239, 239, -1750
-9793, 2232, 239, 239, -1750
-9794, 2231, 238, 238, -1750
-9794, 2231, 238, 238, -1750
-9795, 2233, 237, 237, -1750
-9795, 2233, 237, 237, -1750
-9795, 2232, 238, 238, -1750
-9795, 2232, 237, 237, -1750
-9797, 2233, 236, 236, -1750
-9797, 2231, 235, 235, -1750
-9797, 2231, 235, 235, -1750
-9797, 2230, 235, 235, -1750
-9797, 2231, 235, 235, -1750
-9797, 2231, 235, 235, -1750
-9799, 2231, 234, 234, -1750
-9799, 2232, 234, 234, -1750
-9800, 2232, 232, 232, -1750
-9798, 2231, 233, 233, -1750
-9802, 2231, 233, 233, -1750
-9802, 2231, 233, 233, -1750
-9801, 2232, 232, 232, -1750
-9800, 2232, 233, 233, -1750
-9802, 2231, 231, 231, -1750
-9802, 2231, 231, 231, -1750
-9803, 2232, 231, 231, -1743
-9803, 2232, 231, 231, -1743
-9802, 2232, 231, 231, -1743
-9801, 2232, 231, 231, -1743
-9804, 2233, 230, 230, -1743
-9804, 2232, 230, 230, -1743
-9802, 2232, 231, 231, -1743
-9803, 2231, 230, 230, -1743
-9803, 2232, 229, 229, -1743
-9803, 2232, 230, 230, -1743
-9803, 2232, 229, 229, -1743
-9805, 2232, 227, 227, -1743
-9805, 2232, 227, 227, -1743
-9805, 2232, 228, 228, -1743
-9805, 2232, 228, 228, -1743
-9806, 2231, 227, 227, -1743
-9806, 2231, 227, 227, -1743
-9804, 2233, 227, 227, -1743
-9804, 2233, 227, 227, -1743
-9805, 2231, 227, 227, -1743
-9805, 2231, 227, 227, -1743
-9806, 2231, 226, 226, -1743
-9805, 2232, 227, 227, -1739
-9806, 2233, 227, 227, -1739
-9806, 2233, 227, 227, -1739
-9806, 2232, 226, 226, -1739
-9806, 2232, 226, 226, -1739
-9806, 2232, 226, 226, -1739
-9808, 2232, 225, 225, -1739
-9807, 2231, 225, 225, -1739
-9808, 2231, 224, 224, -1739
-9810, 2231, 225, 225, -1739
-9807, 2232, 225, 225, -1739
-9808, 2232, 225, 225, -1739
-9808, 2232, 225, 225, -1739
-9809, 2232, 224, 224, -1739
-9809, 2232, 225, 225, -1739
-9807, 2232, 225, 225, -1739
-9810, 2232, 225, 225, -1739
-9810, 2232, 225, 225, -1739
-9810, 2232, 224, 224, -1739
-9810, 2232, 224, 224, -1739
-9809, 2232, 224, 224, -1739
-9809, 2232, 224, 224, -1739
-9809, 2232, 224, 224, -1739
-9809, 2232, 223, 223, -1739
-9809, 2232, 223, 223, -1739
-9809, 2232, 223, 223, -1745
-9809, 2232, 223, 223, -1745
-9809, 2233, 223, 223, -1745
-9809, 2233, 223, 223, -1745
-9811, 2232, 223, 223, -1745
-9809, 2232, 223, 223, -1745
-9809, 2232, 223, 223, -1745
-9810, 2232, 222, 222, -1745
-9810, 2233, 222, 222, -1745
-9809, 2231, 222, 222, -1745
-9809, 2231, 222, 222, -1745
-9810, 2232, 222, 222, -1745
-9812, 2232, 221, 221, -1745
-9811, 2232, 222, 222, -1745
-9811, 2232, 222, 222, -1745
-9812, 2232, 221, 221, -1745
-9808, 2232, 222, 222, -1745
-9807, 2234, 225, 225, -1745
-9733, 2266, 296, 296, -1745
-9733, 2266, 296, 296, -1745
-9723, 2269, 308, 308, -1745
-9723, 2269, 308, 308, -1745
-9719, 2270, 312, 312, -1745
-9716, 2270, 316, 316, -1745
-9716, 2270, 316, 316, -1745
-9715, 2270, 319, 319, -1745
-9715, 2270, 319, 319, -1745
-9711, 2269, 320, 320, -1741
-9710, 2270, 322, 322, -1741
-9710, 2271, 323, 323, -1741
-9709, 2270, 324, 324, -1741
-9707, 2270, 325, 325, -1741
-9705, 2270, 326, 326, -1741
-9705, 2270, 326, 326, -1741
-9705, 2271, 327, 327, -1741
-9703, 2270, 329, 329, -1741
-9703, 2271, 330, 330, -1741
-9703, 2271, 330, 330, -1741
-9702, 2271, 330, 330, -1741
-9701, 2269, 331, 331, -1741
-9702, 2271, 331, 331, -1741
-9702, 2271, 331, 331, -1741
-9701, 2271, 331, 331, -1741
-9701, 2271, 332, 332, -1741
-9701, 2271, 332, 332, -1741
-9700, 2270, 333, 333, -1741
-9700, 2270, 333, 333, -1741
-9700, 2270, 334, 334, -1741
-9698, 2270, 334, 334, -1741
-9698, 2270, 334, 334, -1741
-9698, 2270, 335, 335, -1741
-9698, 2270, 335, 335, -1741
-9698, 2271, 335, 335, -1741
-9698, 2271, 335, 335, -1743
-9698, 2271, 335, 335, -1743
-9697, 2271, 335, 335, -1743
-9696, 2271, 336, 336, -1743
-9696, 2271, 336, 336, -1743
-9696, 2270, 337, 337, -1743
-9695, 2271, 337, 337, -1743
-9695, 2271, 337, 337, -1743
-9696, 2272, 337, 337, -1743
-9696, 2271, 338, 338, -1743
-9695, 2270, 337, 337, -1743
-9695, 2270, 338, 338, -1743
-9694, 2270, 338, 338, -1743
-9694, 2270, 338, 338, -1743
-9694, 2271, 338, 338, -1743
-9694, 2271, 338, 338, -1743
-9693, 2270, 339, 339, -1743
-9693, 2270, 339, 339, -1743
-9694, 2271, 340, 340, -1743
-9693, 2270, 339, 339, -1743
-9693, 2270, 339, 339, -1743
-9691, 2270, 341, 341, -1743
-9692, 2272, 341, 341, -1743
-9692, 2269, 341, 341, -1743
-9693, 2270, 340, 340, -1743
-9691, 2270, 341, 341, -1743
-9691, 2270, 341, 341, -1743
-9692, 2270, 341, 341, -1743
-9693, 2270, 340, 340, -1737
-9691, 2270, 341, 341, -1737
-9690, 2270, 342, 342, -1737
-9690, 2270, 342, 342, -1737
-9691, 2270, 342, 342, -1737
-9691, 2270, 342, 342, -1737
-9691, 2271, 342, 342, -1737
-9691, 2271, 341, 341, -1737
-9690, 2271, 342, 342, -1737
-9690, 2271, 342, 342, -1737
-9691, 2269, 343, 343, -1737
-9689, 2270, 343, 343, -1737
-9689, 2270, 344, 344, -1737
-9688, 2270, 343, 343, -1737
-9688, 2270, 343, 343, -1737
-9689, 2269, 343, 343, -1737
-9690, 2270, 343, 343, -1737
-9690, 2270, 343, 343, -1737
-9690, 2271, 343, 343, -1737
-9687, 2270, 344, 344, -1737
-9688, 2270, 344, 344, -1737
-9688, 2270, 344, 344, -1737
-9689, 2269, 344, 344, -1737
-9689, 2269, 344, 344, -1737
-9688, 2270, 345, 345, -1737
-9688, 2270, 345, 345, -1737
-9689, 2270, 345, 345, -1737
-9688, 2269, 344, 344, -1739
-9689, 2270, 344, 344, -1739
-9688, 2271, 345, 345, -1739
-9688, 2271, 345, 345, -1739
-9688, 2269, 345, 345, -1739
-9687, 2269, 345, 345, -1739
-9688, 2270, 344, 344, -1739
-9687, 2269, 345, 345, -1739
-9689, 2269, 344, 344, -1739
-9687, 2271, 345, 345, -1739
-9688, 2270, 346, 346, -1739
-9688, 2270, 346, 346, -1739
-9687, 2270, 345, 345, -1739
-9688, 2269, 345, 345, -1739
-9688, 2270, 345, 345, -1739
-9686, 2270, 346, 346, -1739
-9687, 2270, 346, 346, -1739
-9686, 2270, 346, 346, -1739
-9686, 2270, 347, 347, -1739
-9687, 2269, 346, 346, -1739
-9687, 2270, 346, 346, -1739
-9687, 2270, 346, 346, -1739
-9686, 2270, 346, 346, -1739
-9686, 2270, 346, 346, -1739
-9685, 2270, 347, 347, -1732
-9684, 2270, 347, 347, -1732
-9684, 2270, 347, 347, -1732
-9685, 2270, 347, 347, -1732
-9686, 2270, 347, 347, -1732
-9686, 2270, 347, 347, -1732
-9686, 2270, 347, 347, -1732
-9686, 2269, 347, 347, -1732
-9686, 2270, 347, 347, -1732
-9686, 2270, 347, 347, -1732
-9684, 2269, 348, 348, -1732
-9685, 2270, 348, 348, -1732
-9684, 2269, 348, 348, -1732
-9685, 2270, 348, 348, -1732
-9833, 2260, 311, 311, -1732
-9768, 2234, 266, 266, -1732
-9768, 2234, 266, 266, -1732
-9776, 2233, 258, 258, -1732
-9776, 2233, 258, 258, -1732
-9778, 2232, 256, 256, -1732
-9781, 2233, 254, 254, -1732
-9782, 2232, 250, 250, -1732
-9783, 2232, 248, 248, -1732
-9783, 2232, 248, 248, -1732
-9785, 2232, 247, 247, -1732
-9788, 2231, 245, 245, -1732
-9788, 2232, 244, 244, -1732
-9790, 2231, 243, 243, -1741
-9790, 2232, 242, 242, -1741
-9790, 2232, 242, 242, -1741
-9791, 2232, 242, 242, -1741
-9793, 2232, 240, 240, -1741
-9793, 2232, 240, 240, -1741
-9794, 2232, 239, 239, -1741
-9795, 2231, 239, 239, -1741
-9796, 2231, 238, 238, -1741
-9794, 2231, 238, 238, -1741
-9795, 2231, 238, 238, -1741
-9795, 2232, 238, 238, -1741
-9795, 2230, 237, 237, -1741
-9799, 2230, 236, 236, -1741
-9798, 2232, 235, 235, -1741
-9798, 2232, 235, 235, -1741
-9799, 2230, 235, 235, -1741
-9797, 2231, 235, 235, -1741
-9800, 2233, 233, 233, -1741
-9800, 2231, 233, 233, -1741
-9800, 2231, 233, 233, -1741
-9801, 2232, 232, 232, -1741
-9801, 2232, 232, 232, -1741
-9801, 2232, 232, 232, -1741
-9801, 2232, 231, 231, -1741
-9801, 2232, 231, 231, -1741
-9803, 2232, 231, 231, -1741
-9800, 2232, 231, 231, -1741
-9801, 2232, 231, 231, -1741
-9804, 2232, 229, 229, -1741
-9804, 2232, 229, 229, -1741
-9804, 2232, 229, 229, -1741
-9804, 2232, 229, 229, -1741
-9805, 2232, 229, 229, -1741
-9802, 2232, 230, 230, -1741
-9802, 2232, 230, 230, -1741
-9803, 2232, 229, 229, -1741
-9805, 2233, 228, 228, -1741
-9804, 2232, 228, 228, -1741
-9806, 2232, 228, 228, -1741
-9807, 2232, 227, 227, -1741
-9807, 2231, 227, 227, -1741
-9806, 2232, 227, 227, -1741
-9804, 2233, 227, 227, -1741
-9804, 2233, 227, 227, -1741
-9806, 2232, 226, 226, -1741
-9806, 2233, 227, 227, -1741
-9805, 2233, 227, 227, -1741
-9805, 2233, 227, 227, -1741
-9806, 2232, 227, 227, -1741
-9806, 2232, 227, 227, -1741
-9805, 2231, 227, 227, -1741
-9808, 2233, 226, 226, -1741
-9807, 2232, 226, 226, -1748
-9808, 2232, 225, 225, -1748
-9807, 2233, 226, 226, -1748
-9807, 2233, 226, 226, -1748
-9808, 2232, 226, 226, -1748
-9806, 2232, 226, 226, -1748
-9806, 2232, 226, 226, -1748
-9808, 2233, 225, 225, -1748
-9808, 2232, 224, 224, -1748
-9808, 2233, 225, 225, -1748
-9807, 2232, 225, 225, -1748
-9808, 2233, 225, 225, -1748
-9809, 2233, 224, 224, -1748
-9811, 2233, 224, 224, -1748
-9808, 2232, 224, 224, -1748
-9809, 2232, 224, 224, -1748
-9808, 2232, 223, 223, -1748
-9811, 2234, 222, 222, -1748
-9810, 2233, 223, 223, -1748
-9811, 2232, 223, 223, -1748
-9811, 2232, 223, 223, -1748
-9809, 2233, 224, 224, -1748
-9810, 2231, 223, 223, -1748
-9810, 2231, 223, 223, -1748
-9810, 2232, 223, 223, -1734
-9810, 2232, 223, 223, -1734
-9809, 2232, 222, 222, -1734
-9809, 2232, 222, 222, -1734
-9812, 2233, 222, 222, -1734
-9811, 2233, 222, 222, -1734
-9811, 2233, 222, 222, -1734
-9811, 2232, 223, 223, -1734
-9812, 2232, 222, 222, -1734
-9812, 2232, 222, 222, -1734
-9811, 2232, 222, 222, -1734
-9810, 2234, 222, 222, -1734
-9811, 2234, 221, 221, -1734
-9811, 2234, 222, 222, -1734
-9814, 2233, 221, 221, -1734
-9814, 2233, 221, 221, -1734
-9811, 2232, 221, 221, -1734
-9813, 2232, 220, 220, -1734
-9813, 2232, 220, 220, -1734
-9812, 2233, 221, 221, -1734
-9814, 2232, 221, 221, -1734
-9812, 2232, 221, 221, -1734
-9805, 2233, 221, 221, -1734
-9805, 2233, 221, 221, -1734
-9811, 2234, 222, 222, -1734
-9735, 2267, 294, 294, -1745
-9729, 2269, 302, 302, -1745
-9719, 2269, 312, 312, -1745
-9719, 2269, 312, 312, -1745
-9717, 2270, 314, 314, -1745
-9715, 2271, 316, 316, -1745
-9713, 2270, 318, 318, -1745
-9712, 2270, 320, 320, -1745
-9712, 2271, 321, 321, -1745
-9711, 2271, 321, 321, -1745
-9710, 2271, 323, 323, -1745
-9709, 2271, 324, 324, -1745
-9709, 2271, 324, 324, -1745
-9709, 2271, 324, 324, -1745
-9706, 2271, 326, 326, -1745
-9705, 2271, 327, 327, -1745
-9706, 2271, 328, 328, -1745
-9706, 2271, 328, 328, -1745
-9705, 2271, 328, 328, -1745
-9704, 2270, 328, 328, -1745
-9702, 2270, 330, 330, -1745
-9703, 2269, 329, 329, -1745
-9701, 2271, 331, 331, -1745
-9701, 2271, 332, 332, -1745
-9701, 2271, 332, 332, -1745
-9700, 2271, 332, 332, -1734
-9700, 2271, 332, 332, -1734
-9698, 2271, 334, 334, -1734
-9698, 2271, 334, 334, -1734
-9698, 2271, 334, 334, -1734
-9700, 2270, 333, 333, -1734
-9699, 2272, 334, 334, -1734
-9699, 2272, 334, 334, -1734
-9698, 2272, 334, 334, -1734
-9698, 2271, 335, 335, -1734
-9696, 2271, 336, 336, -1734
-9696, 2271, 336, 336, -1734
-9696, 2270, 336, 336, -1734
-9698, 2271, 335, 335, -1734
-9697, 2271, 336, 336, -1734
-9697, 2271, 336, 336, -1734
-9697, 2271, 336, 336, -1734
-9696, 2270, 336, 336, -1734
-9696, 2271, 337, 337, -1734
-9694, 2271, 337, 337, -1734
-9695, 2271, 337, 337, -1734
-9695, 2271, 338, 338, -1734
-9695, 2271, 338, 338, -1734
-9693, 2271, 339, 339, -1741
-9693, 2270, 339, 339, -1741
-9693, 2270, 339, 339, -1741
-9691, 2270, 340, 340, -1741
-9694, 2270, 340, 340, -1741
-9693, 2271, 340, 340, -1741
-9693, 2271, 340, 340, -1741
-9691, 2270, 341, 341, -1741
-9693, 2271, 340, 340, -1741
-9693, 2271, 340, 340, -1741
-9691, 2271, 341, 341, -1741
-9693, 2271, 340, 340, -1741
-9693, 2271, 340, 340, -1741
-9692, 2271, 341, 341, -1741
-9692, 2271, 341, 341, -1741
-9692, 2271, 342, 342, -1741
-9692, 2270, 342, 342, -1741
-9691, 2270, 341, 341, -1741
-9691, 2270, 341, 341, -1741
-9691, 2270, 341, 341, -1741
-9691, 2270, 342, 342, -1741
-9690, 2270, 343, 343, -1741
-9690, 2270, 343, 343, -1741
-9690, 2269, 342, 342, -1741
-9691, 2271, 342, 342, -1741
-9691, 2271, 342, 342, -1734
-9688, 2270, 343, 343, -1734
-9691, 2270, 342, 342, -1734
-9688, 2270, 343, 343, -1734
-9690, 2270, 344, 344, -1734
-9690, 2270, 344, 344, -1734
-9689, 2270, 344, 344, -1734
-9689, 2270, 343, 343, -1734
-9689, 2270, 343, 343, -1734
-9689, 2271, 343, 343, -1734
-9689, 2271, 344, 344, -1734
-9689, 2270, 344, 344, -1734
-9689, 2270, 344, 344, -1734
-9689, 2270, 344, 344, -1734
-9689, 2270, 344, 344, -1734
-9689, 2270, 344, 344, -1734
-9689, 2270, 344, 344, -1734
-9688, 2270, 345, 345, -1734
-9688, 2270, 344, 344, -1734
-9688, 2270, 344, 344, -1734
-9687, 2270, 345, 345, -1734
-9688, 2270, 345, 345, -1734
-9688, 2270, 345, 345, -1734
-9689, 2270, 345, 345, -1734
-9688, 2270, 345, 345, -1734
-9687, 2270, 345, 345, -1745
-9687, 2270, 345, 345, -1745
-9687, 2270, 346, 346, -1745
-9686, 2270, 345, 345, -1745
-9689, 2270, 345, 345, -1745
-9687, 2269, 345, 345, -1745
-9687, 2269, 346, 346, -1745
-9688, 2270, 345, 345, -1745
-9685, 2270, 345, 345, -1745
-9685, 2270, 345, 345, -1745
-9686, 2271, 346, 346, -1745
-9687, 2271, 346, 346, -1745
-9687, 2271, 346, 346, -1745
-9684, 2270, 346, 346, -1745
-9687, 2269, 348, 348, -1745
-9686, 2271, 347, 347, -1745
-9688, 2270, 346, 346, -1745
-9687, 2270, 345, 345, -1745
-9687, 2270, 346, 346, -1745
-9687, 2270, 347, 347, -1745
-9786, 2244, 298, 298, -1745
-9767, 2233, 267, 267, -1745
-9770, 2234, 264, 264, -1745
-9779, 2233, 255, 255, -1745
-9779, 2233, 255, 255, -1745
-9782, 2232, 250, 250, -1745
-9782, 2232, 250, 250, -1745
-9787, 2232, 247, 247, -1745
-9787, 2232, 247, 247, -1745
-9788, 2233, 246, 246, -1745
-9788, 2232, 245, 245, -1745
-9790, 2231, 243, 243, -1745
-9790, 2231, 243, 243, -1745
-9792, 2231, 242, 242, -1745
-9791, 2232, 242, 242, -1745
-9792, 2231, 241, 241, -1745
-9794, 2232, 239, 239, -1745
-9794, 2232, 239, 239, -1745
-9796, 2232, 237, 237, -1745
-9797, 2230, 236, 236, -1745
-9797, 2230, 236, 236, -1745
-9798, 2231, 235, 235, -1745
-9798, 2231, 235, 235, -1745
-9799, 2232, 234, 234, -1745
-9798, 2231, 234, 234, -1745
-9798, 2231, 235, 235, -1745
-9797, 2232, 234, 234, -1745
-9799, 2232, 235, 235, -1745
-9799, 2232, 234, 234, -1745
-9802, 2232, 232, 232, -1745
-9802, 2232, 232, 232, -1745
-9801, 2231, 233, 233, -1745
-9802, 2231, 231, 231, -1745
-9803, 2232, 231, 231, -1739
-9803, 2232, 231, 231, -1739
-9804, 2232, 229, 229, -1739
-9804, 2232, 229, 229, -1739
-9802, 2231, 229, 229, -1739
-9802, 2231, 229, 229, -1739
-9803, 2232, 228, 228, -1739
-9803, 2232, 228, 228, -1739
-9805, 2232, 228, 228, -1739
-9805, 2232, 228, 228, -1739
-9804, 2232, 228, 228, -1739
-9807, 2232, 227, 227, -1739
-9807, 2231, 226, 226, -1739
-9805, 2231, 227, 227, -1739
-9806, 2232, 227, 227, -1739
-9806, 2232, 227, 227, -1739
-9807, 2231, 225, 225, -1739
-9807, 2231, 226, 226, -1739
-9807, 2231, 226, 226, -1739
-9806, 2231, 227, 227, -1739
-9807, 2232, 225, 225, -1739
-9807, 2232, 226, 226, -1739
-9807, 2232, 226, 226, -1739
-9805, 2232, 226, 226, -1739
-9805, 2232, 226, 226, -1739
-9808, 2233, 224, 224, -1730
-9808, 2233, 224, 224, -1730
-9808, 2233, 225, 225, -1730
-9808, 2232, 224, 224, -1730
-9810, 2233, 223, 223, -1730
-9810, 2233, 223, 223, -1730
-9808, 2232, 224, 224, -1730
-9809, 2233, 223, 223, -1730
-9808, 2232, 224, 224, -1730
-9810, 2231, 224, 224, -1730
-9809, 2232, 224, 224, -1730
-9811, 2233, 223, 223, -1730
-9810, 2232, 223, 223, -1730
-9808, 2232, 224, 224, -1730
-9810, 2233, 222, 222, -1730
-9810, 2232, 222, 222, -1730
-9810, 2232, 222, 222, -1730
-9810, 2231, 222, 222, -1730
-9810, 2231, 222, 222, -1730
-9810, 2233, 222, 222, -1730
-9812, 2232, 222, 222, -1730
-9810, 2232, 223, 223, -1730
-9810, 2232, 223, 223, -1730
-9811, 2233, 221, 221, -1730
-9811, 2233, 221, 221, -1730
-9810, 2233, 222, 222, -1730
-9809, 2233, 221, 221, -1730
-9811, 2232, 221, 221, -1730
-9811, 2232, 221, 221, -1730
-9813, 2233, 220, 220, -1745
-9812, 2233, 221, 221, -1745
-9812, 2233, 221, 221, -1745
-9813, 2233, 221, 221, -1745
-9811, 2232, 220, 220, -1745
-9811, 2232, 220, 220, -1745
-9812, 2233, 220, 220, -1745
-9812, 2233, 220, 220, -1745
-9816, 2233, 220, 220, -1745
-9816, 2233, 220, 220, -1745
-9812, 2233, 221, 221, -1745
-9812, 2233, 221, 221, -1745
-9813, 2231, 220, 220, -1745
-9814, 2233, 219, 219, -1745
-9814, 2233, 219, 219, -1745
-9813, 2233, 220, 220, -1745
-9813, 2233, 220, 220, -1745
-9814, 2233, 219, 219, -1745
-9816, 2232, 219, 219, -1745
-9816, 2232, 219, 219, -1745
-9813, 2233, 219, 219, -1745
-9815, 2233, 219, 219, -1745
-9814, 2232, 219, 219, -1745
-9814, 2232, 219, 219, -1745
-9814, 2233, 219, 219, -1745
-9813, 2233, 219, 219, -1745
-9813, 2233, 219, 219, -1745
-9813, 2233, 219, 219, -1745
-9815, 2232, 218, 218, -1745
-9814, 2232, 218, 218, -1745
-9811, 2236, 225, 225, -1745
-9750, 2264, 251, 251, -1745
-9727, 2270, 305, 305, -1745
-9722, 2269, 311, 311, -1745
-9718, 2270, 313, 313, -1745
-9718, 2270, 313, 313, -1745
-9716, 2271, 316, 316, -1745
-9713, 2271, 320, 320, -1745
-9713, 2271, 320, 320, -1745
-9712, 2271, 320, 320, -1745
-9710, 2272, 323, 323, -1745
-9710, 2272, 323, 323, -1745
-9709, 2270, 324, 324, -1745
-9708, 2271, 324, 324, -1745
-9707, 2271, 325, 325, -1745
-9707, 2271, 326, 326, -1745
-9706, 2271, 327, 327, -1745
-9706, 2271, 327, 327, -1745
-9706, 2271, 327, 327, -1745
-9704, 2271, 327, 327, -1737
-9705, 2272, 328, 328, -1737
-9705, 2272, 328, 328, -1737
-9703, 2272, 330, 330, -1737
-9704, 2270, 329, 329, -1737
-9704, 2270, 329, 329, -1737
-9704, 2271, 329, 329, -1737
-9703, 2271, 329, 329, -1737
-9703, 2271, 330, 330, -1737
-9702, 2271, 331, 331, -1737
-9701, 2272, 331, 331, -1737
-9702, 2272, 331, 331, -1737
-9702, 2272, 331, 331, -1737
-9701, 2271, 331, 331, -1737
-9701, 2272, 332, 332, -1737
-9701, 2272, 332, 332, -1737
-9699, 2272, 333, 333, -1737
-9699, 2272, 333, 333, -1737
-9700, 2272, 333, 333, -1737
-9699, 2272, 333, 333, -1737
-9698, 2271, 334, 334, -1737
-9698, 2271, 334, 334, -1737
-9698, 2271, 335, 335, -1737
-9698, 2271, 335, 335, -1737
-9698, 2270, 335, 335, -1737
-9697, 2271, 335, 335, -1737
-9697, 2271, 335, 335, -1737
-9696, 2271, 337, 337, -1732
-9696, 2271, 336, 336, -1732
-9696, 2271, 336, 336, -1732
-9695, 2271, 338, 338, -1732
-9696, 2270, 337, 337, -1732
-9696, 2270, 337, 337, -1732
-9696, 2271, 337, 337, -1732
-9695, 2271, 338, 338, -1732
-9695, 2271, 338, 338, -1732
-9693, 2271, 339, 339, -1732
-9695, 2272, 338, 338, -1732
-9695, 2272, 338, 338, -1732
-9694, 2271, 338, 338, -1732
-9695, 2271, 338, 338, -1732
-9693, 2271, 339, 339, -1732
-9694, 2271, 339, 339, -1732
-9693, 2271, 340, 340, -1732
-9691, 2271, 340, 340, -1732
-9695, 2271, 339, 339, -1732
-9691, 2271, 340, 340, -1732
-9692, 2270, 340, 340, -1732
-9692, 2270, 340, 340, -1732
-9691, 2270, 341, 341, -1732
-9692, 2271, 341, 341, -1732
-9693, 2271, 341, 341, -1732
-9690, 2270, 341, 341, -1739
-9692, 2271, 341, 341, -1739
-9692, 2271, 341, 341, -1739
-9692, 2270, 341, 341, -1739
-9693, 2271, 340, 340, -1739
-9693, 2271, 340, 340, -1739
-9691, 2271, 342, 342, -1739
-9692, 2271, 341, 341, -1739
-9691, 2270, 341, 341, -1739
-9690, 2270, 343, 343, -1739
-9691, 2271, 341, 341, -1739
-9691, 2271, 342, 342, -1739
-9691, 2271, 342, 342, -1739
-9691, 2270, 342, 342, -1739
-9690, 2271, 342, 342, -1739
-9691, 2270, 342, 342, -1739
-9691, 2270, 342, 342, -1739
-9691, 2271, 342, 342, -1739
-9689, 2270, 343, 343, -1739
-9690, 2271, 343, 343, -1739
-9690, 2271, 343, 343, -1739
-9688, 2271, 344, 344, -1739
-9688, 2271, 344, 344, -1739
-9689, 2271, 344, 344, -1739
-9690, 2270, 343, 343, -1739
-9690, 2270, 343, 343, -1739
-9690, 2270, 343, 343, -1739
-9690, 2270, 343, 343, -1730
-9690, 2270, 343, 343, -1730
-9689, 2271, 343, 343, -1730
-9689, 2271, 343, 343, -1730
-9689, 2271, 343, 343, -1730
-9690, 2270, 343, 343, -1730
-9689, 2270, 344, 344, -1730
-9689, 2270, 344, 344, -1730
-9689, 2270, 344, 344, -1730
-9688, 2271, 344, 344, -1730
-9689, 2270, 344, 344, -1730
-9690, 2270, 343, 343, -1730
-9690, 2270, 343, 343, -1730
-9689, 2270, 344, 344, -1730
-9689, 2270, 344, 344, -1730
-9688, 2270, 345, 345, -1730
-9688, 2270, 345, 345, -1730
-9688, 2271, 344, 344, -1730
-9688, 2271, 345, 345, -1730
-9688, 2271, 345, 345, -1730
-9689, 2271, 345, 345, -1730
-9688, 2271, 345, 345, -1730
-9687, 2270, 345, 345, -1730
-9687, 2270, 345, 345, -1730
-9688, 2269, 345, 345, -1730
-9688, 2269, 345, 345, -1730
-9686, 2270, 345, 345, -1734
-9689, 2270, 345, 345, -1734
-9689, 2270, 345, 345, -1734
-9789, 2243, 292, 292, -1734
-9763, 2234, 261, 261, -1734
-9778, 2232, 257, 257, -1734
-9778, 2232, 257, 257, -1734
-9784, 2233, 251, 251, -1734
-9784, 2233, 251, 251, -1734
-9785, 2232, 248, 248, -1734
-9785, 2232, 248, 248, -1734
-9787, 2232, 245, 245, -1734
-9788, 2234, 245, 245, -1734
-9789, 2232, 243, 243, -1734
-9792, 2232, 242, 242, -1734
-9792, 2232, 242, 242, -1734
-9793, 2231, 240, 240, -1734
-9795, 2231, 239, 239, -1734
-9795, 2231, 239, 239, -1734
-9796, 2231, 238, 238, -1734
-9797, 2232, 237, 237, -1734
-9795, 2233, 237, 237, -1734
-9795, 2233, 237, 237, -1734
-9796, 2233, 236, 236, -1734
-9798, 2232, 235, 235, -1734
-9798, 2232, 235, 235, -1734
-9801, 2232, 234, 234, -1734
-9800, 2232, 232, 232, -1732
-9800, 2232, 232, 232, -1732
-9802, 2232, 232, 232, -1732
-9799, 2231, 232, 232, -1732
-9802, 2232, 232, 232, -1732
-9803, 2231, 232, 232, -1732
-9803, 2232, 232, 232, -1732
-9805, 2231, 231, 231, -1732
-9805, 2232, 228, 228, -1732
-9802, 2232, 230, 230, -1732
-9802, 2232, 231, 231, -1732
-9803, 2232, 229, 229, -1732
-9805, 2232, 228, 228, -1732
-9805, 2232, 228, 228, -1732
-9806, 2232, 228, 228, -1732
-9807, 2231, 227, 227, -1732
-9804, 2233, 227, 227, -1732
-9805, 2232, 227, 227, -1732
-9804, 2232, 228, 228, -1732
-9804, 2232, 228, 228, -1732
-9807, 2232, 228, 228, -1732
-9805, 2231, 227, 227, -1732
-9805, 2233, 228, 228, -1732
-9805, 2233, 228, 228, -1732
-9807, 2231, 227, 227, -1732
-9808, 2232, 227, 227, -1732
-9807, 2232, 225, 225, -1741
-9807, 2232, 225, 225, -1741
-9807, 2233, 225, 225, -1741
-9806, 2233, 226, 226, -1741
-9808, 2232, 225, 225, -1741
-9808, 2233, 225, 225, -1741
-9808, 2233, 225, 225, -1741
-9809, 2232, 224, 224, -1741
-9809, 2232, 224, 224, -1741
-9809, 2232, 224, 224, -1741
-9809, 2232, 224, 224, -1741
-9808, 2231, 223, 223, -1741
-9810, 2232, 223, 223, -1741
-9810, 2232, 223, 223, -1741
-9809, 2233, 224, 224, -1741
-9811, 2234, 223, 223, -1741
-9810, 2232, 222, 222, -1741
-9810, 2232, 222, 222, -1741
-9811, 2233, 222, 222, -1741
-9811, 2233, 222, 222, -1741
-9811, 2233, 222, 222, -1741
-9810, 2233, 222, 222, -1741
-9810, 2233, 222, 222, -1741
-9811, 2233, 222, 222, -1741
-9812, 2232, 221, 221, -1741
-9811, 2232, 221, 221, -1741
-9812, 2233, 221, 221, -1739
-9812, 2233, 221, 221, -1739
-9814, 2233, 220, 220, -1739
-9812, 2233, 220, 220, -1739
-9812, 2233, 220, 220, -1739
-9814, 2233, 219, 219, -1739
-9814, 2234, 220, 220, -1739
-9814, 2234, 220, 220, -1739
-9812, 2233, 220, 220, -1739
-9813, 2234, 221, 221, -1739
-9814, 2232, 220, 220, -1739
-9812, 2233, 219, 219, -1739
-9812, 2233, 219, 219, -1739
-9812, 2233, 220, 220, -1739
-9814, 2232, 219, 219, -1739
-9814, 2232, 219, 219, -1739
-9814, 2234, 219, 219, -1739
-9814, 2233, 219, 219, -1739
-9817, 2233, 218, 218, -1739
-9814, 2233, 218, 218, -1739
-9814, 2233, 218, 218, -1739
-9814, 2234, 219, 219, -1739
-9814, 2234, 219, 219, -1739
-9815, 2233, 218, 218, -1739
-9817, 2233, 217, 217, -1743
-9815, 2234, 217, 217, -1743
-9815, 2233, 218, 218, -1743
-9815, 2233, 217, 217, -1743
-9814, 2233, 218, 218, -1743
-9814, 2233, 218, 218, -1743
-9813, 2233, 219, 219, -1743
-9815, 2233, 218, 218, -1743
-9817, 2233, 217, 217, -1743
-9817, 2233, 217, 217, -1743
-9816, 2233, 217, 217, -1743
-9815, 2233, 217, 217, -1743
-9815, 2233, 217, 217, -1743
-9748, 2265, 259, 259, -1743
-9729, 2269, 300, 300, -1743
-9729, 2269, 300, 300, -1743
-9727, 2269, 304, 304, -1743
-9716, 2270, 316, 316, -1743
-9715, 2271, 317, 317, -1743
-9713, 2272, 318, 318, -1743
-9711, 2271, 320, 320, -1743
-9711, 2271, 320, 320, -1743
-9710, 2271, 321, 321, -1737
-9710, 2272, 323, 323, -1737
-9708, 2271, 324, 324, -1737
-9709, 2272, 324, 324, -1737
-9709, 2272, 324, 324, -1737
-9706, 2272, 326, 326, -1737
-9705, 2271, 328, 328, -1737
-9705, 2271, 328, 328, -1737
-9706, 2272, 328, 328, -1737
-9705, 2271, 328, 328, -1737
-9704, 2271, 328, 328, -1737
-9704, 2272, 330, 330, -1737
-9704, 2272, 330, 330, -1737
-9704, 2272, 329, 329, -1737
-9702, 2272, 329, 329, -1737
-9703, 2271, 330, 330, -1737
-9701, 2272, 331, 331, -1737
-9702, 2271, 331, 331, -1737
-9701, 2271, 331, 331, -1737
-9701, 2271, 331, 331, -1737
-9702, 2271, 331, 331, -1737
-9702, 2271, 331, 331, -1737
-9701, 2271, 332, 332, -1737
-9701, 2271, 332, 332, -1737
-9700, 2271, 332, 332, -1737
-9700, 2271, 333, 333, -1737
-9700, 2271, 333, 333, -1737
-9699, 2272, 333, 333, -1730
-9699, 2272, 333, 333, -1730
-9699, 2271, 334, 334, -1730
-9699, 2272, 335, 335, -1730
-9697, 2272, 334, 334, -1730
-9697, 2272, 334, 334, -1730
-9697, 2271, 335, 335, -1730
-9698, 2271, 335, 335, -1730
-9698, 2271, 335, 335, -1730
-9697, 2271, 335, 335, -1730
-9697, 2271, 336, 336, -1730
-9698, 2272, 335, 335, -1730
-9697, 2271, 336, 336, -1730
-9697, 2271, 335, 335, -1730
-9696, 2271, 336, 336, -1730
-9696, 2271, 336, 336, -1730
-9696, 2271, 338, 338, -1730
-9696, 2271, 337, 337, -1730
-9696, 2271, 337, 337, -1730
-9695, 2271, 337, 337, -1730
-9695, 2271, 337, 337, -1730
-9695, 2271, 338, 338, -1730
-9695, 2271, 338, 338, -1730
-9695, 2272, 337, 337, -1730
-9695, 2271, 338, 338, -1730
-9694, 2272, 339, 339, -1730
-9694, 2271, 339, 339, -1730
-9695, 2272, 338, 338, -1730
-9694, 2270, 339, 339, -1728
-9694, 2270, 339, 339, -1728
-9694, 2271, 338, 338, -1728
-9693, 2271, 340, 340, -1728
-9694, 2271, 339, 339, -1728
-9692, 2271, 340, 340, -1728
-9693, 2271, 339, 339, -1728
-9693, 2271, 339, 339, -1728
-9694, 2270, 339, 339, -1728
-9694, 2270, 339, 339, -1728
-9694, 2271, 339, 339, -1728
-9691, 2271, 340, 340, -1728
-9693, 2271, 340, 340, -1728
-9693, 2270, 340, 340, -1728
-9693, 2270, 340, 340, -1728
-9694, 2270, 340, 340, -1728
-9693, 2270, 340, 340, -1728
-9692, 2271, 341, 341, -1728
-9692, 2271, 341, 341, -1728
-9692, 2272, 341, 341, -1728
-9692, 2271, 341, 341, -1728
-9692, 2270, 341, 341, -1728
-9692, 2271, 341, 341, -1728
-9692, 2270, 341, 341, -1728
-9691, 2270, 342, 342, -1728
-9690, 2270, 342, 342, -1734
-9690, 2271, 342, 342, -1734
-9691, 2272, 342, 342, -1734
-9691, 2271, 342, 342, -1734
-9691, 2271, 342, 342, -1734
-9690, 2271, 342, 342, -1734
-9688, 2270, 342, 342, -1734
-9688, 2270, 342, 342, -1734
-9690, 2270, 343, 343, -1734
-9690, 2272, 342, 342, -1734
-9690, 2272, 342, 342, -1734
-9690, 2271, 342, 342, -1734
-9690, 2271, 342, 342, -1734
-9690, 2270, 342, 342, -1734
-9691, 2270, 343, 343, -1734
-9691, 2270, 343, 343, -1734
-9690, 2271, 343, 343, -1734
-9690, 2271, 343, 343, -1734
-9689, 2270, 343, 343, -1734
-9689, 2271, 343, 343, -1734
-9690, 2271, 344, 344, -1734
-9690, 2271, 343, 343, -1734
-9689, 2271, 343, 343, -1734
-9689, 2272, 344, 344, -1721
-9689, 2272, 344, 344, -1721
-9687, 2270, 345, 345, -1721
-9689, 2271, 344, 344, -1721
-9689, 2271, 344, 344, -1721
-9689, 2271, 344, 344, -1721
-9689, 2271, 344, 344, -1721
-9689, 2270, 344, 344, -1721
-9687, 2271, 345, 345, -1721
-9687, 2271, 345, 345, -1721
-9688, 2270, 345, 345, -1721
-9689, 2271, 345, 345, -1721
-9688, 2270, 345, 345, -1721
-9687, 2271, 346, 346, -1721
-9687, 2271, 346, 346, -1721
-9688, 2270, 345, 345, -1721
-9687, 2271, 346, 346, -1721
-9687, 2271, 346, 346, -1721
-9687, 2270, 345, 345, -1721
-9687, 2270, 346, 346, -1721
-9687, 2270, 346, 346, -1721
-9687, 2271, 345, 345, -1732
-9687, 2270, 346, 346, -1732
-9687, 2271, 346, 346, -1732
-9687, 2271, 346, 346, -1732
-9685, 2269, 346, 346, -1732
-9687, 2271, 346, 346, -1732
-9687, 2270, 347, 347, -1732
-9686, 2271, 346, 346, -1732
-9687, 2270, 347, 347, -1732
-9687, 2270, 347, 347, -1732
-9685, 2270, 347, 347, -1732
-9687, 2271, 346, 346, -1732
-9686, 2270, 346, 346, -1732
-9686, 2270, 346, 346, -1732
-9686, 2271, 346, 346, -1732
-9687, 2270, 346, 346, -1732
-9686, 2270, 347, 347, -1732
-9686, 2270, 347, 347, -1732
-9685, 2270, 347, 347, -1732
-9685, 2271, 347, 347, -1732
-9687, 2270, 347, 347, -1732
-9686, 2271, 347, 347, -1741
-9687, 2270, 347, 347, -1741
-9686, 2271, 346, 346, -1741
-9686, 2271, 346, 346, -1741
-9683, 2270, 348, 348, -1741
-9686, 2270, 347, 347, -1741
-9687, 2271, 347, 347, -1741
-9686, 2271, 347, 347, -1741
-9685, 2270, 347, 347, -1741
-9685, 2270, 347, 347, -1741
-9687, 2270, 347, 347, -1741
-9685, 2270, 347, 347, -1741
-9687, 2269, 347, 347, -1741
-9686, 2269, 347, 347, -1741
-9685, 2271, 347, 347, -1741
-9685, 2271, 347, 347, -1741
-9686, 2270, 347, 347, -1741
-9686, 2270, 347, 347, -1741
-9686, 2270, 347, 347, -1741
-9686, 2270, 347, 347, -1741
-9684, 2270, 348, 348, -1741
-9684, 2270, 348, 348, -1741
-9685, 2270, 348, 348, -1741
-9685, 2270, 348, 348, -1741
-9684, 2270, 348, 348, -1741
-9685, 2271, 348, 348, -1741
-9685, 2271, 348, 348, -1741
-9683, 2271, 349, 349, -1739
-9685, 2270, 348, 348, -1739
-9685, 2270, 348, 348, -1739
-9684, 2270, 349, 349, -1739
-9684, 2271, 349, 349, -1739
-9682, 2271, 349, 349, -1739
-9682, 2271, 349, 349, -1739
-9684, 2270, 349, 349, -1739
-9684, 2270, 349, 349, -1739
-9682, 2270, 349, 349, -1739
-9685, 2270, 348, 348, -1739
-9684, 2270, 349, 349, -1739
-9684, 2269, 349, 349, -1739
-9684, 2269, 349, 349, -1739
-9683, 2271, 350, 350, -1739
-9684, 2270, 349, 349, -1739
-9684, 2270, 349, 349, -1739
-9684, 2271, 348, 348, -1739
-9684, 2270, 350, 350, -1739
