-8460, 4144, 1573, 1573, 5162
-8460, 4144, 1573, 1573, 5162
-8461, 4143, 1572, 1572, 5162
-8461, 4143, 1572, 1572, 5162
-8460, 4142, 1572, 1572, 5162
-8460, 4142, 1572, 1572, 5162
-8460, 4144, 1573, 1573, 5162
-8461, 4144, 1572, 1572, 5162
-8461, 4145, 1572, 1572, 5162
-8461, 4143, 1572, 1572, 5162
-8460, 4144, 1572, 1572, 5162
-8460, 4143, 1573, 1573, 5162
-8460, 4143, 1573, 1573, 5188
-8459, 4144, 1574, 1574, 5188
-8459, 4143, 1573, 1573, 5188
-8460, 4143, 1573, 1573, 5188
-8460, 4143, 1573, 1573, 5188
-8459, 4144, 1573, 1573, 5188
-8459, 4143, 1573, 1573, 5188
-8460, 4144, 1572, 1572, 5188
-8459, 4145, 1573, 1573, 5188
-8459, 4145, 1573, 1573, 5188
-8460, 4145, 1573, 1573, 5188
-8460, 4144, 1572, 1572, 5188
-8461, 4144, 1572, 1572, 5188
-8461, 4144, 1572, 1572, 5188
-8460, 4144, 1573, 1573, 5188
-8460, 4145, 1573, 1573, 5188
-8460, 4143, 1573, 1573, 5188
-8460, 4143, 1573, 1573, 5188
-8460, 4144, 1573, 1573, 5188
-8459, 4145, 1573, 1573, 5188
-8459, 4144, 1573, 1573, 5188
-8460, 4143, 1573, 1573, 5188
-8460, 4144, 1573, 1573, 5188
-8460, 4144, 1573, 1573, 5193
-8460, 4143, 1572, 1572, 5193
-8460, 4144, 1573, 1573, 5193
-8460, 4144, 1573, 1573, 5193
-8459, 4145, 1573, 1573, 5193
-8459, 4145, 1573, 1573, 5193
-8460, 4144, 1573, 1573, 5193
-8460, 4144, 1573, 1573, 5193
-8458, 4144, 1574, 1574, 5193
-8459, 4144, 1573, 1573, 5193
-8460, 4144, 1573, 1573, 5193
-8460, 4144, 1573, 1573, 5193
-8460, 4144, 1573, 1573, 5193
-8459, 4145, 1573, 1573, 5193
-8460, 4144, 1573, 1573, 5193
-8460, 4144, 1573, 1573, 5193
-8460, 4146, 1573, 1573, 5193
-8459, 4145, 1573, 1573, 5193
-8459, 4144, 1573, 1573, 5193
-8459, 4145, 1574, 1574, 5193
-8459, 4144, 1574, 1574, 5193
-8460, 4144, 1573, 1573, 5193
-8460, 4145, 1573, 1573, 5193
-8458, 4145, 1574, 1574, 5193
-8459, 4145, 1574, 1574, 5193
-8458, 4145, 1574, 1574, 5193
-8459, 4145, 1574, 1574, 5193
-8459, 4145, 1574, 1574, 5193
-8457, 4145, 1574, 1574, 5193
-8459, 4144, 1574, 1574, 5193
-8459, 4144, 1574, 1574, 5193
-8459, 4145, 1574, 1574, 5193
-8459, 4145, 1574, 1574, 5193
-8459, 4145, 1574, 1574, 5193
-8459, 4145, 1574, 1574, 5193
-8459, 4145, 1574, 1574, 5193
-8459, 4145, 1574, 1574, 5193
-8459, 4145, 1574, 1574, 5193
-8459, 4145, 1574, 1574, 5193
-8459, 4145, 1574, 1574, 5193
-8459, 4146, 1574, 1574, 5193
-8458, 4145, 1574, 1574, 5193
-8458, 4146, 1574, 1574, 5193
-8459, 4145, 1574, 1574, 5193
-8459, 4145, 1574, 1574, 5193
-8459, 4146, 1574, 1574, 5193
-8459, 4146, 1574, 1574, 5193
-8458, 4146, 1574, 1574, 5193
-8458, 4146, 1575, 1575, 5193
-8459, 4146, 1574, 1574, 5188
-8459, 4146, 1574, 1574, 5188
-8459, 4146, 1575, 1575, 5188
-8459, 4146, 1575, 1575, 5188
-8458, 4146, 1575, 1575, 5188
-8458, 4146, 1575, 1575, 5188
-8457, 4146, 1575, 1575, 5188
-8457, 4146, 1575, 1575, 5188
-8458, 4145, 1575, 1575, 5188
-8457, 4146, 1575, 1575, 5188
-8458, 4146, 1575, 1575, 5188
-8457, 4146, 1576, 1576, 5188
-8457, 4145, 1575, 1575, 5188
-8457, 4146, 1576, 1576, 5188
-8457, 4146, 1576, 1576, 5188
-8547, 4130, 1484, 1484, 5188
-8558, 4132, 1477, 1477, 5188
-8556, 4132, 1473, 1473, 5188
-8556, 4132, 1475, 1475, 5188
-8560, 4131, 1475, 1475, 5188
-8560, 4131, 1475, 1475, 5188
-8555, 4132, 1476, 1476, 5188
-8557, 4132, 1476, 1476, 5188
-8555, 4132, 1477, 1477, 5180
-8554, 4133, 1476, 1476, 5180
-8553, 4134, 1477, 1477, 5180
-8553, 4132, 1477, 1477, 5180
-8553, 4132, 1477, 1477, 5180
-8555, 4132, 1477, 1477, 5180
-8555, 4132, 1478, 1478, 5180
-8558, 4132, 1478, 1478, 5180
-8558, 4132, 1478, 1478, 5180
-8557, 4132, 1478, 1478, 5180
-8557, 4131, 1478, 1478, 5180
-8557, 4132, 1478, 1478, 5180
-8556, 4132, 1478, 1478, 5180
-8555, 4132, 1479, 1479, 5180
-8556, 4131, 1479, 1479, 5180
-8557, 4132, 1479, 1479, 5180
-8556, 4132, 1479, 1479, 5180
-8558, 4132, 1479, 1479, 5180
-8556, 4133, 1479, 1479, 5180
-8556, 4133, 1479, 1479, 5180
-8557, 4132, 1479, 1479, 5180
-8557, 4132, 1479, 1479, 5180
-8555, 4131, 1479, 1479, 5180
-8556, 4132, 1478, 1478, 5173
-8551, 4133, 1480, 1480, 5173
-8551, 4133, 1480, 1480, 5173
-8554, 4133, 1479, 1479, 5173
-8555, 4133, 1480, 1480, 5173
-8549, 4134, 1480, 1480, 5173
-8549, 4134, 1480, 1480, 5173
-8553, 4134, 1480, 1480, 5173
-8553, 4134, 1480, 1480, 5173
-8554, 4133, 1480, 1480, 5173
-8554, 4133, 1480, 1480, 5173
-8555, 4132, 1481, 1481, 5173
-8554, 4134, 1480, 1480, 5173
-8554, 4134, 1480, 1480, 5173
-8549, 4134, 1481, 1481, 5173
-8551, 4133, 1480, 1480, 5173
-8549, 4133, 1480, 1480, 5173
-8548, 4134, 1481, 1481, 5173
-8552, 4133, 1481, 1481, 5173
-8549, 4134, 1481, 1481, 5173
-8548, 4133, 1482, 1482, 5173
-8552, 4134, 1481, 1481, 5173
-8552, 4134, 1481, 1481, 5173
-8552, 4133, 1481, 1481, 5173
-8553, 4134, 1481, 1481, 5173
-8550, 4135, 1481, 1481, 5177
-8549, 4134, 1481, 1481, 5177
-8549, 4134, 1481, 1481, 5177
-8549, 4134, 1481, 1481, 5177
-8551, 4134, 1481, 1481, 5177
-8549, 4135, 1481, 1481, 5177
-8552, 4134, 1481, 1481, 5177
-8552, 4134, 1481, 1481, 5177
-8552, 4134, 1482, 1482, 5177
-8553, 4135, 1481, 1481, 5177
-8553, 4134, 1482, 1482, 5177
-8553, 4134, 1482, 1482, 5177
-8553, 4135, 1482, 1482, 5177
-8553, 4135, 1482, 1482, 5177
-8551, 4133, 1483, 1483, 5177
-8552, 4133, 1482, 1482, 5177
-8551, 4134, 1482, 1482, 5177
-8551, 4134, 1482, 1482, 5177
-8552, 4135, 1482, 1482, 5177
-8547, 4135, 1482, 1482, 5177
-8547, 4136, 1482, 1482, 5177
-8547, 4135, 1482, 1482, 5177
-8549, 4135, 1482, 1482, 5177
-8549, 4135, 1482, 1482, 5177
-8548, 4135, 1483, 1483, 5169
-8552, 4135, 1482, 1482, 5169
-8552, 4135, 1482, 1482, 5169
-8550, 4135, 1482, 1482, 5169
-8551, 4135, 1483, 1483, 5169
-8550, 4135, 1483, 1483, 5169
-8552, 4135, 1482, 1482, 5169
-8551, 4135, 1483, 1483, 5169
-8552, 4134, 1483, 1483, 5169
-8553, 4136, 1483, 1483, 5169
-8549, 4135, 1483, 1483, 5169
-8553, 4135, 1482, 1482, 5169
-8552, 4135, 1483, 1483, 5169
-8553, 4135, 1483, 1483, 5169
-8554, 4135, 1482, 1482, 5169
-8552, 4135, 1483, 1483, 5169
-8551, 4135, 1484, 1484, 5169
-8548, 4135, 1483, 1483, 5169
-8548, 4135, 1483, 1483, 5169
-8549, 4135, 1484, 1484, 5169
-8548, 4136, 1483, 1483, 5169
-8547, 4137, 1483, 1483, 5169
-8548, 4137, 1484, 1484, 5169
-8547, 4137, 1483, 1483, 5171
-8547, 4136, 1483, 1483, 5171
-8541, 4135, 1485, 1485, 5171
-8441, 4151, 1540, 1540, 5171
-8445, 4151, 1589, 1589, 5171
-8446, 4150, 1587, 1587, 5171
-8447, 4150, 1586, 1586, 5171
-8448, 4150, 1585, 1585, 5171
-8448, 4149, 1585, 1585, 5171
-8449, 4150, 1585, 1585, 5171
-8448, 4151, 1585, 1585, 5171
-8448, 4150, 1584, 1584, 5171
-8449, 4151, 1584, 1584, 5171
-8449, 4150, 1584, 1584, 5171
-8449, 4150, 1583, 1583, 5171
-8450, 4150, 1583, 1583, 5171
-8450, 4150, 1583, 1583, 5171
-8449, 4150, 1584, 1584, 5171
-8450, 4150, 1583, 1583, 5171
-8450, 4151, 1583, 1583, 5171
-8450, 4151, 1583, 1583, 5171
-8450, 4150, 1583, 1583, 5171
-8450, 4151, 1582, 1582, 5171
-8450, 4150, 1583, 1583, 5177
-8450, 4150, 1583, 1583, 5177
-8450, 4151, 1583, 1583, 5177
-8449, 4151, 1583, 1583, 5177
-8450, 4153, 1583, 1583, 5177
-8450, 4153, 1583, 1583, 5177
-8450, 4151, 1583, 1583, 5177
-8450, 4151, 1583, 1583, 5177
-8451, 4152, 1582, 1582, 5177
-8450, 4150, 1583, 1583, 5177
-8451, 4151, 1582, 1582, 5177
-8450, 4150, 1583, 1583, 5177
-8450, 4152, 1583, 1583, 5177
-8450, 4152, 1583, 1583, 5177
-8450, 4151, 1583, 1583, 5177
-8451, 4152, 1582, 1582, 5177
-8451, 4152, 1582, 1582, 5177
-8450, 4151, 1583, 1583, 5177
-8450, 4151, 1583, 1583, 5177
-8450, 4151, 1583, 1583, 5177
-8450, 4150, 1582, 1582, 5169
-8450, 4151, 1583, 1583, 5169
-8450, 4151, 1583, 1583, 5169
-8450, 4151, 1583, 1583, 5169
-8451, 4151, 1583, 1583, 5169
-8450, 4152, 1583, 1583, 5169
-8450, 4151, 1583, 1583, 5169
-8450, 4152, 1582, 1582, 5169
-8450, 4152, 1583, 1583, 5169
-8450, 4152, 1583, 1583, 5169
-8449, 4151, 1583, 1583, 5169
-8450, 4151, 1583, 1583, 5169
-8450, 4151, 1583, 1583, 5169
-8450, 4152, 1583, 1583, 5169
-8450, 4152, 1583, 1583, 5169
-8450, 4152, 1583, 1583, 5169
-8449, 4152, 1583, 1583, 5169
-8450, 4151, 1583, 1583, 5169
-8450, 4152, 1583, 1583, 5169
-8450, 4152, 1583, 1583, 5169
-8450, 4152, 1583, 1583, 5169
-8451, 4152, 1582, 1582, 5169
-8450, 4152, 1583, 1583, 5169
-8450, 4152, 1583, 1583, 5169
-8451, 4152, 1582, 1582, 5162
-8451, 4152, 1582, 1582, 5162
-8450, 4153, 1582, 1582, 5162
-8450, 4152, 1583, 1583, 5162
-8451, 4153, 1582, 1582, 5162
-8450, 4152, 1583, 1583, 5162
-8450, 4152, 1583, 1583, 5162
-8450, 4152, 1583, 1583, 5162
-8450, 4153, 1583, 1583, 5162
-8449, 4152, 1583, 1583, 5162
-8450, 4153, 1583, 1583, 5162
-8450, 4153, 1583, 1583, 5162
-8450, 4153, 1583, 1583, 5162
-8449, 4153, 1583, 1583, 5162
-8450, 4152, 1583, 1583, 5162
-8450, 4152, 1583, 1583, 5162
-8450, 4152, 1582, 1582, 5162
-8450, 4152, 1583, 1583, 5162
-8449, 4153, 1583, 1583, 5162
-8449, 4153, 1583, 1583, 5162
-8449, 4152, 1583, 1583, 5162
-8450, 4153, 1583, 1583, 5162
-8449, 4153, 1583, 1583, 5162
-8450, 4154, 1583, 1583, 5162
-8450, 4153, 1583, 1583, 5162
-8450, 4153, 1583, 1583, 5162
-8450, 4153, 1583, 1583, 5162
-8450, 4153, 1583, 1583, 5162
-8450, 4153, 1583, 1583, 5162
-8450, 4153, 1583, 1583, 5162
-8450, 4153, 1583, 1583, 5162
-8450, 4153, 1583, 1583, 5162
-8450, 4152, 1583, 1583, 5162
-8449, 4153, 1583, 1583, 5162
-8449, 4153, 1584, 1584, 5162
-8450, 4153, 1583, 1583, 5162
-8450, 4154, 1583, 1583, 5162
-8449, 4153, 1583, 1583, 5162
-8449, 4153, 1583, 1583, 5162
-8449, 4153, 1583, 1583, 5162
-8449, 4153, 1583, 1583, 5162
-8450, 4154, 1583, 1583, 5162
-8449, 4153, 1583, 1583, 5162
-8449, 4153, 1583, 1583, 5162
-8450, 4153, 1583, 1583, 5162
-8450, 4153, 1583, 1583, 5162
-8451, 4153, 1583, 1583, 5162
-8450, 4154, 1583, 1583, 5162
-8449, 4154, 1583, 1583, 5166
-8450, 4153, 1583, 1583, 5166
-8596, 4134, 1480, 1480, 5166
-8549, 4139, 1485, 1485, 5166
-8549, 4139, 1485, 1485, 5166
-8548, 4140, 1482, 1482, 5166
-8548, 4141, 1483, 1483, 5166
-8550, 4141, 1483, 1483, 5166
-8546, 4141, 1484, 1484, 5166
-8551, 4140, 1484, 1484, 5166
-8550, 4141, 1484, 1484, 5166
-8549, 4140, 1485, 1485, 5166
-8550, 4140, 1485, 1485, 5166
-8549, 4140, 1485, 1485, 5166
-8546, 4141, 1485, 1485, 5166
-8546, 4140, 1485, 1485, 5166
-8551, 4141, 1485, 1485, 5166
-8551, 4141, 1485, 1485, 5166
-8548, 4141, 1485, 1485, 5166
-8545, 4141, 1485, 1485, 5166
-8545, 4141, 1485, 1485, 5166
-8544, 4142, 1487, 1487, 5162
-8545, 4141, 1485, 1485, 5162
-8548, 4141, 1486, 1486, 5162
-8549, 4140, 1486, 1486, 5162
-8548, 4141, 1486, 1486, 5162
-8543, 4141, 1488, 1488, 5162
-8548, 4142, 1487, 1487, 5162
-8548, 4142, 1487, 1487, 5162
-8543, 4141, 1487, 1487, 5162
-8543, 4142, 1486, 1486, 5162
-8542, 4142, 1487, 1487, 5162
-8544, 4142, 1487, 1487, 5162
-8543, 4141, 1487, 1487, 5162
-8545, 4142, 1487, 1487, 5162
-8545, 4142, 1488, 1488, 5162
-8548, 4140, 1487, 1487, 5162
-8548, 4141, 1487, 1487, 5162
-8549, 4140, 1486, 1486, 5162
-8547, 4139, 1487, 1487, 5162
-8548, 4142, 1487, 1487, 5160
-8546, 4141, 1487, 1487, 5160
-8545, 4141, 1488, 1488, 5160
-8545, 4141, 1487, 1487, 5160
-8542, 4142, 1487, 1487, 5160
-8544, 4140, 1487, 1487, 5160
-8544, 4143, 1487, 1487, 5160
-8542, 4141, 1488, 1488, 5160
-8542, 4141, 1488, 1488, 5160
-8547, 4142, 1488, 1488, 5160
-8545, 4142, 1488, 1488, 5160
-8546, 4142, 1488, 1488, 5160
-8546, 4142, 1488, 1488, 5160
-8545, 4142, 1488, 1488, 5160
-8544, 4143, 1488, 1488, 5160
-8544, 4143, 1488, 1488, 5160
-8544, 4142, 1488, 1488, 5160
-8545, 4142, 1488, 1488, 5160
-8543, 4141, 1488, 1488, 5160
-8542, 4141, 1489, 1489, 5160
-8542, 4141, 1489, 1489, 5160
-8543, 4143, 1488, 1488, 5160
-8543, 4142, 1488, 1488, 5160
-8546, 4142, 1488, 1488, 5160
-8543, 4142, 1489, 1489, 5166
-8545, 4142, 1489, 1489, 5166
-8545, 4142, 1489, 1489, 5166
-8546, 4141, 1489, 1489, 5166
-8546, 4141, 1489, 1489, 5166
-8543, 4142, 1487, 1487, 5166
-8543, 4142, 1487, 1487, 5166
-8541, 4142, 1489, 1489, 5166
-8541, 4143, 1489, 1489, 5166
-8546, 4142, 1488, 1488, 5166
-8543, 4143, 1489, 1489, 5166
-8543, 4144, 1488, 1488, 5166
-8540, 4143, 1489, 1489, 5166
-8540, 4143, 1489, 1489, 5166
-8542, 4142, 1489, 1489, 5166
-8542, 4143, 1488, 1488, 5166
-8544, 4142, 1489, 1489, 5166
-8544, 4144, 1489, 1489, 5166
-8545, 4143, 1489, 1489, 5166
-8547, 4142, 1489, 1489, 5166
-8547, 4142, 1489, 1489, 5166
-8546, 4142, 1489, 1489, 5166
-8546, 4142, 1490, 1490, 5166
-8546, 4142, 1490, 1490, 5166
-8545, 4142, 1489, 1489, 5166
-8546, 4142, 1489, 1489, 5164
-8546, 4142, 1489, 1489, 5164
-8542, 4143, 1489, 1489, 5164
-8542, 4143, 1489, 1489, 5164
-8545, 4142, 1489, 1489, 5164
-8545, 4143, 1490, 1490, 5164
-8545, 4143, 1490, 1490, 5164
-8545, 4143, 1491, 1491, 5164
-8546, 4143, 1490, 1490, 5164
-8546, 4143, 1489, 1489, 5164
-8545, 4142, 1490, 1490, 5164
-8539, 4142, 1492, 1492, 5164
-8431, 4159, 1521, 1521, 5164
-8441, 4157, 1593, 1593, 5164
-8441, 4156, 1592, 1592, 5164
-8443, 4157, 1591, 1591, 5164
-8442, 4157, 1590, 1590, 5164
-8443, 4157, 1590, 1590, 5164
-8443, 4156, 1590, 1590, 5164
-8444, 4156, 1589, 1589, 5162
-8444, 4156, 1589, 1589, 5162
-8444, 4156, 1588, 1588, 5162
-8444, 4156, 1589, 1589, 5162
-8443, 4157, 1589, 1589, 5162
-8443, 4157, 1589, 1589, 5162
-8444, 4157, 1589, 1589, 5162
-8443, 4157, 1589, 1589, 5162
-8444, 4156, 1589, 1589, 5162
-8444, 4156, 1589, 1589, 5162
-8445, 4156, 1588, 1588, 5162
-8445, 4157, 1589, 1589, 5162
-8445, 4157, 1589, 1589, 5162
-8444, 4156, 1588, 1588, 5162
-8445, 4157, 1588, 1588, 5162
-8445, 4157, 1588, 1588, 5162
-8444, 4157, 1588, 1588, 5162
-8445, 4156, 1588, 1588, 5162
-8444, 4156, 1588, 1588, 5162
-8444, 4157, 1588, 1588, 5162
-8444, 4157, 1589, 1589, 5162
-8445, 4157, 1588, 1588, 5162
-8445, 4157, 1588, 1588, 5158
-8444, 4157, 1588, 1588, 5158
-8445, 4157, 1588, 1588, 5158
-8445, 4157, 1588, 1588, 5158
-8445, 4157, 1588, 1588, 5158
-8445, 4157, 1588, 1588, 5158
-8445, 4158, 1588, 1588, 5158
-8445, 4158, 1588, 1588, 5158
-8444, 4157, 1588, 1588, 5158
-8444, 4157, 1588, 1588, 5158
-8445, 4157, 1588, 1588, 5158
-8445, 4157, 1588, 1588, 5158
-8445, 4157, 1588, 1588, 5158
-8446, 4157, 1587, 1587, 5158
-8445, 4158, 1588, 1588, 5158
-8445, 4158, 1588, 1588, 5158
-8445, 4157, 1588, 1588, 5158
-8445, 4156, 1588, 1588, 5158
-8447, 4158, 1587, 1587, 5158
-8445, 4158, 1588, 1588, 5158
-8445, 4157, 1588, 1588, 5158
-8445, 4157, 1588, 1588, 5158
-8446, 4157, 1588, 1588, 5158
-8445, 4158, 1588, 1588, 5158
-8445, 4158, 1588, 1588, 5158
-8445, 4157, 1587, 1587, 5151
-8445, 4157, 1587, 1587, 5151
-8446, 4157, 1587, 1587, 5151
-8446, 4157, 1587, 1587, 5151
-8445, 4157, 1588, 1588, 5151
-8445, 4157, 1588, 1588, 5151
-8445, 4157, 1588, 1588, 5151
-8445, 4157, 1587, 1587, 5151
-8445, 4157, 1587, 1587, 5151
-8446, 4157, 1588, 1588, 5151
-8446, 4157, 1588, 1588, 5151
-8446, 4158, 1587, 1587, 5151
-8445, 4158, 1588, 1588, 5151
-8445, 4158, 1588, 1588, 5151
-8445, 4159, 1588, 1588, 5151
-8445, 4159, 1588, 1588, 5151
-8444, 4157, 1588, 1588, 5151
-8446, 4157, 1587, 1587, 5151
-8446, 4157, 1587, 1587, 5151
-8445, 4158, 1588, 1588, 5151
-8445, 4158, 1588, 1588, 5151
-8445, 4157, 1588, 1588, 5151
-8445, 4157, 1588, 1588, 5151
-8444, 4157, 1588, 1588, 5151
-8445, 4158, 1588, 1588, 5151
-8444, 4158, 1588, 1588, 5151
-8444, 4158, 1588, 1588, 5151
-8445, 4158, 1588, 1588, 5151
-8445, 4158, 1588, 1588, 5151
-8444, 4157, 1588, 1588, 5151
-8445, 4158, 1588, 1588, 5151
-8445, 4158, 1588, 1588, 5151
-8444, 4158, 1588, 1588, 5151
-8445, 4158, 1588, 1588, 5151
-8444, 4159, 1588, 1588, 5151
-8445, 4157, 1588, 1588, 5151
-8445, 4159, 1588, 1588, 5151
-8445, 4159, 1588, 1588, 5151
-8445, 4159, 1588, 1588, 5151
-8445, 4159, 1588, 1588, 5151
-8445, 4159, 1588, 1588, 5151
-8445, 4159, 1588, 1588, 5151
-8445, 4159, 1588, 1588, 5151
-8445, 4159, 1588, 1588, 5151
-8445, 4159, 1588, 1588, 5151
-8444, 4159, 1588, 1588, 5153
-8444, 4159, 1588, 1588, 5153
-8445, 4158, 1588, 1588, 5153
-8444, 4158, 1588, 1588, 5153
-8445, 4159, 1588, 1588, 5153
-8445, 4158, 1588, 1588, 5153
-8445, 4158, 1588, 1588, 5153
-8445, 4159, 1588, 1588, 5153
-8445, 4159, 1587, 1587, 5153
-8445, 4160, 1588, 1588, 5153
-8445, 4160, 1588, 1588, 5153
-8445, 4159, 1588, 1588, 5153
-8444, 4158, 1588, 1588, 5153
-8445, 4159, 1589, 1589, 5153
-8444, 4158, 1588, 1588, 5153
-8445, 4159, 1588, 1588, 5153
-8444, 4159, 1589, 1589, 5153
-8537, 4137, 1427, 1427, 5153
-8538, 4145, 1503, 1503, 5153
-8547, 4145, 1489, 1489, 5153
-8545, 4145, 1487, 1487, 5153
-8545, 4145, 1487, 1487, 5153
-8547, 4144, 1488, 1488, 5153
-8544, 4146, 1488, 1488, 5153
-8545, 4145, 1489, 1489, 5153
-8545, 4145, 1489, 1489, 5153
-8545, 4145, 1489, 1489, 5153
-8546, 4144, 1488, 1488, 5153
-8546, 4144, 1488, 1488, 5153
-8541, 4145, 1489, 1489, 5153
-8542, 4146, 1489, 1489, 5153
-8544, 4146, 1490, 1490, 5153
-8542, 4145, 1489, 1489, 5153
-8542, 4145, 1489, 1489, 5153
-8540, 4145, 1490, 1490, 5153
-8542, 4146, 1490, 1490, 5153
-8543, 4146, 1490, 1490, 5153
-8545, 4145, 1490, 1490, 5153
-8546, 4145, 1490, 1490, 5153
-8544, 4145, 1491, 1491, 5153
-8544, 4145, 1491, 1491, 5153
-8544, 4146, 1490, 1490, 5153
-8540, 4146, 1490, 1490, 5153
-8540, 4146, 1490, 1490, 5153
-8540, 4146, 1490, 1490, 5153
-8541, 4146, 1490, 1490, 5153
-8540, 4145, 1490, 1490, 5153
-8543, 4145, 1491, 1491, 5153
-8540, 4146, 1491, 1491, 5153
-8540, 4146, 1491, 1491, 5153
-8539, 4146, 1490, 1490, 5153
-8542, 4145, 1492, 1492, 5153
-8543, 4144, 1491, 1491, 5153
-8542, 4145, 1492, 1492, 5153
-8542, 4146, 1491, 1491, 5153
-8542, 4146, 1491, 1491, 5153
-8538, 4146, 1491, 1491, 5153
-8538, 4146, 1491, 1491, 5153
-8540, 4145, 1491, 1491, 5153
-8539, 4148, 1491, 1491, 5153
-8542, 4145, 1492, 1492, 5153
-8543, 4146, 1492, 1492, 5153
-8542, 4146, 1492, 1492, 5153
-8544, 4146, 1492, 1492, 5153
-8542, 4145, 1492, 1492, 5153
-8539, 4146, 1492, 1492, 5153
-8541, 4145, 1492, 1492, 5160
-8541, 4145, 1492, 1492, 5160
-8543, 4146, 1492, 1492, 5160
-8542, 4146, 1493, 1493, 5160
-8543, 4145, 1493, 1493, 5160
-8541, 4146, 1492, 1492, 5160
-8538, 4146, 1493, 1493, 5160
-8538, 4146, 1493, 1493, 5160
-8538, 4146, 1493, 1493, 5160
-8539, 4146, 1492, 1492, 5160
-8538, 4146, 1492, 1492, 5160
-8541, 4146, 1493, 1493, 5160
-8542, 4146, 1492, 1492, 5160
-8542, 4146, 1492, 1492, 5160
-8537, 4145, 1493, 1493, 5160
-8537, 4145, 1493, 1493, 5160
-8537, 4146, 1493, 1493, 5160
-8537, 4147, 1493, 1493, 5160
-8536, 4146, 1493, 1493, 5153
-8539, 4146, 1493, 1493, 5153
-8540, 4146, 1492, 1492, 5153
-8540, 4146, 1493, 1493, 5153
-8543, 4146, 1493, 1493, 5153
-8543, 4146, 1493, 1493, 5153
-8542, 4144, 1492, 1492, 5153
-8542, 4146, 1493, 1493, 5153
-8542, 4146, 1493, 1493, 5153
-8541, 4146, 1493, 1493, 5153
-8541, 4146, 1493, 1493, 5153
-8541, 4146, 1493, 1493, 5153
-8538, 4147, 1493, 1493, 5153
-8539, 4148, 1493, 1493, 5153
-8540, 4146, 1493, 1493, 5153
-8542, 4145, 1493, 1493, 5153
-8541, 4146, 1493, 1493, 5153
-8539, 4145, 1493, 1493, 5153
-8539, 4145, 1493, 1493, 5153
-8536, 4147, 1494, 1494, 5153
-8541, 4147, 1493, 1493, 5153
-8541, 4147, 1493, 1493, 5153
-8538, 4146, 1494, 1494, 5160
-8538, 4146, 1494, 1494, 5160
-8540, 4146, 1493, 1493, 5160
-8555, 4146, 1491, 1491, 5160
-8541, 4163, 1495, 1495, 5160
-8434, 4160, 1573, 1573, 5160
-8437, 4159, 1597, 1597, 5160
-8438, 4160, 1595, 1595, 5160
-8438, 4159, 1595, 1595, 5160
-8438, 4159, 1595, 1595, 5160
-8439, 4158, 1594, 1594, 5160
-8438, 4158, 1594, 1594, 5160
-8439, 4159, 1593, 1593, 5160
-8440, 4159, 1593, 1593, 5160
-8440, 4159, 1593, 1593, 5160
-8441, 4159, 1593, 1593, 5160
-8441, 4159, 1593, 1593, 5160
-8440, 4158, 1593, 1593, 5160
-8441, 4159, 1592, 1592, 5160
-8441, 4159, 1592, 1592, 5160
-8441, 4159, 1592, 1592, 5160
-8441, 4158, 1592, 1592, 5160
-8440, 4159, 1591, 1591, 5160
-8442, 4158, 1592, 1592, 5160
-8442, 4158, 1592, 1592, 5160
-8441, 4159, 1591, 1591, 5175
-8441, 4158, 1591, 1591, 5175
-8442, 4158, 1591, 1591, 5175
-8441, 4159, 1591, 1591, 5175
-8442, 4159, 1591, 1591, 5175
-8442, 4159, 1591, 1591, 5175
-8441, 4159, 1591, 1591, 5175
-8442, 4158, 1591, 1591, 5175
-8442, 4160, 1591, 1591, 5175
-8442, 4158, 1591, 1591, 5175
-8442, 4158, 1591, 1591, 5175
-8442, 4159, 1591, 1591, 5175
-8442, 4159, 1591, 1591, 5175
-8442, 4158, 1591, 1591, 5175
-8442, 4159, 1591, 1591, 5175
-8442, 4159, 1591, 1591, 5175
-8441, 4159, 1591, 1591, 5175
-8441, 4159, 1591, 1591, 5175
-8442, 4159, 1591, 1591, 5175
-8442, 4159, 1590, 1590, 5175
-8443, 4159, 1590, 1590, 5175
-8443, 4158, 1590, 1590, 5175
-8443, 4158, 1590, 1590, 5175
-8441, 4160, 1591, 1591, 5175
-8442, 4157, 1590, 1590, 5177
-8441, 4158, 1590, 1590, 5177
-8442, 4159, 1591, 1591, 5177
-8442, 4159, 1591, 1591, 5177
-8441, 4157, 1591, 1591, 5177
-8442, 4159, 1590, 1590, 5177
-8441, 4158, 1591, 1591, 5177
-8441, 4158, 1591, 1591, 5177
-8442, 4158, 1591, 1591, 5177
-8441, 4158, 1591, 1591, 5177
-8443, 4158, 1591, 1591, 5177
-8442, 4158, 1591, 1591, 5177
-8442, 4158, 1591, 1591, 5177
-8442, 4158, 1591, 1591, 5177
-8441, 4158, 1591, 1591, 5177
-8442, 4158, 1591, 1591, 5177
-8442, 4159, 1591, 1591, 5177
-8442, 4158, 1590, 1590, 5177
-8442, 4158, 1590, 1590, 5177
-8442, 4159, 1590, 1590, 5177
-8442, 4159, 1590, 1590, 5177
-8443, 4158, 1590, 1590, 5171
-8443, 4158, 1590, 1590, 5171
-8443, 4158, 1590, 1590, 5171
-8443, 4158, 1590, 1590, 5171
-8442, 4158, 1590, 1590, 5171
-8442, 4158, 1590, 1590, 5171
-8442, 4159, 1590, 1590, 5171
-8443, 4158, 1590, 1590, 5171
-8443, 4158, 1590, 1590, 5171
-8442, 4158, 1590, 1590, 5171
-8442, 4158, 1590, 1590, 5171
-8442, 4158, 1590, 1590, 5171
-8443, 4158, 1590, 1590, 5171
-8442, 4159, 1590, 1590, 5171
-8442, 4159, 1590, 1590, 5171
-8442, 4158, 1590, 1590, 5171
-8442, 4158, 1590, 1590, 5171
-8442, 4159, 1590, 1590, 5171
-8442, 4158, 1591, 1591, 5171
-8443, 4158, 1590, 1590, 5171
-8444, 4158, 1589, 1589, 5171
-8443, 4158, 1590, 1590, 5171
-8443, 4158, 1590, 1590, 5171
-8442, 4159, 1590, 1590, 5171
-8442, 4159, 1590, 1590, 5171
-8444, 4157, 1589, 1589, 5175
-8444, 4157, 1589, 1589, 5175
-8443, 4158, 1590, 1590, 5175
-8443, 4158, 1590, 1590, 5175
-8443, 4158, 1590, 1590, 5175
-8443, 4158, 1590, 1590, 5175
-8443, 4159, 1589, 1589, 5175
-8442, 4158, 1590, 1590, 5175
-8442, 4158, 1590, 1590, 5175
-8442, 4157, 1590, 1590, 5175
-8442, 4157, 1590, 1590, 5175
-8443, 4158, 1590, 1590, 5175
-8442, 4158, 1590, 1590, 5175
-8442, 4158, 1590, 1590, 5175
-8443, 4159, 1590, 1590, 5175
-8442, 4158, 1590, 1590, 5175
-8443, 4158, 1590, 1590, 5175
-8443, 4158, 1590, 1590, 5175
-8444, 4158, 1590, 1590, 5175
-8442, 4158, 1590, 1590, 5175
-8442, 4157, 1590, 1590, 5175
-8442, 4157, 1590, 1590, 5175
-8442, 4157, 1590, 1590, 5175
-8442, 4157, 1590, 1590, 5175
-8442, 4158, 1590, 1590, 5175
-8442, 4158, 1591, 1591, 5171
-8442, 4157, 1590, 1590, 5171
-8444, 4151, 1589, 1589, 5171
-8578, 4144, 1443, 1443, 5171
-8543, 4144, 1480, 1480, 5171
-8542, 4144, 1489, 1489, 5171
-8542, 4145, 1489, 1489, 5171
-8542, 4145, 1489, 1489, 5171
-8542, 4145, 1489, 1489, 5171
-8542, 4145, 1490, 1490, 5171
-8541, 4146, 1491, 1491, 5171
-8544, 4144, 1491, 1491, 5171
-8544, 4144, 1491, 1491, 5171
-8544, 4144, 1491, 1491, 5171
-8544, 4144, 1490, 1490, 5171
-8543, 4144, 1492, 1492, 5171
-8540, 4144, 1492, 1492, 5171
-8541, 4145, 1491, 1491, 5171
-8538, 4145, 1491, 1491, 5171
-8538, 4144, 1492, 1492, 5171
-8539, 4144, 1492, 1492, 5171
-8539, 4145, 1492, 1492, 5171
-8544, 4144, 1491, 1491, 5171
-8544, 4144, 1491, 1491, 5171
-8540, 4145, 1490, 1490, 5160
-8540, 4144, 1490, 1490, 5160
-8544, 4144, 1491, 1491, 5160
-8539, 4144, 1491, 1491, 5160
-8543, 4144, 1492, 1492, 5160
-8544, 4144, 1491, 1491, 5160
-8542, 4144, 1491, 1491, 5160
-8542, 4144, 1491, 1491, 5160
-8541, 4144, 1491, 1491, 5160
-8539, 4145, 1492, 1492, 5160
-8542, 4145, 1491, 1491, 5160
-8542, 4145, 1491, 1491, 5160
-8542, 4144, 1492, 1492, 5160
-8542, 4144, 1492, 1492, 5160
-8543, 4145, 1491, 1491, 5160
-8544, 4145, 1492, 1492, 5160
-8544, 4144, 1492, 1492, 5160
-8539, 4144, 1492, 1492, 5160
-8539, 4145, 1492, 1492, 5160
-8539, 4144, 1492, 1492, 5162
-8539, 4144, 1492, 1492, 5162
-8539, 4143, 1492, 1492, 5162
-8542, 4142, 1493, 1493, 5162
-8542, 4142, 1493, 1493, 5162
-8544, 4143, 1492, 1492, 5162
-8541, 4144, 1492, 1492, 5162
-8539, 4144, 1492, 1492, 5162
-8541, 4144, 1492, 1492, 5162
-8540, 4144, 1493, 1493, 5162
-8538, 4145, 1492, 1492, 5162
-8538, 4145, 1492, 1492, 5162
-8537, 4145, 1492, 1492, 5162
-8541, 4144, 1493, 1493, 5162
-8538, 4145, 1493, 1493, 5162
-8538, 4145, 1493, 1493, 5162
-8537, 4145, 1493, 1493, 5162
-8538, 4145, 1492, 1492, 5162
-8542, 4143, 1493, 1493, 5162
-8542, 4143, 1493, 1493, 5162
-8543, 4144, 1492, 1492, 5162
-8543, 4144, 1492, 1492, 5162
-8541, 4143, 1493, 1493, 5162
-8541, 4144, 1493, 1493, 5162
-8540, 4143, 1493, 1493, 5162
-8539, 4144, 1493, 1493, 5162
-8536, 4144, 1493, 1493, 5162
-8538, 4144, 1493, 1493, 5164
-8539, 4144, 1492, 1492, 5164
-8539, 4144, 1492, 1492, 5164
-8543, 4143, 1493, 1493, 5164
-8541, 4145, 1492, 1492, 5164
-8540, 4143, 1493, 1493, 5164
-8541, 4144, 1493, 1493, 5164
-8543, 4143, 1492, 1492, 5164
-8543, 4143, 1492, 1492, 5164
-8540, 4145, 1492, 1492, 5164
-8539, 4144, 1493, 1493, 5164
-8537, 4145, 1493, 1493, 5164
-8539, 4144, 1492, 1492, 5164
-8538, 4145, 1493, 1493, 5164
-8539, 4144, 1492, 1492, 5164
-8538, 4144, 1493, 1493, 5164
-8540, 4143, 1493, 1493, 5164
-8540, 4143, 1493, 1493, 5164
-8543, 4143, 1492, 1492, 5164
-8543, 4143, 1492, 1492, 5164
-8542, 4145, 1492, 1492, 5164
-8542, 4142, 1493, 1493, 5164
-8541, 4143, 1493, 1493, 5171
-8538, 4144, 1492, 1492, 5171
-8537, 4143, 1493, 1493, 5171
-8541, 4144, 1493, 1493, 5171
-8541, 4144, 1493, 1493, 5171
-8542, 4143, 1492, 1492, 5171
-8542, 4143, 1493, 1493, 5171
-8542, 4143, 1493, 1493, 5171
-8538, 4144, 1493, 1493, 5171
-8537, 4143, 1493, 1493, 5171
-8538, 4143, 1493, 1493, 5171
-8538, 4143, 1493, 1493, 5171
-8537, 4144, 1494, 1494, 5171
-8537, 4142, 1492, 1492, 5171
-8438, 4156, 1595, 1595, 5171
-8438, 4156, 1595, 1595, 5171
-8439, 4156, 1594, 1594, 5171
-8439, 4156, 1594, 1594, 5171
-8439, 4156, 1593, 1593, 5171
-8439, 4156, 1593, 1593, 5171
-8439, 4155, 1593, 1593, 5171
-8440, 4156, 1592, 1592, 5171
-8441, 4155, 1592, 1592, 5171
-8441, 4155, 1592, 1592, 5171
-8441, 4156, 1591, 1591, 5171
-8441, 4156, 1593, 1593, 5171
-8441, 4155, 1592, 1592, 5171
-8441, 4156, 1592, 1592, 5171
-8442, 4156, 1591, 1591, 5171
-8442, 4156, 1591, 1591, 5171
-8442, 4156, 1591, 1591, 5171
-8443, 4156, 1590, 1590, 5171
-8442, 4155, 1591, 1591, 5171
-8442, 4155, 1591, 1591, 5171
-8443, 4157, 1590, 1590, 5171
-8443, 4155, 1590, 1590, 5171
-8444, 4156, 1590, 1590, 5171
-8444, 4156, 1590, 1590, 5171
-8444, 4156, 1590, 1590, 5171
-8443, 4156, 1590, 1590, 5171
-8443, 4155, 1590, 1590, 5171
-8442, 4155, 1590, 1590, 5171
-8442, 4155, 1590, 1590, 5171
-8444, 4156, 1590, 1590, 5171
-8442, 4154, 1590, 1590, 5171
-8442, 4154, 1590, 1590, 5171
-8443, 4155, 1590, 1590, 5166
-8443, 4156, 1590, 1590, 5166
-8442, 4155, 1590, 1590, 5166
-8443, 4156, 1590, 1590, 5166
-8442, 4155, 1590, 1590, 5166
-8442, 4155, 1590, 1590, 5166
-8443, 4155, 1590, 1590, 5166
-8443, 4155, 1590, 1590, 5166
-8442, 4155, 1590, 1590, 5166
-8443, 4155, 1590, 1590, 5166
-8444, 4154, 1590, 1590, 5166
-8444, 4154, 1590, 1590, 5166
-8443, 4156, 1590, 1590, 5166
-8444, 4156, 1589, 1589, 5166
-8443, 4155, 1590, 1590, 5166
-8443, 4155, 1590, 1590, 5166
-8444, 4155, 1589, 1589, 5166
-8444, 4155, 1589, 1589, 5166
-8444, 4154, 1589, 1589, 5166
-8444, 4155, 1589, 1589, 5166
-8443, 4155, 1590, 1590, 5166
-8444, 4155, 1589, 1589, 5166
-8444, 4155, 1589, 1589, 5166
-8444, 4155, 1589, 1589, 5166
-8443, 4155, 1589, 1589, 5166
-8443, 4154, 1590, 1590, 5166
-8443, 4154, 1590, 1590, 5166
-8444, 4155, 1589, 1589, 5166
-8443, 4154, 1589, 1589, 5166
-8444, 4155, 1589, 1589, 5166
-8444, 4155, 1589, 1589, 5166
-8443, 4155, 1589, 1589, 5166
-8443, 4155, 1589, 1589, 5166
-8444, 4153, 1589, 1589, 5166
-8443, 4154, 1589, 1589, 5166
-8444, 4154, 1589, 1589, 5166
-8445, 4154, 1589, 1589, 5166
-8445, 4154, 1588, 1588, 5166
-8444, 4155, 1589, 1589, 5166
-8444, 4155, 1589, 1589, 5166
-8444, 4155, 1589, 1589, 5166
-8444, 4154, 1588, 1588, 5166
-8444, 4154, 1589, 1589, 5166
-8444, 4154, 1589, 1589, 5166
-8443, 4155, 1589, 1589, 5166
-8444, 4155, 1589, 1589, 5166
-8444, 4155, 1588, 1588, 5166
-8445, 4155, 1588, 1588, 5166
-8444, 4154, 1588, 1588, 5164
-8445, 4153, 1588, 1588, 5164
-8445, 4154, 1588, 1588, 5164
-8445, 4153, 1588, 1588, 5164
-8445, 4153, 1588, 1588, 5164
-8445, 4153, 1588, 1588, 5164
-8444, 4155, 1588, 1588, 5164
-8445, 4154, 1588, 1588, 5164
-8445, 4154, 1588, 1588, 5164
-8445, 4153, 1588, 1588, 5164
-8445, 4154, 1588, 1588, 5164
-8445, 4154, 1588, 1588, 5164
-8444, 4153, 1588, 1588, 5164
-8444, 4153, 1588, 1588, 5164
-8444, 4153, 1588, 1588, 5164
-8445, 4154, 1587, 1587, 5164
-8445, 4154, 1587, 1587, 5164
-8444, 4154, 1588, 1588, 5164
-8445, 4153, 1588, 1588, 5164
-8444, 4153, 1588, 1588, 5164
-8444, 4154, 1588, 1588, 5164
-8445, 4153, 1588, 1588, 5164
-8445, 4153, 1588, 1588, 5164
-8446, 4154, 1587, 1587, 5164
-8445, 4154, 1587, 1587, 5164
-8445, 4154, 1588, 1588, 5164
-8445, 4154, 1588, 1588, 5164
-8445, 4153, 1588, 1588, 5164
-8445, 4153, 1588, 1588, 5164
-8445, 4154, 1588, 1588, 5164
-8445, 4153, 1587, 1587, 5164
-8445, 4153, 1587, 1587, 5164
-8515, 4146, 1570, 1570, 5164
-8515, 4146, 1570, 1570, 5164
-8579, 4141, 1449, 1449, 5164
-8549, 4138, 1482, 1482, 5164
-8548, 4138, 1487, 1487, 5164
-8543, 4139, 1488, 1488, 5164
-8543, 4139, 1488, 1488, 5164
-8544, 4140, 1487, 1487, 5164
-8542, 4139, 1488, 1488, 5164
-8542, 4139, 1488, 1488, 5164
-8545, 4140, 1488, 1488, 5164
-8545, 4139, 1488, 1488, 5151
-8545, 4138, 1489, 1489, 5151
-8545, 4138, 1489, 1489, 5151
-8541, 4140, 1489, 1489, 5151
-8543, 4141, 1489, 1489, 5151
-8542, 4140, 1490, 1490, 5151
-8542, 4140, 1490, 1490, 5151
-8544, 4140, 1490, 1490, 5151
-8546, 4138, 1489, 1489, 5151
-8545, 4137, 1490, 1490, 5151
-8545, 4137, 1490, 1490, 5151
-8541, 4140, 1489, 1489, 5151
-8541, 4140, 1489, 1489, 5151
-8545, 4139, 1490, 1490, 5151
-8545, 4139, 1490, 1490, 5151
-8545, 4138, 1490, 1490, 5151
-8544, 4139, 1490, 1490, 5151
-8544, 4139, 1490, 1490, 5151
-8544, 4139, 1490, 1490, 5151
-8545, 4138, 1490, 1490, 5151
-8547, 4138, 1489, 1489, 5151
-8546, 4138, 1489, 1489, 5151
-8544, 4139, 1489, 1489, 5151
-8544, 4139, 1489, 1489, 5151
-8547, 4139, 1489, 1489, 5151
-8546, 4139, 1489, 1489, 5158
-8545, 4137, 1490, 1490, 5158
-8544, 4139, 1490, 1490, 5158
-8544, 4139, 1489, 1489, 5158
-8544, 4139, 1489, 1489, 5158
-8543, 4138, 1490, 1490, 5158
-8541, 4140, 1490, 1490, 5158
-8545, 4138, 1489, 1489, 5158
-8542, 4138, 1489, 1489, 5158
-8546, 4138, 1489, 1489, 5158
-8545, 4136, 1490, 1490, 5158
-8543, 4137, 1490, 1490, 5158
-8543, 4137, 1490, 1490, 5158
-8543, 4138, 1489, 1489, 5158
-8544, 4138, 1490, 1490, 5158
-8541, 4138, 1490, 1490, 5158
-8544, 4137, 1490, 1490, 5173
-8544, 4137, 1490, 1490, 5173
-8541, 4138, 1489, 1489, 5173
-8541, 4138, 1489, 1489, 5173
-8541, 4138, 1489, 1489, 5173
-8540, 4137, 1490, 1490, 5173
-8541, 4138, 1489, 1489, 5173
-8543, 4137, 1491, 1491, 5173
-8545, 4137, 1489, 1489, 5173
-8545, 4136, 1490, 1490, 5173
-8541, 4138, 1490, 1490, 5173
-8540, 4137, 1490, 1490, 5173
-8540, 4137, 1490, 1490, 5173
-8545, 4136, 1489, 1489, 5173
-8545, 4136, 1490, 1490, 5173
-8545, 4137, 1489, 1489, 5173
-8544, 4137, 1489, 1489, 5173
-8540, 4137, 1490, 1490, 5173
-8544, 4136, 1490, 1490, 5173
-8540, 4136, 1490, 1490, 5173
-8540, 4137, 1491, 1491, 5173
-8542, 4137, 1490, 1490, 5173
-8542, 4137, 1490, 1490, 5173
-8541, 4137, 1489, 1489, 5175
-8542, 4137, 1489, 1489, 5175
-8543, 4137, 1489, 1489, 5175
-8547, 4136, 1489, 1489, 5175
-8547, 4136, 1488, 1488, 5175
-8546, 4135, 1489, 1489, 5175
-8546, 4136, 1490, 1490, 5175
-8544, 4136, 1489, 1489, 5175
-8545, 4136, 1490, 1490, 5175
-8546, 4136, 1489, 1489, 5175
-8545, 4135, 1490, 1490, 5175
-8545, 4135, 1490, 1490, 5175
-8542, 4137, 1489, 1489, 5175
-8542, 4137, 1489, 1489, 5175
-8546, 4135, 1490, 1490, 5175
-8545, 4136, 1489, 1489, 5175
-8545, 4136, 1490, 1490, 5175
-8546, 4136, 1489, 1489, 5175
-8546, 4137, 1489, 1489, 5175
-8544, 4135, 1490, 1490, 5175
-8546, 4136, 1488, 1488, 5175
-8542, 4133, 1490, 1490, 5162
-8441, 4150, 1592, 1592, 5162
-8443, 4150, 1590, 1590, 5162
-8443, 4149, 1590, 1590, 5162
-8444, 4149, 1589, 1589, 5162
-8443, 4149, 1589, 1589, 5162
-8443, 4149, 1589, 1589, 5162
-8444, 4148, 1588, 1588, 5162
-8444, 4149, 1588, 1588, 5162
-8445, 4148, 1588, 1588, 5162
-8445, 4148, 1588, 1588, 5162
-8445, 4148, 1588, 1588, 5162
-8444, 4149, 1588, 1588, 5162
-8445, 4149, 1587, 1587, 5162
-8445, 4148, 1588, 1588, 5162
-8445, 4149, 1587, 1587, 5162
-8445, 4149, 1587, 1587, 5162
-8445, 4149, 1587, 1587, 5162
-8447, 4149, 1587, 1587, 5162
-8447, 4149, 1587, 1587, 5162
-8446, 4149, 1586, 1586, 5162
-8445, 4148, 1587, 1587, 5162
-8446, 4149, 1586, 1586, 5162
-8447, 4149, 1586, 1586, 5177
-8447, 4148, 1586, 1586, 5177
-8446, 4148, 1586, 1586, 5177
-8447, 4148, 1586, 1586, 5177
-8448, 4148, 1586, 1586, 5177
-8447, 4148, 1586, 1586, 5177
-8447, 4149, 1586, 1586, 5177
-8447, 4149, 1586, 1586, 5177
-8447, 4149, 1585, 1585, 5177
-8448, 4148, 1585, 1585, 5177
-8447, 4147, 1585, 1585, 5177
-8448, 4147, 1585, 1585, 5177
-8448, 4147, 1585, 1585, 5177
-8448, 4147, 1585, 1585, 5177
-8448, 4148, 1585, 1585, 5177
-8447, 4147, 1586, 1586, 5177
-8447, 4147, 1586, 1586, 5177
-8448, 4147, 1585, 1585, 5177
-8447, 4147, 1585, 1585, 5177
-8447, 4148, 1585, 1585, 5177
-8448, 4147, 1585, 1585, 5177
-8448, 4147, 1585, 1585, 5177
-8449, 4146, 1584, 1584, 5177
-8448, 4148, 1585, 1585, 5177
-8449, 4147, 1584, 1584, 5173
-8448, 4148, 1584, 1584, 5173
-8448, 4148, 1584, 1584, 5173
-8448, 4147, 1584, 1584, 5173
-8449, 4147, 1584, 1584, 5173
-8449, 4148, 1584, 1584, 5173
-8448, 4148, 1584, 1584, 5173
-8449, 4147, 1584, 1584, 5173
-8449, 4147, 1584, 1584, 5173
-8449, 4147, 1584, 1584, 5173
-8449, 4147, 1584, 1584, 5173
-8449, 4147, 1584, 1584, 5173
-8448, 4149, 1584, 1584, 5173
-8449, 4146, 1584, 1584, 5173
-8450, 4147, 1584, 1584, 5173
-8448, 4147, 1584, 1584, 5173
-8449, 4147, 1584, 1584, 5173
-8449, 4147, 1584, 1584, 5173
-8449, 4146, 1584, 1584, 5173
-8451, 4148, 1583, 1583, 5173
-8450, 4146, 1583, 1583, 5173
-8448, 4147, 1584, 1584, 5169
-8449, 4146, 1583, 1583, 5169
-8449, 4146, 1583, 1583, 5169
-8450, 4146, 1583, 1583, 5169
-8449, 4146, 1583, 1583, 5169
-8449, 4148, 1583, 1583, 5169
-8449, 4146, 1583, 1583, 5169
-8450, 4146, 1583, 1583, 5169
-8450, 4147, 1583, 1583, 5169
-8451, 4147, 1583, 1583, 5169
-8451, 4147, 1583, 1583, 5169
-8450, 4147, 1583, 1583, 5169
-8450, 4147, 1583, 1583, 5169
-8449, 4147, 1583, 1583, 5169
-8450, 4147, 1582, 1582, 5169
-8450, 4147, 1583, 1583, 5169
-8450, 4147, 1583, 1583, 5169
-8450, 4146, 1582, 1582, 5169
-8450, 4145, 1583, 1583, 5169
-8450, 4146, 1582, 1582, 5169
-8450, 4145, 1583, 1583, 5169
-8450, 4145, 1583, 1583, 5169
-8450, 4145, 1582, 1582, 5169
-8450, 4146, 1583, 1583, 5169
-8450, 4145, 1583, 1583, 5169
-8450, 4145, 1583, 1583, 5169
-8451, 4145, 1582, 1582, 5169
-8451, 4145, 1582, 1582, 5169
-8451, 4145, 1582, 1582, 5169
-8449, 4147, 1583, 1583, 5169
-8449, 4147, 1583, 1583, 5169
-8450, 4146, 1582, 1582, 5169
-8450, 4146, 1582, 1582, 5169
-8451, 4145, 1582, 1582, 5169
-8450, 4145, 1583, 1583, 5169
-8450, 4145, 1583, 1583, 5169
-8450, 4146, 1583, 1583, 5169
-8450, 4144, 1582, 1582, 5169
-8450, 4144, 1582, 1582, 5169
-8450, 4145, 1583, 1583, 5169
-8450, 4145, 1582, 1582, 5169
-8451, 4144, 1582, 1582, 5169
-8451, 4145, 1582, 1582, 5169
-8451, 4145, 1582, 1582, 5169
-8450, 4144, 1582, 1582, 5169
-8451, 4145, 1582, 1582, 5169
-8451, 4145, 1581, 1581, 5169
-8451, 4145, 1581, 1581, 5169
-8451, 4145, 1581, 1581, 5169
-8451, 4143, 1582, 1582, 5173
-8451, 4144, 1582, 1582, 5173
-8451, 4144, 1582, 1582, 5173
-8451, 4134, 1582, 1582, 5173
-8451, 4134, 1582, 1582, 5173
-8643, 4119, 1390, 1390, 5173
-8643, 4119, 1390, 1390, 5173
-8637, 4119, 1393, 1393, 5173
-8633, 4118, 1395, 1395, 5173
-8640, 4118, 1397, 1397, 5173
-8638, 4119, 1398, 1398, 5173
-8638, 4119, 1398, 1398, 5173
-8637, 4117, 1398, 1398, 5173
-8639, 4118, 1399, 1399, 5173
-8634, 4117, 1399, 1399, 5173
-8629, 4119, 1399, 1399, 5173
-8629, 4119, 1399, 1399, 5173
-8628, 4117, 1400, 1400, 5173
-8634, 4118, 1400, 1400, 5173
-8635, 4119, 1400, 1400, 5173
-8638, 4117, 1400, 1400, 5173
-8636, 4116, 1401, 1401, 5173
-8636, 4116, 1401, 1401, 5173
-8633, 4117, 1400, 1400, 5175
-8631, 4117, 1401, 1401, 5175
-8629, 4117, 1402, 1402, 5175
-8635, 4116, 1402, 1402, 5175
-8635, 4116, 1402, 1402, 5175
-8635, 4116, 1402, 1402, 5175
-8634, 4117, 1401, 1401, 5175
-8626, 4117, 1402, 1402, 5175
-8632, 4116, 1402, 1402, 5175
-8625, 4118, 1402, 1402, 5175
-8626, 4117, 1402, 1402, 5175
-8631, 4116, 1402, 1402, 5175
-8636, 4116, 1401, 1401, 5175
-8635, 4116, 1402, 1402, 5175
-8635, 4116, 1402, 1402, 5175
-8629, 4116, 1402, 1402, 5175
-8629, 4116, 1402, 1402, 5175
-8627, 4116, 1402, 1402, 5175
-8627, 4115, 1402, 1402, 5175
-8627, 4116, 1402, 1402, 5175
-8627, 4116, 1402, 1402, 5175
-8626, 4116, 1403, 1403, 5164
-8628, 4116, 1402, 1402, 5164
-8628, 4115, 1402, 1402, 5164
-8627, 4116, 1402, 1402, 5164
-8626, 4115, 1403, 1403, 5164
-8625, 4116, 1403, 1403, 5164
-8625, 4116, 1402, 1402, 5164
-8626, 4116, 1401, 1401, 5164
-8625, 4115, 1403, 1403, 5164
-8626, 4115, 1403, 1403, 5164
-8625, 4115, 1402, 1402, 5164
-8625, 4116, 1402, 1402, 5164
-8625, 4116, 1402, 1402, 5164
-8625, 4116, 1403, 1403, 5164
-8625, 4116, 1402, 1402, 5164
-8625, 4116, 1402, 1402, 5164
-8626, 4115, 1403, 1403, 5164
-8633, 4116, 1403, 1403, 5164
-8633, 4116, 1403, 1403, 5164
-8633, 4115, 1403, 1403, 5164
-8636, 4115, 1401, 1401, 5162
-8636, 4115, 1401, 1401, 5162
-8634, 4115, 1403, 1403, 5162
-8628, 4114, 1402, 1402, 5162
-8628, 4114, 1402, 1402, 5162
-8627, 4114, 1403, 1403, 5162
-8626, 4114, 1403, 1403, 5162
-8626, 4114, 1403, 1403, 5162
-8626, 4115, 1403, 1403, 5162
-8626, 4115, 1403, 1403, 5162
-8630, 4115, 1403, 1403, 5162
-8631, 4114, 1402, 1402, 5162
-8631, 4114, 1402, 1402, 5162
-8630, 4114, 1403, 1403, 5162
-8632, 4114, 1403, 1403, 5162
-8634, 4115, 1403, 1403, 5162
-8633, 4113, 1403, 1403, 5162
-8633, 4113, 1403, 1403, 5162
-8634, 4115, 1403, 1403, 5162
-8627, 4113, 1403, 1403, 5162
-8626, 4115, 1403, 1403, 5162
-8627, 4114, 1403, 1403, 5162
-8628, 4114, 1403, 1403, 5162
-8628, 4115, 1403, 1403, 5162
-8629, 4115, 1402, 1402, 5162
-8630, 4114, 1403, 1403, 5162
-8634, 4113, 1402, 1402, 5166
-8627, 4114, 1402, 1402, 5166
-8627, 4114, 1402, 1402, 5166
-8633, 4113, 1402, 1402, 5166
-8632, 4113, 1402, 1402, 5166
-8628, 4114, 1403, 1403, 5166
-8626, 4114, 1402, 1402, 5166
-8626, 4114, 1402, 1402, 5166
-8631, 4114, 1402, 1402, 5166
-8632, 4113, 1403, 1403, 5166
-8632, 4114, 1402, 1402, 5166
-8632, 4113, 1403, 1403, 5166
-8632, 4113, 1403, 1403, 5166
-8634, 4115, 1402, 1402, 5166
-8625, 4114, 1403, 1403, 5166
-8631, 4113, 1403, 1403, 5166
-8631, 4113, 1403, 1403, 5166
-8625, 4112, 1403, 1403, 5166
-8630, 4115, 1405, 1405, 5166
-8440, 4139, 1594, 1594, 5166
-8440, 4139, 1594, 1594, 5166
-8442, 4140, 1591, 1591, 5166
-8444, 4139, 1590, 1590, 5166
-8444, 4139, 1588, 1588, 5166
-8446, 4138, 1588, 1588, 5171
-8446, 4139, 1587, 1587, 5171
-8448, 4138, 1586, 1586, 5171
-8447, 4139, 1585, 1585, 5171
-8448, 4139, 1585, 1585, 5171
-8448, 4138, 1584, 1584, 5171
-8448, 4138, 1584, 1584, 5171
-8449, 4138, 1584, 1584, 5171
-8449, 4137, 1583, 1583, 5171
-8450, 4138, 1583, 1583, 5171
-8450, 4138, 1582, 1582, 5171
-8450, 4138, 1582, 1582, 5171
-8450, 4139, 1582, 1582, 5171
-8450, 4139, 1582, 1582, 5171
-8451, 4138, 1581, 1581, 5171
-8452, 4138, 1581, 1581, 5171
-8451, 4137, 1581, 1581, 5171
-8453, 4138, 1580, 1580, 5171
-8451, 4138, 1580, 1580, 5171
-8452, 4138, 1581, 1581, 5171
-8452, 4138, 1581, 1581, 5171
-8452, 4137, 1580, 1580, 5171
-8453, 4137, 1580, 1580, 5171
-8453, 4138, 1580, 1580, 5171
-8454, 4138, 1580, 1580, 5173
-8454, 4138, 1580, 1580, 5173
-8453, 4138, 1580, 1580, 5173
-8453, 4138, 1580, 1580, 5173
-8453, 4138, 1580, 1580, 5173
-8453, 4137, 1580, 1580, 5173
-8454, 4136, 1579, 1579, 5173
-8454, 4137, 1579, 1579, 5173
-8454, 4137, 1579, 1579, 5173
-8454, 4137, 1579, 1579, 5173
-8454, 4138, 1579, 1579, 5173
-8453, 4137, 1579, 1579, 5173
-8454, 4137, 1579, 1579, 5173
-8454, 4137, 1579, 1579, 5173
-8455, 4137, 1578, 1578, 5173
-8455, 4137, 1578, 1578, 5173
-8454, 4137, 1579, 1579, 5173
-8454, 4136, 1578, 1578, 5173
-8454, 4136, 1578, 1578, 5173
-8455, 4137, 1578, 1578, 5173
-8455, 4137, 1578, 1578, 5173
-8454, 4136, 1578, 1578, 5173
-8454, 4136, 1578, 1578, 5173
-8454, 4137, 1578, 1578, 5171
-8455, 4135, 1578, 1578, 5171
-8455, 4135, 1577, 1577, 5171
-8456, 4137, 1577, 1577, 5171
-8456, 4135, 1577, 1577, 5171
-8455, 4136, 1577, 1577, 5171
-8456, 4137, 1577, 1577, 5171
-8456, 4137, 1577, 1577, 5171
-8456, 4135, 1577, 1577, 5171
-8456, 4136, 1577, 1577, 5171
-8456, 4135, 1576, 1576, 5171
-8456, 4136, 1576, 1576, 5171
-8456, 4135, 1576, 1576, 5171
-8456, 4135, 1576, 1576, 5171
-8456, 4135, 1576, 1576, 5171
-8457, 4135, 1576, 1576, 5171
-8457, 4135, 1576, 1576, 5171
-8457, 4135, 1576, 1576, 5171
-8456, 4135, 1576, 1576, 5171
-8456, 4135, 1577, 1577, 5171
-8458, 4134, 1576, 1576, 5171
-8458, 4134, 1576, 1576, 5171
-8456, 4135, 1576, 1576, 5171
-8457, 4135, 1576, 1576, 5171
-8456, 4135, 1576, 1576, 5169
-8457, 4135, 1576, 1576, 5169
-8457, 4135, 1576, 1576, 5169
-8457, 4135, 1576, 1576, 5169
-8457, 4134, 1576, 1576, 5169
-8457, 4134, 1576, 1576, 5169
-8457, 4134, 1575, 1575, 5169
-8457, 4134, 1575, 1575, 5169
-8457, 4135, 1576, 1576, 5169
-8457, 4134, 1575, 1575, 5169
-8457, 4134, 1575, 1575, 5169
-8457, 4134, 1575, 1575, 5169
-8458, 4134, 1575, 1575, 5169
-8458, 4134, 1575, 1575, 5169
-8458, 4134, 1575, 1575, 5169
-8458, 4134, 1575, 1575, 5169
-8458, 4134, 1575, 1575, 5169
-8458, 4134, 1575, 1575, 5169
-8459, 4134, 1574, 1574, 5169
-8458, 4134, 1575, 1575, 5169
-8458, 4134, 1575, 1575, 5169
-8458, 4134, 1575, 1575, 5169
-8458, 4134, 1574, 1574, 5169
-8459, 4134, 1574, 1574, 5169
-8459, 4133, 1573, 1573, 5169
-8459, 4133, 1573, 1573, 5169
-8459, 4134, 1574, 1574, 5169
-8459, 4134, 1574, 1574, 5169
-8459, 4134, 1574, 1574, 5169
-8458, 4134, 1574, 1574, 5169
-8458, 4132, 1574, 1574, 5169
-8459, 4134, 1573, 1573, 5169
-8459, 4134, 1574, 1574, 5169
-8459, 4133, 1574, 1574, 5169
-8458, 4133, 1574, 1574, 5169
-8458, 4132, 1574, 1574, 5169
-8460, 4133, 1573, 1573, 5169
-8460, 4132, 1573, 1573, 5169
-8460, 4132, 1573, 1573, 5169
-8459, 4132, 1573, 1573, 5169
-8459, 4131, 1573, 1573, 5169
-8649, 4093, 1444, 1444, 5169
-8641, 4107, 1388, 1388, 5169
-8641, 4107, 1388, 1388, 5169
-8650, 4105, 1388, 1388, 5169
-8648, 4105, 1389, 1389, 5169
-8641, 4107, 1390, 1390, 5173
-8641, 4107, 1390, 1390, 5173
-8639, 4106, 1390, 1390, 5173
-8639, 4107, 1391, 1391, 5173
-8638, 4106, 1391, 1391, 5173
-8641, 4104, 1391, 1391, 5173
-8642, 4106, 1392, 1392, 5173
-8641, 4106, 1392, 1392, 5173
-8641, 4106, 1392, 1392, 5173
-8637, 4107, 1392, 1392, 5173
-8637, 4107, 1392, 1392, 5173
-8644, 4107, 1392, 1392, 5173
-8643, 4106, 1393, 1393, 5173
-8637, 4107, 1392, 1392, 5173
-8638, 4106, 1393, 1393, 5173
-8639, 4106, 1393, 1393, 5173
-8638, 4106, 1393, 1393, 5173
-8643, 4105, 1394, 1394, 5173
-8643, 4106, 1394, 1394, 5173
-8638, 4104, 1394, 1394, 5173
-8637, 4105, 1394, 1394, 5173
-8636, 4105, 1394, 1394, 5173
-8634, 4106, 1394, 1394, 5173
-8634, 4106, 1394, 1394, 5173
-8634, 4106, 1394, 1394, 5173
-8638, 4105, 1394, 1394, 5173
-8638, 4105, 1394, 1394, 5173
-8639, 4104, 1394, 1394, 5173
-8643, 4105, 1394, 1394, 5173
-8643, 4105, 1394, 1394, 5173
-8642, 4105, 1394, 1394, 5173
-8642, 4105, 1394, 1394, 5173
-8641, 4104, 1395, 1395, 5173
-8642, 4103, 1394, 1394, 5173
-8637, 4105, 1394, 1394, 5173
-8633, 4105, 1395, 1395, 5173
-8638, 4104, 1394, 1394, 5173
-8639, 4104, 1395, 1395, 5173
-8640, 4104, 1395, 1395, 5173
-8642, 4103, 1394, 1394, 5173
-8641, 4103, 1395, 1395, 5173
-8643, 4104, 1394, 1394, 5173
-8641, 4103, 1395, 1395, 5173
-8641, 4103, 1395, 1395, 5173
-8642, 4105, 1394, 1394, 5173
-8636, 4106, 1394, 1394, 5173
-8636, 4105, 1395, 1395, 5173
-8640, 4104, 1395, 1395, 5173
-8642, 4102, 1394, 1394, 5173
-8635, 4104, 1394, 1394, 5173
-8636, 4105, 1393, 1393, 5173
-8636, 4104, 1394, 1394, 5173
-8637, 4104, 1394, 1394, 5173
-8635, 4104, 1394, 1394, 5173
-8633, 4103, 1394, 1394, 5173
-8638, 4103, 1395, 1395, 5173
-8634, 4104, 1394, 1394, 5173
-8634, 4104, 1394, 1394, 5173
-8634, 4104, 1394, 1394, 5173
-8642, 4103, 1394, 1394, 5173
-8641, 4103, 1394, 1394, 5173
-8643, 4102, 1394, 1394, 5173
-8642, 4102, 1395, 1395, 5173
-8642, 4103, 1394, 1394, 5173
-8643, 4103, 1394, 1394, 5173
-8643, 4103, 1394, 1394, 5173
-8643, 4102, 1394, 1394, 5173
-8640, 4102, 1395, 1395, 5169
-8640, 4102, 1394, 1394, 5169
-8642, 4101, 1394, 1394, 5169
-8642, 4101, 1394, 1394, 5169
-8641, 4102, 1394, 1394, 5169
-8641, 4102, 1394, 1394, 5169
-8642, 4100, 1394, 1394, 5169
-8635, 4102, 1394, 1394, 5169
-8641, 4101, 1393, 1393, 5169
-8634, 4102, 1393, 1393, 5169
-8634, 4101, 1393, 1393, 5169
-8634, 4102, 1393, 1393, 5169
-8640, 4102, 1393, 1393, 5169
-8642, 4101, 1393, 1393, 5169
-8642, 4101, 1393, 1393, 5169
-8643, 4101, 1394, 1394, 5169
-8642, 4100, 1394, 1394, 5169
-8642, 4100, 1394, 1394, 5169
-8643, 4101, 1393, 1393, 5169
-8642, 4101, 1394, 1394, 5169
-8643, 4100, 1393, 1393, 5169
-8644, 4100, 1393, 1393, 5169
-8638, 4101, 1392, 1392, 5173
-8638, 4101, 1392, 1392, 5173
-8637, 4099, 1393, 1393, 5173
-8643, 4099, 1393, 1393, 5173
-8643, 4099, 1393, 1393, 5173
-8636, 4101, 1393, 1393, 5173
-8636, 4101, 1393, 1393, 5173
-8633, 4099, 1394, 1394, 5173
-8635, 4127, 1396, 1396, 5173
-8449, 4126, 1589, 1589, 5173
-8451, 4125, 1582, 1582, 5173
-8456, 4125, 1578, 1578, 5173
-8456, 4125, 1577, 1577, 5173
-8456, 4124, 1576, 1576, 5173
-8456, 4124, 1576, 1576, 5173
-8458, 4124, 1576, 1576, 5173
-8458, 4124, 1575, 1575, 5173
-8458, 4124, 1575, 1575, 5173
-8458, 4124, 1574, 1574, 5173
-8460, 4125, 1574, 1574, 5173
-8460, 4124, 1573, 1573, 5173
-8460, 4124, 1573, 1573, 5173
-8460, 4124, 1573, 1573, 5173
-8460, 4124, 1572, 1572, 5184
-8460, 4124, 1572, 1572, 5184
-8460, 4124, 1572, 1572, 5184
-8461, 4123, 1572, 1572, 5184
-8461, 4124, 1571, 1571, 5184
-8461, 4124, 1571, 1571, 5184
-8462, 4124, 1571, 1571, 5184
-8462, 4123, 1571, 1571, 5184
-8462, 4123, 1571, 1571, 5184
-8462, 4122, 1571, 1571, 5184
-8462, 4122, 1571, 1571, 5184
-8463, 4123, 1571, 1571, 5184
-8462, 4123, 1570, 1570, 5184
-8463, 4123, 1570, 1570, 5184
-8462, 4123, 1570, 1570, 5184
-8463, 4123, 1570, 1570, 5184
-8463, 4123, 1570, 1570, 5184
-8464, 4123, 1569, 1569, 5184
-8464, 4123, 1569, 1569, 5184
-8464, 4121, 1569, 1569, 5184
-8464, 4121, 1569, 1569, 5184
-8464, 4122, 1569, 1569, 5184
-8463, 4122, 1569, 1569, 5184
-8465, 4120, 1568, 1568, 5180
-8465, 4122, 1568, 1568, 5180
-8464, 4121, 1568, 1568, 5180
-8464, 4121, 1568, 1568, 5180
-8465, 4122, 1568, 1568, 5180
-8465, 4122, 1568, 1568, 5180
-8465, 4122, 1568, 1568, 5180
-8465, 4121, 1568, 1568, 5180
-8465, 4121, 1568, 1568, 5180
-8465, 4121, 1568, 1568, 5180
-8465, 4120, 1568, 1568, 5180
-8465, 4120, 1568, 1568, 5180
-8465, 4121, 1568, 1568, 5180
-8466, 4121, 1567, 1567, 5180
-8465, 4121, 1567, 1567, 5180
-8466, 4121, 1566, 1566, 5180
-8466, 4121, 1566, 1566, 5180
-8465, 4120, 1567, 1567, 5180
-8466, 4121, 1566, 1566, 5180
-8466, 4120, 1566, 1566, 5180
-8466, 4120, 1566, 1566, 5180
-8467, 4119, 1565, 1565, 5180
-8467, 4119, 1565, 1565, 5180
-8467, 4120, 1566, 1566, 5171
-8468, 4120, 1565, 1565, 5171
-8468, 4120, 1565, 1565, 5171
-8467, 4121, 1565, 1565, 5171
-8468, 4119, 1565, 1565, 5171
-8468, 4119, 1565, 1565, 5171
-8468, 4120, 1565, 1565, 5171
-8467, 4119, 1565, 1565, 5171
-8468, 4120, 1565, 1565, 5171
-8468, 4120, 1565, 1565, 5171
-8468, 4118, 1564, 1564, 5171
-8469, 4119, 1564, 1564, 5171
-8469, 4119, 1564, 1564, 5171
-8468, 4119, 1564, 1564, 5171
-8467, 4118, 1565, 1565, 5171
-8468, 4118, 1564, 1564, 5171
-8468, 4120, 1564, 1564, 5171
-8470, 4118, 1563, 1563, 5171
-8470, 4118, 1563, 1563, 5171
-8468, 4118, 1563, 1563, 5180
-8469, 4118, 1563, 1563, 5180
-8469, 4118, 1563, 1563, 5180
-8470, 4118, 1563, 1563, 5180
-8469, 4118, 1563, 1563, 5180
-8469, 4117, 1563, 1563, 5180
-8469, 4117, 1563, 1563, 5180
-8470, 4117, 1563, 1563, 5180
-8470, 4117, 1563, 1563, 5180
-8470, 4117, 1563, 1563, 5180
-8470, 4118, 1562, 1562, 5180
-8470, 4118, 1562, 1562, 5180
-8470, 4117, 1563, 1563, 5180
-8470, 4116, 1563, 1563, 5180
-8470, 4116, 1563, 1563, 5180
-8471, 4117, 1562, 1562, 5180
-8472, 4116, 1561, 1561, 5180
-8472, 4116, 1561, 1561, 5180
-8471, 4116, 1562, 1562, 5180
-8471, 4115, 1562, 1562, 5180
-8471, 4115, 1561, 1561, 5173
-8471, 4115, 1561, 1561, 5173
-8471, 4116, 1561, 1561, 5173
-8470, 4116, 1562, 1562, 5173
-8470, 4116, 1562, 1562, 5173
-8731, 4087, 1418, 1418, 5173
-8681, 4086, 1354, 1354, 5173
-8660, 4090, 1372, 1372, 5173
-8661, 4088, 1375, 1375, 5173
-8661, 4089, 1376, 1376, 5173
-8658, 4089, 1377, 1377, 5173
-8658, 4091, 1378, 1378, 5173
-8651, 4091, 1379, 1379, 5173
-8658, 4090, 1379, 1379, 5173
-8658, 4090, 1379, 1379, 5173
-8655, 4089, 1380, 1380, 5173
-8658, 4089, 1380, 1380, 5173
-8658, 4089, 1380, 1380, 5173
-8652, 4090, 1380, 1380, 5173
-8658, 4089, 1380, 1380, 5173
-8656, 4089, 1379, 1379, 5164
-8656, 4089, 1379, 1379, 5164
-8655, 4088, 1381, 1381, 5164
-8658, 4089, 1381, 1381, 5164
-8651, 4090, 1380, 1380, 5164
-8653, 4091, 1380, 1380, 5164
-8653, 4091, 1380, 1380, 5164
-8657, 4087, 1381, 1381, 5164
-8657, 4087, 1381, 1381, 5164
-8653, 4089, 1381, 1381, 5164
-8649, 4090, 1381, 1381, 5164
-8647, 4089, 1381, 1381, 5164
-8647, 4089, 1381, 1381, 5164
-8647, 4089, 1381, 1381, 5164
-8651, 4090, 1381, 1381, 5164
-8651, 4090, 1381, 1381, 5164
-8651, 4090, 1381, 1381, 5164
-8650, 4089, 1382, 1382, 5164
-8650, 4089, 1382, 1382, 5164
-8657, 4088, 1382, 1382, 5164
-8656, 4087, 1382, 1382, 5164
-8647, 4088, 1381, 1381, 5164
-8647, 4088, 1381, 1381, 5164
-8653, 4088, 1381, 1381, 5164
-8647, 4089, 1381, 1381, 5164
-8646, 4089, 1381, 1381, 5164
-8650, 4087, 1382, 1382, 5164
-8650, 4088, 1381, 1381, 5164
-8651, 4088, 1381, 1381, 5164
-8645, 4089, 1382, 1382, 5164
-8654, 4086, 1382, 1382, 5164
-8649, 4087, 1382, 1382, 5164
-8648, 4088, 1382, 1382, 5164
-8649, 4087, 1381, 1381, 5164
-8649, 4087, 1381, 1381, 5164
-8648, 4088, 1381, 1381, 5164
-8656, 4086, 1381, 1381, 5164
-8656, 4086, 1381, 1381, 5164
-8653, 4087, 1381, 1381, 5164
-8653, 4087, 1381, 1381, 5164
-8651, 4086, 1382, 1382, 5164
-8647, 4087, 1381, 1381, 5164
-8649, 4088, 1381, 1381, 5164
-8647, 4087, 1381, 1381, 5164
-8647, 4087, 1381, 1381, 5164
-8653, 4087, 1382, 1382, 5164
-8648, 4087, 1381, 1381, 5164
-8647, 4087, 1381, 1381, 5164
-8654, 4084, 1381, 1381, 5164
-8654, 4084, 1381, 1381, 5164
-8652, 4085, 1381, 1381, 5169
-8655, 4084, 1381, 1381, 5169
-8655, 4084, 1381, 1381, 5169
-8655, 4084, 1381, 1381, 5169
-8653, 4083, 1382, 1382, 5169
-8653, 4083, 1382, 1382, 5169
-8653, 4084, 1380, 1380, 5169
-8647, 4085, 1381, 1381, 5169
-8648, 4086, 1380, 1380, 5169
-8648, 4086, 1380, 1380, 5169
-8647, 4086, 1381, 1381, 5169
-8647, 4086, 1380, 1380, 5169
-8651, 4084, 1380, 1380, 5169
-8656, 4083, 1381, 1381, 5169
-8655, 4083, 1381, 1381, 5169
-8656, 4082, 1381, 1381, 5169
-8656, 4082, 1380, 1380, 5169
-8654, 4084, 1381, 1381, 5169
-8653, 4083, 1381, 1381, 5169
-8658, 4083, 1379, 1379, 5175
-8654, 4082, 1381, 1381, 5175
-8647, 4085, 1381, 1381, 5175
-8648, 4083, 1380, 1380, 5175
-8648, 4083, 1380, 1380, 5175
-8653, 4083, 1380, 1380, 5175
-8653, 4083, 1380, 1380, 5175
-8653, 4083, 1381, 1381, 5175
-8653, 4083, 1381, 1381, 5175
-8654, 4082, 1380, 1380, 5175
-8658, 4081, 1380, 1380, 5175
-8657, 4081, 1380, 1380, 5175
-8656, 4081, 1380, 1380, 5175
-8656, 4082, 1380, 1380, 5175
-8657, 4081, 1380, 1380, 5175
-8657, 4080, 1380, 1380, 5175
-8649, 4083, 1380, 1380, 5175
-8451, 4112, 1431, 1431, 5175
-8451, 4112, 1431, 1431, 5175
-8462, 4109, 1573, 1573, 5175
-8465, 4108, 1569, 1569, 5175
-8467, 4108, 1566, 1566, 5175
-8469, 4107, 1564, 1564, 5175
-8469, 4107, 1564, 1564, 5175
-8469, 4107, 1564, 1564, 5175
-8471, 4105, 1562, 1562, 5171
-8472, 4107, 1562, 1562, 5171
-8472, 4107, 1562, 1562, 5171
-8471, 4107, 1562, 1562, 5171
-8471, 4106, 1561, 1561, 5171
-8471, 4106, 1561, 1561, 5171
-8472, 4107, 1560, 1560, 5171
-8472, 4107, 1560, 1560, 5171
-8473, 4106, 1560, 1560, 5171
-8473, 4104, 1559, 1559, 5171
-8474, 4106, 1559, 1559, 5171
-8474, 4105, 1559, 1559, 5171
-8475, 4105, 1558, 1558, 5171
-8475, 4105, 1558, 1558, 5171
-8475, 4106, 1558, 1558, 5171
-8475, 4104, 1558, 1558, 5171
-8476, 4104, 1558, 1558, 5171
-8476, 4104, 1558, 1558, 5171
-8476, 4105, 1557, 1557, 5171
-8476, 4104, 1557, 1557, 5171
-8477, 4104, 1557, 1557, 5171
-8476, 4105, 1557, 1557, 5171
-8476, 4105, 1557, 1557, 5171
-8477, 4105, 1556, 1556, 5171
-8477, 4104, 1556, 1556, 5171
-8477, 4103, 1556, 1556, 5171
-8476, 4104, 1556, 1556, 5171
-8477, 4104, 1555, 1555, 5171
-8477, 4104, 1555, 1555, 5171
-8477, 4104, 1556, 1556, 5171
-8476, 4104, 1556, 1556, 5171
-8478, 4104, 1555, 1555, 5171
-8478, 4103, 1555, 1555, 5171
-8478, 4104, 1555, 1555, 5171
-8478, 4104, 1555, 1555, 5171
-8478, 4104, 1555, 1555, 5171
-8478, 4103, 1555, 1555, 5171
-8478, 4103, 1555, 1555, 5171
-8479, 4103, 1555, 1555, 5171
-8479, 4103, 1554, 1554, 5171
-8480, 4103, 1554, 1554, 5171
-8479, 4103, 1554, 1554, 5171
-8479, 4102, 1553, 1553, 5171
-8480, 4102, 1554, 1554, 5171
-8478, 4103, 1554, 1554, 5171
-8480, 4103, 1553, 1553, 5171
-8479, 4102, 1553, 1553, 5171
-8480, 4103, 1553, 1553, 5171
-8479, 4102, 1553, 1553, 5171
-8480, 4102, 1554, 1554, 5164
-8480, 4102, 1553, 1553, 5164
-8480, 4103, 1553, 1553, 5164
-8480, 4102, 1553, 1553, 5164
-8479, 4101, 1553, 1553, 5164
-8480, 4101, 1553, 1553, 5164
-8480, 4101, 1553, 1553, 5164
-8480, 4102, 1553, 1553, 5164
-8480, 4102, 1553, 1553, 5164
-8480, 4101, 1552, 1552, 5164
-8480, 4101, 1552, 1552, 5164
-8480, 4102, 1552, 1552, 5164
-8480, 4102, 1552, 1552, 5164
-8480, 4101, 1552, 1552, 5164
-8480, 4101, 1552, 1552, 5164
-8480, 4101, 1552, 1552, 5164
-8481, 4100, 1552, 1552, 5164
-8482, 4102, 1551, 1551, 5164
-8482, 4100, 1551, 1551, 5164
-8482, 4101, 1551, 1551, 5164
-8482, 4100, 1551, 1551, 5164
-8481, 4100, 1551, 1551, 5164
-8481, 4100, 1551, 1551, 5164
-8481, 4101, 1551, 1551, 5171
-8482, 4100, 1551, 1551, 5171
-8482, 4100, 1551, 1551, 5171
-8482, 4100, 1551, 1551, 5171
-8482, 4100, 1551, 1551, 5171
-8482, 4100, 1551, 1551, 5171
-8483, 4100, 1550, 1550, 5171
-8482, 4099, 1550, 1550, 5171
-8483, 4100, 1550, 1550, 5171
-8483, 4099, 1550, 1550, 5171
-8482, 4099, 1550, 1550, 5171
-8483, 4099, 1550, 1550, 5171
-8483, 4099, 1550, 1550, 5171
-8483, 4098, 1549, 1549, 5171
-8483, 4099, 1550, 1550, 5171
-8483, 4099, 1549, 1549, 5171
-8483, 4099, 1549, 1549, 5171
-8483, 4099, 1549, 1549, 5171
-8483, 4098, 1549, 1549, 5171
-8483, 4099, 1549, 1549, 5171
-8484, 4100, 1549, 1549, 5171
-8484, 4099, 1549, 1549, 5171
-8484, 4098, 1549, 1549, 5171
-8484, 4098, 1549, 1549, 5171
-8484, 4099, 1549, 1549, 5171
-8484, 4099, 1549, 1549, 5166
-8485, 4098, 1548, 1548, 5166
-8484, 4099, 1548, 1548, 5166
-8485, 4098, 1548, 1548, 5166
-8485, 4098, 1548, 1548, 5166
-8485, 4098, 1548, 1548, 5166
-8485, 4098, 1548, 1548, 5166
-8485, 4097, 1548, 1548, 5166
-8485, 4097, 1548, 1548, 5166
-8485, 4098, 1548, 1548, 5166
-8485, 4098, 1548, 1548, 5166
-8486, 4097, 1547, 1547, 5166
-8486, 4098, 1547, 1547, 5166
-8485, 4097, 1548, 1548, 5166
-8485, 4096, 1547, 1547, 5166
-8486, 4098, 1547, 1547, 5166
-8486, 4098, 1547, 1547, 5166
-8657, 4066, 1347, 1347, 5166
-8677, 4074, 1356, 1356, 5166
-8668, 4071, 1360, 1360, 5166
-8666, 4071, 1361, 1361, 5166
-8676, 4070, 1362, 1362, 5166
-8669, 4071, 1363, 1363, 5166
-8669, 4071, 1363, 1363, 5166
-8666, 4070, 1364, 1364, 5173
-8666, 4070, 1364, 1364, 5173
-8664, 4070, 1364, 1364, 5173
-8667, 4070, 1365, 1365, 5173
-8667, 4070, 1366, 1366, 5173
-8667, 4071, 1366, 1366, 5173
-8667, 4071, 1366, 1366, 5173
-8669, 4070, 1365, 1365, 5173
-8671, 4070, 1366, 1366, 5173
-8671, 4070, 1366, 1366, 5173
-8664, 4071, 1366, 1366, 5173
-8664, 4070, 1366, 1366, 5173
-8661, 4070, 1366, 1366, 5173
-8661, 4069, 1366, 1366, 5173
-8663, 4071, 1366, 1366, 5173
-8666, 4071, 1365, 1365, 5173
-8666, 4071, 1365, 1365, 5173
-8668, 4069, 1366, 1366, 5173
-8671, 4069, 1366, 1366, 5173
-8666, 4070, 1366, 1366, 5173
-8666, 4070, 1366, 1366, 5173
-8664, 4068, 1367, 1367, 5173
-8671, 4069, 1366, 1366, 5173
-8671, 4069, 1366, 1366, 5173
-8670, 4069, 1366, 1366, 5164
-8667, 4069, 1367, 1367, 5164
-8667, 4069, 1367, 1367, 5164
-8666, 4070, 1366, 1366, 5164
-8663, 4067, 1367, 1367, 5164
-8662, 4069, 1366, 1366, 5164
-8667, 4068, 1367, 1367, 5164
-8667, 4068, 1367, 1367, 5164
-8667, 4068, 1367, 1367, 5164
-8671, 4068, 1366, 1366, 5164
-8667, 4067, 1366, 1366, 5164
-8667, 4068, 1366, 1366, 5164
-8665, 4067, 1367, 1367, 5164
-8671, 4068, 1367, 1367, 5164
-8670, 4068, 1367, 1367, 5164
-8670, 4066, 1367, 1367, 5164
-8672, 4067, 1366, 1366, 5164
-8671, 4067, 1367, 1367, 5164
-8671, 4067, 1367, 1367, 5164
-8670, 4067, 1366, 1366, 5164
-8666, 4066, 1367, 1367, 5169
-8666, 4066, 1367, 1367, 5169
-8666, 4066, 1367, 1367, 5169
-8666, 4066, 1367, 1367, 5169
-8671, 4066, 1367, 1367, 5169
-8671, 4069, 1365, 1365, 5169
-8671, 4067, 1366, 1366, 5169
-8671, 4066, 1366, 1366, 5169
-8670, 4066, 1366, 1366, 5169
-8671, 4067, 1365, 1365, 5169
-8672, 4066, 1366, 1366, 5169
-8671, 4066, 1366, 1366, 5169
-8668, 4067, 1366, 1366, 5169
-8662, 4067, 1365, 1365, 5169
-8665, 4066, 1366, 1366, 5169
-8666, 4066, 1365, 1365, 5169
-8662, 4067, 1365, 1365, 5169
-8670, 4066, 1365, 1365, 5169
-8670, 4066, 1365, 1365, 5169
-8670, 4066, 1365, 1365, 5169
-8664, 4066, 1365, 1365, 5169
-8672, 4064, 1365, 1365, 5164
-8672, 4064, 1365, 1365, 5164
-8671, 4065, 1365, 1365, 5164
-8670, 4065, 1365, 1365, 5164
-8670, 4063, 1366, 1366, 5164
-8670, 4062, 1364, 1364, 5164
-8670, 4062, 1364, 1364, 5164
-8670, 4064, 1364, 1364, 5164
-8663, 4065, 1365, 1365, 5164
-8662, 4064, 1365, 1365, 5164
-8666, 4065, 1365, 1365, 5164
-8668, 4063, 1365, 1365, 5164
-8668, 4066, 1365, 1365, 5164
-8673, 4064, 1365, 1365, 5164
-8669, 4064, 1365, 1365, 5164
-8669, 4064, 1365, 1365, 5164
-8666, 4063, 1364, 1364, 5164
-8666, 4063, 1364, 1364, 5164
-8665, 4064, 1365, 1365, 5164
-8663, 4064, 1366, 1366, 5164
-8663, 4064, 1365, 1365, 5164
-8668, 4064, 1365, 1365, 5164
-8668, 4064, 1365, 1365, 5164
-8667, 4063, 1365, 1365, 5164
-8669, 4063, 1365, 1365, 5169
-8673, 4063, 1365, 1365, 5169
-8666, 4064, 1365, 1365, 5169
-8666, 4062, 1365, 1365, 5169
-8478, 4090, 1556, 1556, 5169
-8480, 4088, 1553, 1553, 5169
-8483, 4088, 1550, 1550, 5169
-8483, 4088, 1550, 1550, 5169
-8484, 4088, 1549, 1549, 5169
-8484, 4087, 1549, 1549, 5169
-8486, 4087, 1547, 1547, 5169
-8486, 4087, 1547, 1547, 5169
-8486, 4088, 1546, 1546, 5169
-8487, 4088, 1546, 1546, 5169
-8488, 4087, 1545, 1545, 5169
-8488, 4087, 1545, 1545, 5169
-8489, 4087, 1545, 1545, 5169
-8488, 4086, 1544, 1544, 5169
-8488, 4086, 1544, 1544, 5169
-8489, 4087, 1544, 1544, 5169
-8489, 4087, 1544, 1544, 5169
-8489, 4087, 1543, 1543, 5169
-8490, 4087, 1543, 1543, 5173
-8491, 4087, 1542, 1542, 5173
-8491, 4087, 1542, 1542, 5173
-8490, 4087, 1542, 1542, 5173
-8490, 4087, 1542, 1542, 5173
-8490, 4087, 1542, 1542, 5173
-8491, 4087, 1542, 1542, 5173
-8490, 4087, 1541, 1541, 5173
-8491, 4087, 1541, 1541, 5173
-8491, 4087, 1541, 1541, 5173
-8493, 4085, 1540, 1540, 5173
-8492, 4086, 1540, 1540, 5173
-8492, 4085, 1541, 1541, 5173
-8492, 4086, 1541, 1541, 5173
-8493, 4086, 1540, 1540, 5173
-8494, 4085, 1540, 1540, 5173
-8492, 4085, 1540, 1540, 5173
-8493, 4085, 1539, 1539, 5173
-8492, 4085, 1540, 1540, 5173
-8494, 4086, 1539, 1539, 5173
-8494, 4086, 1539, 1539, 5173
-8494, 4085, 1539, 1539, 5173
-8494, 4084, 1538, 1538, 5173
-8494, 4085, 1539, 1539, 5173
-8494, 4085, 1539, 1539, 5173
-8495, 4084, 1539, 1539, 5173
-8494, 4085, 1538, 1538, 5173
-8494, 4085, 1538, 1538, 5173
-8495, 4084, 1538, 1538, 5173
-8494, 4085, 1538, 1538, 5173
-8494, 4085, 1538, 1538, 5173
-8494, 4085, 1538, 1538, 5173
-8495, 4084, 1537, 1537, 5173
-8495, 4084, 1537, 1537, 5173
-8496, 4084, 1537, 1537, 5173
-8496, 4083, 1537, 1537, 5173
-8497, 4083, 1536, 1536, 5173
-8497, 4083, 1536, 1536, 5173
-8496, 4085, 1537, 1537, 5173
-8496, 4084, 1537, 1537, 5173
-8496, 4084, 1537, 1537, 5173
-8496, 4083, 1537, 1537, 5173
-8495, 4083, 1537, 1537, 5173
-8496, 4084, 1537, 1537, 5173
-8497, 4084, 1536, 1536, 5173
-8497, 4082, 1535, 1535, 5182
-8497, 4082, 1535, 1535, 5182
-8497, 4083, 1536, 1536, 5182
-8498, 4083, 1535, 1535, 5182
-8498, 4083, 1535, 1535, 5182
-8497, 4082, 1535, 1535, 5182
-8499, 4082, 1535, 1535, 5182
-8499, 4082, 1535, 1535, 5182
-8499, 4082, 1534, 1534, 5182
-8498, 4081, 1534, 1534, 5182
-8499, 4081, 1534, 1534, 5182
-8499, 4081, 1534, 1534, 5182
-8499, 4081, 1534, 1534, 5182
-8500, 4081, 1533, 1533, 5182
-8499, 4081, 1534, 1534, 5182
-8499, 4081, 1533, 1533, 5182
-8500, 4082, 1533, 1533, 5182
-8500, 4082, 1533, 1533, 5182
-8499, 4082, 1533, 1533, 5182
-8499, 4080, 1533, 1533, 5182
-8499, 4080, 1533, 1533, 5180
-8499, 4081, 1533, 1533, 5180
-8499, 4081, 1533, 1533, 5180
-8500, 4082, 1533, 1533, 5180
-8500, 4080, 1533, 1533, 5180
-8500, 4080, 1533, 1533, 5180
-8499, 4080, 1533, 1533, 5180
-8499, 4080, 1533, 1533, 5180
-8501, 4080, 1532, 1532, 5180
-8501, 4080, 1532, 1532, 5180
-8500, 4080, 1533, 1533, 5180
-8501, 4080, 1532, 1532, 5180
-8500, 4080, 1532, 1532, 5180
-8501, 4079, 1531, 1531, 5180
-8501, 4079, 1531, 1531, 5180
-8501, 4079, 1532, 1532, 5180
-8501, 4079, 1532, 1532, 5180
-8502, 4079, 1531, 1531, 5180
-8501, 4078, 1532, 1532, 5180
-8502, 4079, 1531, 1531, 5180
-8502, 4079, 1531, 1531, 5180
-8502, 4079, 1531, 1531, 5180
-8502, 4079, 1531, 1531, 5180
-8502, 4078, 1530, 1530, 5171
-8503, 4078, 1530, 1530, 5171
-8503, 4079, 1530, 1530, 5171
-8502, 4078, 1530, 1530, 5171
-8502, 4076, 1530, 1530, 5171
-8702, 4050, 1339, 1339, 5171
-8702, 4050, 1339, 1339, 5171
-8693, 4051, 1344, 1344, 5171
-8692, 4052, 1345, 1345, 5171
-8690, 4050, 1346, 1346, 5171
-8682, 4053, 1346, 1346, 5171
-8682, 4053, 1346, 1346, 5171
-8683, 4053, 1347, 1347, 5171
-8683, 4053, 1347, 1347, 5171
-8680, 4052, 1348, 1348, 5171
-8680, 4052, 1347, 1347, 5171
-8678, 4052, 1348, 1348, 5171
-8679, 4051, 1348, 1348, 5171
-8684, 4050, 1348, 1348, 5171
-8683, 4050, 1348, 1348, 5171
-8689, 4050, 1348, 1348, 5171
-8689, 4050, 1348, 1348, 5171
-8680, 4051, 1348, 1348, 5171
-8688, 4049, 1349, 1349, 5171
-8688, 4049, 1349, 1349, 5171
-8688, 4050, 1349, 1349, 5171
-8688, 4050, 1349, 1349, 5171
-8686, 4050, 1349, 1349, 5171
-8680, 4051, 1349, 1349, 5171
-8680, 4051, 1349, 1349, 5171
-8680, 4051, 1349, 1349, 5171
-8680, 4051, 1349, 1349, 5171
-8682, 4050, 1349, 1349, 5171
-8678, 4050, 1350, 1350, 5171
-8679, 4050, 1349, 1349, 5171
-8680, 4050, 1349, 1349, 5171
-8680, 4050, 1349, 1349, 5171
-8679, 4049, 1349, 1349, 5171
-8688, 4048, 1350, 1350, 5171
-8688, 4048, 1350, 1350, 5171
-8686, 4049, 1349, 1349, 5171
-8686, 4049, 1349, 1349, 5171
-8686, 4048, 1349, 1349, 5171
-8686, 4048, 1349, 1349, 5171
-8686, 4047, 1349, 1349, 5171
-8682, 4048, 1348, 1348, 5177
-8681, 4048, 1349, 1349, 5177
-8678, 4049, 1349, 1349, 5177
-8679, 4048, 1349, 1349, 5177
-8680, 4048, 1349, 1349, 5177
-8680, 4049, 1349, 1349, 5177
-8679, 4048, 1349, 1349, 5177
-8679, 4049, 1348, 1348, 5177
-8679, 4049, 1348, 1348, 5177
-8683, 4048, 1349, 1349, 5177
-8683, 4048, 1349, 1349, 5177
-8688, 4047, 1349, 1349, 5177
-8689, 4047, 1348, 1348, 5177
-8689, 4047, 1348, 1348, 5177
-8681, 4048, 1349, 1349, 5177
-8681, 4048, 1349, 1349, 5177
-8681, 4047, 1349, 1349, 5177
-8680, 4048, 1349, 1349, 5177
-8680, 4048, 1349, 1349, 5177
-8681, 4048, 1349, 1349, 5177
-8687, 4047, 1349, 1349, 5177
-8688, 4046, 1348, 1348, 5177
-8685, 4046, 1349, 1349, 5177
-8684, 4047, 1349, 1349, 5177
-8679, 4047, 1350, 1350, 5175
-8679, 4047, 1350, 1350, 5175
-8680, 4048, 1349, 1349, 5175
-8679, 4046, 1349, 1349, 5175
-8680, 4047, 1349, 1349, 5175
-8680, 4047, 1348, 1348, 5175
-8680, 4047, 1348, 1348, 5175
-8680, 4048, 1348, 1348, 5175
-8685, 4047, 1348, 1348, 5175
-8686, 4046, 1348, 1348, 5175
-8689, 4045, 1348, 1348, 5175
-8689, 4045, 1348, 1348, 5175
-8689, 4044, 1348, 1348, 5175
-8690, 4045, 1348, 1348, 5175
-8689, 4044, 1348, 1348, 5175
-8688, 4045, 1348, 1348, 5175
-8690, 4044, 1348, 1348, 5175
-8690, 4044, 1348, 1348, 5175
-8688, 4043, 1347, 1347, 5175
-8680, 4045, 1348, 1348, 5175
-8681, 4044, 1347, 1347, 5175
-8681, 4045, 1347, 1347, 5175
-8684, 4044, 1347, 1347, 5175
-8690, 4043, 1347, 1347, 5180
-8688, 4042, 1347, 1347, 5180
-8681, 4044, 1347, 1347, 5180
-8684, 4042, 1347, 1347, 5180
-8682, 4045, 1347, 1347, 5180
-8682, 4044, 1347, 1347, 5180
-8682, 4043, 1347, 1347, 5180
-8682, 4043, 1347, 1347, 5180
-8683, 4044, 1347, 1347, 5180
-8682, 4043, 1347, 1347, 5180
-8682, 4043, 1347, 1347, 5180
-8682, 4043, 1346, 1346, 5180
-8673, 4042, 1349, 1349, 5180
-8479, 4072, 1399, 1399, 5180
-8495, 4070, 1541, 1541, 5180
-8499, 4069, 1535, 1535, 5180
-8502, 4067, 1531, 1531, 5180
-8502, 4067, 1531, 1531, 5180
-8503, 4067, 1530, 1530, 5180
-8504, 4066, 1529, 1529, 5180
-8505, 4066, 1527, 1527, 5177
-8505, 4067, 1528, 1528, 5177
-8506, 4065, 1526, 1526, 5177
-8506, 4065, 1526, 1526, 5177
-8506, 4066, 1526, 1526, 5177
-8507, 4066, 1526, 1526, 5177
-8508, 4067, 1525, 1525, 5177
-8507, 4066, 1525, 1525, 5177
-8507, 4067, 1525, 1525, 5177
-8508, 4066, 1525, 1525, 5177
-8508, 4065, 1525, 1525, 5177
-8508, 4066, 1524, 1524, 5177
-8509, 4066, 1524, 1524, 5177
-8509, 4066, 1524, 1524, 5177
-8509, 4066, 1524, 1524, 5177
-8509, 4065, 1524, 1524, 5177
-8509, 4065, 1523, 1523, 5177
-8510, 4066, 1523, 1523, 5177
-8510, 4065, 1523, 1523, 5177
-8509, 4066, 1523, 1523, 5177
-8510, 4064, 1522, 1522, 5177
-8511, 4065, 1522, 1522, 5177
-8511, 4064, 1522, 1522, 5177
-8510, 4064, 1522, 1522, 5177
-8511, 4063, 1522, 1522, 5177
-8511, 4064, 1521, 1521, 5177
-8511, 4064, 1521, 1521, 5177
-8512, 4064, 1521, 1521, 5177
-8511, 4063, 1521, 1521, 5177
-8511, 4064, 1521, 1521, 5177
-8512, 4063, 1521, 1521, 5177
-8512, 4063, 1521, 1521, 5177
-8512, 4063, 1521, 1521, 5177
-8512, 4063, 1521, 1521, 5177
-8512, 4064, 1520, 1520, 5177
-8512, 4063, 1520, 1520, 5177
-8512, 4062, 1521, 1521, 5177
-8512, 4062, 1520, 1520, 5177
-8512, 4062, 1520, 1520, 5177
-8512, 4062, 1521, 1521, 5177
-8513, 4062, 1519, 1519, 5177
-8513, 4062, 1520, 1520, 5177
-8513, 4062, 1520, 1520, 5177
-8514, 4062, 1519, 1519, 5177
-8514, 4062, 1519, 1519, 5177
-8514, 4062, 1519, 1519, 5171
-8514, 4061, 1519, 1519, 5171
-8514, 4061, 1519, 1519, 5171
-8514, 4061, 1518, 1518, 5171
-8514, 4061, 1519, 1519, 5171
-8514, 4061, 1519, 1519, 5171
-8515, 4060, 1518, 1518, 5171
-8515, 4060, 1518, 1518, 5171
-8514, 4061, 1518, 1518, 5171
-8515, 4061, 1518, 1518, 5171
-8515, 4060, 1518, 1518, 5171
-8515, 4060, 1518, 1518, 5171
-8514, 4061, 1518, 1518, 5171
-8515, 4060, 1518, 1518, 5171
-8516, 4060, 1517, 1517, 5171
-8516, 4060, 1517, 1517, 5171
-8515, 4061, 1517, 1517, 5171
-8516, 4060, 1517, 1517, 5171
-8516, 4060, 1517, 1517, 5171
-8516, 4059, 1517, 1517, 5171
-8517, 4059, 1516, 1516, 5171
-8517, 4060, 1516, 1516, 5171
-8517, 4059, 1516, 1516, 5171
-8517, 4060, 1516, 1516, 5171
-8518, 4059, 1516, 1516, 5171
-8517, 4060, 1516, 1516, 5169
-8517, 4058, 1516, 1516, 5169
-8518, 4059, 1515, 1515, 5169
-8518, 4058, 1516, 1516, 5169
-8518, 4058, 1516, 1516, 5169
-8518, 4059, 1515, 1515, 5169
-8517, 4058, 1515, 1515, 5169
-8517, 4058, 1515, 1515, 5169
-8517, 4058, 1515, 1515, 5169
-8518, 4057, 1515, 1515, 5169
-8517, 4058, 1515, 1515, 5169
-8517, 4058, 1515, 1515, 5169
-8518, 4058, 1514, 1514, 5169
-8518, 4058, 1514, 1514, 5169
-8518, 4057, 1514, 1514, 5169
-8518, 4058, 1515, 1515, 5169
-8519, 4057, 1515, 1515, 5169
-8519, 4057, 1514, 1514, 5169
-8519, 4057, 1514, 1514, 5169
-8519, 4057, 1514, 1514, 5169
-8518, 4057, 1514, 1514, 5169
-8518, 4057, 1514, 1514, 5169
-8520, 4058, 1513, 1513, 5169
-8519, 4057, 1514, 1514, 5169
-8519, 4058, 1513, 1513, 5171
-8519, 4058, 1513, 1513, 5171
-8519, 4056, 1513, 1513, 5171
-8520, 4057, 1513, 1513, 5171
-8520, 4057, 1513, 1513, 5171
-8519, 4056, 1514, 1514, 5171
-8519, 4056, 1514, 1514, 5171
-8520, 4057, 1513, 1513, 5171
-8520, 4056, 1513, 1513, 5171
-8520, 4055, 1513, 1513, 5171
-8520, 4055, 1513, 1513, 5171
-8520, 4056, 1513, 1513, 5171
-8521, 4055, 1513, 1513, 5171
-8521, 4055, 1513, 1513, 5171
-8521, 4057, 1512, 1512, 5171
-8520, 4055, 1512, 1512, 5171
-8522, 4056, 1512, 1512, 5171
-8520, 4054, 1512, 1512, 5171
-8520, 4054, 1512, 1512, 5171
-8521, 4055, 1512, 1512, 5171
-8521, 4054, 1512, 1512, 5171
-8521, 4054, 1512, 1512, 5171
-8521, 4054, 1511, 1511, 5171
-8522, 4054, 1511, 1511, 5171
-8522, 4054, 1511, 1511, 5171
-8522, 4055, 1511, 1511, 5171
-8522, 4055, 1511, 1511, 5171
-8523, 4054, 1510, 1510, 5171
-8522, 4054, 1511, 1511, 5171
-8522, 4054, 1511, 1511, 5171
-8521, 4053, 1511, 1511, 5171
-8522, 4053, 1511, 1511, 5171
-8522, 4053, 1511, 1511, 5171
-8522, 4054, 1510, 1510, 5171
-8522, 4054, 1510, 1510, 5171
-8523, 4053, 1510, 1510, 5171
-8523, 4053, 1510, 1510, 5171
-8523, 4053, 1510, 1510, 5171
-8523, 4053, 1510, 1510, 5171
-8523, 4053, 1510, 1510, 5171
-8523, 4052, 1510, 1510, 5171
-8523, 4053, 1510, 1510, 5171
-8523, 4053, 1509, 1509, 5171
-8523, 4052, 1509, 1509, 5171
-8523, 4052, 1509, 1509, 5171
-8523, 4051, 1510, 1510, 5171
-8523, 4052, 1510, 1510, 5171
-8523, 4052, 1510, 1510, 5171
-8524, 4052, 1509, 1509, 5171
-8524, 4053, 1509, 1509, 5164
-8524, 4053, 1509, 1509, 5164
-8526, 4051, 1508, 1508, 5164
-8525, 4051, 1508, 1508, 5164
-8524, 4050, 1508, 1508, 5164
-8525, 4051, 1508, 1508, 5164
-8525, 4052, 1508, 1508, 5164
-8525, 4052, 1508, 1508, 5164
-8525, 4050, 1508, 1508, 5164
-8524, 4051, 1508, 1508, 5164
-8524, 4051, 1508, 1508, 5164
-8525, 4051, 1508, 1508, 5164
-8525, 4051, 1508, 1508, 5164
-8525, 4050, 1508, 1508, 5164
-8525, 4050, 1508, 1508, 5164
-8526, 4049, 1507, 1507, 5164
-8525, 4050, 1507, 1507, 5164
-8525, 4050, 1507, 1507, 5164
-8526, 4049, 1507, 1507, 5164
-8525, 4051, 1507, 1507, 5164
-8526, 4050, 1507, 1507, 5164
-8526, 4050, 1507, 1507, 5164
-8526, 4049, 1507, 1507, 5164
-8526, 4050, 1507, 1507, 5164
-8527, 4049, 1507, 1507, 5164
-8527, 4049, 1507, 1507, 5164
-8526, 4049, 1506, 1506, 5166
-8527, 4048, 1506, 1506, 5166
-8527, 4048, 1506, 1506, 5166
-8526, 4048, 1506, 1506, 5166
-8526, 4049, 1506, 1506, 5166
-8527, 4050, 1506, 1506, 5166
-8527, 4049, 1506, 1506, 5166
-8527, 4048, 1506, 1506, 5166
-8527, 4048, 1506, 1506, 5166
-8527, 4049, 1506, 1506, 5166
-8527, 4049, 1506, 1506, 5166
-8527, 4048, 1506, 1506, 5166
-8527, 4048, 1505, 1505, 5166
-8527, 4047, 1505, 1505, 5166
-8528, 4047, 1505, 1505, 5166
-8527, 4048, 1506, 1506, 5166
-8527, 4048, 1506, 1506, 5166
-8528, 4048, 1505, 1505, 5166
-8528, 4048, 1505, 1505, 5166
-8528, 4048, 1505, 1505, 5166
-8529, 4046, 1505, 1505, 5166
-8528, 4047, 1505, 1505, 5166
-8528, 4048, 1505, 1505, 5166
-8528, 4048, 1505, 1505, 5166
-8529, 4046, 1504, 1504, 5166
-8529, 4046, 1504, 1504, 5166
-8528, 4047, 1504, 1504, 5169
-8529, 4047, 1504, 1504, 5169
-8529, 4046, 1504, 1504, 5169
-8529, 4047, 1503, 1503, 5169
-8529, 4046, 1504, 1504, 5169
-8529, 4046, 1503, 1503, 5169
-8530, 4047, 1503, 1503, 5169
-8529, 4047, 1503, 1503, 5169
-8531, 4045, 1503, 1503, 5169
-8529, 4046, 1503, 1503, 5169
-8530, 4046, 1502, 1502, 5169
-8530, 4046, 1502, 1502, 5169
-8530, 4046, 1502, 1502, 5169
-8531, 4045, 1502, 1502, 5169
-8531, 4045, 1502, 1502, 5169
-8530, 4046, 1502, 1502, 5169
-8532, 4046, 1501, 1501, 5169
-8532, 4046, 1501, 1501, 5169
-8531, 4046, 1502, 1502, 5169
-8531, 4046, 1502, 1502, 5169
-8530, 4046, 1502, 1502, 5169
-8531, 4043, 1502, 1502, 5169
-8532, 4043, 1501, 1501, 5164
-8532, 4043, 1501, 1501, 5164
-8531, 4045, 1501, 1501, 5164
-8533, 4044, 1501, 1501, 5164
-8532, 4043, 1501, 1501, 5164
-8531, 4044, 1501, 1501, 5164
-8532, 4043, 1501, 1501, 5164
-8532, 4043, 1500, 1500, 5164
-8533, 4044, 1500, 1500, 5164
-8531, 4045, 1501, 1501, 5164
-8533, 4043, 1501, 1501, 5164
-8533, 4044, 1500, 1500, 5164
-8533, 4044, 1500, 1500, 5164
-8533, 4043, 1500, 1500, 5164
-8534, 4043, 1500, 1500, 5164
-8533, 4042, 1500, 1500, 5164
-8534, 4043, 1499, 1499, 5164
-8533, 4043, 1499, 1499, 5164
-8533, 4043, 1499, 1499, 5164
-8533, 4043, 1499, 1499, 5164
-8533, 4043, 1499, 1499, 5164
-8534, 4043, 1499, 1499, 5164
-8533, 4042, 1499, 1499, 5169
-8535, 4042, 1499, 1499, 5169
-8535, 4042, 1499, 1499, 5169
-8535, 4042, 1498, 1498, 5169
-8534, 4042, 1499, 1499, 5169
-8534, 4042, 1499, 1499, 5169
-8534, 4042, 1499, 1499, 5169
-8535, 4042, 1498, 1498, 5169
-8535, 4043, 1498, 1498, 5169
-8534, 4042, 1498, 1498, 5169
-8535, 4040, 1498, 1498, 5169
-8535, 4041, 1498, 1498, 5169
-8535, 4041, 1498, 1498, 5169
-8534, 4040, 1498, 1498, 5169
-8534, 4041, 1498, 1498, 5169
-8534, 4041, 1498, 1498, 5169
-8536, 4042, 1497, 1497, 5169
-8536, 4042, 1497, 1497, 5169
-8535, 4041, 1498, 1498, 5169
-8536, 4041, 1497, 1497, 5169
-8536, 4040, 1497, 1497, 5169
-8536, 4039, 1497, 1497, 5169
-8536, 4039, 1497, 1497, 5169
-8536, 4039, 1497, 1497, 5171
-8536, 4040, 1496, 1496, 5171
-8536, 4040, 1497, 1497, 5171
-8536, 4040, 1497, 1497, 5171
-8534, 4040, 1497, 1497, 5171
-8535, 4040, 1497, 1497, 5171
-8537, 4041, 1496, 1496, 5171
-8536, 4039, 1496, 1496, 5171
-8536, 4039, 1496, 1496, 5171
-8537, 4040, 1496, 1496, 5171
-8537, 4038, 1496, 1496, 5171
-8537, 4039, 1496, 1496, 5171
-8537, 4040, 1496, 1496, 5171
-8536, 4038, 1496, 1496, 5171
-8536, 4038, 1496, 1496, 5171
-8537, 4038, 1496, 1496, 5171
-8537, 4038, 1496, 1496, 5171
-8537, 4038, 1496, 1496, 5171
-8537, 4038, 1496, 1496, 5171
-8538, 4038, 1495, 1495, 5171
-8538, 4039, 1495, 1495, 5171
-8538, 4037, 1495, 1495, 5171
-8539, 4037, 1494, 1494, 5162
-8539, 4037, 1494, 1494, 5162
-8539, 4037, 1494, 1494, 5162
-8538, 4036, 1495, 1495, 5162
-8538, 4036, 1495, 1495, 5162
-8538, 4038, 1494, 1494, 5162
-8538, 4037, 1494, 1494, 5162
-8539, 4036, 1494, 1494, 5162
-8539, 4037, 1494, 1494, 5162
-8538, 4038, 1494, 1494, 5162
-8538, 4036, 1494, 1494, 5162
-8538, 4036, 1494, 1494, 5162
-8539, 4037, 1494, 1494, 5162
-8539, 4036, 1493, 1493, 5162
-8539, 4036, 1493, 1493, 5162
-8540, 4037, 1493, 1493, 5162
-8540, 4037, 1493, 1493, 5162
-8540, 4037, 1492, 1492, 5162
-8540, 4037, 1492, 1492, 5162
-8541, 4037, 1493, 1493, 5162
-8540, 4036, 1492, 1492, 5162
-8540, 4037, 1492, 1492, 5162
-8540, 4036, 1492, 1492, 5162
-8540, 4036, 1492, 1492, 5162
-8541, 4037, 1492, 1492, 5164
-8540, 4036, 1492, 1492, 5164
-8542, 4036, 1492, 1492, 5164
-8541, 4035, 1492, 1492, 5164
-8542, 4035, 1492, 1492, 5164
-8541, 4035, 1492, 1492, 5164
-8541, 4036, 1491, 1491, 5164
-8541, 4036, 1491, 1491, 5164
-8542, 4035, 1492, 1492, 5164
-8542, 4035, 1492, 1492, 5164
-8541, 4035, 1491, 1491, 5164
-8541, 4034, 1491, 1491, 5164
-8541, 4034, 1491, 1491, 5164
-8542, 4034, 1491, 1491, 5164
-8542, 4033, 1491, 1491, 5164
-8542, 4033, 1491, 1491, 5164
-8542, 4034, 1491, 1491, 5164
-8542, 4034, 1491, 1491, 5164
-8543, 4033, 1490, 1490, 5164
-8542, 4034, 1490, 1490, 5164
-8542, 4034, 1490, 1490, 5164
-8542, 4034, 1490, 1490, 5164
-8543, 4034, 1490, 1490, 5164
-8543, 4033, 1490, 1490, 5164
-8542, 4034, 1490, 1490, 5164
-8542, 4034, 1490, 1490, 5164
-8542, 4033, 1490, 1490, 5162
-8544, 4033, 1489, 1489, 5162
-8544, 4033, 1489, 1489, 5162
-8543, 4032, 1489, 1489, 5162
-8543, 4032, 1490, 1490, 5162
-8544, 4032, 1489, 1489, 5162
-8544, 4032, 1489, 1489, 5162
-8543, 4033, 1489, 1489, 5162
-8543, 4032, 1489, 1489, 5162
-8543, 4032, 1489, 1489, 5162
-8545, 4032, 1489, 1489, 5162
-8545, 4032, 1488, 1488, 5162
-8544, 4032, 1488, 1488, 5162
-8544, 4032, 1488, 1488, 5162
-8544, 4031, 1488, 1488, 5162
-8545, 4031, 1488, 1488, 5162
-8545, 4031, 1488, 1488, 5162
-8544, 4031, 1488, 1488, 5162
-8544, 4031, 1488, 1488, 5162
-8546, 4031, 1488, 1488, 5162
-8546, 4030, 1487, 1487, 5162
-8546, 4030, 1487, 1487, 5158
-8546, 4030, 1487, 1487, 5158
-8546, 4030, 1487, 1487, 5158
-8545, 4030, 1487, 1487, 5158
-8545, 4031, 1487, 1487, 5158
-8546, 4030, 1487, 1487, 5158
-8546, 4030, 1487, 1487, 5158
-8546, 4030, 1486, 1486, 5158
-8547, 4029, 1486, 1486, 5158
-8547, 4029, 1486, 1486, 5158
-8546, 4030, 1486, 1486, 5158
-8546, 4030, 1486, 1486, 5158
-8547, 4029, 1486, 1486, 5158
-8547, 4029, 1486, 1486, 5158
-8547, 4027, 1486, 1486, 5158
-8547, 4029, 1486, 1486, 5158
-8548, 4029, 1485, 1485, 5158
-8547, 4029, 1485, 1485, 5158
-8547, 4029, 1486, 1486, 5158
-8547, 4029, 1486, 1486, 5158
-8547, 4029, 1486, 1486, 5158
-8546, 4028, 1486, 1486, 5158
-8548, 4028, 1485, 1485, 5158
-8548, 4028, 1485, 1485, 5158
-8548, 4028, 1485, 1485, 5158
-8547, 4028, 1485, 1485, 5169
-8548, 4028, 1484, 1484, 5169
-8548, 4027, 1485, 1485, 5169
-8548, 4028, 1485, 1485, 5169
-8548, 4027, 1485, 1485, 5169
-8548, 4027, 1484, 1484, 5169
-8548, 4028, 1484, 1484, 5169
-8548, 4027, 1484, 1484, 5169
-8548, 4025, 1484, 1484, 5169
-8548, 4025, 1484, 1484, 5169
-8549, 4027, 1484, 1484, 5169
-8548, 4027, 1484, 1484, 5169
-8548, 4027, 1484, 1484, 5169
-8549, 4027, 1484, 1484, 5169
-8549, 4026, 1483, 1483, 5169
-8550, 4026, 1483, 1483, 5169
-8550, 4026, 1483, 1483, 5169
-8550, 4026, 1483, 1483, 5169
-8550, 4026, 1483, 1483, 5169
-8549, 4026, 1483, 1483, 5169
-8549, 4026, 1483, 1483, 5169
-8549, 4026, 1483, 1483, 5169
-8550, 4026, 1483, 1483, 5169
-8550, 4026, 1483, 1483, 5169
-8551, 4025, 1482, 1482, 5169
-8550, 4024, 1483, 1483, 5164
-8550, 4024, 1482, 1482, 5164
-8550, 4024, 1482, 1482, 5164
-8550, 4023, 1482, 1482, 5164
-8551, 4025, 1483, 1483, 5164
-8551, 4024, 1482, 1482, 5164
-8551, 4024, 1482, 1482, 5164
-8551, 4026, 1482, 1483, 5164
-8551, 4025, 1482, 1482, 5164
-8551, 4024, 1482, 1482, 5164
-8552, 4024, 1481, 1481, 5164
-8551, 4025, 1481, 1481, 5164
-8551, 4024, 1482, 1482, 5164
-8551, 4024, 1482, 1482, 5164
-8551, 4024, 1482, 1482, 5164
-8552, 4024, 1481, 1481, 5164
-8551, 4023, 1481, 1481, 5164
-8551, 4023, 1481, 1481, 5164
-8551, 4024, 1482, 1482, 5164
-8551, 4023, 1482, 1482, 5164
-8552, 4023, 1481, 1481, 5164
-8552, 4023, 1481, 1481, 5164
-8553, 4022, 1481, 1481, 5164
-8553, 4022, 1481, 1481, 5164
-8552, 4022, 1481, 1481, 5164
-8552, 4022, 1481, 1481, 5164
-8552, 4022, 1481, 1481, 5164
-8553, 4023, 1480, 1480, 5160
-8552, 4022, 1480, 1480, 5160
-8552, 4021, 1480, 1480, 5160
-8553, 4022, 1480, 1480, 5160
-8553, 4022, 1480, 1480, 5160
-8553, 4022, 1479, 1479, 5160
-8553, 4020, 1479, 1479, 5160
-8553, 4020, 1479, 1479, 5160
-8554, 4021, 1479, 1479, 5160
-8553, 4021, 1479, 1479, 5160
-8554, 4022, 1479, 1479, 5160
-8554, 4022, 1479, 1479, 5160
-8554, 4021, 1478, 1478, 5160
