-9316, 2842, 717, 717, 3100
-9315, 2843, 718, 718, 3100
-9315, 2843, 718, 718, 3100
-9315, 2843, 718, 718, 3100
-9315, 2843, 718, 718, 3100
-9315, 2843, 718, 718, 3100
-9315, 2843, 719, 719, 3100
-9315, 2843, 718, 718, 3100
-9315, 2843, 718, 718, 3100
-9315, 2843, 718, 718, 3100
-9315, 2843, 718, 718, 3100
-9315, 2843, 718, 718, 3100
-9315, 2843, 718, 718, 3100
-9315, 2843, 718, 718, 3100
-9314, 2843, 719, 719, 3100
-9314, 2844, 718, 718, 3155
-9314, 2844, 718, 718, 3155
-9314, 2843, 719, 719, 3155
-9315, 2844, 719, 719, 3155
-9315, 2844, 719, 719, 3155
-9314, 2843, 719, 719, 3155
-9314, 2844, 719, 719, 3155
-9314, 2844, 719, 719, 3155
-9314, 2843, 719, 719, 3155
-9314, 2843, 719, 719, 3155
-9314, 2843, 719, 719, 3155
-9314, 2844, 719, 719, 3155
-9314, 2845, 719, 719, 3155
-9315, 2844, 719, 719, 3155
-9315, 2844, 718, 718, 3155
-9313, 2843, 718, 718, 3155
-9314, 2845, 718, 718, 3155
-9314, 2845, 719, 719, 3155
-9314, 2845, 718, 718, 3155
-9313, 2844, 719, 719, 3155
-9313, 2844, 719, 719, 3155
-9313, 2844, 719, 719, 3155
-9314, 2845, 719, 719, 3155
-9314, 2845, 719, 719, 3155
-9313, 2844, 719, 719, 3168
-9313, 2844, 720, 720, 3168
-9313, 2844, 720, 720, 3168
-9313, 2845, 719, 719, 3168
-9313, 2845, 720, 720, 3168
-9314, 2845, 719, 719, 3168
-9312, 2844, 720, 720, 3168
-9312, 2844, 720, 720, 3168
-9314, 2845, 719, 719, 3168
-9313, 2846, 720, 720, 3168
-9313, 2844, 719, 719, 3168
-9313, 2844, 719, 719, 3168
-9314, 2845, 719, 719, 3168
-9314, 2845, 719, 719, 3168
-9314, 2845, 719, 719, 3168
-9313, 2845, 720, 720, 3168
-9313, 2846, 720, 720, 3168
-9314, 2846, 719, 719, 3168
-9313, 2845, 720, 720, 3168
-9313, 2845, 720, 720, 3168
-9313, 2846, 720, 720, 3168
-9312, 2846, 720, 720, 3168
-9312, 2846, 720, 720, 3168
-9313, 2846, 720, 720, 3168
-9313, 2845, 720, 720, 3159
-9313, 2845, 720, 720, 3159
-9312, 2846, 721, 721, 3159
-9313, 2846, 720, 720, 3159
-9313, 2846, 720, 720, 3159
-9313, 2846, 720, 720, 3159
-9312, 2846, 721, 721, 3159
-9312, 2846, 721, 721, 3159
-9312, 2846, 721, 721, 3159
-9312, 2847, 721, 721, 3159
-9313, 2847, 720, 720, 3159
-9313, 2847, 720, 720, 3159
-9312, 2847, 720, 720, 3159
-9312, 2846, 721, 721, 3159
-9312, 2846, 721, 721, 3159
-9313, 2847, 720, 720, 3159
-9311, 2847, 721, 721, 3159
-9311, 2847, 721, 721, 3159
-9312, 2847, 721, 721, 3159
-9312, 2847, 721, 721, 3159
-9312, 2847, 721, 721, 3159
-9312, 2847, 721, 721, 3159
-9311, 2848, 721, 721, 3159
-9312, 2847, 721, 721, 3159
-9312, 2847, 721, 721, 3151
-9312, 2847, 721, 721, 3151
-9312, 2847, 720, 720, 3151
-9312, 2848, 721, 721, 3151
-9312, 2847, 721, 721, 3151
-9312, 2847, 721, 721, 3151
-9312, 2847, 721, 721, 3151
-9311, 2847, 721, 721, 3151
-9311, 2847, 722, 722, 3151
-9311, 2848, 721, 721, 3151
-9311, 2847, 721, 721, 3151
-9311, 2848, 721, 721, 3151
-9311, 2848, 722, 722, 3151
-9312, 2848, 721, 721, 3151
-9312, 2848, 721, 721, 3151
-9311, 2848, 722, 722, 3151
-9312, 2847, 721, 721, 3151
-9312, 2847, 721, 721, 3151
-9311, 2848, 722, 722, 3151
-9311, 2849, 722, 722, 3151
-9311, 2848, 722, 722, 3151
-9310, 2848, 722, 722, 3151
-9311, 2847, 722, 722, 3151
-9453, 2826, 641, 641, 3151
-9423, 2832, 608, 608, 3127
-9423, 2832, 608, 608, 3127
-9408, 2835, 619, 619, 3127
-9405, 2834, 623, 623, 3127
-9405, 2834, 623, 623, 3127
-9414, 2833, 624, 624, 3127
-9414, 2833, 624, 624, 3127
-9409, 2833, 625, 625, 3127
-9409, 2833, 625, 625, 3127
-9409, 2834, 623, 623, 3127
-9405, 2835, 626, 626, 3127
-9405, 2835, 626, 626, 3127
-9409, 2834, 625, 625, 3127
-9408, 2833, 626, 626, 3127
-9408, 2833, 626, 626, 3127
-9408, 2834, 627, 627, 3127
-9405, 2834, 626, 626, 3127
-9409, 2835, 626, 626, 3127
-9404, 2835, 626, 626, 3127
-9404, 2835, 626, 626, 3127
-9406, 2836, 626, 626, 3127
-9406, 2836, 626, 626, 3127
-9405, 2836, 626, 626, 3127
-9408, 2835, 626, 626, 3127
-9408, 2834, 626, 626, 3127
-9408, 2834, 626, 626, 3127
-9408, 2834, 627, 627, 3127
-9408, 2834, 627, 627, 3127
-9405, 2835, 627, 627, 3124
-9404, 2837, 626, 626, 3124
-9404, 2837, 626, 626, 3124
-9408, 2835, 627, 627, 3124
-9408, 2835, 627, 627, 3124
-9406, 2835, 628, 628, 3124
-9406, 2835, 628, 628, 3124
-9405, 2835, 628, 628, 3124
-9403, 2836, 628, 628, 3124
-9403, 2836, 628, 628, 3124
-9403, 2836, 628, 628, 3124
-9405, 2836, 628, 628, 3124
-9405, 2836, 628, 628, 3124
-9408, 2835, 626, 626, 3124
-9408, 2835, 626, 626, 3124
-9405, 2836, 629, 629, 3124
-9405, 2836, 629, 629, 3124
-9403, 2837, 628, 628, 3124
-9403, 2837, 628, 628, 3124
-9402, 2837, 628, 628, 3124
-9404, 2837, 628, 628, 3124
-9407, 2836, 628, 628, 3124
-9407, 2836, 628, 628, 3124
-9403, 2837, 629, 629, 3124
-9403, 2837, 629, 629, 3124
-9402, 2837, 629, 629, 3124
-9402, 2837, 629, 629, 3122
-9402, 2837, 629, 629, 3122
-9406, 2838, 628, 628, 3122
-9404, 2837, 629, 629, 3122
-9404, 2836, 629, 629, 3122
-9404, 2837, 629, 629, 3122
-9404, 2837, 629, 629, 3122
-9401, 2837, 629, 629, 3122
-9402, 2838, 630, 630, 3122
-9404, 2837, 628, 628, 3122
-9404, 2839, 629, 629, 3122
-9404, 2839, 629, 629, 3122
-9404, 2838, 629, 629, 3122
-9402, 2838, 630, 630, 3122
-9406, 2838, 630, 630, 3122
-9404, 2837, 629, 629, 3122
-9405, 2838, 629, 629, 3122
-9405, 2838, 629, 629, 3122
-9405, 2838, 629, 629, 3122
-9406, 2838, 629, 629, 3122
-9405, 2838, 629, 629, 3122
-9405, 2838, 629, 629, 3122
-9401, 2839, 630, 630, 3122
-9401, 2839, 630, 630, 3122
-9401, 2838, 629, 629, 3113
-9404, 2838, 630, 630, 3113
-9404, 2838, 630, 630, 3113
-9403, 2838, 630, 630, 3113
-9405, 2839, 629, 629, 3113
-9405, 2839, 629, 629, 3113
-9400, 2838, 630, 630, 3113
-9404, 2838, 630, 630, 3113
-9404, 2838, 630, 630, 3113
-9400, 2838, 630, 630, 3113
-9400, 2838, 630, 630, 3113
-9402, 2839, 631, 631, 3113
-9403, 2840, 630, 630, 3113
-9403, 2840, 630, 630, 3113
-9404, 2839, 631, 631, 3113
-9406, 2839, 630, 630, 3113
-9406, 2839, 630, 630, 3113
-9401, 2839, 631, 631, 3113
-9404, 2839, 630, 630, 3113
-9404, 2839, 630, 630, 3113
-9401, 2839, 631, 631, 3113
-9401, 2839, 631, 631, 3113
-9402, 2840, 630, 630, 3113
-9399, 2840, 632, 632, 3113
-9399, 2840, 632, 632, 3113
-9403, 2839, 631, 631, 3113
-9403, 2839, 631, 631, 3113
-9403, 2839, 631, 631, 3118
-9404, 2839, 631, 631, 3118
-9404, 2839, 631, 631, 3118
-9404, 2839, 631, 631, 3118
-9400, 2839, 632, 632, 3118
-9400, 2839, 632, 632, 3118
-9399, 2841, 631, 631, 3118
-9399, 2841, 631, 631, 3118
-9400, 2841, 631, 631, 3118
-9398, 2839, 632, 632, 3118
-9393, 2840, 633, 633, 3118
-9393, 2840, 633, 633, 3118
-9291, 2859, 660, 660, 3118
-9298, 2856, 736, 736, 3118
-9298, 2856, 736, 736, 3118
-9301, 2855, 732, 732, 3118
-9301, 2855, 732, 732, 3118
-9301, 2855, 732, 732, 3118
-9302, 2855, 731, 731, 3118
-9302, 2855, 730, 730, 3118
-9302, 2855, 730, 730, 3118
-9303, 2855, 730, 730, 3118
-9302, 2855, 730, 730, 3118
-9303, 2855, 729, 729, 3118
-9303, 2855, 729, 729, 3118
-9304, 2855, 729, 729, 3118
-9303, 2855, 729, 729, 3105
-9303, 2855, 729, 729, 3105
-9304, 2855, 729, 729, 3105
-9304, 2856, 729, 729, 3105
-9303, 2856, 730, 730, 3105
-9303, 2856, 730, 730, 3105
-9304, 2855, 729, 729, 3105
-9304, 2856, 728, 728, 3105
-9304, 2856, 728, 728, 3105
-9304, 2855, 728, 728, 3105
-9304, 2855, 728, 728, 3105
-9305, 2856, 728, 728, 3105
-9305, 2856, 728, 728, 3105
-9305, 2854, 728, 728, 3105
-9305, 2856, 728, 728, 3105
-9304, 2856, 728, 728, 3105
-9304, 2855, 728, 728, 3105
-9304, 2856, 729, 729, 3105
-9304, 2856, 729, 729, 3105
-9304, 2855, 728, 728, 3105
-9304, 2856, 729, 729, 3105
-9304, 2856, 729, 729, 3105
-9303, 2856, 729, 729, 3105
-9304, 2856, 729, 729, 3105
-9304, 2856, 729, 729, 3105
-9305, 2856, 728, 728, 3105
-9305, 2856, 728, 728, 3098
-9305, 2856, 728, 728, 3098
-9305, 2856, 728, 728, 3098
-9305, 2856, 728, 728, 3098
-9304, 2856, 729, 729, 3098
-9304, 2856, 729, 729, 3098
-9305, 2856, 728, 728, 3098
-9304, 2856, 729, 729, 3098
-9304, 2856, 729, 729, 3098
-9304, 2857, 729, 729, 3098
-9305, 2857, 728, 728, 3098
-9305, 2857, 728, 728, 3098
-9305, 2857, 728, 728, 3098
-9303, 2856, 728, 728, 3098
-9304, 2857, 728, 728, 3098
-9304, 2857, 728, 728, 3098
-9303, 2857, 729, 729, 3098
-9303, 2857, 729, 729, 3098
-9304, 2856, 729, 729, 3098
-9304, 2857, 728, 728, 3098
-9304, 2857, 729, 729, 3098
-9304, 2857, 729, 729, 3098
-9304, 2857, 729, 729, 3098
-9304, 2857, 729, 729, 3098
-9305, 2857, 729, 729, 3096
-9305, 2857, 729, 729, 3096
-9303, 2857, 729, 729, 3096
-9303, 2856, 729, 729, 3096
-9303, 2856, 729, 729, 3096
-9304, 2858, 729, 729, 3096
-9304, 2857, 729, 729, 3096
-9303, 2857, 729, 729, 3096
-9304, 2857, 730, 730, 3096
-9304, 2857, 729, 729, 3096
-9304, 2857, 729, 729, 3096
-9304, 2857, 729, 729, 3096
-9303, 2858, 729, 729, 3096
-9303, 2858, 729, 729, 3096
-9302, 2858, 730, 730, 3096
-9303, 2858, 729, 729, 3096
-9304, 2858, 729, 729, 3096
-9303, 2859, 730, 730, 3096
-9303, 2858, 729, 729, 3096
-9303, 2858, 729, 729, 3096
-9303, 2858, 730, 730, 3096
-9303, 2858, 730, 730, 3096
-9303, 2857, 730, 730, 3096
-9302, 2858, 730, 730, 3096
-9302, 2857, 730, 730, 3096
-9302, 2858, 730, 730, 3096
-9303, 2858, 729, 729, 3096
-9303, 2858, 730, 730, 3098
-9303, 2858, 730, 730, 3098
-9303, 2858, 730, 730, 3098
-9303, 2859, 730, 730, 3098
-9303, 2859, 730, 730, 3098
-9303, 2859, 730, 730, 3098
-9303, 2860, 730, 730, 3098
-9302, 2859, 730, 730, 3098
-9302, 2859, 731, 731, 3098
-9303, 2858, 730, 730, 3098
-9303, 2858, 730, 730, 3098
-9302, 2859, 731, 731, 3098
-9303, 2858, 731, 731, 3098
-9302, 2858, 731, 731, 3098
-9303, 2859, 730, 730, 3098
-9302, 2859, 731, 731, 3098
-9302, 2859, 731, 731, 3098
-9302, 2859, 731, 731, 3098
-9302, 2859, 730, 730, 3098
-9303, 2860, 731, 731, 3098
-9303, 2860, 731, 731, 3098
-9301, 2858, 731, 731, 3098
-9302, 2859, 731, 731, 3098
-9301, 2859, 731, 731, 3098
-9301, 2859, 731, 731, 3089
-9301, 2859, 731, 731, 3089
-9301, 2859, 731, 731, 3089
-9301, 2859, 731, 731, 3089
-9301, 2859, 731, 731, 3089
-9302, 2859, 731, 731, 3089
-9302, 2859, 731, 731, 3089
-9302, 2860, 731, 731, 3089
-9302, 2860, 731, 731, 3089
-9301, 2861, 731, 731, 3089
-9302, 2860, 731, 731, 3089
-9301, 2860, 731, 731, 3089
-9413, 2847, 607, 607, 3089
-9413, 2847, 607, 607, 3089
-9406, 2845, 629, 629, 3089
-9406, 2845, 629, 629, 3089
-9403, 2845, 632, 632, 3089
-9399, 2845, 633, 633, 3089
-9399, 2845, 633, 633, 3089
-9398, 2846, 634, 634, 3089
-9398, 2846, 634, 634, 3089
-9399, 2845, 635, 635, 3089
-9399, 2846, 635, 635, 3089
-9399, 2846, 635, 635, 3089
-9399, 2845, 636, 636, 3089
-9399, 2845, 636, 636, 3089
-9397, 2847, 635, 635, 3089
-9396, 2846, 635, 635, 3089
-9396, 2847, 635, 635, 3096
-9396, 2847, 635, 635, 3096
-9398, 2846, 636, 636, 3096
-9398, 2846, 636, 636, 3096
-9399, 2846, 636, 636, 3096
-9398, 2847, 636, 636, 3096
-9394, 2847, 636, 636, 3096
-9394, 2847, 636, 636, 3096
-9394, 2847, 637, 637, 3096
-9394, 2847, 637, 637, 3096
-9395, 2847, 637, 637, 3096
-9394, 2847, 638, 638, 3096
-9394, 2847, 638, 638, 3096
-9396, 2848, 637, 637, 3096
-9397, 2847, 638, 638, 3096
-9397, 2847, 638, 638, 3096
-9395, 2847, 637, 637, 3096
-9395, 2847, 637, 637, 3096
-9392, 2848, 638, 638, 3096
-9396, 2847, 638, 638, 3096
-9396, 2847, 638, 638, 3096
-9395, 2846, 638, 638, 3096
-9395, 2846, 638, 638, 3096
-9398, 2847, 637, 637, 3089
-9393, 2847, 639, 639, 3089
-9393, 2847, 639, 639, 3089
-9395, 2847, 638, 638, 3089
-9395, 2847, 638, 638, 3089
-9397, 2848, 638, 638, 3089
-9393, 2848, 639, 639, 3089
-9393, 2848, 639, 639, 3089
-9393, 2850, 638, 638, 3089
-9393, 2850, 638, 638, 3089
-9394, 2848, 640, 640, 3089
-9394, 2848, 640, 640, 3089
-9392, 2849, 639, 639, 3089
-9392, 2849, 639, 639, 3089
-9392, 2848, 639, 639, 3089
-9396, 2849, 638, 638, 3089
-9394, 2849, 639, 639, 3089
-9394, 2849, 639, 639, 3089
-9395, 2848, 639, 639, 3089
-9395, 2848, 639, 639, 3089
-9395, 2849, 638, 638, 3089
-9395, 2849, 638, 638, 3089
-9391, 2849, 640, 640, 3089
-9393, 2850, 639, 639, 3089
-9394, 2849, 638, 638, 3089
-9396, 2849, 638, 638, 3089
-9394, 2849, 639, 639, 3089
-9396, 2849, 639, 639, 3089
-9394, 2850, 639, 639, 3089
-9391, 2849, 639, 639, 3089
-9391, 2849, 639, 639, 3089
-9395, 2850, 639, 639, 3089
-9395, 2850, 639, 639, 3089
-9392, 2849, 639, 639, 3089
-9394, 2850, 640, 640, 3089
-9396, 2849, 639, 639, 3089
-9394, 2850, 640, 640, 3089
-9394, 2850, 640, 640, 3089
-9391, 2849, 639, 639, 3089
-9391, 2849, 639, 639, 3089
-9393, 2850, 639, 639, 3089
-9393, 2850, 639, 639, 3089
-9391, 2850, 639, 639, 3089
-9396, 2850, 639, 639, 3089
-9389, 2850, 641, 641, 3089
-9389, 2850, 641, 641, 3089
-9395, 2849, 640, 640, 3089
-9395, 2849, 640, 640, 3089
-9392, 2849, 641, 641, 3089
-9391, 2851, 640, 640, 3092
-9392, 2850, 640, 640, 3092
-9392, 2849, 640, 640, 3092
-9392, 2849, 640, 640, 3092
-9391, 2851, 641, 641, 3092
-9391, 2851, 641, 641, 3092
-9394, 2851, 641, 641, 3092
-9391, 2851, 642, 642, 3092
-9391, 2851, 642, 642, 3092
-9388, 2851, 641, 641, 3092
-9388, 2851, 641, 641, 3092
-9394, 2850, 641, 641, 3092
-9394, 2850, 641, 641, 3092
-9392, 2851, 641, 641, 3092
-9394, 2851, 641, 641, 3092
-9394, 2851, 641, 641, 3092
-9390, 2851, 641, 641, 3092
-9393, 2851, 642, 642, 3092
-9390, 2851, 641, 641, 3092
-9390, 2851, 641, 641, 3092
-9393, 2851, 640, 640, 3092
-9393, 2851, 640, 640, 3092
-9393, 2851, 640, 640, 3092
-9288, 2867, 747, 747, 3092
-9288, 2867, 747, 747, 3092
-9289, 2867, 744, 744, 3089
-9290, 2867, 742, 742, 3089
-9291, 2868, 742, 742, 3089
-9292, 2867, 741, 741, 3089
-9292, 2866, 741, 741, 3089
-9292, 2866, 741, 741, 3089
-9294, 2865, 740, 740, 3089
-9294, 2865, 740, 740, 3089
-9293, 2867, 740, 740, 3089
-9294, 2866, 739, 739, 3089
-9293, 2867, 740, 740, 3089
-9294, 2867, 739, 739, 3089
-9294, 2867, 739, 739, 3089
-9294, 2867, 739, 739, 3089
-9294, 2867, 739, 739, 3089
-9294, 2866, 739, 739, 3089
-9294, 2867, 739, 739, 3089
-9294, 2867, 739, 739, 3089
-9294, 2867, 739, 739, 3089
-9294, 2867, 738, 738, 3089
-9294, 2867, 739, 739, 3089
-9295, 2867, 738, 738, 3089
-9295, 2867, 738, 738, 3089
-9295, 2867, 738, 738, 3089
-9296, 2866, 738, 738, 3089
-9295, 2867, 738, 738, 3089
-9294, 2866, 739, 739, 3089
-9294, 2866, 739, 739, 3089
-9294, 2867, 738, 738, 3089
-9293, 2866, 739, 739, 3089
-9294, 2867, 739, 739, 3089
-9294, 2867, 738, 738, 3089
-9294, 2867, 738, 738, 3089
-9294, 2867, 739, 739, 3089
-9294, 2867, 739, 739, 3089
-9295, 2868, 738, 738, 3089
-9294, 2867, 739, 739, 3089
-9294, 2868, 738, 738, 3089
-9294, 2868, 738, 738, 3089
-9294, 2868, 739, 739, 3089
-9294, 2868, 738, 738, 3089
-9294, 2868, 739, 739, 3089
-9293, 2868, 739, 739, 3089
-9293, 2868, 739, 739, 3089
-9293, 2868, 739, 739, 3089
-9293, 2868, 739, 739, 3089
-9294, 2868, 739, 739, 3089
-9294, 2868, 739, 739, 3089
-9294, 2867, 738, 738, 3089
-9294, 2868, 739, 739, 3089
-9294, 2868, 738, 738, 3089
-9294, 2868, 738, 738, 3089
-9295, 2868, 739, 739, 3083
-9295, 2868, 738, 738, 3083
-9294, 2868, 738, 738, 3083
-9294, 2868, 738, 738, 3083
-9294, 2869, 739, 739, 3083
-9294, 2869, 738, 738, 3083
-9294, 2869, 738, 738, 3083
-9294, 2869, 739, 739, 3083
-9293, 2868, 739, 739, 3083
-9294, 2869, 739, 739, 3083
-9294, 2869, 739, 739, 3083
-9293, 2868, 739, 739, 3083
-9293, 2868, 739, 739, 3083
-9293, 2868, 739, 739, 3083
-9294, 2869, 740, 740, 3083
-9294, 2868, 739, 739, 3083
-9293, 2869, 739, 739, 3083
-9293, 2869, 739, 739, 3083
-9294, 2869, 739, 739, 3083
-9293, 2869, 740, 740, 3083
-9294, 2869, 739, 739, 3083
-9293, 2869, 739, 739, 3083
-9293, 2869, 739, 739, 3083
-9293, 2870, 739, 739, 3083
-9293, 2870, 739, 739, 3083
-9293, 2869, 740, 740, 3083
-9293, 2870, 739, 739, 3083
-9294, 2868, 739, 739, 3083
-9293, 2869, 739, 739, 3083
-9293, 2869, 739, 739, 3083
-9293, 2868, 740, 740, 3083
-9293, 2871, 739, 739, 3083
-9294, 2870, 739, 739, 3083
-9294, 2869, 739, 739, 3083
-9294, 2870, 739, 739, 3083
-9293, 2870, 740, 740, 3083
-9294, 2870, 739, 739, 3083
-9294, 2870, 739, 739, 3083
-9293, 2869, 739, 739, 3083
-9294, 2870, 739, 739, 3083
-9293, 2870, 739, 739, 3083
-9293, 2870, 740, 740, 3083
-9293, 2870, 740, 740, 3083
-9293, 2870, 740, 740, 3083
-9294, 2870, 739, 739, 3083
-9294, 2870, 739, 739, 3083
-9294, 2869, 739, 739, 3083
-9293, 2870, 740, 740, 3083
-9294, 2871, 739, 739, 3083
-9294, 2871, 739, 739, 3083
-9293, 2871, 740, 740, 3083
-9293, 2871, 739, 739, 3083
-9294, 2870, 739, 739, 3081
-9294, 2870, 739, 739, 3081
-9293, 2872, 740, 740, 3081
-9293, 2871, 740, 740, 3081
-9293, 2871, 740, 740, 3081
-9293, 2871, 740, 740, 3081
-9292, 2871, 741, 741, 3081
-9293, 2871, 740, 740, 3081
-9293, 2870, 740, 740, 3081
-9293, 2870, 740, 740, 3081
-9293, 2872, 740, 740, 3081
-9292, 2871, 740, 740, 3081
-9292, 2870, 740, 740, 3081
-9291, 2872, 741, 741, 3081
-9291, 2872, 741, 741, 3081
-9292, 2871, 741, 741, 3081
-9292, 2870, 740, 740, 3081
-9292, 2870, 740, 740, 3081
-9292, 2871, 741, 741, 3081
-9292, 2871, 741, 741, 3081
-9292, 2872, 741, 741, 3081
-9292, 2872, 741, 741, 3081
-9394, 2853, 652, 652, 3081
-9394, 2853, 652, 652, 3081
-9392, 2855, 640, 640, 3081
-9392, 2855, 640, 640, 3081
-9389, 2856, 641, 641, 3085
-9388, 2857, 642, 642, 3085
-9391, 2857, 642, 642, 3085
-9390, 2856, 644, 644, 3085
-9390, 2856, 644, 644, 3085
-9390, 2857, 643, 643, 3085
-9390, 2857, 643, 643, 3085
-9389, 2857, 643, 643, 3085
-9389, 2857, 643, 643, 3085
-9386, 2858, 645, 645, 3085
-9388, 2858, 645, 645, 3085
-9388, 2858, 645, 645, 3085
-9389, 2857, 645, 645, 3085
-9389, 2857, 645, 645, 3085
-9386, 2858, 645, 645, 3085
-9386, 2858, 645, 645, 3085
-9386, 2858, 645, 645, 3085
-9386, 2858, 645, 645, 3085
-9387, 2858, 645, 645, 3085
-9389, 2858, 646, 646, 3085
-9389, 2858, 646, 646, 3085
-9387, 2859, 646, 646, 3085
-9386, 2858, 647, 647, 3085
-9386, 2858, 647, 647, 3085
-9386, 2859, 646, 646, 3074
-9386, 2859, 646, 646, 3074
-9388, 2859, 646, 646, 3074
-9388, 2859, 647, 647, 3074
-9386, 2860, 646, 646, 3074
-9388, 2860, 646, 646, 3074
-9387, 2860, 647, 647, 3074
-9385, 2859, 648, 648, 3074
-9385, 2860, 646, 646, 3074
-9384, 2859, 647, 647, 3074
-9387, 2860, 647, 647, 3074
-9387, 2860, 647, 647, 3074
-9386, 2859, 647, 647, 3074
-9386, 2859, 647, 647, 3074
-9388, 2860, 647, 647, 3074
-9388, 2860, 647, 647, 3074
-9384, 2858, 648, 648, 3074
-9385, 2860, 648, 648, 3074
-9385, 2860, 648, 648, 3074
-9388, 2860, 647, 647, 3074
-9384, 2861, 646, 646, 3074
-9382, 2859, 648, 648, 3074
-9383, 2860, 647, 647, 3074
-9383, 2860, 647, 647, 3074
-9385, 2861, 647, 647, 3074
-9385, 2861, 647, 647, 3074
-9385, 2860, 648, 648, 3074
-9385, 2861, 648, 648, 3078
-9387, 2860, 648, 648, 3078
-9387, 2860, 648, 648, 3078
-9385, 2861, 648, 648, 3078
-9384, 2861, 647, 647, 3078
-9384, 2861, 647, 647, 3078
-9383, 2861, 648, 648, 3078
-9383, 2861, 648, 648, 3078
-9384, 2862, 647, 647, 3078
-9384, 2861, 649, 649, 3078
-9384, 2861, 649, 649, 3078
-9387, 2861, 648, 648, 3078
-9387, 2861, 648, 648, 3078
-9386, 2860, 648, 648, 3078
-9384, 2860, 648, 648, 3078
-9383, 2862, 648, 648, 3078
-9383, 2862, 648, 648, 3078
-9384, 2861, 648, 648, 3078
-9382, 2861, 649, 649, 3078
-9384, 2862, 648, 648, 3078
-9384, 2861, 648, 648, 3078
-9387, 2861, 648, 648, 3078
-9387, 2861, 648, 648, 3078
-9387, 2861, 648, 648, 3078
-9384, 2862, 648, 648, 3085
-9384, 2862, 648, 648, 3085
-9383, 2861, 648, 648, 3085
-9384, 2862, 650, 650, 3085
-9384, 2862, 650, 650, 3085
-9385, 2861, 649, 649, 3085
-9386, 2862, 649, 649, 3085
-9386, 2862, 649, 649, 3085
-9384, 2862, 649, 649, 3085
-9384, 2862, 649, 649, 3085
-9385, 2862, 650, 650, 3085
-9383, 2862, 648, 648, 3085
-9383, 2862, 648, 648, 3085
-9381, 2862, 650, 650, 3085
-9382, 2862, 649, 649, 3085
-9386, 2863, 648, 648, 3085
-9386, 2863, 648, 648, 3085
-9384, 2862, 650, 650, 3085
-9384, 2862, 650, 650, 3085
-9381, 2862, 650, 650, 3085
-9382, 2862, 649, 649, 3085
-9382, 2862, 649, 649, 3085
-9384, 2863, 650, 650, 3085
-9384, 2863, 650, 650, 3085
-9385, 2862, 649, 649, 3085
-9384, 2863, 651, 651, 3085
-9381, 2863, 650, 650, 3100
-9381, 2863, 650, 650, 3100
-9382, 2863, 650, 650, 3100
-9382, 2863, 651, 651, 3100
-9382, 2863, 651, 651, 3100
-9385, 2864, 649, 649, 3100
-9384, 2862, 651, 651, 3100
-9384, 2862, 651, 651, 3100
-9381, 2863, 651, 651, 3100
-9381, 2863, 651, 651, 3100
-9278, 2878, 756, 756, 3100
-9280, 2878, 753, 753, 3100
-9281, 2879, 752, 752, 3100
-9281, 2878, 751, 751, 3100
-9284, 2878, 749, 749, 3100
-9284, 2878, 749, 749, 3100
-9283, 2877, 750, 750, 3100
-9283, 2879, 749, 749, 3100
-9285, 2878, 748, 748, 3100
-9285, 2878, 748, 748, 3100
-9285, 2879, 748, 748, 3100
-9284, 2878, 748, 748, 3100
-9284, 2878, 748, 748, 3100
-9284, 2879, 748, 748, 3100
-9285, 2877, 748, 748, 3100
-9286, 2879, 747, 747, 3096
-9285, 2878, 747, 747, 3096
-9286, 2879, 747, 747, 3096
-9286, 2879, 747, 747, 3096
-9286, 2878, 747, 747, 3096
-9285, 2878, 748, 748, 3096
-9285, 2878, 747, 747, 3096
-9286, 2878, 747, 747, 3096
-9286, 2878, 747, 747, 3096
-9285, 2878, 747, 747, 3096
-9286, 2879, 747, 747, 3096
-9286, 2879, 747, 747, 3096
-9286, 2879, 747, 747, 3096
-9285, 2879, 748, 748, 3096
-9285, 2879, 748, 748, 3096
-9285, 2879, 747, 747, 3096
-9284, 2879, 748, 748, 3096
-9284, 2878, 748, 748, 3096
-9285, 2878, 748, 748, 3096
-9285, 2878, 748, 748, 3096
-9285, 2879, 748, 748, 3096
-9285, 2879, 748, 748, 3096
-9285, 2879, 748, 748, 3096
-9285, 2879, 748, 748, 3096
-9285, 2879, 748, 748, 3096
-9285, 2879, 748, 748, 3096
-9285, 2879, 748, 748, 3107
-9285, 2879, 748, 748, 3107
-9285, 2880, 748, 748, 3107
-9285, 2880, 748, 748, 3107
-9284, 2880, 748, 748, 3107
-9284, 2879, 748, 748, 3107
-9286, 2879, 748, 748, 3107
-9286, 2879, 748, 748, 3107
-9285, 2879, 748, 748, 3107
-9285, 2878, 748, 748, 3107
-9285, 2878, 748, 748, 3107
-9286, 2880, 748, 748, 3107
-9285, 2880, 748, 748, 3107
-9284, 2879, 748, 748, 3107
-9284, 2879, 748, 748, 3107
-9285, 2880, 748, 748, 3107
-9285, 2880, 748, 748, 3107
-9284, 2879, 748, 748, 3107
-9284, 2879, 748, 748, 3107
-9284, 2880, 748, 748, 3107
-9284, 2880, 748, 748, 3107
-9285, 2882, 748, 748, 3107
-9285, 2880, 748, 748, 3107
-9285, 2880, 748, 748, 3107
-9285, 2880, 748, 748, 3107
-9284, 2880, 748, 748, 3107
-9284, 2880, 748, 748, 3094
-9284, 2879, 748, 748, 3094
-9284, 2879, 748, 748, 3094
-9284, 2880, 748, 748, 3094
-9284, 2880, 748, 748, 3094
-9284, 2880, 749, 749, 3094
-9285, 2880, 748, 748, 3094
-9285, 2881, 748, 748, 3094
-9285, 2881, 748, 748, 3094
-9284, 2881, 749, 749, 3094
-9284, 2881, 749, 749, 3094
-9284, 2882, 749, 749, 3094
-9284, 2881, 749, 749, 3094
-9284, 2881, 749, 749, 3094
-9284, 2881, 749, 749, 3094
-9284, 2882, 749, 749, 3094
-9284, 2881, 749, 749, 3094
-9284, 2881, 749, 749, 3094
-9283, 2881, 749, 749, 3094
-9283, 2882, 750, 750, 3094
-9284, 2882, 749, 749, 3094
-9283, 2882, 749, 749, 3094
-9283, 2882, 749, 749, 3094
-9283, 2882, 749, 749, 3094
-9284, 2881, 749, 749, 3087
-9284, 2882, 749, 749, 3087
-9284, 2882, 749, 749, 3087
-9283, 2881, 749, 749, 3087
-9283, 2881, 749, 749, 3087
-9284, 2881, 749, 749, 3087
-9284, 2882, 750, 750, 3087
-9283, 2881, 750, 750, 3087
-9283, 2882, 749, 749, 3087
-9283, 2882, 749, 749, 3087
-9282, 2882, 750, 750, 3087
-9283, 2883, 750, 750, 3087
-9283, 2882, 750, 750, 3087
-9283, 2882, 750, 750, 3087
-9282, 2882, 750, 750, 3087
-9283, 2883, 750, 750, 3087
-9283, 2883, 750, 750, 3087
-9282, 2883, 750, 750, 3087
-9282, 2882, 750, 750, 3087
-9283, 2882, 750, 750, 3087
-9283, 2883, 750, 750, 3087
-9283, 2883, 750, 750, 3087
-9283, 2882, 751, 751, 3087
-9283, 2884, 749, 749, 3087
-9284, 2882, 750, 750, 3087
-9380, 2867, 660, 660, 3087
-9380, 2867, 660, 660, 3087
-9384, 2867, 650, 650, 3087
-9382, 2868, 650, 650, 3087
-9382, 2868, 650, 650, 3087
-9380, 2869, 651, 651, 3087
-9380, 2869, 651, 651, 3087
-9383, 2868, 652, 652, 3087
-9383, 2868, 652, 652, 3087
-9381, 2869, 654, 654, 3087
-9381, 2869, 654, 654, 3087
-9382, 2870, 653, 653, 3087
-9380, 2870, 654, 654, 3087
-9377, 2869, 654, 654, 3087
-9377, 2869, 654, 654, 3087
-9377, 2869, 654, 654, 3087
-9376, 2869, 655, 655, 3087
-9383, 2870, 654, 654, 3087
-9380, 2869, 654, 654, 3087
-9376, 2869, 655, 655, 3089
-9376, 2869, 655, 655, 3089
-9376, 2870, 655, 655, 3089
-9376, 2870, 655, 655, 3089
-9377, 2869, 655, 655, 3089
-9374, 2870, 656, 656, 3089
-9377, 2872, 655, 655, 3089
-9377, 2872, 655, 655, 3089
-9380, 2871, 655, 655, 3089
-9380, 2871, 655, 655, 3089
-9377, 2870, 656, 656, 3089
-9378, 2870, 654, 654, 3089
-9378, 2870, 654, 654, 3089
-9375, 2871, 656, 656, 3089
-9375, 2871, 656, 656, 3089
-9373, 2870, 656, 656, 3089
-9373, 2870, 656, 656, 3089
-9374, 2871, 657, 657, 3089
-9376, 2872, 656, 656, 3089
-9374, 2871, 656, 656, 3089
-9376, 2872, 655, 655, 3089
-9376, 2872, 655, 655, 3089
-9378, 2871, 657, 657, 3089
-9378, 2872, 657, 657, 3089
-9378, 2872, 657, 657, 3089
-9379, 2871, 656, 656, 3089
-9378, 2872, 656, 656, 3089
-9378, 2872, 656, 656, 3089
-9373, 2873, 657, 657, 3089
-9374, 2871, 656, 656, 3089
-9374, 2871, 657, 657, 3089
-9374, 2871, 657, 657, 3089
-9376, 2872, 657, 657, 3089
-9376, 2872, 657, 657, 3089
-9379, 2872, 657, 657, 3089
-9379, 2872, 657, 657, 3089
-9377, 2871, 657, 657, 3089
-9376, 2873, 657, 657, 3089
-9376, 2873, 657, 657, 3089
-9373, 2872, 658, 658, 3089
-9373, 2872, 658, 658, 3089
-9377, 2872, 656, 656, 3089
-9377, 2872, 656, 656, 3089
-9378, 2872, 658, 658, 3089
-9378, 2872, 658, 658, 3089
-9378, 2872, 657, 657, 3089
-9373, 2873, 658, 658, 3089
-9373, 2873, 658, 658, 3089
-9373, 2873, 658, 658, 3089
-9371, 2874, 658, 658, 3096
-9371, 2874, 658, 658, 3096
-9372, 2873, 658, 658, 3096
-9377, 2873, 658, 658, 3096
-9372, 2873, 658, 658, 3096
-9372, 2873, 658, 658, 3096
-9374, 2874, 659, 659, 3096
-9374, 2874, 659, 659, 3096
-9374, 2873, 658, 658, 3096
-9376, 2873, 659, 659, 3096
-9373, 2873, 658, 658, 3096
-9373, 2873, 658, 658, 3096
-9377, 2875, 658, 658, 3096
-9377, 2875, 658, 658, 3096
-9374, 2874, 659, 659, 3096
-9374, 2874, 659, 659, 3096
-9376, 2874, 659, 659, 3096
-9376, 2874, 659, 659, 3096
-9375, 2874, 659, 659, 3096
-9375, 2874, 659, 659, 3096
-9375, 2875, 659, 659, 3096
-9375, 2875, 659, 659, 3096
-9370, 2874, 660, 660, 3096
-9372, 2874, 659, 659, 3096
-9372, 2874, 659, 659, 3096
-9375, 2874, 658, 658, 3098
-9375, 2874, 658, 658, 3098
-9375, 2875, 659, 659, 3098
-9375, 2875, 659, 659, 3098
-9375, 2874, 659, 659, 3098
-9372, 2875, 659, 659, 3098
-9372, 2875, 659, 659, 3098
-9373, 2876, 659, 659, 3098
-9373, 2875, 660, 660, 3098
-9373, 2875, 660, 660, 3098
-9373, 2876, 659, 659, 3098
-9373, 2874, 660, 660, 3098
-9375, 2875, 660, 660, 3098
-9372, 2875, 660, 660, 3098
-9371, 2875, 660, 660, 3098
-9374, 2875, 660, 660, 3098
-9267, 2891, 768, 768, 3098
-9271, 2891, 762, 762, 3098
-9273, 2891, 760, 760, 3098
-9273, 2890, 760, 760, 3085
-9274, 2890, 759, 759, 3085
-9274, 2890, 759, 759, 3085
-9275, 2890, 759, 759, 3085
-9275, 2890, 759, 759, 3085
-9274, 2890, 759, 759, 3085
-9275, 2890, 758, 758, 3085
-9274, 2891, 759, 759, 3085
-9275, 2890, 758, 758, 3085
-9275, 2891, 758, 758, 3085
-9275, 2891, 758, 758, 3085
-9274, 2890, 758, 758, 3085
-9275, 2891, 758, 758, 3085
-9276, 2890, 757, 757, 3085
-9276, 2890, 757, 757, 3085
-9275, 2891, 758, 758, 3085
-9275, 2890, 757, 757, 3085
-9277, 2891, 757, 757, 3085
-9277, 2891, 757, 757, 3085
-9276, 2891, 757, 757, 3085
-9275, 2890, 757, 757, 3085
-9275, 2890, 757, 757, 3085
-9276, 2890, 757, 757, 3085
-9275, 2890, 757, 757, 3085
-9276, 2890, 757, 757, 3085
-9276, 2891, 757, 757, 3085
-9276, 2891, 757, 757, 3085
-9276, 2890, 757, 757, 3096
-9277, 2891, 757, 757, 3096
-9276, 2892, 757, 757, 3096
-9276, 2892, 757, 757, 3096
-9275, 2891, 758, 758, 3096
-9275, 2891, 758, 758, 3096
-9276, 2891, 757, 757, 3096
-9275, 2892, 757, 757, 3096
-9275, 2892, 757, 757, 3096
-9276, 2890, 757, 757, 3096
-9276, 2891, 757, 757, 3096
-9275, 2891, 758, 758, 3096
-9275, 2891, 757, 757, 3096
-9275, 2891, 758, 758, 3096
-9275, 2891, 757, 757, 3096
-9275, 2891, 758, 758, 3096
-9275, 2891, 757, 757, 3096
-9276, 2891, 757, 757, 3096
-9276, 2892, 757, 757, 3096
-9275, 2892, 757, 757, 3096
-9275, 2892, 758, 758, 3096
-9275, 2892, 758, 758, 3096
-9276, 2892, 757, 757, 3096
-9275, 2892, 758, 758, 3087
-9275, 2891, 757, 757, 3087
-9275, 2891, 758, 758, 3087
-9275, 2891, 758, 758, 3087
-9276, 2892, 757, 757, 3087
-9276, 2892, 757, 757, 3087
-9276, 2892, 757, 757, 3087
-9275, 2892, 758, 758, 3087
-9275, 2892, 758, 758, 3087
-9275, 2892, 758, 758, 3087
-9275, 2893, 758, 758, 3087
-9275, 2892, 758, 758, 3087
-9275, 2892, 758, 758, 3087
-9275, 2892, 758, 758, 3087
-9275, 2893, 758, 758, 3087
-9275, 2893, 758, 758, 3087
-9275, 2894, 758, 758, 3087
-9275, 2894, 758, 758, 3087
-9274, 2892, 758, 758, 3087
-9274, 2893, 758, 758, 3087
-9275, 2893, 758, 758, 3087
-9275, 2893, 758, 758, 3087
-9274, 2893, 758, 758, 3087
-9274, 2893, 759, 759, 3087
-9275, 2895, 758, 758, 3087
-9275, 2894, 758, 758, 3087
-9275, 2893, 758, 758, 3087
-9274, 2893, 759, 759, 3087
-9274, 2894, 759, 759, 3081
-9274, 2894, 759, 759, 3081
-9275, 2892, 758, 758, 3081
-9275, 2893, 758, 758, 3081
-9274, 2893, 759, 759, 3081
-9274, 2893, 759, 759, 3081
-9274, 2894, 759, 759, 3081
-9274, 2893, 759, 759, 3081
-9273, 2894, 759, 759, 3081
-9273, 2894, 759, 759, 3081
-9273, 2894, 759, 759, 3081
-9274, 2893, 759, 759, 3081
-9274, 2895, 759, 759, 3081
-9273, 2894, 759, 759, 3081
-9274, 2894, 759, 759, 3081
-9274, 2894, 758, 758, 3081
-9273, 2894, 759, 759, 3081
-9273, 2894, 759, 759, 3081
-9273, 2894, 759, 759, 3081
-9273, 2894, 759, 759, 3081
-9273, 2894, 759, 759, 3081
-9273, 2894, 760, 760, 3081
-9273, 2894, 760, 760, 3081
-9273, 2894, 760, 760, 3081
-9273, 2895, 760, 760, 3081
-9273, 2895, 760, 760, 3081
-9273, 2896, 760, 760, 3078
-9274, 2894, 760, 760, 3078
-9273, 2895, 760, 760, 3078
-9273, 2895, 760, 760, 3078
-9273, 2894, 760, 760, 3078
-9273, 2895, 760, 760, 3078
-9273, 2895, 760, 760, 3078
-9273, 2896, 760, 760, 3078
-9273, 2895, 760, 760, 3078
-9273, 2895, 760, 760, 3078
-9273, 2895, 759, 759, 3078
-9273, 2895, 759, 759, 3078
-9272, 2895, 760, 760, 3078
-9273, 2895, 760, 760, 3078
-9273, 2895, 760, 760, 3078
-9273, 2896, 760, 760, 3078
-9273, 2895, 760, 760, 3078
-9384, 2880, 635, 635, 3078
-9384, 2880, 635, 635, 3078
-9369, 2880, 661, 661, 3078
-9369, 2880, 661, 661, 3078
-9373, 2880, 660, 660, 3078
-9373, 2880, 662, 662, 3085
-9373, 2880, 662, 662, 3085
-9369, 2882, 662, 662, 3085
-9370, 2881, 663, 663, 3085
-9370, 2881, 663, 663, 3085
-9367, 2881, 664, 664, 3085
-9367, 2881, 664, 664, 3085
-9369, 2883, 664, 664, 3085
-9369, 2883, 664, 664, 3085
-9369, 2881, 664, 664, 3085
-9366, 2881, 665, 665, 3085
-9366, 2881, 665, 665, 3085
-9368, 2882, 664, 664, 3085
-9368, 2882, 664, 664, 3085
-9368, 2883, 665, 665, 3085
-9367, 2882, 665, 665, 3085
-9368, 2883, 666, 666, 3085
-9372, 2883, 664, 664, 3085
-9367, 2883, 666, 666, 3085
-9367, 2883, 666, 666, 3085
-9365, 2884, 666, 666, 3085
-9365, 2884, 666, 666, 3085
-9369, 2883, 666, 666, 3085
-9370, 2884, 665, 665, 3074
-9365, 2883, 667, 667, 3074
-9365, 2883, 667, 667, 3074
-9367, 2884, 666, 666, 3074
-9364, 2884, 667, 667, 3074
-9364, 2884, 667, 667, 3074
-9369, 2884, 665, 665, 3074
-9369, 2884, 665, 665, 3074
-9367, 2884, 667, 667, 3074
-9368, 2884, 666, 666, 3074
-9368, 2884, 666, 666, 3074
-9366, 2884, 667, 667, 3074
-9364, 2883, 667, 667, 3074
-9364, 2884, 666, 666, 3074
-9365, 2884, 667, 667, 3074
-9365, 2884, 667, 667, 3074
-9366, 2884, 666, 666, 3074
-9364, 2884, 667, 667, 3074
-9366, 2884, 667, 667, 3074
-9368, 2884, 667, 667, 3074
-9367, 2883, 668, 668, 3074
-9367, 2883, 668, 668, 3074
-9367, 2885, 667, 667, 3074
-9364, 2884, 668, 668, 3074
-9364, 2884, 668, 668, 3074
-9364, 2884, 668, 668, 3083
-9364, 2884, 668, 668, 3083
-9362, 2885, 668, 668, 3083
-9365, 2884, 669, 669, 3083
-9365, 2884, 669, 669, 3083
-9365, 2884, 668, 668, 3083
-9365, 2884, 668, 668, 3083
-9366, 2885, 668, 668, 3083
-9366, 2885, 668, 668, 3083
-9363, 2885, 668, 668, 3083
-9364, 2885, 668, 668, 3083
-9364, 2885, 668, 668, 3083
-9364, 2886, 668, 668, 3083
-9368, 2885, 667, 667, 3083
-9366, 2885, 668, 668, 3083
-9366, 2885, 668, 668, 3083
-9363, 2885, 669, 669, 3083
-9363, 2886, 668, 668, 3083
-9363, 2886, 668, 668, 3083
-9363, 2887, 668, 668, 3083
-9363, 2887, 668, 668, 3083
-9362, 2886, 669, 669, 3083
-9362, 2886, 669, 669, 3083
-9361, 2887, 669, 669, 3083
-9363, 2886, 669, 669, 3083
-9363, 2886, 669, 669, 3083
-9363, 2886, 668, 668, 3083
-9362, 2886, 669, 669, 3078
-9362, 2886, 669, 669, 3078
-9365, 2886, 668, 668, 3078
-9365, 2886, 668, 668, 3078
-9365, 2886, 668, 668, 3078
-9361, 2886, 669, 669, 3078
-9363, 2886, 668, 668, 3078
-9363, 2886, 668, 668, 3078
-9366, 2887, 669, 669, 3078
-9365, 2887, 669, 669, 3078
-9367, 2887, 669, 669, 3078
-9365, 2886, 670, 670, 3078
-9365, 2886, 670, 670, 3078
-9363, 2887, 669, 669, 3078
-9363, 2887, 669, 669, 3078
-9362, 2887, 669, 669, 3078
-9362, 2887, 669, 669, 3078
-9360, 2888, 669, 669, 3078
-9365, 2887, 669, 669, 3078
-9365, 2887, 669, 669, 3078
-9364, 2887, 670, 670, 3078
-9364, 2887, 670, 670, 3078
-9362, 2886, 671, 671, 3083
-9365, 2886, 670, 670, 3083
-9365, 2886, 670, 670, 3083
-9362, 2888, 671, 671, 3083
-9357, 2886, 670, 670, 3083
-9357, 2886, 670, 670, 3083
-9258, 2904, 776, 776, 3083
-9258, 2904, 776, 776, 3083
-9260, 2904, 773, 773, 3083
-9262, 2903, 771, 771, 3083
-9262, 2904, 771, 771, 3083
-9263, 2902, 769, 769, 3083
-9263, 2902, 769, 769, 3083
-9264, 2903, 769, 769, 3083
-9264, 2903, 769, 769, 3083
-9264, 2903, 769, 769, 3083
-9264, 2903, 769, 769, 3083
-9265, 2902, 768, 768, 3083
-9265, 2902, 768, 768, 3083
-9265, 2902, 768, 768, 3083
-9265, 2902, 767, 767, 3083
-9264, 2902, 768, 768, 3083
-9265, 2903, 768, 768, 3083
-9265, 2903, 767, 767, 3083
-9265, 2903, 767, 767, 3083
-9266, 2903, 767, 767, 3083
-9266, 2902, 767, 767, 3083
-9266, 2903, 767, 767, 3078
-9266, 2903, 767, 767, 3078
-9266, 2903, 767, 767, 3078
-9266, 2902, 767, 767, 3078
-9265, 2903, 767, 767, 3078
-9266, 2903, 767, 767, 3078
-9265, 2903, 767, 767, 3078
-9265, 2903, 767, 767, 3078
-9265, 2902, 768, 768, 3078
-9265, 2903, 768, 768, 3078
-9265, 2902, 767, 767, 3078
-9264, 2903, 768, 768, 3078
-9266, 2904, 768, 768, 3078
-9266, 2904, 768, 768, 3078
-9265, 2903, 768, 768, 3078
-9265, 2903, 767, 767, 3078
-9265, 2904, 767, 767, 3078
-9266, 2904, 767, 767, 3078
-9266, 2903, 767, 767, 3078
-9266, 2903, 767, 767, 3078
-9266, 2903, 767, 767, 3078
-9266, 2903, 767, 767, 3078
-9266, 2903, 767, 767, 3078
-9266, 2904, 767, 767, 3078
-9265, 2903, 768, 768, 3078
-9266, 2903, 767, 767, 3092
-9266, 2903, 767, 767, 3092
-9266, 2904, 767, 767, 3092
-9266, 2905, 767, 767, 3092
-9265, 2904, 767, 767, 3092
-9265, 2903, 768, 768, 3092
-9265, 2904, 767, 767, 3092
-9265, 2903, 768, 768, 3092
-9265, 2903, 768, 768, 3092
-9265, 2905, 768, 768, 3092
-9265, 2904, 768, 768, 3092
-9264, 2904, 768, 768, 3092
-9266, 2904, 768, 768, 3092
-9266, 2905, 767, 767, 3092
-9265, 2905, 768, 768, 3092
-9265, 2904, 768, 768, 3092
-9265, 2905, 768, 768, 3092
-9264, 2905, 768, 768, 3092
-9265, 2905, 767, 767, 3092
-9265, 2905, 768, 768, 3092
-9265, 2905, 768, 768, 3092
-9265, 2906, 768, 768, 3092
-9265, 2906, 768, 768, 3092
-9265, 2905, 768, 768, 3087
-9265, 2905, 768, 768, 3087
-9265, 2906, 768, 768, 3087
-9265, 2906, 768, 768, 3087
-9265, 2906, 768, 768, 3087
-9264, 2906, 769, 769, 3087
-9265, 2906, 768, 768, 3087
-9265, 2905, 769, 769, 3087
-9265, 2905, 769, 769, 3087
-9264, 2906, 768, 768, 3087
-9264, 2906, 769, 769, 3087
-9264, 2906, 769, 769, 3087
-9264, 2906, 769, 769, 3087
-9264, 2906, 769, 769, 3087
-9264, 2905, 768, 768, 3087
-9264, 2906, 768, 768, 3087
-9264, 2906, 768, 768, 3087
-9264, 2905, 769, 769, 3087
-9264, 2905, 769, 769, 3087
-9265, 2905, 769, 769, 3087
-9264, 2906, 768, 768, 3087
-9264, 2906, 769, 769, 3087
-9264, 2907, 769, 769, 3087
-9264, 2907, 769, 769, 3087
-9263, 2907, 769, 769, 3087
-9264, 2906, 769, 769, 3087
-9264, 2906, 769, 769, 3087
-9265, 2907, 768, 768, 3074
-9265, 2907, 768, 768, 3074
-9263, 2907, 770, 770, 3074
-9263, 2907, 770, 770, 3074
-9264, 2907, 769, 769, 3074
-9264, 2907, 769, 769, 3074
-9264, 2906, 769, 769, 3074
-9264, 2908, 769, 769, 3074
-9264, 2906, 769, 769, 3074
-9264, 2906, 769, 769, 3074
-9263, 2907, 769, 769, 3074
-9264, 2907, 769, 769, 3074
-9263, 2907, 769, 769, 3074
-9263, 2907, 769, 769, 3074
-9263, 2907, 770, 770, 3074
-9264, 2908, 769, 769, 3074
-9264, 2907, 769, 769, 3074
-9263, 2906, 769, 769, 3074
-9263, 2907, 770, 770, 3074
-9262, 2908, 769, 769, 3074
-9262, 2908, 769, 769, 3074
-9262, 2907, 770, 770, 3074
-9262, 2907, 770, 770, 3074
-9263, 2908, 770, 770, 3074
-9263, 2908, 770, 770, 3074
-9263, 2908, 770, 770, 3074
-9264, 2908, 771, 771, 3074
-9263, 2908, 770, 770, 3074
-9263, 2908, 770, 770, 3074
-9263, 2908, 770, 770, 3074
-9263, 2908, 770, 770, 3074
-9263, 2908, 770, 770, 3074
-9262, 2909, 770, 770, 3074
-9430, 2888, 728, 728, 3074
-9458, 2877, 570, 570, 3074
-9456, 2880, 575, 575, 3074
-9451, 2879, 581, 581, 3074
-9452, 2880, 583, 583, 3074
-9452, 2880, 583, 583, 3074
-9445, 2881, 584, 584, 3074
-9445, 2881, 584, 584, 3074
-9443, 2882, 585, 585, 3074
-9443, 2882, 585, 585, 3074
-9450, 2881, 585, 585, 3074
-9450, 2881, 585, 585, 3074
-9452, 2880, 586, 586, 3072
-9452, 2880, 586, 586, 3072
-9446, 2881, 587, 587, 3072
-9446, 2881, 586, 586, 3072
-9442, 2882, 586, 586, 3072
-9443, 2882, 586, 586, 3072
-9448, 2882, 588, 588, 3072
-9448, 2882, 588, 588, 3072
-9450, 2882, 587, 587, 3072
-9448, 2881, 587, 587, 3072
-9449, 2881, 587, 587, 3072
-9440, 2882, 588, 588, 3072
-9441, 2883, 588, 588, 3072
-9441, 2883, 588, 588, 3072
-9441, 2883, 588, 588, 3072
-9444, 2883, 588, 588, 3072
-9446, 2883, 588, 588, 3072
-9447, 2882, 589, 589, 3072
-9447, 2882, 589, 589, 3072
-9443, 2883, 589, 589, 3072
-9443, 2883, 589, 589, 3072
-9443, 2883, 589, 589, 3072
-9440, 2884, 589, 589, 3072
-9447, 2883, 589, 589, 3072
-9447, 2883, 589, 589, 3072
-9446, 2883, 589, 589, 3081
-9446, 2883, 589, 589, 3081
-9443, 2883, 590, 590, 3081
-9443, 2884, 589, 589, 3081
-9439, 2884, 590, 590, 3081
-9440, 2884, 590, 590, 3081
-9445, 2884, 590, 590, 3081
-9445, 2884, 590, 590, 3081
-9446, 2884, 590, 590, 3081
-9446, 2882, 590, 590, 3081
-9446, 2882, 590, 590, 3081
-9439, 2884, 590, 590, 3081
-9438, 2885, 591, 591, 3081
-9441, 2885, 591, 591, 3081
-9441, 2885, 591, 591, 3081
-9442, 2885, 590, 590, 3081
-9446, 2884, 590, 590, 3081
-9446, 2884, 590, 590, 3081
-9442, 2884, 590, 590, 3081
-9442, 2884, 590, 590, 3081
-9438, 2885, 590, 590, 3081
-9438, 2885, 590, 590, 3081
-9443, 2885, 591, 591, 3081
-9444, 2884, 591, 591, 3078
-9444, 2884, 591, 591, 3078
-9442, 2884, 591, 591, 3078
-9440, 2885, 591, 591, 3078
-9440, 2885, 591, 591, 3078
-9437, 2886, 591, 591, 3078
-9437, 2886, 591, 591, 3078
-9442, 2885, 591, 591, 3078
-9442, 2885, 591, 591, 3078
-9442, 2885, 591, 591, 3078
-9442, 2885, 591, 591, 3078
-9438, 2885, 592, 592, 3078
-9438, 2885, 592, 592, 3078
-9441, 2886, 591, 591, 3078
-9440, 2885, 592, 592, 3078
-9437, 2886, 592, 592, 3078
-9437, 2886, 592, 592, 3078
-9438, 2886, 591, 591, 3078
-9438, 2886, 591, 591, 3078
-9438, 2887, 592, 592, 3078
-9442, 2886, 593, 593, 3078
-9444, 2887, 592, 592, 3078
-9444, 2886, 592, 592, 3078
-9444, 2886, 592, 592, 3078
-9444, 2886, 592, 592, 3078
-9438, 2886, 592, 592, 3078
-9438, 2887, 592, 592, 3078
-9438, 2887, 592, 592, 3078
-9439, 2887, 593, 593, 3078
-9439, 2887, 593, 593, 3078
-9439, 2887, 592, 592, 3078
-9439, 2887, 592, 592, 3078
-9443, 2886, 593, 593, 3078
-9443, 2886, 593, 593, 3078
-9442, 2887, 592, 592, 3078
-9439, 2887, 593, 593, 3078
-9436, 2888, 593, 593, 3078
-9436, 2888, 593, 593, 3078
-9436, 2887, 592, 592, 3078
-9436, 2888, 593, 593, 3078
-9436, 2888, 593, 593, 3078
-9436, 2888, 593, 593, 3078
-9436, 2888, 593, 593, 3078
-9423, 2889, 599, 599, 3078
-9423, 2889, 599, 599, 3078
-9234, 2920, 695, 695, 3078
-9240, 2919, 795, 795, 3078
-9247, 2918, 786, 786, 3085
-9248, 2917, 785, 785, 3085
-9248, 2917, 785, 785, 3085
-9250, 2916, 783, 783, 3085
-9250, 2916, 783, 783, 3085
-9252, 2915, 781, 781, 3085
-9253, 2917, 781, 781, 3085
-9253, 2917, 781, 781, 3085
-9253, 2916, 780, 780, 3085
-9253, 2917, 779, 779, 3085
-9253, 2917, 779, 779, 3085
-9253, 2916, 780, 780, 3085
-9254, 2917, 779, 779, 3085
-9253, 2916, 779, 779, 3085
-9254, 2916, 779, 779, 3085
-9255, 2916, 779, 779, 3085
-9255, 2916, 779, 779, 3085
-9255, 2915, 778, 778, 3085
-9254, 2917, 778, 778, 3085
-9256, 2917, 778, 778, 3085
-9256, 2917, 777, 777, 3085
-9255, 2916, 777, 777, 3085
-9256, 2917, 777, 777, 3085
-9255, 2916, 777, 777, 3074
-9255, 2916, 777, 777, 3074
-9256, 2916, 777, 777, 3074
-9256, 2916, 777, 777, 3074
-9256, 2917, 777, 777, 3074
-9255, 2916, 777, 777, 3074
-9255, 2917, 777, 777, 3074
-9256, 2915, 777, 777, 3074
-9255, 2917, 777, 777, 3074
-9256, 2916, 777, 777, 3074
-9256, 2916, 777, 777, 3074
-9255, 2917, 777, 777, 3074
-9255, 2916, 777, 777, 3074
-9255, 2916, 777, 777, 3074
-9255, 2918, 777, 777, 3074
-9254, 2916, 777, 777, 3074
-9256, 2917, 777, 777, 3074
-9256, 2917, 777, 777, 3074
-9256, 2916, 777, 777, 3074
-9255, 2917, 777, 777, 3074
-9255, 2918, 777, 777, 3074
-9256, 2917, 777, 777, 3074
-9254, 2916, 778, 778, 3087
-9254, 2916, 778, 778, 3087
-9256, 2917, 777, 777, 3087
-9255, 2918, 778, 778, 3087
-9255, 2917, 777, 777, 3087
-9256, 2917, 777, 777, 3087
-9257, 2917, 777, 777, 3087
-9255, 2917, 777, 777, 3087
-9255, 2917, 777, 777, 3087
-9254, 2918, 778, 778, 3087
-9254, 2918, 778, 778, 3087
-9255, 2918, 777, 777, 3087
-9255, 2918, 778, 778, 3087
-9255, 2918, 778, 778, 3087
-9255, 2918, 778, 778, 3087
-9255, 2917, 777, 777, 3087
-9255, 2917, 778, 778, 3087
-9255, 2917, 778, 778, 3087
-9255, 2918, 778, 778, 3087
-9255, 2919, 778, 778, 3087
-9255, 2919, 778, 778, 3087
-9255, 2919, 778, 778, 3087
-9255, 2919, 778, 778, 3087
-9255, 2918, 778, 778, 3087
-9255, 2918, 778, 778, 3087
-9256, 2919, 778, 778, 3087
-9256, 2919, 778, 778, 3087
-9255, 2917, 778, 778, 3087
-9254, 2917, 778, 778, 3081
-9255, 2918, 778, 778, 3081
-9255, 2918, 778, 778, 3081
-9255, 2919, 778, 778, 3081
-9255, 2918, 778, 778, 3081
-9255, 2918, 778, 778, 3081
-9255, 2919, 778, 778, 3081
-9255, 2918, 778, 778, 3081
-9254, 2919, 778, 778, 3081
-9254, 2918, 779, 779, 3081
-9255, 2919, 778, 778, 3081
-9255, 2919, 778, 778, 3081
-9254, 2919, 778, 778, 3081
-9254, 2919, 778, 778, 3081
-9254, 2918, 778, 778, 3081
-9254, 2918, 778, 778, 3081
-9254, 2919, 779, 779, 3081
-9254, 2918, 779, 779, 3081
-9254, 2919, 779, 779, 3081
-9254, 2919, 779, 779, 3081
-9254, 2918, 779, 779, 3081
-9255, 2918, 778, 778, 3081
-9254, 2919, 778, 778, 3081
-9254, 2918, 778, 778, 3081
-9254, 2918, 778, 778, 3081
-9254, 2918, 779, 779, 3081
-9253, 2920, 779, 779, 3081
-9253, 2920, 779, 779, 3081
-9254, 2919, 779, 779, 3081
-9254, 2919, 779, 779, 3081
-9253, 2919, 779, 779, 3081
-9253, 2919, 779, 779, 3081
-9254, 2919, 779, 779, 3081
-9253, 2919, 780, 780, 3081
-9254, 2920, 779, 779, 3081
-9254, 2919, 779, 779, 3081
-9254, 2920, 779, 779, 3081
-9254, 2920, 779, 779, 3081
-9253, 2919, 780, 780, 3081
-9253, 2919, 780, 780, 3081
-9254, 2920, 779, 779, 3081
-9252, 2919, 780, 780, 3081
-9252, 2920, 780, 780, 3081
-9253, 2920, 780, 780, 3081
-9253, 2920, 780, 780, 3081
-9254, 2920, 780, 780, 3081
-9252, 2921, 779, 779, 3081
-9252, 2921, 779, 779, 3081
-9454, 2889, 579, 579, 3081
-9454, 2889, 579, 579, 3081
-9443, 2891, 589, 589, 3081
-9443, 2891, 589, 589, 3081
-9447, 2890, 590, 590, 3081
-9447, 2890, 590, 590, 3081
-9442, 2890, 590, 590, 3081
-9442, 2891, 592, 592, 3081
-9440, 2891, 593, 593, 3081
-9434, 2893, 593, 593, 3081
-9434, 2893, 593, 593, 3081
-9435, 2893, 594, 594, 3081
-9440, 2893, 595, 595, 3081
-9441, 2893, 595, 595, 3081
-9441, 2893, 595, 595, 3081
-9440, 2893, 595, 595, 3081
-9433, 2893, 597, 597, 3081
-9433, 2893, 597, 597, 3081
-9432, 2894, 597, 597, 3081
-9432, 2894, 597, 597, 3081
-9435, 2894, 597, 597, 3081
-9435, 2895, 597, 597, 3081
-9435, 2895, 597, 597, 3081
-9440, 2892, 597, 597, 3081
-9440, 2892, 597, 597, 3081
-9439, 2893, 598, 598, 3081
-9439, 2893, 598, 598, 3081
-9434, 2894, 598, 598, 3081
-9434, 2894, 598, 598, 3081
-9432, 2895, 598, 598, 3081
-9432, 2895, 598, 598, 3081
-9431, 2896, 598, 598, 3081
-9434, 2895, 598, 598, 3072
-9437, 2894, 599, 599, 3072
-9433, 2895, 599, 599, 3072
-9433, 2895, 599, 599, 3072
-9430, 2895, 598, 598, 3072
-9430, 2895, 598, 598, 3072
-9431, 2896, 599, 599, 3072
-9431, 2896, 599, 599, 3072
-9431, 2896, 599, 599, 3072
-9432, 2896, 599, 599, 3072
-9438, 2895, 599, 599, 3072
-9438, 2895, 599, 599, 3072
-9437, 2895, 600, 600, 3072
-9435, 2895, 600, 600, 3072
-9435, 2895, 600, 600, 3072
-9434, 2896, 600, 600, 3072
-9434, 2895, 600, 600, 3072
-9428, 2896, 600, 600, 3072
-9428, 2896, 600, 600, 3072
-9434, 2897, 600, 600, 3072
-9434, 2897, 600, 600, 3072
-9435, 2896, 600, 600, 3072
-9437, 2895, 600, 600, 3072
-9437, 2895, 600, 600, 3072
-9434, 2897, 599, 599, 3076
-9434, 2897, 599, 599, 3076
-9431, 2896, 601, 601, 3076
-9431, 2896, 601, 601, 3076
-9428, 2897, 601, 601, 3076
-9428, 2897, 601, 601, 3076
-9434, 2896, 601, 601, 3076
-9434, 2896, 601, 601, 3076
-9433, 2897, 601, 601, 3076
-9435, 2896, 601, 601, 3076
-9434, 2896, 601, 601, 3076
-9429, 2898, 601, 601, 3076
-9429, 2898, 601, 601, 3076
-9429, 2898, 601, 601, 3076
-9429, 2898, 601, 601, 3076
-9435, 2896, 601, 601, 3076
-9437, 2896, 601, 601, 3076
-9437, 2896, 601, 601, 3076
-9432, 2896, 601, 601, 3076
-9432, 2896, 601, 601, 3076
-9427, 2897, 601, 601, 3076
-9427, 2897, 601, 601, 3076
-9427, 2898, 602, 602, 3076
-9427, 2898, 602, 602, 3076
-9429, 2898, 601, 601, 3076
-9432, 2897, 601, 601, 3076
-9432, 2897, 601, 601, 3076
-9432, 2897, 601, 601, 3076
-9436, 2897, 601, 601, 3076
-9433, 2896, 601, 601, 3078
-9433, 2896, 601, 601, 3078
-9427, 2898, 601, 601, 3078
-9428, 2898, 601, 601, 3078
-9432, 2899, 600, 600, 3078
-9430, 2898, 602, 602, 3078
-9430, 2898, 602, 602, 3078
-9435, 2898, 602, 602, 3078
-9430, 2897, 602, 602, 3078
-9430, 2897, 602, 602, 3078
-9430, 2897, 602, 602, 3078
-9430, 2897, 602, 602, 3078
-9427, 2899, 602, 602, 3078
-9433, 2898, 603, 603, 3078
-9433, 2898, 603, 603, 3078
-9433, 2898, 602, 602, 3078
-9433, 2898, 602, 602, 3078
-9433, 2898, 603, 603, 3078
-9433, 2898, 603, 603, 3078
-9425, 2898, 603, 603, 3078
-9425, 2898, 603, 603, 3078
-9427, 2899, 602, 602, 3078
-9427, 2899, 602, 602, 3078
-9425, 2899, 602, 602, 3078
-9425, 2899, 602, 602, 3078
-9431, 2899, 603, 603, 3078
-9431, 2899, 603, 603, 3078
-9434, 2899, 603, 603, 3074
-9431, 2898, 602, 602, 3074
-9434, 2899, 603, 603, 3074
-9434, 2899, 603, 603, 3074
-9430, 2899, 603, 603, 3074
-9435, 2898, 602, 602, 3074
-9435, 2898, 602, 602, 3074
-9434, 2900, 603, 603, 3074
-9223, 2932, 704, 704, 3074
-9223, 2932, 704, 704, 3074
-9231, 2930, 804, 804, 3074
-9237, 2929, 797, 797, 3074
-9237, 2929, 797, 797, 3074
-9238, 2928, 795, 795, 3074
-9240, 2928, 792, 792, 3074
-9241, 2927, 792, 792, 3074
-9242, 2928, 790, 790, 3074
-9242, 2927, 790, 790, 3074
-9243, 2927, 790, 790, 3074
-9243, 2927, 790, 790, 3074
-9243, 2927, 789, 789, 3074
-9243, 2927, 789, 789, 3074
-9244, 2928, 789, 789, 3074
-9244, 2928, 789, 789, 3074
-9244, 2927, 789, 789, 3074
-9244, 2926, 788, 788, 3085
-9244, 2928, 789, 789, 3085
-9244, 2928, 788, 788, 3085
-9244, 2928, 788, 788, 3085
-9245, 2927, 787, 787, 3085
-9245, 2928, 788, 788, 3085
-9246, 2928, 787, 787, 3085
-9245, 2927, 787, 787, 3085
-9245, 2927, 788, 788, 3085
-9245, 2927, 788, 788, 3085
-9245, 2928, 787, 787, 3085
-9245, 2928, 787, 787, 3085
-9246, 2928, 787, 787, 3085
-9246, 2928, 787, 787, 3085
-9246, 2928, 787, 787, 3085
-9246, 2927, 787, 787, 3085
-9246, 2928, 787, 787, 3085
-9246, 2928, 787, 787, 3085
-9246, 2927, 787, 787, 3085
-9245, 2927, 787, 787, 3085
-9246, 2927, 787, 787, 3085
-9246, 2928, 787, 787, 3085
-9246, 2928, 787, 787, 3085
-9246, 2928, 787, 787, 3085
-9246, 2927, 787, 787, 3085
-9246, 2928, 787, 787, 3085
-9246, 2928, 787, 787, 3078
-9246, 2928, 787, 787, 3078
-9245, 2928, 787, 787, 3078
-9246, 2927, 787, 787, 3078
-9246, 2929, 787, 787, 3078
-9247, 2928, 787, 787, 3078
-9245, 2928, 787, 787, 3078
-9245, 2928, 787, 787, 3078
-9246, 2929, 787, 787, 3078
-9244, 2929, 788, 788, 3078
-9246, 2929, 787, 787, 3078
-9246, 2927, 787, 787, 3078
-9246, 2927, 787, 787, 3078
-9245, 2929, 787, 787, 3078
-9245, 2929, 787, 787, 3078
-9246, 2929, 787, 787, 3078
-9246, 2929, 787, 787, 3078
-9246, 2930, 787, 787, 3078
-9246, 2930, 787, 787, 3078
-9245, 2929, 787, 787, 3078
-9245, 2929, 787, 787, 3078
-9246, 2930, 787, 787, 3078
-9245, 2930, 787, 787, 3078
-9246, 2929, 787, 787, 3078
-9246, 2929, 787, 787, 3078
-9246, 2929, 787, 787, 3076
-9246, 2929, 787, 787, 3076
-9246, 2929, 787, 787, 3076
-9246, 2929, 787, 787, 3076
-9244, 2929, 788, 788, 3076
-9245, 2929, 788, 788, 3076
-9245, 2929, 788, 788, 3076
-9246, 2930, 788, 788, 3076
-9245, 2930, 788, 788, 3076
-9245, 2930, 788, 788, 3076
-9246, 2930, 788, 788, 3076
-9245, 2930, 788, 788, 3076
-9245, 2930, 788, 788, 3076
-9245, 2929, 787, 787, 3076
-9245, 2930, 788, 788, 3076
-9245, 2930, 788, 788, 3076
-9245, 2930, 788, 788, 3076
-9245, 2931, 788, 788, 3076
-9245, 2930, 788, 788, 3076
-9245, 2931, 788, 788, 3076
-9245, 2931, 788, 788, 3076
-9245, 2930, 787, 787, 3076
-9245, 2930, 788, 788, 3076
-9245, 2930, 788, 788, 3076
-9245, 2930, 788, 788, 3081
-9245, 2930, 788, 788, 3081
-9244, 2931, 788, 788, 3081
-9244, 2930, 788, 788, 3081
-9244, 2931, 788, 788, 3081
-9243, 2931, 789, 789, 3081
-9243, 2931, 789, 789, 3081
-9245, 2930, 789, 789, 3081
-9245, 2930, 789, 789, 3081
-9245, 2930, 788, 788, 3081
-9244, 2931, 788, 788, 3081
-9244, 2931, 788, 788, 3081
-9245, 2931, 788, 788, 3081
-9243, 2931, 789, 789, 3081
-9243, 2931, 789, 789, 3081
-9244, 2930, 788, 788, 3081
-9244, 2931, 789, 789, 3081
-9244, 2932, 789, 789, 3081
-9244, 2932, 789, 789, 3081
-9243, 2931, 789, 789, 3081
-9243, 2931, 789, 789, 3081
-9244, 2931, 789, 789, 3081
-9244, 2931, 789, 789, 3081
-9244, 2931, 789, 789, 3081
-9244, 2932, 789, 789, 3070
-9244, 2932, 789, 789, 3070
-9244, 2932, 789, 789, 3070
-9244, 2931, 789, 789, 3070
-9244, 2932, 789, 789, 3070
-9243, 2931, 789, 789, 3070
-9370, 2891, 667, 667, 3070
-9370, 2891, 667, 667, 3070
-9441, 2904, 591, 591, 3070
-9441, 2904, 591, 591, 3070
-9433, 2903, 595, 595, 3070
-9434, 2904, 599, 599, 3070
-9434, 2904, 599, 599, 3070
-9432, 2904, 601, 601, 3070
-9432, 2904, 601, 601, 3070
-9433, 2904, 602, 602, 3070
-9435, 2903, 602, 602, 3070
-9432, 2904, 603, 603, 3070
-9427, 2905, 603, 603, 3070
-9427, 2905, 603, 603, 3070
-9425, 2906, 604, 604, 3070
-9425, 2906, 604, 604, 3070
-9428, 2905, 603, 603, 3070
-9431, 2905, 605, 605, 3070
-9431, 2905, 605, 605, 3070
-9428, 2905, 605, 605, 3070
-9428, 2905, 605, 605, 3070
-9423, 2906, 606, 606, 3074
-9425, 2906, 606, 606, 3074
-9425, 2906, 606, 606, 3074
-9423, 2906, 606, 606, 3074
-9423, 2906, 606, 606, 3074
-9425, 2907, 606, 606, 3074
-9425, 2907, 606, 606, 3074
-9430, 2905, 607, 607, 3074
-9430, 2905, 607, 607, 3074
-9429, 2906, 608, 608, 3074
-9429, 2906, 608, 608, 3074
-9426, 2906, 607, 607, 3074
-9426, 2906, 607, 607, 3074
-9421, 2906, 607, 607, 3074
-9420, 2908, 608, 608, 3074
-9421, 2907, 607, 607, 3074
-9427, 2907, 608, 608, 3074
-9427, 2907, 608, 608, 3074
-9428, 2907, 608, 608, 3074
-9428, 2906, 608, 608, 3074
-9421, 2907, 609, 609, 3074
-9421, 2907, 609, 609, 3074
-9422, 2907, 609, 609, 3074
-9422, 2907, 609, 609, 3074
-9423, 2907, 608, 608, 3074
-9427, 2907, 609, 609, 3074
-9428, 2907, 608, 608, 3078
-9421, 2908, 609, 609, 3078
-9422, 2908, 609, 609, 3078
-9422, 2908, 609, 609, 3078
-9422, 2908, 609, 609, 3078
-9422, 2908, 609, 609, 3078
-9428, 2907, 609, 609, 3078
-9428, 2907, 609, 609, 3078
-9425, 2907, 609, 609, 3078
-9419, 2908, 610, 610, 3078
-9419, 2908, 610, 610, 3078
-9420, 2909, 609, 609, 3078
-9420, 2909, 609, 609, 3078
-9420, 2907, 609, 609, 3078
-9420, 2907, 609, 609, 3078
-9425, 2908, 610, 610, 3078
-9425, 2908, 610, 610, 3078
-9424, 2908, 610, 610, 3078
-9424, 2908, 610, 610, 3078
-9427, 2908, 610, 610, 3078
-9427, 2908, 610, 610, 3078
-9419, 2908, 611, 611, 3078
-9419, 2908, 611, 611, 3078
-9419, 2908, 610, 610, 3078
-9420, 2909, 610, 610, 3078
-9425, 2909, 610, 610, 3078
-9425, 2909, 610, 610, 3078
-9426, 2907, 611, 611, 3078
-9426, 2907, 611, 611, 3078
-9426, 2908, 611, 611, 3078
-9419, 2908, 611, 611, 3078
-9420, 2909, 610, 610, 3078
-9420, 2908, 611, 611, 3078
-9420, 2908, 611, 611, 3078
-9425, 2909, 611, 611, 3078
-9425, 2909, 611, 611, 3078
-9423, 2909, 611, 611, 3078
-9423, 2909, 611, 611, 3078
-9418, 2910, 611, 611, 3078
-9418, 2910, 611, 611, 3078
-9418, 2909, 610, 610, 3078
-9417, 2909, 611, 611, 3078
-9417, 2909, 611, 611, 3078
-9418, 2910, 610, 610, 3078
-9419, 2910, 610, 610, 3078
-9417, 2910, 611, 611, 3078
-9424, 2910, 611, 611, 3078
-9424, 2910, 611, 611, 3078
-9425, 2909, 611, 611, 3078
-9425, 2909, 611, 611, 3078
-9423, 2909, 612, 612, 3078
-9419, 2910, 611, 611, 3078
-9419, 2910, 611, 611, 3078
-9417, 2911, 612, 612, 3074
-9421, 2910, 612, 612, 3074
-9424, 2910, 611, 611, 3074
-9424, 2910, 611, 611, 3074
-9424, 2909, 611, 611, 3074
-9418, 2910, 612, 612, 3074
-9418, 2910, 612, 612, 3074
-9420, 2910, 612, 612, 3074
-9416, 2911, 612, 612, 3074
-9416, 2911, 612, 612, 3074
-9417, 2911, 612, 612, 3074
-9417, 2911, 612, 612, 3074
-9420, 2911, 613, 613, 3074
-9420, 2911, 613, 613, 3074
-9432, 2914, 614, 614, 3074
-9432, 2914, 614, 614, 3074
-9219, 2943, 817, 817, 3074
-9225, 2940, 808, 808, 3074
-9225, 2940, 808, 808, 3074
-9227, 2940, 806, 806, 3074
-9228, 2939, 804, 804, 3074
-9231, 2939, 802, 802, 3078
-9231, 2939, 802, 802, 3078
-9232, 2940, 801, 801, 3078
-9232, 2939, 801, 801, 3078
-9232, 2940, 800, 800, 3078
-9232, 2940, 800, 800, 3078
-9234, 2939, 799, 799, 3078
-9233, 2939, 799, 799, 3078
-9234, 2939, 799, 799, 3078
-9235, 2938, 798, 798, 3078
-9235, 2938, 798, 798, 3078
-9234, 2939, 798, 798, 3078
-9234, 2939, 798, 798, 3078
-9234, 2940, 798, 798, 3078
-9235, 2938, 798, 798, 3078
-9236, 2939, 797, 797, 3078
-9236, 2939, 797, 797, 3078
-9236, 2939, 797, 797, 3078
-9236, 2939, 797, 797, 3078
-9235, 2938, 797, 797, 3078
-9236, 2938, 797, 797, 3078
-9236, 2938, 797, 797, 3078
-9236, 2939, 797, 797, 3078
-9236, 2939, 797, 797, 3078
-9235, 2939, 797, 797, 3078
-9235, 2939, 797, 797, 3078
-9236, 2939, 797, 797, 3078
-9236, 2939, 797, 797, 3078
-9237, 2939, 796, 796, 3078
-9235, 2939, 797, 797, 3076
-9236, 2939, 797, 797, 3076
-9235, 2940, 797, 797, 3076
-9235, 2939, 797, 797, 3076
-9235, 2939, 797, 797, 3076
-9237, 2939, 796, 796, 3076
-9235, 2939, 797, 797, 3076
-9235, 2939, 797, 797, 3076
-9236, 2939, 797, 797, 3076
-9236, 2939, 797, 797, 3076
-9237, 2940, 796, 796, 3076
-9236, 2940, 797, 797, 3076
-9236, 2940, 797, 797, 3076
-9236, 2940, 797, 797, 3076
-9237, 2939, 796, 796, 3076
-9236, 2939, 796, 796, 3076
-9236, 2939, 796, 796, 3076
-9236, 2940, 796, 796, 3076
-9237, 2939, 796, 796, 3076
-9236, 2940, 797, 797, 3076
-9236, 2939, 796, 796, 3076
-9237, 2940, 797, 797, 3076
-9237, 2940, 796, 796, 3076
-9237, 2940, 796, 796, 3076
-9237, 2940, 796, 796, 3074
-9236, 2940, 796, 796, 3074
-9236, 2940, 796, 796, 3074
-9237, 2940, 797, 797, 3074
-9235, 2939, 797, 797, 3074
-9236, 2940, 796, 796, 3074
-9236, 2940, 796, 796, 3074
-9236, 2940, 797, 797, 3074
-9237, 2940, 796, 796, 3074
-9237, 2940, 796, 796, 3074
-9236, 2941, 797, 797, 3074
-9235, 2941, 797, 797, 3074
-9236, 2939, 797, 797, 3074
-9236, 2941, 797, 797, 3074
-9236, 2941, 797, 797, 3074
-9236, 2941, 797, 797, 3074
-9237, 2940, 796, 796, 3074
-9237, 2940, 796, 796, 3074
-9235, 2941, 797, 797, 3074
-9235, 2941, 797, 797, 3074
-9236, 2940, 797, 797, 3074
-9235, 2940, 798, 798, 3074
-9236, 2941, 797, 797, 3074
-9236, 2941, 797, 797, 3074
-9236, 2941, 797, 797, 3072
-9236, 2941, 797, 797, 3072
-9236, 2941, 797, 797, 3072
-9235, 2941, 797, 797, 3072
-9237, 2942, 797, 797, 3072
-9237, 2942, 797, 797, 3072
-9235, 2941, 797, 797, 3072
-9235, 2941, 798, 798, 3072
-9234, 2941, 798, 798, 3072
-9236, 2942, 798, 798, 3072
-9235, 2941, 798, 798, 3072
-9236, 2942, 797, 797, 3072
-9235, 2941, 798, 798, 3072
-9235, 2941, 798, 798, 3072
-9235, 2942, 798, 798, 3072
-9235, 2942, 798, 798, 3072
-9235, 2942, 797, 797, 3072
-9235, 2942, 798, 798, 3072
-9235, 2941, 798, 798, 3072
-9235, 2942, 798, 798, 3072
-9235, 2942, 798, 798, 3072
-9235, 2943, 798, 798, 3072
-9235, 2943, 798, 798, 3072
-9234, 2942, 798, 798, 3072
-9234, 2942, 798, 798, 3072
-9235, 2941, 798, 798, 3070
-9234, 2942, 798, 798, 3070
-9234, 2942, 798, 798, 3070
-9234, 2942, 798, 798, 3070
-9234, 2943, 798, 798, 3070
-9234, 2943, 798, 798, 3070
-9234, 2942, 798, 798, 3070
-9234, 2943, 799, 799, 3070
-9234, 2943, 798, 798, 3070
-9234, 2943, 798, 798, 3070
-9235, 2942, 798, 798, 3070
-9235, 2942, 798, 798, 3070
-9235, 2943, 798, 798, 3070
-9235, 2943, 798, 798, 3070
-9234, 2943, 798, 798, 3070
-9235, 2943, 799, 799, 3070
-9464, 2927, 741, 741, 3070
-9464, 2927, 741, 741, 3070
-9426, 2914, 602, 602, 3070
-9426, 2914, 602, 602, 3070
-9429, 2913, 608, 608, 3070
-9429, 2913, 608, 608, 3070
-9429, 2913, 608, 608, 3070
-9419, 2914, 611, 611, 3070
-9419, 2914, 611, 611, 3070
-9421, 2915, 611, 611, 3061
-9421, 2915, 611, 611, 3061
-9420, 2916, 613, 613, 3061
-9422, 2915, 614, 614, 3061
-9422, 2915, 614, 614, 3061
-9424, 2915, 613, 613, 3061
-9415, 2915, 614, 614, 3061
-9415, 2915, 614, 614, 3061
-9414, 2916, 614, 614, 3061
-9414, 2916, 614, 614, 3061
-9414, 2917, 615, 615, 3061
-9420, 2916, 616, 616, 3061
-9420, 2916, 616, 616, 3061
-9417, 2916, 616, 616, 3061
-9417, 2916, 616, 616, 3061
-9412, 2917, 616, 616, 3061
-9417, 2917, 616, 616, 3061
-9417, 2917, 616, 616, 3061
-9416, 2917, 616, 616, 3061
-9416, 2917, 616, 616, 3061
-9419, 2917, 616, 616, 3061
-9417, 2918, 617, 617, 3061
-9417, 2918, 617, 617, 3061
-9418, 2916, 618, 618, 3061
-9418, 2916, 618, 618, 3061
-9417, 2917, 617, 617, 3061
-9410, 2918, 617, 617, 3068
-9410, 2918, 617, 617, 3068
-9415, 2917, 618, 618, 3068
-9415, 2917, 618, 618, 3068
-9417, 2918, 618, 618, 3068
-9417, 2919, 618, 618, 3068
-9419, 2918, 618, 618, 3068
-9419, 2918, 618, 618, 3068
-9413, 2918, 619, 619, 3068
-9413, 2918, 619, 619, 3068
-9411, 2918, 618, 618, 3068
-9411, 2918, 618, 618, 3068
-9417, 2918, 618, 618, 3068
-9418, 2918, 618, 618, 3068
-9418, 2918, 618, 618, 3068
-9415, 2919, 619, 619, 3068
-9415, 2919, 619, 619, 3068
-9412, 2919, 618, 618, 3068
-9414, 2919, 619, 619, 3068
-9409, 2919, 619, 619, 3068
-9414, 2918, 619, 619, 3068
-9414, 2918, 619, 619, 3068
-9414, 2918, 619, 619, 3068
-9414, 2918, 619, 619, 3068
-9415, 2917, 619, 619, 3078
-9415, 2919, 619, 619, 3078
-9410, 2919, 619, 619, 3078
-9410, 2919, 620, 620, 3078
-9414, 2919, 619, 619, 3078
-9410, 2920, 619, 619, 3078
-9410, 2920, 619, 619, 3078
-9410, 2920, 620, 620, 3078
-9414, 2919, 620, 620, 3078
-9415, 2920, 620, 620, 3078
-9417, 2918, 620, 620, 3078
-9417, 2917, 620, 620, 3078
-9409, 2919, 619, 619, 3078
-9409, 2919, 619, 619, 3078
-9410, 2920, 620, 620, 3078
-9410, 2920, 620, 620, 3078
-9415, 2919, 619, 619, 3078
-9415, 2919, 619, 619, 3078
-9414, 2919, 620, 620, 3078
-9414, 2919, 620, 620, 3078
-9409, 2920, 620, 620, 3078
-9409, 2920, 620, 620, 3078
-9409, 2920, 620, 620, 3078
-9413, 2921, 620, 620, 3078
-9413, 2921, 620, 620, 3078
-9414, 2920, 621, 621, 3081
-9414, 2920, 621, 621, 3081
-9414, 2920, 620, 620, 3081
-9414, 2920, 620, 620, 3081
-9408, 2920, 621, 621, 3081
-9412, 2920, 621, 621, 3081
-9415, 2921, 621, 621, 3081
-9415, 2921, 621, 621, 3081
-9410, 2920, 622, 622, 3081
-9408, 2921, 620, 620, 3081
-9408, 2921, 620, 620, 3081
-9407, 2922, 622, 622, 3081
-9407, 2922, 622, 622, 3081
-9413, 2921, 621, 621, 3081
-9413, 2921, 621, 621, 3081
-9408, 2921, 621, 621, 3081
-9408, 2921, 621, 621, 3081
-9410, 2921, 622, 622, 3081
-9410, 2921, 622, 622, 3081
-9413, 2920, 622, 622, 3081
-9413, 2920, 622, 622, 3081
-9416, 2920, 621, 621, 3083
-9416, 2920, 621, 621, 3083
-9407, 2922, 622, 622, 3083
-9407, 2922, 622, 622, 3083
-9408, 2923, 622, 622, 3083
-9408, 2923, 622, 622, 3083
-9217, 2951, 817, 817, 3083
-9220, 2950, 813, 813, 3083
-9220, 2950, 813, 813, 3083
-9221, 2950, 812, 812, 3083
-9223, 2950, 810, 810, 3083
-9223, 2950, 810, 810, 3083
-9223, 2949, 809, 809, 3083
-9223, 2949, 809, 809, 3083
-9224, 2950, 809, 809, 3083
-9224, 2950, 808, 808, 3083
-9224, 2950, 808, 808, 3083
-9224, 2949, 808, 808, 3083
-9225, 2949, 808, 808, 3083
-9225, 2948, 808, 808, 3083
-9225, 2949, 807, 807, 3083
-9225, 2949, 807, 807, 3083
-9225, 2948, 807, 807, 3083
-9227, 2949, 806, 806, 3078
-9227, 2949, 806, 806, 3078
-9227, 2949, 806, 806, 3078
-9226, 2949, 807, 807, 3078
-9226, 2949, 807, 807, 3078
-9225, 2949, 807, 807, 3078
-9225, 2949, 807, 807, 3078
-9225, 2949, 807, 807, 3078
-9227, 2949, 807, 807, 3078
-9226, 2949, 807, 807, 3078
-9227, 2949, 806, 806, 3078
-9227, 2949, 806, 806, 3078
-9227, 2949, 806, 806, 3078
-9226, 2949, 806, 806, 3078
-9227, 2950, 806, 806, 3078
-9227, 2950, 806, 806, 3078
-9226, 2950, 806, 806, 3078
-9226, 2949, 807, 807, 3078
-9227, 2949, 806, 806, 3078
-9227, 2950, 806, 806, 3078
-9227, 2950, 806, 806, 3078
-9227, 2950, 806, 806, 3078
-9227, 2951, 807, 807, 3078
-9227, 2951, 806, 806, 3078
-9228, 2950, 806, 806, 3078
-9227, 2950, 805, 805, 3074
-9227, 2950, 806, 806, 3074
-9227, 2950, 806, 806, 3074
-9227, 2950, 806, 806, 3074
-9226, 2950, 806, 806, 3074
-9227, 2950, 807, 807, 3074
-9227, 2950, 807, 807, 3074
-9227, 2950, 806, 806, 3074
-9227, 2951, 806, 806, 3074
-9226, 2952, 806, 806, 3074
-9226, 2952, 806, 806, 3074
-9226, 2951, 807, 807, 3074
-9227, 2951, 807, 807, 3074
-9225, 2951, 807, 807, 3074
-9227, 2950, 806, 806, 3074
-9227, 2950, 806, 806, 3074
-9225, 2951, 806, 806, 3074
-9226, 2951, 807, 807, 3074
-9226, 2951, 806, 806, 3074
-9225, 2950, 807, 807, 3074
-9226, 2950, 807, 807, 3074
-9225, 2950, 807, 807, 3074
-9226, 2951, 807, 807, 3074
-9227, 2950, 806, 806, 3078
-9226, 2951, 806, 806, 3078
-9226, 2951, 807, 807, 3078
-9226, 2951, 807, 807, 3078
-9226, 2951, 807, 807, 3078
-9227, 2952, 806, 806, 3078
-9227, 2951, 806, 806, 3078
-9226, 2950, 807, 807, 3078
-9226, 2951, 807, 807, 3078
-9227, 2951, 806, 806, 3078
-9226, 2951, 807, 807, 3078
-9226, 2951, 807, 807, 3078
-9226, 2952, 807, 807, 3078
-9226, 2951, 807, 807, 3078
-9226, 2951, 807, 807, 3078
-9226, 2951, 807, 807, 3078
-9225, 2952, 807, 807, 3078
-9225, 2952, 807, 807, 3078
-9225, 2951, 807, 807, 3078
-9226, 2951, 807, 807, 3078
-9226, 2951, 807, 807, 3078
-9226, 2952, 807, 807, 3078
-9226, 2952, 807, 807, 3078
-9226, 2952, 806, 806, 3078
-9225, 2952, 807, 807, 3078
-9225, 2952, 807, 807, 3078
-9225, 2952, 807, 807, 3078
-9226, 2951, 807, 807, 3078
-9225, 2952, 807, 807, 3078
-9225, 2952, 807, 807, 3078
-9225, 2952, 808, 808, 3078
-9225, 2952, 807, 807, 3078
-9225, 2952, 807, 807, 3078
-9225, 2952, 807, 807, 3078
-9225, 2952, 808, 808, 3078
-9225, 2953, 808, 808, 3078
-9226, 2953, 808, 808, 3078
-9225, 2952, 807, 807, 3078
-9225, 2952, 808, 808, 3078
-9225, 2952, 808, 808, 3078
-9225, 2953, 808, 808, 3078
-9226, 2952, 808, 808, 3078
-9225, 2952, 808, 808, 3078
-9226, 2953, 807, 807, 3078
-9226, 2953, 807, 807, 3078
-9225, 2951, 807, 807, 3078
-9225, 2952, 808, 808, 3078
-9224, 2952, 808, 808, 3078
-9225, 2953, 808, 808, 3078
-9225, 2953, 808, 808, 3078
-9225, 2953, 808, 808, 3078
-9226, 2952, 807, 807, 3078
-9225, 2953, 808, 808, 3078
-9225, 2953, 808, 808, 3078
-9225, 2952, 808, 808, 3078
-9225, 2953, 808, 808, 3078
-9478, 2915, 672, 672, 3078
-9422, 2923, 611, 611, 3078
-9422, 2923, 611, 611, 3078
-9414, 2924, 618, 618, 3078
-9410, 2925, 619, 619, 3078
-9411, 2926, 620, 620, 3078
-9411, 2926, 620, 620, 3078
-9408, 2925, 623, 623, 3078
-9408, 2926, 623, 623, 3078
-9408, 2926, 623, 623, 3078
-9408, 2927, 623, 623, 3078
-9409, 2926, 624, 624, 3078
-9413, 2926, 623, 623, 3078
-9413, 2926, 623, 623, 3078
-9409, 2926, 623, 623, 3078
-9410, 2927, 623, 623, 3078
-9405, 2927, 625, 625, 3078
-9405, 2927, 625, 625, 3078
-9410, 2927, 624, 624, 3078
-9410, 2927, 624, 624, 3078
-9406, 2928, 626, 626, 3068
-9411, 2926, 625, 625, 3068
-9407, 2927, 625, 625, 3068
-9407, 2927, 625, 625, 3068
-9404, 2927, 627, 627, 3068
-9403, 2928, 626, 626, 3068
-9403, 2928, 626, 626, 3068
-9404, 2928, 626, 626, 3068
-9402, 2929, 626, 626, 3068
-9402, 2929, 626, 626, 3068
-9409, 2927, 627, 627, 3068
-9409, 2927, 627, 627, 3068
-9408, 2927, 626, 626, 3068
-9408, 2927, 626, 626, 3068
-9403, 2928, 626, 626, 3068
-9404, 2928, 627, 627, 3068
-9404, 2928, 627, 627, 3068
-9406, 2929, 627, 627, 3068
-9409, 2927, 627, 627, 3068
-9409, 2928, 627, 627, 3068
-9405, 2928, 627, 627, 3068
-9406, 2928, 627, 627, 3068
-9400, 2928, 627, 627, 3068
-9407, 2928, 627, 627, 3068
-9408, 2929, 627, 627, 3072
-9404, 2929, 628, 628, 3072
-9404, 2929, 628, 628, 3072
-9401, 2929, 628, 628, 3072
-9400, 2930, 628, 628, 3072
-9400, 2930, 628, 628, 3072
-9407, 2928, 628, 628, 3072
-9407, 2928, 628, 628, 3072
-9406, 2928, 628, 628, 3072
-9407, 2928, 628, 628, 3072
-9401, 2930, 629, 629, 3072
-9401, 2930, 629, 629, 3072
-9402, 2929, 629, 629, 3072
-9402, 2929, 629, 629, 3072
-9403, 2930, 628, 628, 3072
-9408, 2929, 628, 628, 3072
-9403, 2930, 629, 629, 3072
-9403, 2930, 629, 629, 3072
-9404, 2929, 629, 629, 3072
-9404, 2929, 629, 629, 3072
-9404, 2930, 628, 628, 3072
-9399, 2930, 629, 629, 3072
-9399, 2930, 629, 629, 3072
-9401, 2930, 629, 629, 3076
-9401, 2930, 629, 629, 3076
-9408, 2930, 629, 629, 3076
-9408, 2930, 629, 629, 3076
-9404, 2929, 629, 629, 3076
-9404, 2930, 630, 630, 3076
-9404, 2930, 630, 630, 3076
-9400, 2931, 629, 629, 3076
-9402, 2930, 629, 629, 3076
-9402, 2929, 629, 629, 3076
-9399, 2931, 629, 629, 3076
-9401, 2930, 630, 630, 3076
-9401, 2930, 630, 630, 3076
-9401, 2931, 630, 630, 3076
-9401, 2930, 629, 629, 3076
-9407, 2931, 630, 630, 3076
-9407, 2931, 630, 630, 3076
-9406, 2930, 629, 629, 3076
-9406, 2930, 629, 629, 3076
-9405, 2930, 629, 629, 3076
-9405, 2930, 629, 629, 3076
-9399, 2931, 630, 630, 3076
-9400, 2931, 629, 629, 3076
-9400, 2931, 629, 629, 3076
-9404, 2931, 629, 629, 3076
-9404, 2931, 629, 629, 3076
-9406, 2930, 630, 630, 3076
-9406, 2930, 630, 630, 3076
-9403, 2929, 631, 631, 3076
-9403, 2929, 631, 631, 3076
-9404, 2931, 630, 630, 3076
-9396, 2931, 631, 631, 3076
-9396, 2931, 631, 631, 3076
-9401, 2932, 631, 631, 3076
-9406, 2930, 631, 631, 3076
-9402, 2930, 630, 630, 3076
-9402, 2930, 630, 630, 3076
-9399, 2932, 630, 630, 3076
-9399, 2932, 630, 630, 3076
-9408, 2931, 630, 630, 3076
-9416, 2931, 634, 634, 3076
-9416, 2931, 634, 634, 3076
-9209, 2960, 824, 824, 3076
-9209, 2960, 824, 824, 3076
-9213, 2960, 821, 821, 3076
-9213, 2960, 820, 820, 3076
-9214, 2959, 819, 819, 3076
-9214, 2959, 818, 818, 3078
-9215, 2960, 818, 818, 3078
-9216, 2959, 817, 817, 3078
-9216, 2959, 817, 817, 3078
-9216, 2959, 817, 817, 3078
-9214, 2959, 817, 817, 3078
-9216, 2960, 817, 817, 3078
-9216, 2960, 817, 817, 3078
-9216, 2959, 817, 817, 3078
-9217, 2959, 816, 816, 3078
-9217, 2959, 816, 816, 3078
-9217, 2960, 816, 816, 3078
-9217, 2960, 816, 816, 3078
-9217, 2960, 815, 815, 3078
-9217, 2960, 815, 815, 3078
-9218, 2959, 815, 815, 3078
-9218, 2960, 815, 815, 3078
-9217, 2959, 815, 815, 3078
-9218, 2959, 815, 815, 3078
-9218, 2959, 815, 815, 3078
-9218, 2960, 815, 815, 3078
-9218, 2959, 815, 815, 3078
-9219, 2959, 815, 815, 3078
-9219, 2960, 815, 815, 3078
-9219, 2960, 815, 815, 3078
-9218, 2960, 815, 815, 3078
-9217, 2959, 815, 815, 3078
-9219, 2959, 815, 815, 3081
-9218, 2959, 815, 815, 3081
-9218, 2960, 815, 815, 3081
-9218, 2960, 815, 815, 3081
-9218, 2960, 815, 815, 3081
-9219, 2960, 815, 815, 3081
-9218, 2959, 815, 815, 3081
-9218, 2959, 815, 815, 3081
-9218, 2961, 815, 815, 3081
-9218, 2960, 815, 815, 3081
-9219, 2960, 815, 815, 3081
-9218, 2959, 815, 815, 3081
-9218, 2960, 815, 815, 3081
-9218, 2960, 815, 815, 3081
-9218, 2960, 815, 815, 3081
-9217, 2960, 815, 815, 3081
-9217, 2960, 816, 816, 3081
-9217, 2960, 816, 816, 3081
-9218, 2961, 815, 815, 3081
-9218, 2961, 815, 815, 3081
-9218, 2960, 815, 815, 3081
-9217, 2961, 815, 815, 3081
-9218, 2961, 815, 815, 3081
-9217, 2961, 815, 815, 3081
-9217, 2961, 815, 815, 3081
-9218, 2960, 815, 815, 3078
-9218, 2961, 815, 815, 3078
-9218, 2960, 814, 814, 3078
-9218, 2960, 814, 814, 3078
-9218, 2961, 815, 815, 3078
-9218, 2961, 815, 815, 3078
-9218, 2961, 815, 815, 3078
-9218, 2961, 816, 816, 3078
-9218, 2961, 816, 816, 3078
-9218, 2961, 815, 815, 3078
-9218, 2961, 815, 815, 3078
-9217, 2961, 815, 815, 3078
-9217, 2961, 815, 815, 3078
-9218, 2961, 815, 815, 3078
-9218, 2961, 815, 815, 3078
-9217, 2962, 815, 815, 3078
-9217, 2962, 815, 815, 3078
-9218, 2961, 815, 815, 3078
-9217, 2962, 816, 816, 3078
-9217, 2962, 816, 816, 3078
-9218, 2963, 815, 815, 3078
-9217, 2962, 815, 815, 3078
-9217, 2961, 816, 816, 3078
-9217, 2961, 816, 816, 3078
-9216, 2962, 816, 816, 3094
-9218, 2961, 815, 815, 3094
-9217, 2962, 816, 816, 3094
-9217, 2962, 816, 816, 3094
-9217, 2962, 816, 816, 3094
-9217, 2962, 816, 816, 3094
-9217, 2962, 816, 816, 3094
-9218, 2962, 816, 816, 3094
-9217, 2963, 816, 816, 3094
-9216, 2962, 816, 816, 3094
-9216, 2962, 816, 816, 3094
-9216, 2962, 816, 816, 3094
-9216, 2962, 816, 816, 3094
-9217, 2962, 816, 816, 3094
-9217, 2962, 816, 816, 3094
-9216, 2962, 816, 816, 3094
-9216, 2962, 816, 816, 3094
-9216, 2962, 816, 816, 3094
-9216, 2962, 816, 816, 3094
-9217, 2961, 816, 816, 3094
-9216, 2962, 817, 817, 3094
-9216, 2962, 817, 817, 3094
-9216, 2961, 817, 817, 3094
-9216, 2962, 816, 816, 3094
-9217, 2963, 817, 817, 3094
-9217, 2962, 817, 817, 3094
-9217, 2962, 817, 817, 3085
-9217, 2963, 816, 816, 3085
-9217, 2963, 816, 816, 3085
-9216, 2962, 816, 816, 3085
-9216, 2962, 816, 816, 3085
-9216, 2962, 816, 816, 3085
-9216, 2963, 817, 817, 3085
-9216, 2964, 816, 816, 3085
-9216, 2962, 817, 817, 3085
-9215, 2963, 817, 817, 3085
-9215, 2963, 818, 818, 3085
-9215, 2963, 818, 818, 3085
-9215, 2963, 817, 817, 3085
-9216, 2963, 817, 817, 3085
-9216, 2963, 817, 817, 3085
-9216, 2963, 817, 817, 3085
-9215, 2963, 818, 818, 3085
-9215, 2963, 818, 818, 3085
-9216, 2963, 817, 817, 3085
-9216, 2962, 817, 817, 3085
-9216, 2962, 817, 817, 3085
-9215, 2963, 817, 817, 3085
-9216, 2963, 817, 817, 3085
-9216, 2963, 817, 817, 3085
-9216, 2963, 817, 817, 3098
-9215, 2963, 817, 817, 3098
-9215, 2963, 817, 817, 3098
-9215, 2963, 817, 817, 3098
-9215, 2963, 817, 817, 3098
-9214, 2963, 818, 818, 3098
-9214, 2963, 818, 818, 3098
-9215, 2964, 817, 817, 3098
-9215, 2963, 818, 818, 3098
-9215, 2963, 818, 818, 3098
-9216, 2964, 817, 817, 3098
-9215, 2963, 818, 818, 3098
-9216, 2963, 818, 818, 3098
-9216, 2963, 817, 817, 3098
-9215, 2963, 818, 818, 3098
-9215, 2963, 818, 818, 3098
-9215, 2963, 818, 818, 3098
-9215, 2963, 818, 818, 3098
-9215, 2963, 818, 818, 3098
-9215, 2964, 818, 818, 3098
-9215, 2964, 818, 818, 3098
-9215, 2965, 818, 818, 3098
-9214, 2964, 818, 818, 3098
-9214, 2964, 818, 818, 3098
-9214, 2965, 819, 819, 3098
-9214, 2965, 819, 819, 3098
-9214, 2964, 818, 818, 3098
-9214, 2964, 818, 818, 3098
-9214, 2965, 819, 819, 3098
-9214, 2964, 818, 818, 3098
-9213, 2965, 819, 819, 3098
-9213, 2965, 819, 819, 3098
-9214, 2965, 819, 819, 3098
-9214, 2965, 819, 819, 3098
-9214, 2965, 819, 819, 3098
-9215, 2963, 818, 818, 3098
-9213, 2965, 819, 819, 3098
-9213, 2965, 819, 819, 3098
-9215, 2966, 819, 819, 3098
-9215, 2966, 819, 819, 3098
-9214, 2964, 818, 818, 3098
-9213, 2965, 819, 819, 3098
-9214, 2965, 819, 819, 3098
-9215, 2965, 819, 819, 3098
-9215, 2965, 819, 819, 3098
-9214, 2966, 819, 819, 3098
-9213, 2965, 819, 819, 3098
-9213, 2965, 819, 819, 3098
-9214, 2966, 818, 818, 3098
-9214, 2965, 819, 819, 3111
-9214, 2966, 819, 819, 3111
-9214, 2965, 819, 819, 3111
-9214, 2965, 819, 819, 3111
-9213, 2965, 820, 820, 3111
-9213, 2965, 820, 820, 3111
-9214, 2965, 819, 819, 3111
-9214, 2966, 819, 819, 3111
-9212, 2965, 820, 820, 3111
-9214, 2965, 819, 819, 3111
-9213, 2965, 820, 820, 3111
-9213, 2965, 820, 820, 3111
-9213, 2966, 819, 819, 3111
