-9904, 2110, 129, 129, 1242
-9902, 2110, 130, 130, 1242
-9902, 2110, 131, 131, 1242
-9902, 2110, 131, 131, 1242
-9902, 2110, 131, 131, 1242
-9902, 2110, 131, 131, 1242
-9902, 2110, 130, 130, 1242
-9903, 2111, 130, 130, 1242
-9903, 2111, 130, 130, 1242
-9901, 2110, 131, 131, 1242
-9901, 2110, 131, 131, 1242
-9902, 2111, 130, 130, 1242
-9902, 2111, 130, 130, 1290
-9902, 2111, 130, 130, 1290
-9903, 2110, 130, 130, 1290
-9903, 2110, 130, 130, 1290
-9903, 2110, 130, 130, 1290
-9902, 2110, 130, 130, 1290
-9903, 2110, 130, 130, 1290
-9903, 2110, 130, 130, 1290
-9903, 2110, 130, 130, 1290
-9904, 2110, 129, 129, 1290
-9902, 2110, 130, 130, 1290
-9902, 2110, 130, 130, 1290
-9903, 2110, 129, 129, 1290
-9903, 2110, 130, 130, 1290
-9903, 2110, 130, 130, 1290
-9903, 2110, 130, 130, 1290
-9903, 2110, 130, 130, 1290
-9903, 2110, 130, 130, 1290
-9903, 2110, 130, 130, 1290
-9903, 2110, 130, 130, 1290
-9903, 2111, 130, 130, 1301
-9903, 2111, 130, 130, 1301
-9903, 2110, 130, 130, 1301
-9903, 2110, 130, 130, 1301
-9903, 2110, 130, 130, 1301
-9904, 2111, 129, 129, 1301
-9904, 2110, 129, 129, 1301
-9904, 2110, 129, 129, 1301
-9904, 2111, 129, 129, 1301
-9905, 2109, 129, 129, 1301
-9903, 2109, 129, 129, 1301
-9904, 2110, 129, 129, 1301
-9904, 2111, 129, 129, 1301
-9904, 2110, 129, 129, 1301
-9904, 2110, 129, 129, 1301
-9904, 2110, 129, 129, 1301
-9904, 2110, 129, 129, 1301
-9904, 2110, 129, 129, 1301
-9904, 2110, 128, 128, 1301
-9904, 2110, 129, 129, 1301
-9904, 2110, 129, 129, 1301
-9905, 2110, 128, 128, 1301
-9904, 2110, 129, 129, 1301
-9904, 2109, 129, 129, 1301
-9904, 2109, 129, 129, 1301
-9903, 2110, 129, 129, 1301
-9905, 2111, 128, 128, 1293
-9904, 2111, 128, 128, 1293
-9904, 2111, 128, 128, 1293
-9904, 2109, 129, 129, 1293
-9903, 2110, 129, 129, 1293
-9903, 2110, 129, 129, 1293
-9904, 2110, 129, 129, 1293
-9904, 2110, 128, 128, 1293
-9904, 2111, 128, 128, 1293
-9904, 2111, 128, 128, 1293
-9903, 2111, 128, 128, 1293
-9903, 2111, 128, 128, 1293
-9905, 2110, 128, 128, 1293
-9904, 2109, 128, 128, 1293
-9904, 2109, 128, 128, 1293
-9904, 2109, 128, 128, 1293
-9904, 2110, 129, 129, 1293
-9905, 2109, 128, 128, 1293
-9905, 2109, 128, 128, 1293
-9904, 2110, 128, 128, 1293
-9904, 2110, 128, 128, 1293
-9904, 2110, 128, 128, 1293
-9905, 2109, 128, 128, 1293
-9905, 2110, 128, 128, 1293
-9904, 2111, 128, 128, 1293
-9904, 2110, 128, 128, 1293
-9904, 2109, 128, 128, 1293
-9903, 2110, 129, 129, 1262
-9905, 2110, 128, 128, 1262
-9905, 2110, 128, 128, 1262
-9905, 2110, 128, 128, 1262
-9905, 2110, 128, 128, 1262
-9903, 2110, 129, 129, 1262
-9903, 2110, 129, 129, 1262
-9904, 2110, 129, 129, 1262
-9904, 2110, 128, 128, 1262
-9905, 2110, 128, 128, 1262
-10038, 2099, 11, 11, 1262
-10038, 2099, 11, 11, 1262
-10006, 2093, 27, 27, 1262
-10006, 2093, 27, 27, 1262
-10004, 2093, 27, 27, 1262
-10004, 2093, 27, 27, 1262
-10003, 2092, 28, 28, 1262
-10002, 2093, 29, 29, 1262
-10002, 2093, 29, 29, 1262
-10004, 2094, 30, 30, 1262
-10004, 2094, 30, 30, 1262
-10002, 2093, 30, 30, 1257
-10002, 2094, 29, 29, 1257
-10001, 2094, 30, 30, 1257
-10001, 2094, 30, 30, 1257
-10003, 2093, 31, 31, 1257
-10003, 2093, 31, 31, 1257
-10002, 2093, 31, 31, 1257
-10001, 2094, 30, 30, 1257
-10001, 2094, 30, 30, 1257
-10002, 2095, 31, 31, 1257
-10002, 2095, 31, 31, 1257
-10000, 2094, 32, 32, 1257
-10001, 2094, 31, 31, 1257
-10001, 2094, 31, 31, 1257
-10001, 2094, 32, 32, 1257
-10000, 2093, 32, 32, 1257
-10000, 2093, 32, 32, 1257
-9998, 2094, 33, 33, 1257
-9998, 2095, 33, 33, 1257
-9999, 2094, 33, 33, 1257
-10000, 2094, 33, 33, 1257
-10001, 2096, 33, 33, 1257
-10001, 2096, 33, 33, 1257
-9998, 2095, 34, 34, 1257
-10000, 2094, 32, 32, 1257
-10000, 2094, 32, 32, 1257
-10001, 2095, 32, 32, 1257
-10001, 2095, 32, 32, 1257
-10001, 2095, 32, 32, 1257
-9999, 2094, 33, 33, 1264
-9999, 2094, 33, 33, 1264
-10001, 2095, 33, 33, 1264
-10000, 2096, 33, 33, 1264
-9998, 2095, 34, 34, 1264
-9999, 2095, 34, 34, 1264
-9999, 2095, 34, 34, 1264
-10000, 2094, 34, 34, 1264
-10000, 2094, 34, 34, 1264
-10000, 2094, 34, 34, 1264
-10000, 2094, 34, 34, 1264
-9998, 2095, 34, 34, 1264
-10000, 2095, 35, 35, 1264
-9998, 2094, 34, 34, 1264
-9999, 2096, 34, 34, 1264
-9998, 2096, 34, 34, 1264
-9998, 2096, 34, 34, 1264
-9998, 2096, 35, 35, 1264
-9998, 2096, 35, 35, 1264
-9999, 2096, 34, 34, 1264
-9998, 2095, 35, 35, 1264
-9998, 2095, 35, 35, 1264
-9997, 2095, 35, 35, 1264
-9997, 2095, 35, 35, 1264
-9999, 2096, 34, 34, 1251
-9999, 2096, 34, 34, 1251
-9995, 2096, 35, 35, 1251
-9995, 2096, 35, 35, 1251
-9997, 2096, 35, 35, 1251
-10001, 2096, 33, 33, 1251
-10001, 2096, 33, 33, 1251
-9995, 2095, 34, 34, 1251
-9998, 2095, 34, 34, 1251
-9998, 2095, 34, 34, 1251
-9997, 2095, 35, 35, 1251
-9997, 2095, 35, 35, 1251
-9997, 2096, 36, 36, 1251
-9997, 2096, 36, 36, 1251
-9998, 2096, 36, 36, 1251
-9997, 2096, 36, 36, 1251
-9997, 2096, 36, 36, 1251
-9998, 2097, 35, 35, 1251
-9998, 2095, 35, 35, 1251
-9997, 2095, 36, 36, 1251
-9997, 2095, 36, 36, 1251
-9998, 2096, 35, 35, 1251
-9997, 2095, 35, 35, 1251
-9997, 2095, 35, 35, 1251
-9997, 2095, 35, 35, 1251
-9997, 2095, 35, 35, 1251
-9997, 2095, 35, 35, 1251
-9996, 2095, 36, 36, 1251
-9996, 2096, 36, 36, 1238
-9996, 2096, 36, 36, 1238
-9999, 2095, 35, 35, 1238
-9997, 2095, 36, 36, 1238
-9998, 2094, 35, 35, 1238
-9998, 2094, 35, 35, 1238
-9999, 2095, 36, 36, 1238
-9996, 2095, 36, 36, 1238
-9996, 2095, 36, 36, 1238
-9994, 2096, 36, 36, 1238
-9996, 2097, 35, 35, 1238
-9997, 2096, 36, 36, 1238
-9997, 2096, 36, 36, 1238
-9998, 2095, 36, 36, 1238
-9998, 2095, 36, 36, 1238
-9996, 2096, 35, 35, 1238
-9995, 2096, 36, 36, 1238
-9996, 2096, 36, 36, 1238
-9996, 2096, 36, 36, 1238
-9996, 2095, 36, 36, 1238
-9997, 2095, 36, 36, 1238
-9998, 2096, 36, 36, 1238
-9998, 2096, 36, 36, 1238
-9994, 2095, 36, 36, 1238
-9896, 2114, 132, 132, 1238
-9896, 2114, 132, 132, 1238
-9894, 2113, 138, 138, 1242
-9893, 2112, 139, 139, 1242
-9895, 2112, 138, 138, 1242
-9895, 2113, 138, 138, 1242
-9895, 2113, 137, 137, 1242
-9896, 2112, 137, 137, 1242
-9896, 2112, 136, 136, 1242
-9896, 2113, 136, 136, 1242
-9896, 2113, 136, 136, 1242
-9897, 2112, 136, 136, 1242
-9897, 2112, 136, 136, 1242
-9897, 2112, 136, 136, 1242
-9897, 2112, 135, 135, 1242
-9897, 2112, 136, 136, 1242
-9898, 2112, 135, 135, 1242
-9898, 2112, 135, 135, 1242
-9897, 2112, 135, 135, 1242
-9898, 2111, 134, 134, 1242
-9898, 2112, 134, 134, 1242
-9899, 2112, 134, 134, 1242
-9898, 2111, 134, 134, 1242
-9900, 2111, 134, 134, 1242
-9900, 2111, 134, 134, 1242
-9899, 2112, 134, 134, 1242
-9899, 2112, 134, 134, 1242
-9900, 2111, 133, 133, 1242
-9900, 2111, 133, 133, 1240
-9900, 2111, 133, 133, 1240
-9901, 2112, 132, 132, 1240
-9901, 2113, 132, 132, 1240
-9901, 2113, 132, 132, 1240
-9900, 2112, 132, 132, 1240
-9900, 2112, 132, 132, 1240
-9901, 2111, 132, 132, 1240
-9901, 2111, 132, 132, 1240
-9901, 2111, 132, 132, 1240
-9901, 2112, 132, 132, 1240
-9901, 2112, 132, 132, 1240
-9901, 2111, 132, 132, 1240
-9901, 2111, 132, 132, 1240
-9901, 2112, 132, 132, 1240
-9901, 2111, 132, 132, 1240
-9902, 2111, 131, 131, 1240
-9902, 2111, 131, 131, 1240
-9901, 2111, 132, 132, 1240
-9900, 2112, 132, 132, 1240
-9900, 2112, 132, 132, 1240
-9901, 2111, 132, 132, 1240
-9901, 2111, 132, 132, 1240
-9901, 2112, 131, 131, 1240
-9901, 2111, 131, 131, 1233
-9901, 2111, 131, 131, 1233
-9901, 2112, 131, 131, 1233
-9902, 2112, 131, 131, 1233
-9902, 2111, 131, 131, 1233
-9902, 2110, 130, 130, 1233
-9901, 2110, 131, 131, 1233
-9902, 2112, 131, 131, 1233
-9902, 2111, 130, 130, 1233
-9901, 2111, 131, 131, 1233
-9901, 2111, 131, 131, 1233
-9902, 2112, 131, 131, 1233
-9901, 2111, 131, 131, 1233
-9902, 2112, 130, 130, 1233
-9902, 2112, 130, 130, 1233
-9902, 2112, 131, 131, 1233
-9903, 2112, 130, 130, 1233
-9902, 2111, 131, 131, 1233
-9902, 2112, 130, 130, 1233
-9902, 2111, 131, 131, 1233
-9903, 2111, 131, 131, 1233
-9903, 2111, 131, 131, 1233
-9902, 2112, 131, 131, 1233
-9903, 2112, 130, 130, 1233
-9903, 2112, 130, 130, 1231
-9902, 2113, 130, 130, 1231
-9902, 2113, 130, 130, 1231
-9903, 2112, 130, 130, 1231
-9903, 2112, 130, 130, 1231
-9902, 2111, 130, 130, 1231
-9903, 2112, 130, 130, 1231
-9903, 2112, 130, 130, 1231
-9902, 2110, 130, 130, 1231
-9904, 2113, 130, 130, 1231
-9903, 2111, 130, 130, 1231
-9901, 2111, 131, 131, 1231
-9901, 2111, 131, 131, 1231
-9903, 2111, 130, 130, 1231
-9903, 2111, 130, 130, 1231
-9902, 2112, 130, 130, 1231
-9903, 2111, 130, 130, 1231
-9903, 2111, 130, 130, 1231
-9901, 2112, 131, 131, 1231
-9903, 2111, 130, 130, 1231
-9902, 2111, 130, 130, 1231
-9903, 2112, 130, 130, 1231
-9902, 2112, 130, 130, 1231
-9903, 2112, 130, 130, 1231
-9903, 2112, 130, 130, 1231
-9903, 2111, 130, 130, 1233
-9903, 2111, 130, 130, 1233
-9903, 2111, 129, 129, 1233
-9903, 2111, 130, 130, 1233
-9903, 2111, 130, 130, 1233
-9903, 2112, 130, 130, 1233
-9902, 2111, 130, 130, 1233
-9902, 2111, 130, 130, 1233
-9903, 2111, 130, 130, 1233
-9903, 2111, 130, 130, 1233
-9902, 2113, 130, 130, 1233
-9903, 2111, 129, 129, 1233
-9903, 2111, 129, 129, 1233
-9904, 2111, 129, 129, 1233
-9904, 2111, 129, 129, 1233
-9903, 2111, 129, 129, 1233
-9902, 2111, 129, 129, 1233
-9903, 2111, 130, 130, 1233
-9903, 2111, 130, 130, 1233
-9904, 2112, 129, 129, 1233
-9904, 2112, 129, 129, 1233
-10054, 2105, 38, 38, 1233
-10054, 2105, 38, 38, 1233
-10006, 2093, 27, 27, 1233
-10006, 2093, 27, 27, 1233
-10005, 2092, 28, 28, 1238
-10006, 2093, 28, 28, 1238
-10003, 2095, 28, 28, 1238
-10003, 2095, 28, 28, 1238
-10004, 2095, 29, 29, 1238
-10004, 2095, 29, 29, 1238
-10003, 2094, 30, 30, 1238
-10002, 2095, 30, 30, 1238
-10002, 2095, 30, 30, 1238
-10003, 2095, 31, 31, 1238
-10003, 2095, 31, 31, 1238
-10004, 2095, 30, 30, 1238
-10001, 2095, 31, 31, 1238
-10001, 2095, 31, 31, 1238
-9999, 2096, 32, 32, 1238
-9999, 2096, 32, 32, 1238
-10000, 2095, 32, 32, 1238
-10000, 2096, 33, 33, 1238
-10000, 2095, 33, 33, 1238
-10000, 2095, 33, 33, 1238
-9999, 2095, 33, 33, 1238
-9998, 2096, 33, 33, 1238
-9999, 2096, 33, 33, 1238
-9999, 2096, 33, 33, 1238
-10000, 2096, 34, 34, 1227
-10000, 2096, 34, 34, 1227
-10000, 2096, 34, 34, 1227
-9998, 2097, 33, 33, 1227
-9998, 2097, 33, 33, 1227
-9998, 2097, 35, 35, 1227
-9997, 2096, 34, 34, 1227
-9997, 2096, 34, 34, 1227
-9998, 2096, 35, 35, 1227
-9999, 2096, 34, 34, 1227
-9999, 2096, 34, 34, 1227
-9998, 2096, 34, 34, 1227
-9998, 2096, 34, 34, 1227
-9997, 2097, 35, 35, 1227
-9997, 2097, 35, 35, 1227
-9997, 2096, 35, 35, 1227
-9996, 2096, 35, 35, 1227
-9999, 2096, 35, 35, 1227
-9999, 2096, 35, 35, 1227
-9999, 2096, 35, 35, 1227
-9999, 2097, 35, 35, 1227
-9997, 2096, 35, 35, 1227
-9998, 2097, 35, 35, 1227
-9996, 2097, 35, 35, 1227
-9996, 2097, 36, 36, 1227
-9996, 2097, 36, 36, 1227
-9996, 2097, 36, 36, 1227
-9999, 2095, 36, 36, 1218
-9997, 2096, 35, 35, 1218
-9997, 2096, 35, 35, 1218
-9995, 2097, 36, 36, 1218
-9997, 2096, 36, 36, 1218
-9995, 2096, 36, 36, 1218
-9995, 2096, 36, 36, 1218
-9998, 2095, 36, 36, 1218
-9995, 2097, 36, 36, 1218
-9998, 2097, 36, 36, 1218
-9998, 2097, 36, 36, 1218
-9998, 2097, 36, 36, 1218
-9998, 2096, 36, 36, 1218
-9998, 2096, 36, 36, 1218
-9996, 2096, 36, 36, 1218
-9996, 2097, 36, 36, 1218
-9996, 2097, 36, 36, 1218
-9996, 2098, 36, 36, 1218
-9996, 2098, 36, 36, 1218
-9998, 2097, 37, 37, 1218
-9995, 2097, 37, 37, 1218
-9995, 2097, 37, 37, 1218
-9995, 2097, 36, 36, 1218
-9995, 2097, 36, 36, 1218
-9996, 2097, 37, 37, 1225
-9998, 2096, 36, 36, 1225
-9998, 2096, 36, 36, 1225
-9997, 2097, 37, 37, 1225
-9997, 2097, 37, 37, 1225
-9996, 2097, 37, 37, 1225
-9996, 2097, 37, 37, 1225
-9995, 2097, 37, 37, 1225
-9996, 2097, 37, 37, 1225
-9996, 2097, 37, 37, 1225
-9996, 2097, 37, 37, 1225
-9996, 2097, 37, 37, 1225
-9997, 2097, 37, 37, 1225
-9997, 2097, 37, 37, 1225
-9996, 2097, 37, 37, 1225
-9995, 2096, 38, 38, 1225
-9995, 2097, 38, 38, 1225
-9995, 2097, 38, 38, 1225
-9994, 2097, 37, 37, 1225
-9994, 2097, 37, 37, 1225
-9996, 2097, 37, 37, 1225
-9998, 2097, 37, 37, 1225
-9998, 2097, 37, 37, 1225
-9996, 2098, 37, 37, 1225
-9996, 2098, 37, 37, 1225
-9997, 2096, 38, 38, 1225
-9994, 2098, 37, 37, 1225
-9995, 2097, 37, 37, 1229
-9995, 2097, 37, 37, 1229
-9997, 2097, 37, 37, 1229
-9997, 2097, 37, 37, 1229
-9997, 2098, 37, 37, 1229
-9997, 2097, 37, 37, 1229
-9997, 2096, 37, 37, 1229
-9997, 2096, 37, 37, 1229
-9988, 2095, 40, 40, 1229
-9988, 2095, 40, 40, 1229
-9992, 2097, 38, 38, 1229
-9893, 2115, 138, 138, 1229
-9893, 2115, 138, 138, 1229
-9894, 2114, 139, 139, 1229
-9893, 2115, 139, 139, 1229
-9893, 2115, 139, 139, 1229
-9894, 2113, 139, 139, 1229
-9893, 2113, 139, 139, 1229
-9895, 2114, 139, 139, 1229
-9895, 2114, 139, 139, 1229
-9895, 2113, 138, 138, 1229
-9895, 2113, 138, 138, 1229
-9896, 2113, 137, 137, 1229
-9895, 2113, 138, 138, 1229
-9896, 2113, 137, 137, 1229
-9897, 2113, 136, 136, 1225
-9897, 2113, 136, 136, 1225
-9898, 2113, 136, 136, 1225
-9898, 2113, 136, 136, 1225
-9898, 2113, 135, 135, 1225
-9898, 2113, 135, 135, 1225
-9897, 2112, 135, 135, 1225
-9897, 2113, 135, 135, 1225
-9898, 2113, 135, 135, 1225
-9898, 2113, 135, 135, 1225
-9899, 2113, 134, 134, 1225
-9899, 2113, 134, 134, 1225
-9898, 2113, 135, 135, 1225
-9899, 2112, 134, 134, 1225
-9899, 2112, 134, 134, 1225
-9899, 2113, 134, 134, 1225
-9900, 2112, 133, 133, 1225
-9899, 2112, 134, 134, 1225
-9899, 2112, 134, 134, 1225
-9899, 2112, 134, 134, 1225
-9900, 2113, 134, 134, 1225
-9900, 2113, 134, 134, 1225
-9900, 2113, 133, 133, 1225
-9899, 2113, 133, 133, 1225
-9899, 2113, 134, 134, 1225
-9900, 2114, 133, 133, 1225
-9900, 2111, 132, 132, 1227
-9900, 2111, 132, 132, 1227
-9900, 2113, 133, 133, 1227
-9900, 2113, 133, 133, 1227
-9900, 2113, 133, 133, 1227
-9900, 2113, 133, 133, 1227
-9901, 2114, 132, 132, 1227
-9899, 2113, 132, 132, 1227
-9899, 2113, 132, 132, 1227
-9900, 2112, 132, 132, 1227
-9900, 2112, 133, 133, 1227
-9900, 2113, 133, 133, 1227
-9901, 2114, 132, 132, 1227
-9901, 2113, 132, 132, 1227
-9902, 2113, 132, 132, 1227
-9901, 2113, 132, 132, 1227
-9901, 2113, 132, 132, 1227
-9901, 2113, 132, 132, 1227
-9901, 2113, 132, 132, 1227
-9901, 2113, 132, 132, 1227
-9902, 2112, 132, 132, 1227
-9902, 2112, 132, 132, 1227
-9901, 2112, 132, 132, 1227
-9900, 2113, 132, 132, 1225
-9901, 2114, 132, 132, 1225
-9901, 2112, 132, 132, 1225
-9901, 2112, 132, 132, 1225
-9901, 2112, 132, 132, 1225
-9902, 2113, 131, 131, 1225
-9902, 2113, 131, 131, 1225
-9901, 2113, 132, 132, 1225
-9900, 2113, 132, 132, 1225
-9901, 2112, 132, 132, 1225
-9901, 2112, 132, 132, 1225
-9901, 2113, 132, 132, 1225
-9901, 2113, 132, 132, 1225
-9901, 2112, 132, 132, 1225
-9901, 2113, 131, 131, 1225
-9902, 2112, 132, 132, 1225
-9902, 2112, 132, 132, 1225
-9901, 2113, 131, 131, 1225
-9901, 2113, 131, 131, 1225
-9901, 2113, 131, 131, 1225
-9902, 2113, 131, 131, 1216
-9902, 2113, 131, 131, 1216
-9902, 2113, 131, 131, 1216
-9901, 2113, 132, 132, 1216
-9901, 2113, 132, 132, 1216
-9902, 2113, 131, 131, 1216
-9901, 2113, 132, 132, 1216
-9901, 2113, 132, 132, 1216
-9901, 2114, 131, 131, 1216
-9901, 2114, 131, 131, 1216
-9901, 2113, 131, 131, 1216
-9901, 2113, 131, 131, 1216
-9900, 2113, 132, 132, 1216
-9902, 2113, 131, 131, 1216
-9902, 2114, 131, 131, 1216
-9902, 2113, 131, 131, 1216
-9902, 2113, 131, 131, 1216
-9902, 2114, 131, 131, 1216
-9902, 2113, 132, 132, 1216
-9901, 2112, 131, 131, 1216
-9902, 2113, 131, 131, 1216
-9901, 2113, 132, 132, 1216
-9901, 2113, 132, 132, 1216
-9902, 2114, 131, 131, 1216
-9902, 2113, 131, 131, 1216
-9902, 2113, 131, 131, 1225
-9902, 2111, 131, 131, 1225
-9901, 2112, 132, 132, 1225
-9901, 2112, 132, 132, 1225
-9901, 2113, 132, 132, 1225
-9901, 2113, 132, 132, 1225
-10058, 2104, 50, 50, 1225
-10004, 2094, 29, 29, 1225
-10004, 2094, 29, 29, 1225
-10002, 2096, 29, 29, 1225
-10002, 2096, 29, 29, 1225
-10003, 2096, 30, 30, 1225
-10003, 2096, 30, 30, 1225
-10003, 2095, 31, 31, 1225
-10003, 2095, 31, 31, 1225
-10003, 2095, 31, 31, 1225
-10001, 2095, 31, 31, 1225
-10001, 2096, 32, 32, 1225
-10000, 2097, 32, 32, 1225
-10000, 2097, 32, 32, 1225
-10000, 2096, 32, 32, 1225
-10000, 2097, 32, 32, 1225
-10000, 2097, 32, 32, 1225
-9999, 2098, 33, 33, 1225
-10000, 2097, 33, 33, 1216
-10000, 2097, 33, 33, 1216
-9998, 2096, 34, 34, 1216
-9998, 2096, 34, 34, 1216
-10000, 2097, 34, 34, 1216
-9999, 2097, 34, 34, 1216
-9999, 2095, 35, 35, 1216
-9999, 2097, 34, 34, 1216
-9999, 2097, 34, 34, 1216
-9997, 2097, 35, 35, 1216
-9997, 2097, 35, 35, 1216
-9996, 2097, 35, 35, 1216
-9996, 2097, 35, 35, 1216
-9997, 2098, 35, 35, 1216
-9997, 2098, 34, 34, 1216
-9998, 2097, 36, 36, 1216
-10000, 2097, 34, 34, 1216
-9996, 2098, 36, 36, 1216
-9999, 2098, 36, 36, 1216
-9996, 2098, 36, 36, 1216
-9996, 2098, 36, 36, 1216
-9995, 2098, 35, 35, 1216
-9997, 2098, 35, 35, 1216
-9997, 2098, 35, 35, 1216
-9996, 2098, 36, 36, 1216
-9996, 2098, 36, 36, 1216
-9996, 2098, 36, 36, 1227
-9997, 2098, 36, 36, 1227
-9997, 2098, 36, 36, 1227
-9997, 2098, 36, 36, 1227
-9997, 2098, 36, 36, 1227
-9996, 2098, 37, 37, 1227
-9995, 2098, 37, 37, 1227
-9995, 2098, 37, 37, 1227
-9997, 2098, 37, 37, 1227
-9997, 2098, 37, 37, 1227
-9998, 2098, 36, 36, 1227
-9998, 2098, 36, 36, 1227
-9997, 2097, 37, 37, 1227
-9997, 2097, 37, 37, 1227
-9997, 2098, 36, 36, 1227
-9995, 2098, 37, 37, 1227
-9996, 2098, 37, 37, 1227
-9994, 2098, 37, 37, 1227
-9996, 2098, 37, 37, 1227
-9996, 2098, 37, 37, 1227
-9995, 2098, 38, 38, 1227
-9996, 2098, 36, 36, 1227
-9998, 2099, 36, 36, 1227
-9998, 2099, 36, 36, 1227
-9996, 2098, 37, 37, 1227
-9996, 2098, 37, 37, 1227
-9995, 2099, 37, 37, 1227
-9994, 2099, 38, 38, 1227
-9994, 2098, 38, 38, 1220
-9997, 2099, 38, 38, 1220
-9997, 2099, 38, 38, 1220
-9995, 2098, 38, 38, 1220
-9995, 2098, 38, 38, 1220
-9994, 2099, 37, 37, 1220
-9994, 2099, 37, 37, 1220
-9994, 2099, 38, 38, 1220
-9994, 2098, 38, 38, 1220
-9994, 2098, 38, 38, 1220
-9996, 2098, 37, 37, 1220
-9996, 2098, 37, 37, 1220
-9997, 2099, 38, 38, 1220
-9994, 2098, 38, 38, 1220
-9994, 2098, 38, 38, 1220
-9995, 2098, 37, 37, 1220
-9993, 2099, 38, 38, 1220
-9993, 2099, 38, 38, 1220
-9993, 2099, 38, 38, 1220
-9993, 2099, 38, 38, 1220
-9996, 2099, 38, 38, 1220
-9996, 2099, 38, 38, 1220
-9996, 2098, 38, 38, 1220
-9993, 2099, 38, 38, 1220
-9993, 2099, 38, 38, 1220
-9994, 2098, 38, 38, 1220
-9993, 2098, 38, 38, 1229
-9993, 2099, 38, 38, 1229
-9996, 2099, 38, 38, 1229
-9995, 2099, 38, 38, 1229
-9995, 2099, 38, 38, 1229
-9993, 2098, 38, 38, 1229
-9993, 2098, 38, 38, 1229
-9994, 2099, 38, 38, 1229
-9994, 2099, 38, 38, 1229
-9994, 2099, 38, 38, 1229
-9994, 2099, 38, 38, 1229
-9996, 2099, 38, 38, 1229
-9996, 2099, 38, 38, 1229
-9995, 2099, 39, 39, 1229
-9995, 2099, 39, 39, 1229
-9993, 2099, 39, 39, 1229
-9995, 2100, 38, 38, 1229
-9990, 2099, 39, 39, 1229
-9990, 2099, 39, 39, 1229
-9893, 2117, 139, 140, 1229
-9893, 2117, 139, 140, 1229
-9892, 2116, 140, 140, 1229
-9892, 2115, 141, 141, 1229
-9892, 2116, 141, 141, 1229
-9892, 2115, 141, 141, 1229
-9892, 2115, 141, 141, 1229
-9893, 2116, 140, 140, 1222
-9893, 2116, 140, 140, 1222
-9894, 2116, 140, 140, 1222
-9894, 2114, 138, 138, 1222
-9894, 2114, 138, 138, 1222
-9894, 2115, 139, 139, 1222
-9894, 2114, 139, 139, 1222
-9896, 2115, 138, 138, 1222
-9895, 2115, 137, 137, 1222
-9896, 2116, 137, 137, 1222
-9896, 2116, 137, 137, 1222
-9896, 2115, 136, 136, 1222
-9896, 2114, 137, 137, 1222
-9896, 2115, 137, 137, 1222
-9895, 2116, 137, 137, 1222
-9897, 2115, 136, 136, 1222
-9897, 2115, 136, 136, 1222
-9896, 2115, 136, 136, 1222
-9896, 2115, 136, 136, 1222
-9896, 2115, 136, 136, 1222
-9897, 2114, 136, 136, 1222
-9898, 2115, 135, 135, 1222
-9898, 2115, 135, 135, 1222
-9898, 2115, 135, 135, 1222
-9898, 2115, 135, 135, 1222
-9898, 2115, 135, 135, 1222
-9898, 2115, 135, 135, 1222
-9898, 2114, 135, 135, 1222
-9898, 2114, 135, 135, 1222
-9897, 2114, 135, 135, 1222
-9897, 2114, 135, 135, 1222
-9898, 2114, 135, 135, 1222
-9898, 2113, 135, 135, 1222
-9898, 2115, 135, 135, 1222
-9898, 2115, 135, 135, 1222
-9899, 2114, 134, 134, 1222
-9899, 2114, 134, 134, 1222
-9899, 2114, 134, 134, 1222
-9899, 2114, 134, 134, 1222
-9899, 2113, 134, 134, 1222
-9900, 2114, 134, 134, 1222
-9900, 2114, 134, 134, 1222
-9899, 2114, 134, 134, 1222
-9899, 2114, 134, 134, 1222
-9899, 2114, 134, 134, 1222
-9899, 2114, 134, 134, 1227
-9900, 2114, 134, 134, 1227
-9900, 2114, 134, 134, 1227
-9899, 2114, 134, 134, 1227
-9899, 2113, 134, 134, 1227
-9900, 2114, 134, 134, 1227
-9899, 2114, 133, 133, 1227
-9899, 2114, 133, 133, 1227
-9899, 2114, 133, 133, 1227
-9899, 2114, 133, 133, 1227
-9898, 2114, 134, 134, 1227
-9898, 2114, 134, 134, 1227
-9900, 2114, 133, 133, 1227
-9900, 2114, 133, 133, 1227
-9899, 2113, 133, 133, 1227
-9899, 2114, 133, 133, 1227
-9899, 2114, 133, 133, 1227
-9900, 2114, 133, 133, 1227
-9900, 2115, 133, 133, 1227
-9899, 2114, 133, 133, 1227
-9899, 2114, 133, 133, 1227
-9899, 2114, 133, 133, 1227
-9899, 2114, 134, 134, 1227
-9899, 2114, 133, 133, 1227
-9899, 2114, 133, 133, 1227
-9900, 2113, 133, 133, 1227
-9900, 2114, 133, 133, 1227
-9899, 2114, 133, 133, 1216
-9900, 2114, 133, 133, 1216
-9899, 2114, 133, 133, 1216
-9899, 2113, 133, 133, 1216
-9899, 2114, 133, 133, 1216
-9900, 2114, 133, 133, 1216
-9900, 2114, 133, 133, 1216
-9900, 2114, 133, 133, 1216
-9901, 2115, 133, 133, 1216
-9900, 2113, 132, 132, 1216
-9900, 2113, 133, 133, 1216
-9901, 2114, 133, 133, 1216
-9901, 2114, 133, 133, 1216
-9901, 2113, 133, 133, 1216
-9900, 2114, 133, 133, 1216
-9900, 2114, 133, 133, 1216
-9900, 2115, 133, 133, 1216
-9900, 2115, 133, 133, 1216
-9899, 2114, 133, 133, 1216
-9899, 2114, 133, 133, 1216
-9900, 2114, 133, 133, 1216
-9900, 2114, 133, 133, 1216
-9900, 2114, 133, 133, 1216
-9900, 2114, 133, 133, 1216
-9900, 2114, 133, 133, 1216
-9900, 2115, 132, 132, 1216
-9901, 2113, 132, 132, 1216
-9900, 2114, 133, 133, 1216
-9900, 2114, 133, 133, 1216
-9901, 2113, 132, 132, 1216
-9899, 2114, 133, 133, 1216
-9900, 2114, 133, 133, 1216
-9900, 2114, 132, 132, 1216
-9900, 2114, 132, 132, 1216
-9900, 2114, 133, 133, 1216
-9900, 2114, 133, 133, 1216
-9900, 2115, 133, 133, 1216
-9901, 2113, 132, 132, 1216
-9899, 2114, 132, 132, 1216
-9899, 2114, 132, 132, 1216
-9901, 2114, 132, 132, 1216
-9900, 2114, 133, 133, 1216
-9900, 2085, 132, 132, 1216
-10000, 2095, 28, 28, 1216
-10000, 2095, 28, 28, 1216
-10001, 2097, 30, 30, 1216
-10001, 2097, 30, 30, 1216
-10003, 2098, 31, 31, 1216
-10001, 2097, 32, 32, 1216
-10001, 2096, 32, 32, 1220
-9998, 2098, 33, 33, 1220
-9998, 2098, 33, 33, 1220
-9998, 2100, 33, 33, 1220
-9998, 2100, 33, 33, 1220
-10000, 2097, 34, 34, 1220
-9999, 2099, 34, 34, 1220
-9999, 2098, 34, 34, 1220
-9999, 2098, 34, 34, 1220
-10000, 2098, 34, 34, 1220
-10000, 2098, 34, 34, 1220
-9997, 2098, 35, 35, 1220
-9997, 2098, 35, 35, 1220
-9998, 2099, 35, 35, 1220
-9998, 2099, 35, 35, 1220
-9999, 2098, 35, 35, 1220
-9998, 2099, 35, 35, 1220
-9997, 2099, 35, 35, 1220
-9996, 2099, 36, 36, 1220
-9996, 2099, 36, 36, 1220
-9997, 2099, 36, 36, 1220
-9998, 2099, 36, 36, 1220
-9997, 2098, 36, 36, 1216
-9997, 2098, 36, 36, 1216
-9999, 2099, 37, 37, 1216
-9996, 2099, 37, 37, 1216
-9996, 2099, 37, 37, 1216
-9995, 2099, 37, 37, 1216
-9996, 2100, 36, 36, 1216
-9996, 2100, 36, 36, 1216
-9997, 2100, 37, 37, 1216
-9997, 2100, 37, 37, 1216
-9997, 2099, 37, 37, 1216
-9996, 2099, 37, 37, 1216
-9997, 2099, 37, 37, 1216
-9993, 2100, 38, 38, 1216
-9993, 2100, 38, 38, 1216
-9996, 2099, 36, 36, 1216
-9997, 2099, 37, 37, 1216
-9997, 2099, 37, 37, 1216
-9997, 2099, 37, 37, 1216
-9997, 2099, 37, 37, 1216
-9994, 2099, 38, 38, 1216
-9997, 2099, 37, 37, 1216
-9997, 2099, 37, 37, 1216
-9994, 2100, 38, 38, 1216
-9994, 2100, 38, 38, 1216
-9995, 2100, 38, 38, 1216
-9995, 2100, 38, 38, 1216
-9996, 2099, 38, 38, 1209
-9995, 2099, 38, 38, 1209
-9995, 2099, 38, 38, 1209
-9993, 2101, 38, 38, 1209
-9993, 2101, 38, 38, 1209
-9994, 2100, 38, 38, 1209
-9996, 2100, 38, 38, 1209
-9996, 2099, 38, 38, 1209
-9996, 2099, 38, 38, 1209
-9994, 2099, 39, 39, 1209
-9994, 2100, 38, 38, 1209
-9994, 2100, 38, 38, 1209
-9993, 2099, 38, 38, 1209
-9993, 2098, 38, 38, 1209
-9993, 2100, 39, 39, 1209
-9993, 2100, 38, 38, 1209
-9996, 2099, 38, 38, 1209
-9996, 2099, 38, 38, 1209
-9995, 2100, 39, 39, 1209
-9994, 2099, 39, 39, 1209
-9994, 2099, 39, 39, 1209
-9994, 2100, 38, 38, 1209
-9994, 2100, 38, 38, 1209
-9993, 2100, 39, 39, 1209
-9996, 2099, 38, 38, 1209
-9994, 2099, 38, 38, 1216
-9994, 2099, 38, 38, 1216
-9992, 2100, 39, 39, 1216
-9992, 2100, 39, 39, 1216
-9993, 2100, 39, 39, 1216
-9995, 2100, 39, 39, 1216
-9995, 2100, 39, 39, 1216
-9994, 2099, 39, 39, 1216
-9992, 2100, 39, 39, 1216
-9992, 2100, 39, 39, 1216
-9993, 2100, 39, 39, 1216
-9995, 2099, 40, 40, 1216
-9995, 2099, 40, 40, 1216
-9994, 2099, 38, 38, 1216
-9995, 2099, 39, 39, 1216
-9992, 2100, 40, 40, 1216
-9992, 2100, 40, 40, 1216
-9992, 2100, 39, 39, 1216
-9992, 2100, 39, 39, 1216
-9994, 2100, 40, 40, 1216
-9994, 2100, 40, 40, 1216
-9994, 2099, 39, 39, 1216
-9992, 2099, 40, 40, 1216
-9992, 2099, 40, 40, 1216
-9993, 2100, 40, 40, 1218
-9993, 2100, 40, 40, 1218
-9989, 2100, 39, 39, 1218
-9989, 2100, 39, 39, 1218
-9897, 2118, 87, 87, 1218
-9890, 2118, 142, 142, 1218
-9890, 2118, 142, 142, 1218
-9890, 2117, 143, 143, 1218
-9890, 2117, 142, 142, 1218
-9891, 2117, 142, 142, 1218
-9891, 2116, 141, 141, 1218
-9892, 2116, 141, 141, 1218
-9892, 2116, 141, 141, 1218
-9892, 2116, 141, 141, 1218
-9892, 2117, 141, 141, 1218
-9893, 2116, 139, 139, 1218
-9893, 2116, 140, 140, 1218
-9893, 2116, 140, 140, 1218
-9894, 2116, 139, 139, 1218
-9894, 2115, 139, 139, 1218
-9894, 2116, 139, 139, 1218
-9893, 2115, 139, 139, 1218
-9893, 2115, 139, 139, 1218
-9895, 2115, 138, 138, 1218
-9895, 2115, 138, 138, 1218
-9895, 2115, 138, 138, 1218
-9896, 2115, 137, 137, 1218
-9895, 2115, 137, 137, 1218
-9896, 2115, 137, 137, 1218
-9895, 2115, 137, 137, 1218
-9895, 2115, 137, 137, 1218
-9895, 2115, 137, 137, 1218
-9895, 2115, 138, 138, 1218
-9895, 2115, 138, 138, 1218
-9896, 2115, 137, 137, 1218
-9896, 2115, 137, 137, 1218
-9895, 2116, 137, 137, 1218
-9895, 2116, 137, 137, 1218
-9896, 2115, 136, 136, 1218
-9896, 2115, 136, 136, 1218
-9898, 2115, 136, 136, 1218
-9897, 2116, 136, 136, 1218
-9897, 2116, 136, 136, 1218
-9897, 2116, 136, 136, 1218
-9897, 2115, 136, 136, 1218
-9897, 2115, 135, 135, 1218
-9898, 2114, 135, 135, 1218
-9898, 2115, 135, 135, 1218
-9898, 2115, 135, 135, 1218
-9898, 2114, 135, 135, 1218
-9898, 2114, 135, 135, 1218
-9898, 2115, 135, 135, 1218
-9898, 2115, 135, 135, 1222
-9898, 2114, 135, 135, 1222
-9898, 2114, 135, 135, 1222
-9897, 2114, 135, 135, 1222
-9897, 2115, 135, 135, 1222
-9899, 2115, 135, 135, 1222
-9899, 2114, 134, 134, 1222
-9899, 2114, 134, 134, 1222
-9898, 2115, 135, 135, 1222
-9898, 2115, 134, 134, 1222
-9898, 2114, 135, 135, 1222
-9898, 2114, 135, 135, 1222
-9899, 2116, 134, 134, 1222
-9898, 2115, 134, 134, 1222
-9898, 2114, 135, 135, 1222
-9897, 2114, 135, 135, 1222
-9899, 2115, 135, 135, 1222
-9898, 2115, 134, 134, 1222
-9898, 2115, 134, 134, 1222
-9899, 2115, 134, 134, 1222
-9898, 2114, 134, 134, 1222
-9899, 2115, 134, 134, 1222
-9899, 2115, 134, 134, 1222
-9898, 2114, 134, 134, 1222
-9899, 2115, 134, 134, 1222
-9899, 2115, 134, 134, 1222
-9899, 2115, 134, 134, 1225
-9899, 2114, 133, 133, 1225
-9898, 2115, 134, 134, 1225
-9899, 2115, 134, 134, 1225
-9900, 2114, 133, 133, 1225
-9899, 2114, 133, 133, 1225
-9899, 2114, 133, 133, 1225
-9900, 2115, 134, 134, 1225
-9900, 2114, 134, 134, 1225
-9900, 2115, 133, 133, 1225
-9899, 2115, 133, 133, 1225
-9899, 2115, 133, 133, 1225
-9898, 2115, 134, 134, 1225
-9899, 2115, 134, 134, 1225
-9899, 2114, 134, 134, 1225
-9899, 2115, 134, 134, 1225
-9899, 2115, 134, 134, 1225
-9899, 2115, 133, 133, 1225
-9900, 2115, 134, 134, 1225
-9899, 2114, 134, 134, 1225
-9900, 2115, 133, 133, 1225
-9900, 2115, 133, 133, 1225
-9899, 2115, 133, 133, 1225
-9899, 2115, 133, 133, 1225
-9899, 2115, 133, 133, 1218
-9900, 2114, 133, 133, 1218
-9899, 2115, 133, 133, 1218
-9899, 2115, 133, 133, 1218
-9901, 2114, 133, 133, 1218
-9900, 2115, 133, 133, 1218
-9899, 2116, 133, 133, 1218
-9900, 2115, 133, 133, 1218
-9899, 2115, 133, 133, 1218
-9899, 2115, 133, 133, 1218
-9899, 2114, 133, 133, 1218
-9899, 2114, 133, 133, 1218
-9900, 2115, 133, 133, 1218
-9899, 2115, 133, 133, 1218
-9900, 2115, 133, 133, 1218
-9900, 2115, 133, 133, 1218
-9901, 2114, 132, 132, 1218
-9901, 2115, 133, 133, 1218
-9900, 2115, 133, 133, 1218
-9900, 2115, 133, 133, 1218
-9899, 2115, 133, 133, 1218
-9899, 2114, 133, 133, 1218
-9899, 2115, 133, 133, 1218
-9899, 2115, 133, 133, 1218
-9900, 2115, 133, 133, 1218
-9900, 2115, 133, 133, 1218
-9899, 2115, 134, 134, 1222
-10005, 2096, 39, 39, 1222
-10005, 2096, 39, 39, 1222
-10002, 2098, 31, 31, 1222
-10000, 2097, 32, 32, 1222
-10000, 2098, 32, 32, 1222
-9999, 2098, 33, 33, 1222
-9999, 2098, 33, 33, 1222
-9998, 2099, 34, 34, 1222
-9998, 2099, 34, 34, 1222
-9999, 2098, 34, 34, 1222
-9999, 2099, 34, 34, 1222
-9999, 2098, 34, 34, 1222
-9999, 2098, 34, 34, 1222
-9998, 2098, 35, 35, 1222
-9997, 2098, 35, 35, 1222
-9997, 2098, 35, 35, 1222
-9997, 2099, 36, 36, 1222
-9996, 2099, 36, 36, 1222
-9996, 2099, 36, 36, 1222
-9997, 2100, 35, 35, 1222
-9998, 2099, 35, 35, 1222
-9995, 2099, 37, 37, 1220
-9995, 2099, 37, 37, 1220
-9996, 2100, 36, 36, 1220
-9995, 2100, 37, 37, 1220
-9998, 2099, 37, 37, 1220
-9998, 2099, 37, 37, 1220
-9995, 2100, 38, 38, 1220
-9995, 2100, 38, 38, 1220
-9996, 2099, 38, 38, 1220
-9996, 2099, 38, 38, 1220
-9995, 2098, 38, 38, 1220
-9995, 2099, 37, 37, 1220
-9995, 2099, 37, 37, 1220
-9994, 2100, 38, 38, 1220
-9994, 2101, 38, 38, 1220
-9994, 2101, 38, 38, 1220
-9996, 2100, 38, 38, 1220
-9994, 2098, 38, 38, 1220
-9996, 2100, 38, 38, 1220
-9994, 2099, 38, 38, 1220
-9994, 2101, 37, 37, 1220
-9994, 2100, 38, 38, 1220
-9995, 2099, 39, 39, 1225
-9995, 2099, 39, 39, 1225
-9995, 2100, 38, 38, 1225
-9994, 2100, 39, 39, 1225
-9995, 2100, 39, 39, 1225
-9995, 2100, 39, 39, 1225
-9995, 2100, 39, 39, 1225
-9994, 2099, 39, 39, 1225
-9994, 2099, 39, 39, 1225
-9995, 2100, 39, 39, 1225
-9992, 2100, 39, 39, 1225
-9992, 2100, 39, 39, 1225
-9993, 2101, 39, 39, 1225
-9993, 2101, 39, 39, 1225
-9992, 2100, 40, 40, 1225
-9994, 2100, 39, 39, 1225
-9995, 2100, 40, 40, 1225
-9995, 2100, 40, 40, 1225
-9994, 2100, 39, 39, 1225
-9994, 2100, 39, 39, 1225
-9994, 2099, 39, 39, 1225
-9993, 2100, 39, 39, 1225
-9993, 2100, 39, 39, 1225
-9992, 2101, 39, 39, 1225
-9991, 2101, 40, 40, 1225
-9993, 2100, 39, 39, 1227
-9994, 2101, 39, 39, 1227
-9994, 2101, 39, 39, 1227
-9995, 2100, 39, 39, 1227
-9993, 2101, 40, 40, 1227
-9995, 2100, 39, 39, 1227
-9993, 2100, 39, 39, 1227
-9994, 2100, 39, 39, 1227
-9994, 2100, 39, 39, 1227
-9993, 2100, 41, 41, 1227
-9992, 2101, 39, 39, 1227
-9993, 2101, 40, 40, 1227
-9993, 2101, 40, 40, 1227
-9992, 2101, 40, 40, 1227
-9994, 2101, 40, 40, 1227
-9994, 2101, 40, 40, 1227
-9994, 2101, 40, 40, 1227
-9994, 2100, 40, 40, 1227
-9994, 2100, 40, 40, 1227
-9990, 2101, 41, 41, 1227
-9990, 2101, 41, 41, 1227
-9992, 2101, 41, 41, 1227
-9993, 2100, 41, 41, 1227
-9993, 2100, 41, 41, 1227
-9992, 2100, 41, 41, 1227
-9992, 2100, 41, 41, 1227
-9991, 2101, 41, 41, 1227
-9993, 2101, 40, 40, 1227
-9991, 2101, 40, 40, 1227
-9993, 2099, 40, 40, 1227
-9992, 2101, 40, 40, 1227
-9994, 2100, 40, 40, 1227
-9994, 2100, 40, 40, 1227
-9993, 2100, 40, 40, 1227
-9987, 2101, 43, 43, 1227
-9892, 2120, 133, 133, 1227
-9892, 2120, 133, 133, 1227
-9890, 2119, 142, 142, 1227
-9890, 2118, 143, 143, 1227
-9890, 2118, 143, 143, 1227
-9891, 2118, 143, 143, 1227
-9890, 2117, 143, 143, 1227
-9891, 2117, 142, 142, 1227
-9891, 2117, 142, 142, 1227
-9891, 2117, 142, 142, 1227
-9891, 2117, 141, 141, 1227
-9892, 2116, 141, 141, 1227
-9892, 2116, 141, 141, 1227
-9892, 2117, 141, 141, 1233
-9892, 2118, 141, 141, 1233
-9892, 2118, 141, 141, 1233
-9893, 2116, 140, 140, 1233
-9893, 2116, 140, 140, 1233
-9894, 2117, 139, 139, 1233
-9894, 2117, 139, 139, 1233
-9894, 2116, 139, 139, 1233
-9895, 2116, 138, 138, 1233
-9895, 2116, 138, 138, 1233
-9895, 2117, 138, 138, 1233
-9895, 2117, 138, 138, 1233
-9895, 2116, 138, 138, 1233
-9895, 2116, 138, 138, 1233
-9894, 2116, 138, 138, 1233
-9895, 2116, 137, 137, 1233
-9896, 2116, 137, 137, 1233
-9896, 2116, 137, 137, 1233
-9895, 2116, 138, 138, 1233
-9896, 2117, 137, 137, 1233
-9896, 2117, 137, 137, 1233
-9896, 2117, 137, 137, 1233
-9896, 2116, 137, 137, 1233
-9895, 2117, 137, 137, 1233
-9895, 2117, 137, 137, 1233
-9897, 2116, 137, 137, 1227
-9897, 2116, 136, 136, 1227
-9896, 2116, 136, 136, 1227
-9896, 2115, 136, 136, 1227
-9896, 2115, 137, 137, 1227
-9896, 2115, 137, 137, 1227
-9897, 2116, 136, 136, 1227
-9896, 2115, 136, 136, 1227
-9896, 2115, 137, 137, 1227
-9897, 2116, 136, 136, 1227
-9896, 2115, 136, 136, 1227
-9897, 2116, 136, 136, 1227
-9896, 2115, 136, 136, 1227
-9897, 2116, 135, 135, 1227
-9897, 2116, 136, 136, 1227
-9897, 2116, 136, 136, 1227
-9897, 2116, 136, 136, 1227
-9897, 2116, 136, 136, 1227
-9898, 2116, 135, 135, 1227
-9896, 2116, 136, 136, 1227
-9896, 2116, 136, 136, 1227
-9898, 2116, 136, 136, 1227
-9898, 2116, 135, 135, 1227
-9898, 2116, 135, 135, 1227
-9897, 2116, 136, 136, 1227
-9897, 2115, 135, 135, 1227
-9898, 2115, 135, 135, 1220
-9897, 2116, 135, 135, 1220
-9898, 2116, 135, 135, 1220
-9898, 2115, 135, 135, 1220
-9898, 2115, 135, 135, 1220
-9898, 2116, 135, 135, 1220
-9896, 2116, 135, 135, 1220
-9899, 2115, 135, 135, 1220
-9899, 2115, 135, 135, 1220
-9898, 2115, 134, 134, 1220
-9898, 2115, 135, 135, 1220
-9897, 2115, 135, 135, 1220
-9897, 2115, 135, 135, 1220
-9897, 2115, 135, 135, 1220
-9898, 2115, 135, 135, 1220
-9898, 2114, 135, 135, 1220
-9898, 2115, 135, 135, 1220
-9898, 2114, 135, 135, 1220
-9899, 2117, 134, 134, 1220
-9899, 2117, 134, 134, 1220
-9898, 2116, 135, 135, 1220
-9898, 2115, 135, 135, 1220
-9898, 2115, 134, 134, 1225
-9898, 2115, 135, 135, 1225
-9898, 2115, 135, 135, 1225
-9898, 2115, 135, 135, 1225
-9897, 2115, 135, 135, 1225
-9897, 2115, 135, 135, 1225
-9898, 2116, 135, 135, 1225
-9898, 2115, 134, 134, 1225
-9898, 2115, 134, 134, 1225
-9897, 2116, 135, 135, 1225
-9898, 2115, 135, 135, 1225
-9898, 2115, 135, 135, 1225
-9898, 2114, 135, 135, 1225
-9899, 2116, 135, 135, 1225
-9898, 2115, 135, 135, 1225
-9898, 2115, 135, 135, 1225
-9899, 2115, 134, 134, 1225
-9900, 2115, 134, 134, 1225
-9900, 2115, 134, 134, 1225
-9898, 2116, 134, 134, 1225
-9898, 2115, 134, 134, 1225
-9899, 2115, 134, 134, 1225
-9898, 2115, 134, 134, 1225
-9898, 2115, 134, 134, 1225
-9900, 2115, 134, 134, 1231
-9900, 2115, 134, 134, 1231
-9898, 2115, 134, 134, 1231
-9899, 2115, 134, 134, 1231
-9899, 2115, 134, 134, 1231
-9899, 2115, 134, 134, 1231
-9898, 2115, 134, 134, 1231
-9898, 2115, 135, 135, 1231
-9898, 2116, 135, 135, 1231
-9898, 2115, 135, 135, 1231
-9898, 2115, 135, 135, 1231
-9899, 2116, 134, 134, 1231
-9899, 2116, 134, 134, 1231
-9899, 2115, 134, 134, 1231
-9899, 2115, 134, 134, 1231
-9919, 2038, 129, 129, 1231
-10099, 2081, -63, -63, 1231
-10099, 2081, -63, -63, 1231
-10097, 2081, -63, -63, 1231
-10098, 2081, -62, -62, 1231
-10095, 2082, -61, -61, 1231
-10093, 2082, -61, -61, 1231
-10093, 2082, -61, -61, 1231
-10089, 2083, -59, -59, 1231
-10088, 2083, -58, -58, 1220
-10091, 2083, -58, -58, 1220
-10091, 2083, -57, -57, 1220
-10091, 2083, -57, -57, 1220
-10092, 2083, -57, -57, 1220
-10087, 2084, -56, -56, 1220
-10087, 2084, -56, -56, 1220
-10085, 2085, -55, -55, 1220
-10088, 2085, -54, -54, 1220
-10088, 2085, -54, -54, 1220
-10090, 2085, -55, -55, 1220
-10086, 2084, -54, -54, 1220
-10086, 2084, -54, -54, 1220
-10084, 2085, -54, -54, 1220
-10084, 2085, -54, -54, 1220
-10085, 2086, -53, -53, 1220
-10085, 2085, -52, -52, 1220
-10085, 2085, -52, -52, 1220
-10087, 2085, -52, -52, 1220
-10087, 2085, -52, -52, 1220
-10084, 2085, -52, -52, 1220
-10082, 2085, -51, -51, 1220
-10085, 2085, -51, -51, 1220
-10085, 2085, -51, -51, 1220
-10087, 2085, -51, -51, 1220
-10087, 2085, -51, -51, 1220
-10085, 2085, -51, -51, 1220
-10086, 2085, -51, -51, 1220
-10086, 2085, -51, -51, 1220
-10081, 2084, -50, -50, 1220
-10081, 2084, -50, -50, 1220
-10081, 2085, -50, -50, 1220
-10081, 2087, -50, -50, 1220
-10081, 2087, -50, -50, 1220
-10080, 2086, -49, -49, 1220
-10083, 2085, -50, -50, 1220
-10083, 2085, -50, -50, 1220
-10082, 2086, -48, -48, 1220
-10080, 2086, -49, -49, 1220
-10080, 2086, -49, -49, 1220
-10080, 2086, -48, -48, 1220
-10080, 2086, -48, -48, 1220
-10082, 2085, -48, -48, 1220
-10082, 2085, -48, -48, 1220
-10084, 2085, -48, -48, 1220
-10084, 2085, -48, -48, 1220
-10081, 2086, -48, -48, 1220
-10081, 2086, -48, -48, 1220
-10082, 2086, -47, -47, 1222
-10082, 2086, -47, -47, 1222
-10080, 2086, -47, -47, 1222
-10080, 2086, -47, -47, 1222
-10081, 2086, -47, -47, 1222
-10081, 2086, -47, -47, 1222
-10077, 2087, -47, -47, 1222
-10077, 2087, -47, -47, 1222
-10080, 2088, -46, -46, 1222
-10082, 2086, -46, -46, 1222
-10081, 2087, -47, -47, 1222
-10081, 2087, -47, -47, 1222
-10081, 2086, -46, -46, 1222
-10082, 2086, -47, -47, 1222
-10080, 2086, -46, -46, 1222
-10078, 2087, -47, -47, 1222
-10078, 2087, -47, -47, 1222
-10082, 2087, -46, -46, 1222
-10082, 2087, -46, -46, 1222
-10080, 2087, -45, -45, 1222
-10080, 2085, -46, -46, 1222
-10080, 2085, -46, -46, 1222
-10077, 2087, -45, -45, 1222
-10077, 2087, -45, -45, 1222
-10074, 2087, -45, -45, 1222
-10079, 2087, -46, -46, 1222
-10079, 2087, -46, -46, 1222
-10081, 2086, -45, -45, 1222
-10079, 2086, -46, -46, 1222
-10081, 2086, -45, -45, 1222
-10081, 2086, -45, -45, 1222
-10078, 2086, -46, -46, 1222
-10076, 2087, -45, -45, 1222
-10076, 2087, -45, -45, 1222
-10078, 2087, -44, -44, 1222
-10078, 2087, -44, -44, 1222
-10079, 2087, -45, -45, 1222
-10076, 2088, -44, -44, 1222
-10076, 2088, -44, -44, 1222
-10073, 2088, -44, -44, 1222
-10073, 2088, -44, -44, 1222
-10076, 2087, -44, -44, 1222
-10075, 2087, -43, -43, 1222
-10074, 2088, -44, -44, 1222
-10076, 2087, -43, -43, 1222
-10075, 2087, -44, -44, 1222
-10074, 2088, -43, -43, 1222
-10074, 2088, -43, -43, 1222
-10078, 2086, -44, -44, 1222
-10078, 2086, -44, -44, 1222
-10075, 2087, -43, -43, 1218
-10079, 2086, -43, -43, 1218
-10076, 2086, -41, -41, 1218
-9886, 2122, 144, 144, 1218
-9886, 2122, 144, 144, 1218
-9883, 2122, 149, 149, 1218
-9882, 2120, 150, 150, 1218
-9881, 2121, 151, 151, 1218
-9883, 2121, 151, 151, 1218
-9883, 2121, 151, 151, 1218
-9882, 2121, 150, 150, 1218
-9883, 2120, 150, 150, 1218
-9883, 2120, 149, 149, 1218
-9884, 2120, 149, 149, 1218
-9885, 2118, 148, 148, 1218
-9885, 2118, 148, 148, 1218
-9886, 2119, 148, 148, 1218
-9887, 2120, 146, 146, 1218
-9887, 2120, 146, 146, 1218
-9888, 2120, 146, 146, 1218
-9888, 2120, 146, 146, 1218
-9887, 2119, 145, 145, 1218
-9888, 2119, 145, 145, 1218
-9888, 2119, 145, 145, 1218
-9888, 2119, 145, 145, 1218
-9889, 2119, 144, 144, 1229
-9890, 2118, 143, 143, 1229
-9890, 2118, 143, 143, 1229
-9890, 2118, 142, 142, 1229
-9890, 2118, 143, 143, 1229
-9891, 2118, 142, 142, 1229
-9891, 2118, 142, 142, 1229
-9891, 2118, 142, 142, 1229
-9891, 2118, 142, 142, 1229
-9891, 2118, 142, 142, 1229
-9891, 2118, 142, 142, 1229
-9891, 2118, 142, 142, 1229
-9892, 2117, 141, 141, 1229
-9891, 2117, 141, 141, 1229
-9891, 2117, 141, 141, 1229
-9892, 2118, 141, 141, 1229
-9892, 2118, 141, 141, 1229
-9893, 2117, 140, 140, 1229
-9893, 2117, 140, 140, 1229
-9893, 2117, 140, 140, 1229
-9893, 2117, 140, 140, 1229
-9893, 2117, 140, 140, 1229
-9892, 2117, 140, 140, 1229
-9892, 2117, 140, 140, 1229
-9893, 2118, 139, 139, 1220
-9894, 2117, 139, 139, 1220
-9894, 2117, 139, 139, 1220
-9893, 2116, 140, 140, 1220
-9893, 2117, 140, 140, 1220
-9894, 2117, 140, 140, 1220
-9894, 2117, 139, 139, 1220
-9894, 2116, 139, 139, 1220
-9893, 2116, 139, 139, 1220
-9893, 2116, 139, 139, 1220
-9893, 2117, 139, 139, 1220
-9893, 2117, 139, 139, 1220
-9895, 2117, 138, 138, 1220
-9894, 2117, 138, 138, 1220
-9895, 2118, 138, 138, 1220
-9895, 2116, 138, 138, 1220
-9895, 2117, 138, 138, 1220
-9894, 2117, 138, 138, 1220
-9894, 2117, 138, 138, 1220
-9896, 2118, 138, 138, 1220
-9895, 2118, 138, 138, 1220
-9895, 2117, 138, 138, 1220
-9895, 2118, 138, 138, 1220
-9895, 2117, 137, 137, 1220
-9895, 2117, 137, 137, 1220
-9895, 2117, 137, 137, 1220
-9896, 2116, 137, 137, 1220
-9895, 2117, 138, 138, 1220
-9896, 2118, 137, 137, 1220
-9896, 2117, 137, 137, 1220
-9896, 2117, 137, 137, 1220
-9894, 2117, 138, 138, 1220
-9894, 2117, 138, 138, 1220
-9897, 2117, 136, 136, 1220
-9896, 2116, 137, 137, 1220
-9896, 2116, 137, 137, 1220
-9896, 2117, 137, 137, 1220
-9895, 2116, 137, 137, 1220
-9895, 2116, 137, 137, 1220
-9896, 2115, 136, 136, 1220
-9896, 2115, 136, 136, 1220
-9896, 2116, 137, 137, 1220
-9897, 2117, 136, 136, 1220
-9896, 2116, 136, 136, 1220
-9897, 2118, 136, 136, 1220
-9896, 2117, 137, 137, 1220
-9896, 2116, 136, 136, 1220
-9897, 2117, 136, 136, 1220
-9897, 2117, 136, 136, 1220
-9896, 2117, 137, 137, 1220
-9896, 2117, 137, 137, 1220
-9897, 2117, 136, 136, 1220
-9896, 2117, 137, 137, 1220
-9896, 2117, 136, 136, 1220
-9896, 2117, 137, 137, 1220
-9896, 2117, 136, 136, 1220
-9896, 2117, 136, 136, 1220
-9897, 2117, 136, 136, 1220
-9897, 2117, 135, 135, 1220
-9897, 2116, 136, 136, 1220
-9896, 2117, 137, 137, 1220
-9897, 2117, 136, 136, 1220
-9897, 2117, 136, 136, 1220
-9897, 2117, 136, 136, 1220
-9897, 2117, 136, 136, 1220
-9898, 2118, 136, 136, 1220
-9898, 2118, 136, 136, 1220
-9898, 2117, 136, 136, 1220
-9897, 2118, 136, 136, 1222
-10096, 2083, -59, -59, 1222
-10088, 2082, -62, -62, 1222
-10088, 2082, -62, -62, 1222
-10092, 2083, -59, -59, 1222
-10092, 2083, -59, -59, 1222
-10095, 2082, -59, -59, 1222
-10093, 2084, -58, -58, 1222
-10093, 2084, -58, -58, 1222
-10092, 2083, -57, -57, 1222
-10088, 2084, -57, -57, 1222
-10088, 2084, -57, -57, 1222
-10086, 2086, -55, -55, 1222
-10086, 2086, -55, -55, 1222
-10086, 2085, -54, -54, 1222
-10089, 2084, -54, -54, 1222
-10089, 2084, -54, -54, 1222
-10088, 2084, -53, -53, 1222
-10088, 2084, -53, -53, 1222
-10087, 2085, -53, -53, 1222
-10086, 2084, -52, -52, 1222
-10086, 2084, -52, -52, 1222
-10085, 2085, -51, -51, 1222
-10081, 2086, -50, -50, 1222
-10081, 2086, -50, -50, 1222
-10080, 2086, -51, -51, 1222
-10080, 2086, -50, -50, 1220
-10086, 2086, -51, -51, 1220
-10086, 2086, -51, -51, 1220
-10085, 2086, -50, -50, 1220
-10083, 2085, -50, -50, 1220
-10082, 2085, -49, -49, 1220
-10083, 2087, -49, -49, 1220
-10078, 2086, -49, -49, 1220
-10079, 2087, -49, -49, 1220
-10079, 2087, -49, -49, 1220
-10082, 2087, -49, -49, 1220
-10082, 2087, -49, -49, 1220
-10082, 2086, -47, -47, 1220
-10081, 2086, -49, -49, 1220
-10076, 2087, -47, -47, 1220
-10076, 2087, -47, -47, 1220
-10077, 2087, -47, -47, 1220
-10081, 2086, -46, -46, 1220
-10083, 2086, -48, -48, 1220
-10083, 2086, -48, -48, 1220
-10080, 2085, -46, -46, 1220
-10080, 2085, -46, -46, 1220
-10081, 2085, -47, -47, 1220
-10076, 2087, -46, -46, 1218
-10076, 2087, -46, -46, 1218
-10080, 2087, -46, -46, 1218
-10082, 2087, -46, -46, 1218
-10082, 2087, -46, -46, 1218
-10080, 2087, -45, -45, 1218
-10080, 2087, -45, -45, 1218
-10079, 2087, -45, -45, 1218
-10079, 2087, -45, -45, 1218
-10075, 2087, -45, -45, 1218
-10076, 2088, -45, -45, 1218
-10076, 2088, -45, -45, 1218
-10078, 2088, -46, -46, 1218
-10076, 2088, -45, -45, 1218
-10081, 2086, -45, -45, 1218
-10081, 2087, -45, -45, 1218
-10081, 2087, -45, -45, 1218
-10082, 2087, -45, -45, 1218
-10078, 2087, -44, -44, 1218
-10078, 2087, -44, -44, 1218
-10075, 2088, -45, -45, 1218
-10076, 2089, -45, -45, 1218
-10076, 2089, -45, -45, 1218
-10079, 2088, -45, -45, 1218
-10077, 2087, -44, -44, 1218
-10077, 2087, -44, -44, 1218
-10078, 2087, -44, -44, 1218
-10074, 2087, -44, -44, 1216
-10074, 2087, -44, -44, 1216
-10078, 2087, -45, -45, 1216
-10075, 2088, -45, -45, 1216
-10074, 2088, -44, -44, 1216
-10078, 2087, -44, -44, 1216
-10078, 2087, -44, -44, 1216
-10078, 2088, -44, -44, 1216
-10078, 2088, -44, -44, 1216
-10075, 2087, -44, -44, 1216
-10075, 2087, -44, -44, 1216
-10075, 2089, -44, -44, 1216
-10078, 2088, -44, -44, 1216
-10078, 2088, -44, -44, 1216
-10077, 2087, -43, -43, 1216
-10077, 2087, -43, -43, 1216
-10073, 2088, -43, -43, 1216
-10074, 2088, -43, -43, 1216
-10074, 2088, -43, -43, 1216
-10077, 2088, -44, -44, 1216
-10076, 2088, -43, -43, 1216
-10078, 2087, -44, -44, 1216
-10078, 2087, -44, -44, 1216
-10080, 2089, -43, -43, 1216
-10075, 2089, -44, -44, 1214
-10075, 2089, -44, -44, 1214
-10073, 2088, -42, -42, 1214
-10073, 2088, -42, -42, 1214
-10074, 2089, -43, -43, 1214
-10077, 2088, -42, -42, 1214
-10077, 2088, -42, -42, 1214
-10078, 2087, -43, -43, 1214
-10076, 2089, -43, -43, 1214
-10076, 2089, -43, -43, 1214
-10072, 2089, -42, -42, 1214
-10072, 2089, -42, -42, 1214
-10074, 2088, -43, -43, 1214
-10074, 2090, -42, -42, 1214
-10074, 2090, -42, -42, 1214
-9890, 2123, 93, 93, 1214
-9884, 2122, 148, 148, 1214
-9881, 2121, 152, 152, 1214
-9880, 2122, 152, 152, 1214
-9880, 2122, 152, 152, 1214
-9880, 2122, 153, 153, 1214
-9882, 2121, 152, 152, 1214
-9883, 2120, 151, 151, 1214
-9883, 2120, 151, 151, 1214
-9885, 2121, 149, 149, 1214
-9885, 2121, 149, 149, 1214
-9884, 2120, 149, 149, 1214
-9884, 2121, 148, 148, 1229
-9884, 2120, 148, 148, 1229
-9885, 2120, 148, 148, 1229
-9885, 2120, 148, 148, 1229
-9885, 2120, 148, 148, 1229
-9886, 2120, 147, 147, 1229
-9885, 2119, 147, 147, 1229
-9885, 2119, 147, 147, 1229
-9886, 2120, 147, 147, 1229
-9887, 2120, 146, 146, 1229
-9888, 2120, 145, 145, 1229
-9888, 2120, 145, 145, 1229
-9888, 2120, 145, 145, 1229
-9888, 2119, 145, 145, 1229
-9888, 2119, 145, 145, 1229
-9888, 2118, 144, 144, 1229
-9888, 2118, 144, 144, 1229
-9889, 2119, 144, 144, 1229
-9888, 2119, 144, 144, 1229
-9889, 2119, 143, 143, 1229
-9888, 2118, 144, 144, 1229
-9889, 2118, 143, 143, 1229
-9889, 2118, 143, 143, 1229
-9890, 2119, 142, 142, 1229
-9890, 2119, 143, 143, 1229
-9891, 2119, 143, 143, 1222
-9891, 2119, 143, 143, 1222
-9891, 2119, 142, 142, 1222
-9891, 2119, 142, 142, 1222
-9891, 2119, 142, 142, 1222
-9891, 2119, 142, 142, 1222
-9891, 2119, 142, 142, 1222
-9891, 2118, 142, 142, 1222
-9891, 2118, 142, 142, 1222
-9891, 2119, 142, 142, 1222
-9892, 2119, 141, 141, 1222
-9892, 2119, 141, 141, 1222
-9892, 2119, 141, 141, 1222
-9892, 2119, 141, 141, 1222
-9891, 2118, 141, 141, 1222
-9892, 2119, 140, 140, 1222
-9892, 2119, 141, 141, 1222
-9893, 2118, 140, 140, 1222
-9892, 2118, 141, 141, 1222
-9892, 2118, 141, 141, 1222
-9892, 2119, 141, 141, 1222
-9891, 2118, 141, 141, 1222
-9893, 2119, 140, 140, 1222
-9893, 2119, 140, 140, 1222
-9892, 2118, 140, 140, 1222
-9893, 2119, 140, 140, 1222
-9893, 2119, 140, 140, 1222
-9893, 2118, 140, 140, 1222
-9892, 2118, 140, 140, 1222
-9892, 2118, 140, 140, 1222
-9892, 2118, 140, 140, 1229
-9893, 2118, 140, 140, 1229
-9893, 2118, 140, 140, 1229
-9893, 2119, 140, 140, 1229
-9893, 2118, 140, 140, 1229
-9893, 2118, 139, 139, 1229
-9893, 2118, 139, 139, 1229
-9894, 2119, 139, 139, 1229
-9893, 2119, 140, 140, 1229
-9893, 2118, 139, 139, 1229
-9893, 2118, 139, 139, 1229
-9893, 2118, 140, 140, 1229
-9893, 2118, 140, 140, 1229
-9894, 2119, 138, 138, 1229
-9894, 2119, 138, 138, 1229
-9895, 2118, 138, 138, 1229
-9895, 2118, 138, 138, 1229
-9894, 2118, 139, 139, 1229
-9894, 2119, 139, 139, 1229
-9894, 2118, 139, 139, 1229
-9894, 2118, 139, 139, 1229
-9894, 2118, 139, 139, 1229
-9895, 2117, 138, 138, 1229
-9894, 2118, 138, 138, 1229
-9894, 2117, 138, 138, 1249
-9895, 2118, 138, 138, 1249
-9895, 2117, 138, 138, 1249
-9893, 2117, 139, 139, 1249
-9895, 2118, 138, 138, 1249
-9895, 2118, 138, 138, 1249
-9894, 2118, 138, 138, 1249
-9895, 2117, 138, 138, 1249
-9894, 2118, 138, 138, 1249
-9894, 2118, 139, 139, 1249
-9894, 2118, 139, 139, 1249
-9894, 2118, 138, 138, 1249
-9895, 2118, 138, 138, 1249
-9895, 2118, 138, 138, 1249
-9895, 2118, 138, 138, 1249
-9894, 2118, 138, 138, 1249
-9895, 2117, 138, 138, 1249
-9895, 2118, 138, 138, 1249
-9894, 2119, 138, 138, 1249
-9894, 2119, 138, 138, 1249
-9895, 2118, 138, 138, 1249
-9895, 2118, 137, 137, 1249
-9895, 2117, 138, 138, 1249
-9895, 2118, 137, 137, 1249
-9895, 2118, 138, 138, 1249
-9896, 2118, 137, 137, 1244
-9896, 2118, 137, 137, 1244
-9895, 2118, 138, 138, 1244
-9895, 2118, 138, 138, 1244
-9895, 2118, 138, 138, 1244
-9895, 2118, 138, 138, 1244
-9895, 2117, 138, 138, 1244
-9895, 2118, 138, 138, 1244
-9895, 2119, 138, 138, 1244
-9895, 2119, 138, 138, 1244
-9896, 2118, 137, 137, 1244
-9895, 2119, 138, 138, 1244
-10097, 2081, -104, -104, 1244
-10097, 2081, -104, -104, 1244
-10090, 2082, -57, -57, 1244
-10090, 2082, -57, -57, 1244
-10087, 2085, -58, -58, 1244
-10087, 2084, -57, -57, 1244
-10087, 2084, -57, -57, 1244
-10089, 2085, -57, -57, 1244
-10089, 2085, -57, -57, 1244
-10089, 2085, -55, -55, 1244
-10089, 2085, -55, -55, 1244
-10088, 2085, -54, -54, 1244
-10088, 2085, -54, -54, 1244
-10084, 2085, -53, -53, 1244
-10084, 2085, -53, -53, 1244
-10084, 2086, -53, -53, 1244
-10084, 2086, -53, -53, 1244
-10084, 2086, -53, -53, 1238
-10086, 2086, -51, -51, 1238
-10086, 2085, -52, -52, 1238
-10083, 2085, -50, -50, 1238
-10083, 2085, -50, -50, 1238
-10079, 2086, -51, -51, 1238
-10079, 2086, -51, -51, 1238
-10081, 2086, -50, -50, 1238
-10079, 2086, -49, -49, 1238
-10079, 2086, -49, -49, 1238
-10084, 2086, -48, -48, 1238
-10084, 2086, -48, -48, 1238
-10081, 2086, -48, -48, 1238
-10081, 2086, -48, -48, 1238
-10082, 2086, -49, -49, 1238
-10082, 2086, -49, -49, 1238
-10079, 2087, -48, -48, 1238
-10079, 2087, -48, -48, 1238
-10081, 2087, -48, -48, 1238
-10081, 2088, -47, -47, 1238
-10082, 2086, -47, -47, 1238
-10082, 2086, -47, -47, 1238
-10081, 2086, -47, -47, 1238
-10080, 2087, -47, -47, 1238
-10079, 2087, -47, -47, 1238
-10079, 2087, -47, -47, 1238
-10078, 2088, -47, -47, 1240
-10078, 2088, -47, -47, 1240
-10078, 2088, -47, -47, 1240
-10077, 2088, -46, -46, 1240
-10077, 2088, -45, -45, 1240
-10083, 2088, -46, -46, 1240
-10078, 2088, -46, -46, 1240
-10081, 2087, -45, -45, 1240
-10077, 2087, -46, -46, 1240
-10077, 2087, -46, -46, 1240
-10077, 2087, -46, -46, 1240
-10074, 2088, -45, -45, 1240
-10080, 2088, -45, -45, 1240
-10078, 2088, -45, -45, 1240
-10078, 2088, -45, -45, 1240
-10078, 2088, -45, -45, 1240
-10079, 2088, -45, -45, 1240
-10080, 2088, -46, -46, 1240
-10080, 2088, -46, -46, 1240
-10078, 2087, -44, -44, 1240
-10077, 2087, -45, -45, 1240
-10077, 2087, -45, -45, 1240
-10074, 2088, -44, -44, 1240
-10076, 2087, -45, -45, 1240
-10073, 2087, -43, -43, 1240
-10074, 2089, -43, -43, 1244
-10074, 2090, -44, -44, 1244
-10078, 2088, -43, -43, 1244
-10079, 2088, -43, -43, 1244
-10079, 2089, -44, -44, 1244
-10077, 2087, -44, -44, 1244
-10078, 2087, -44, -44, 1244
-10078, 2087, -44, -44, 1244
-10076, 2088, -43, -43, 1244
-10073, 2089, -44, -44, 1244
-10073, 2089, -44, -44, 1244
-10075, 2090, -43, -43, 1244
-10075, 2090, -43, -43, 1244
-10077, 2087, -42, -42, 1244
-10078, 2088, -43, -43, 1244
-10076, 2089, -42, -42, 1244
-10077, 2087, -43, -43, 1244
-10075, 2088, -42, -42, 1244
-10075, 2088, -42, -42, 1244
-10077, 2088, -42, -42, 1244
-10077, 2088, -42, -42, 1244
-10075, 2088, -42, -42, 1244
-10074, 2088, -42, -42, 1244
-10074, 2088, -42, -42, 1244
-10072, 2089, -43, -43, 1244
-10072, 2089, -43, -43, 1244
-10076, 2088, -42, -42, 1244
-10077, 2088, -42, -42, 1233
-10077, 2088, -42, -42, 1233
-10076, 2089, -41, -41, 1233
-10077, 2087, -41, -41, 1233
-10078, 2088, -42, -42, 1233
-10076, 2088, -41, -41, 1233
-10076, 2088, -41, -41, 1233
-10076, 2088, -41, -41, 1233
-10073, 2088, -41, -41, 1233
-10073, 2088, -41, -41, 1233
-10072, 2090, -41, -41, 1233
-10072, 2090, -41, -41, 1233
-10075, 2089, -41, -41, 1233
-10075, 2089, -41, -41, 1233
-10076, 2087, -41, -41, 1233
-10075, 2088, -41, -41, 1233
-10074, 2088, -42, -42, 1233
-10075, 2088, -41, -41, 1233
-9899, 2123, 40, 40, 1233
-9883, 2123, 146, 146, 1233
-9881, 2123, 151, 151, 1233
-9879, 2123, 154, 154, 1242
-9879, 2123, 154, 154, 1242
-9879, 2122, 153, 153, 1242
-9879, 2122, 153, 153, 1242
-9880, 2122, 152, 152, 1242
-9881, 2121, 152, 152, 1242
-9881, 2121, 152, 152, 1242
-9882, 2122, 151, 151, 1242
-9883, 2121, 151, 151, 1242
-9883, 2122, 150, 150, 1242
-9883, 2121, 150, 150, 1242
-9883, 2121, 150, 150, 1242
-9884, 2121, 149, 149, 1242
-9884, 2120, 149, 149, 1242
-9884, 2120, 149, 149, 1242
-9885, 2121, 148, 148, 1242
-9885, 2121, 148, 148, 1242
-9884, 2120, 148, 148, 1242
-9885, 2120, 147, 147, 1242
-9885, 2120, 147, 147, 1242
-9888, 2120, 146, 146, 1242
-9887, 2120, 146, 146, 1242
-9887, 2120, 145, 145, 1242
-9889, 2119, 144, 144, 1227
-9888, 2120, 144, 144, 1227
-9888, 2120, 144, 144, 1227
-9889, 2120, 144, 144, 1227
-9888, 2119, 144, 144, 1227
-9888, 2119, 144, 144, 1227
-9889, 2120, 144, 144, 1227
-9889, 2119, 144, 144, 1227
-9889, 2119, 144, 144, 1227
-9889, 2119, 144, 144, 1227
-9890, 2120, 143, 143, 1227
-9890, 2119, 143, 143, 1227
-9890, 2119, 142, 142, 1227
-9890, 2119, 142, 142, 1227
-9890, 2119, 142, 142, 1227
-9890, 2119, 143, 143, 1227
-9891, 2119, 142, 142, 1227
-9892, 2119, 141, 141, 1227
-9892, 2119, 141, 141, 1227
-9890, 2117, 142, 142, 1227
-9891, 2119, 142, 142, 1227
-9892, 2118, 141, 141, 1227
-9892, 2119, 141, 141, 1227
-9892, 2119, 141, 141, 1227
-9891, 2118, 142, 142, 1227
-9892, 2118, 141, 141, 1222
-9892, 2120, 141, 141, 1222
-9891, 2119, 141, 141, 1222
-9891, 2119, 141, 141, 1222
-9892, 2119, 141, 141, 1222
-9892, 2119, 141, 141, 1222
-9892, 2119, 141, 141, 1222
-9892, 2119, 141, 141, 1222
-9893, 2118, 140, 140, 1222
-9893, 2118, 140, 140, 1222
-9892, 2118, 141, 141, 1222
-9892, 2119, 141, 141, 1222
-9893, 2118, 141, 141, 1222
-9893, 2118, 141, 141, 1222
-9892, 2119, 141, 141, 1222
-9892, 2119, 141, 141, 1222
-9892, 2119, 141, 141, 1222
-9891, 2118, 141, 141, 1222
-9891, 2119, 141, 141, 1222
-9893, 2118, 141, 141, 1222
-9893, 2118, 141, 141, 1222
-9893, 2119, 140, 140, 1222
-9893, 2119, 140, 140, 1222
-9893, 2119, 140, 140, 1222
-9893, 2118, 140, 140, 1222
-9893, 2119, 139, 139, 1222
-9893, 2119, 139, 139, 1229
-9893, 2119, 139, 139, 1229
-9895, 2120, 139, 139, 1229
-9894, 2118, 139, 139, 1229
-9894, 2119, 139, 139, 1229
-9893, 2118, 139, 139, 1229
-9894, 2118, 139, 139, 1229
-9894, 2118, 139, 139, 1229
-9893, 2119, 139, 139, 1229
-9893, 2119, 139, 139, 1229
-9894, 2118, 139, 139, 1229
-9894, 2118, 139, 139, 1229
-9895, 2118, 139, 139, 1229
-9895, 2118, 139, 139, 1229
-9894, 2118, 139, 139, 1229
-9896, 2118, 138, 138, 1229
-9895, 2119, 139, 139, 1229
-9895, 2119, 139, 139, 1229
-9894, 2118, 138, 138, 1229
-9894, 2119, 139, 139, 1229
-9894, 2119, 139, 139, 1229
-9894, 2119, 139, 139, 1229
-9894, 2119, 139, 139, 1229
-9895, 2119, 138, 138, 1229
-9894, 2118, 138, 138, 1229
-9895, 2120, 138, 138, 1229
-9895, 2118, 138, 138, 1227
-9895, 2118, 138, 138, 1227
-9895, 2119, 138, 138, 1227
-9896, 2120, 138, 138, 1227
-9895, 2118, 137, 137, 1227
-9895, 2118, 138, 138, 1227
-9895, 2118, 138, 138, 1227
-9894, 2119, 138, 138, 1227
-9894, 2119, 138, 138, 1227
-9895, 2119, 137, 137, 1227
-9893, 2119, 138, 138, 1227
-9896, 2118, 137, 137, 1227
-9896, 2118, 137, 137, 1227
-9895, 2118, 137, 137, 1227
-9895, 2118, 138, 138, 1227
-9895, 2118, 138, 138, 1227
-9896, 2118, 137, 137, 1227
-9894, 2118, 138, 138, 1227
-9985, 2071, 107, 107, 1227
-10093, 2083, -59, -59, 1227
-10093, 2083, -59, -59, 1227
-10092, 2084, -58, -58, 1227
-10092, 2084, -58, -58, 1227
-10088, 2085, -58, -58, 1227
-10087, 2085, -56, -56, 1229
-10087, 2086, -56, -56, 1229
-10089, 2085, -56, -56, 1229
-10084, 2086, -54, -54, 1229
-10084, 2086, -54, -54, 1229
-10086, 2087, -53, -53, 1229
-10086, 2087, -53, -53, 1229
-10086, 2085, -52, -52, 1229
-10086, 2086, -52, -52, 1229
-10086, 2086, -52, -52, 1229
-10087, 2087, -52, -52, 1229
-10085, 2086, -51, -51, 1229
-10081, 2087, -51, -51, 1229
-10081, 2087, -51, -51, 1229
-10082, 2088, -50, -50, 1229
-10082, 2088, -50, -50, 1229
-10086, 2088, -49, -49, 1229
-10086, 2088, -49, -49, 1229
-10080, 2087, -48, -48, 1229
-10080, 2087, -48, -48, 1229
-10077, 2088, -47, -47, 1229
-10077, 2088, -47, -47, 1229
-10081, 2088, -49, -49, 1229
-10081, 2088, -49, -49, 1229
-10078, 2089, -47, -47, 1222
-10078, 2089, -47, -47, 1222
-10083, 2088, -48, -48, 1222
-10083, 2087, -48, -48, 1222
-10082, 2088, -47, -47, 1222
-10077, 2087, -47, -47, 1222
-10077, 2087, -47, -47, 1222
-10080, 2089, -47, -47, 1222
-10080, 2089, -47, -47, 1222
-10081, 2088, -47, -47, 1222
-10081, 2088, -47, -47, 1222
-10078, 2088, -46, -46, 1222
-10077, 2088, -45, -45, 1222
-10078, 2088, -46, -46, 1222
-10076, 2089, -46, -46, 1222
-10076, 2089, -46, -46, 1222
-10075, 2089, -45, -45, 1222
-10080, 2089, -45, -45, 1222
-10080, 2089, -45, -45, 1222
-10080, 2089, -45, -45, 1222
-10079, 2088, -45, -45, 1222
-10079, 2088, -45, -45, 1222
-10076, 2088, -45, -45, 1222
-10076, 2088, -45, -45, 1222
-10075, 2088, -44, -44, 1222
-10076, 2089, -44, -44, 1222
-10076, 2090, -44, -44, 1238
-10076, 2090, -44, -44, 1238
-10077, 2088, -44, -44, 1238
-10077, 2088, -44, -44, 1238
-10078, 2088, -44, -44, 1238
-10075, 2089, -44, -44, 1238
-10075, 2089, -44, -44, 1238
-10076, 2089, -44, -44, 1238
-10075, 2090, -44, -44, 1238
-10078, 2089, -43, -43, 1238
-10078, 2089, -43, -43, 1238
-10077, 2090, -43, -43, 1238
-10078, 2088, -44, -44, 1238
-10079, 2088, -43, -43, 1238
-10079, 2088, -43, -43, 1238
-10076, 2088, -43, -43, 1238
-10076, 2088, -43, -43, 1238
-10076, 2088, -42, -42, 1238
-10076, 2088, -42, -42, 1238
-10073, 2089, -43, -43, 1238
-10073, 2089, -43, -43, 1238
-10076, 2089, -43, -43, 1238
-10079, 2088, -44, -44, 1236
-10079, 2088, -44, -44, 1236
-10073, 2089, -42, -42, 1236
-10073, 2089, -42, -42, 1236
-10070, 2090, -42, -42, 1236
-10070, 2090, -42, -42, 1236
-10076, 2090, -42, -42, 1236
-10076, 2090, -42, -42, 1236
-10075, 2089, -41, -41, 1236
-10075, 2088, -42, -42, 1236
-10075, 2088, -42, -42, 1236
-10075, 2089, -41, -41, 1236
-10075, 2089, -41, -41, 1236
-10073, 2090, -42, -42, 1236
-10073, 2090, -42, -42, 1236
-10073, 2090, -42, -42, 1236
-10072, 2090, -42, -42, 1236
-10073, 2089, -42, -42, 1236
-10077, 2089, -42, -42, 1236
-10077, 2089, -42, -42, 1236
-10074, 2089, -40, -40, 1236
-10072, 2090, -40, -40, 1236
-10072, 2090, -40, -40, 1236
-10076, 2088, -41, -41, 1236
-10073, 2090, -41, -41, 1236
-10076, 2088, -42, -42, 1240
-10076, 2089, -40, -40, 1240
-10076, 2089, -40, -40, 1240
-10075, 2089, -41, -41, 1240
-10076, 2088, -42, -42, 1240
-10062, 2091, -36, -36, 1240
-10062, 2091, -36, -36, 1240
-9882, 2125, 147, 147, 1240
-9879, 2125, 153, 153, 1240
-9879, 2124, 154, 154, 1240
-9879, 2124, 154, 154, 1240
-9879, 2123, 154, 154, 1240
-9880, 2124, 154, 154, 1240
-9879, 2122, 154, 154, 1240
-9880, 2123, 153, 153, 1240
-9880, 2123, 153, 153, 1240
-9880, 2123, 153, 153, 1240
-9881, 2123, 152, 152, 1240
-9882, 2122, 152, 152, 1240
-9882, 2122, 150, 150, 1240
-9882, 2122, 150, 150, 1240
-9883, 2122, 150, 150, 1240
-9884, 2122, 149, 149, 1240
-9884, 2121, 149, 149, 1240
-9885, 2121, 148, 148, 1240
-9885, 2121, 148, 148, 1233
-9886, 2122, 147, 147, 1233
-9886, 2122, 147, 147, 1233
-9886, 2122, 147, 147, 1233
-9887, 2122, 147, 147, 1233
-9887, 2122, 146, 146, 1233
-9887, 2122, 146, 146, 1233
-9887, 2121, 146, 146, 1233
-9887, 2122, 146, 146, 1233
-9887, 2122, 146, 146, 1233
-9888, 2122, 145, 145, 1233
-9888, 2121, 145, 145, 1233
-9888, 2121, 145, 145, 1233
-9888, 2120, 144, 144, 1233
-9889, 2120, 144, 144, 1233
-9888, 2120, 144, 144, 1233
-9888, 2120, 144, 144, 1233
-9889, 2120, 144, 144, 1233
-9889, 2120, 143, 143, 1233
-9889, 2120, 143, 143, 1233
-9889, 2120, 144, 144, 1233
-9889, 2120, 144, 144, 1233
-9889, 2120, 143, 143, 1233
-9890, 2121, 143, 143, 1240
-9890, 2121, 143, 143, 1240
-9891, 2121, 143, 143, 1240
-9890, 2120, 143, 143, 1240
-9890, 2121, 142, 142, 1240
-9890, 2120, 143, 143, 1240
-9890, 2120, 143, 143, 1240
-9891, 2121, 142, 142, 1240
-9891, 2121, 142, 142, 1240
-9890, 2120, 142, 142, 1240
-9891, 2120, 142, 142, 1240
-9891, 2120, 142, 142, 1240
-9892, 2120, 141, 141, 1240
-9892, 2120, 141, 141, 1240
-9892, 2120, 141, 141, 1240
-9891, 2119, 142, 142, 1240
-9891, 2119, 142, 142, 1240
-9892, 2119, 141, 141, 1240
-9891, 2120, 142, 142, 1240
-9892, 2120, 141, 141, 1240
-9892, 2120, 140, 140, 1240
-9892, 2120, 140, 140, 1240
-9893, 2119, 141, 141, 1240
-9893, 2119, 141, 141, 1227
-9893, 2119, 141, 141, 1227
-9892, 2120, 140, 140, 1227
-9892, 2119, 140, 140, 1227
-9893, 2120, 140, 140, 1227
-9893, 2120, 140, 140, 1227
-9893, 2119, 140, 140, 1227
-9893, 2119, 140, 140, 1227
-9893, 2119, 140, 140, 1227
-9892, 2119, 140, 140, 1227
-9893, 2119, 140, 140, 1227
-9892, 2120, 140, 140, 1227
-9892, 2120, 140, 140, 1227
-9893, 2120, 139, 139, 1227
-9893, 2120, 139, 139, 1227
-9892, 2119, 140, 140, 1227
-9893, 2120, 140, 140, 1227
-9893, 2119, 140, 140, 1227
-9894, 2120, 139, 139, 1227
-9893, 2120, 139, 139, 1227
-9893, 2120, 139, 139, 1227
-9893, 2119, 140, 140, 1227
-9893, 2119, 139, 139, 1227
-9893, 2119, 139, 139, 1227
-9894, 2119, 139, 139, 1227
-9894, 2120, 139, 139, 1220
-9894, 2120, 139, 139, 1220
-9894, 2119, 139, 139, 1220
-9893, 2120, 139, 139, 1220
-9894, 2119, 139, 139, 1220
-9894, 2119, 139, 139, 1220
-9894, 2119, 139, 139, 1220
-9893, 2119, 139, 139, 1220
-9893, 2119, 139, 139, 1220
-9894, 2119, 139, 139, 1220
-9894, 2118, 139, 139, 1220
-9893, 2119, 140, 140, 1220
-9893, 2119, 139, 139, 1220
-9895, 2119, 139, 139, 1220
-9895, 2119, 138, 138, 1220
-9895, 2119, 138, 138, 1220
-9894, 2119, 139, 139, 1220
-9895, 2120, 138, 138, 1220
-9892, 2120, 139, 139, 1220
-9892, 2120, 139, 139, 1220
-9895, 2119, 139, 139, 1220
-9894, 2119, 139, 139, 1220
-9894, 2119, 139, 139, 1220
-9894, 2119, 139, 139, 1220
-9894, 2119, 139, 139, 1220
-9894, 2119, 138, 138, 1220
-9894, 2120, 138, 138, 1231
-9894, 2120, 138, 138, 1231
-9895, 2120, 138, 138, 1231
-9894, 2120, 138, 138, 1231
-10080, 2083, 30, 30, 1231
-10080, 2083, 30, 30, 1231
-10092, 2083, -57, -57, 1231
-10092, 2083, -57, -57, 1231
-10087, 2085, -57, -57, 1231
-10087, 2085, -57, -57, 1231
-10086, 2087, -55, -55, 1231
-10086, 2087, -55, -55, 1231
-10089, 2086, -55, -55, 1231
-10087, 2086, -54, -54, 1231
-10087, 2086, -54, -54, 1231
-10087, 2086, -54, -54, 1231
-10084, 2087, -53, -53, 1231
-10083, 2087, -53, -53, 1231
-10082, 2087, -52, -52, 1231
-10082, 2087, -52, -52, 1231
-10085, 2088, -52, -52, 1231
-10085, 2088, -52, -52, 1231
-10084, 2088, -50, -50, 1231
-10083, 2087, -50, -50, 1231
-10083, 2087, -49, -49, 1231
-10082, 2088, -50, -50, 1231
-10083, 2088, -48, -48, 1214
-10083, 2088, -48, -48, 1214
-10082, 2088, -48, -48, 1214
-10082, 2088, -48, -48, 1214
-10083, 2088, -48, -48, 1214
-10082, 2088, -48, -48, 1214
-10082, 2088, -48, -48, 1214
-10080, 2087, -47, -47, 1214
-10076, 2088, -47, -47, 1214
-10076, 2088, -47, -47, 1214
-10078, 2088, -47, -47, 1214
-10078, 2088, -47, -47, 1214
-10078, 2089, -46, -46, 1214
-10082, 2088, -46, -46, 1214
-10080, 2088, -46, -46, 1214
-10078, 2088, -46, -46, 1214
-10078, 2088, -46, -46, 1214
-10078, 2089, -46, -46, 1214
-10077, 2089, -47, -47, 1214
-10075, 2090, -45, -45, 1214
-10075, 2089, -45, -45, 1214
-10076, 2091, -46, -46, 1214
-10078, 2089, -45, -45, 1214
-10078, 2089, -45, -45, 1227
-10077, 2089, -45, -45, 1227
-10077, 2089, -45, -45, 1227
-10077, 2088, -45, -45, 1227
-10077, 2088, -45, -45, 1227
-10077, 2088, -45, -45, 1227
-10076, 2090, -45, -45, 1227
-10076, 2090, -45, -45, 1227
-10074, 2090, -44, -44, 1227
-10079, 2090, -44, -44, 1227
-10079, 2090, -44, -44, 1227
-10079, 2089, -44, -44, 1227
-10074, 2090, -44, -44, 1227
-10074, 2090, -44, -44, 1227
-10073, 2090, -43, -43, 1227
-10072, 2090, -42, -42, 1227
-10079, 2089, -44, -44, 1227
-10077, 2090, -43, -43, 1227
-10077, 2090, -43, -43, 1227
-10076, 2090, -42, -42, 1227
-10076, 2090, -42, -42, 1227
-10074, 2090, -43, -43, 1227
-10075, 2089, -42, -42, 1227
-10075, 2089, -42, -42, 1227
-10074, 2089, -42, -42, 1227
-10074, 2089, -42, -42, 1227
-10078, 2090, -43, -43, 1227
-10078, 2090, -43, -43, 1227
-10073, 2090, -43, -43, 1227
-10073, 2090, -43, -43, 1227
-10076, 2090, -42, -42, 1227
-10076, 2089, -41, -41, 1227
-10077, 2089, -42, -42, 1227
-10077, 2089, -42, -42, 1227
-10075, 2090, -42, -42, 1227
-10075, 2090, -42, -42, 1227
-10073, 2091, -41, -41, 1227
-10076, 2090, -42, -42, 1227
-10076, 2090, -42, -42, 1227
-10075, 2091, -41, -41, 1227
-10075, 2091, -41, -41, 1227
-10074, 2089, -42, -42, 1227
-10076, 2088, -42, -42, 1227
-10075, 2090, -41, -41, 1227
-10075, 2090, -41, -41, 1227
-10073, 2089, -41, -41, 1227
-10075, 2089, -41, -41, 1227
-10074, 2090, -42, -42, 1227
-10075, 2091, -40, -40, 1227
-10072, 2091, -41, -41, 1227
-10072, 2091, -41, -41, 1227
-10074, 2090, -40, -40, 1225
-10074, 2090, -40, -40, 1225
-10074, 2090, -40, -40, 1225
-10072, 2090, -41, -41, 1225
-10072, 2090, -41, -41, 1225
-10073, 2090, -41, -41, 1225
-10072, 2091, -41, -41, 1225
-10076, 2090, -41, -41, 1225
-10076, 2090, -41, -41, 1225
-10073, 2090, -40, -40, 1225
-10073, 2090, -40, -40, 1225
-10073, 2091, -40, -40, 1225
-10070, 2091, -40, -40, 1225
-10070, 2091, -40, -40, 1225
-10073, 2091, -40, -40, 1225
-10059, 2091, -37, -37, 1225
-9887, 2126, 96, 96, 1225
-9887, 2126, 96, 96, 1225
-9880, 2124, 151, 151, 1225
-9878, 2125, 154, 154, 1225
-9878, 2124, 155, 155, 1225
-9878, 2124, 155, 155, 1225
-9879, 2124, 154, 154, 1225
-9878, 2124, 154, 154, 1225
-9878, 2124, 154, 154, 1225
-9881, 2123, 152, 152, 1233
-9881, 2123, 152, 152, 1233
-9881, 2123, 152, 152, 1233
-9882, 2123, 151, 151, 1233
-9881, 2123, 151, 151, 1233
-9883, 2123, 150, 150, 1233
-9883, 2123, 150, 150, 1233
-9883, 2123, 150, 150, 1233
-9884, 2123, 149, 149, 1233
-9884, 2122, 149, 149, 1233
-9885, 2122, 149, 149, 1233
-9884, 2123, 148, 148, 1233
-9884, 2123, 148, 148, 1233
-9885, 2121, 148, 148, 1233
-9886, 2123, 147, 147, 1233
-9886, 2122, 147, 147, 1233
-9886, 2122, 147, 147, 1233
-9886, 2122, 147, 147, 1233
-9887, 2122, 147, 147, 1233
-9887, 2122, 146, 146, 1233
-9887, 2122, 146, 146, 1233
-9888, 2121, 145, 145, 1233
-9888, 2121, 145, 145, 1233
-9887, 2121, 145, 145, 1233
-9888, 2122, 145, 145, 1233
-9888, 2121, 145, 145, 1233
-9888, 2121, 145, 145, 1233
-9887, 2121, 145, 145, 1229
-9888, 2121, 145, 145, 1229
-9889, 2121, 145, 145, 1229
-9889, 2121, 144, 144, 1229
-9889, 2121, 144, 144, 1229
-9888, 2120, 144, 144, 1229
-9888, 2121, 143, 143, 1229
-9888, 2121, 143, 143, 1229
-9890, 2121, 144, 144, 1229
-9890, 2122, 143, 143, 1229
-9890, 2121, 143, 143, 1229
-9890, 2121, 143, 143, 1229
-9890, 2120, 143, 143, 1229
-9890, 2121, 143, 143, 1229
-9889, 2120, 143, 143, 1229
-9891, 2121, 142, 142, 1229
-9890, 2121, 142, 142, 1229
-9891, 2121, 142, 142, 1229
-9890, 2121, 143, 143, 1229
-9890, 2121, 143, 143, 1229
-9891, 2120, 142, 142, 1229
-9891, 2120, 142, 142, 1229
-9891, 2120, 141, 141, 1229
-9892, 2120, 141, 141, 1229
-9891, 2121, 141, 141, 1229
-9891, 2121, 142, 142, 1236
-9891, 2120, 141, 141, 1236
-9891, 2120, 141, 141, 1236
-9891, 2121, 142, 142, 1236
-9890, 2121, 141, 141, 1236
-9891, 2121, 141, 141, 1236
-9892, 2120, 141, 141, 1236
-9892, 2120, 141, 141, 1236
-9892, 2120, 141, 141, 1236
-9892, 2121, 141, 141, 1236
-9892, 2120, 140, 140, 1236
-9892, 2120, 140, 140, 1236
-9891, 2122, 142, 142, 1236
-9893, 2121, 140, 140, 1236
-9893, 2121, 140, 140, 1236
-9892, 2122, 141, 141, 1236
-9891, 2120, 141, 141, 1236
-9893, 2120, 141, 141, 1236
-9891, 2120, 141, 141, 1236
-9893, 2120, 140, 140, 1236
-9893, 2120, 140, 140, 1236
-9892, 2120, 141, 141, 1236
-9893, 2120, 140, 140, 1236
-9893, 2120, 140, 140, 1236
-9893, 2121, 140, 140, 1236
-9892, 2120, 141, 141, 1236
-9892, 2120, 141, 141, 1236
-9893, 2120, 140, 140, 1233
-9893, 2120, 140, 140, 1233
-9893, 2120, 140, 140, 1233
-9893, 2120, 140, 140, 1233
-9893, 2120, 140, 140, 1233
-9892, 2121, 140, 140, 1233
-9893, 2120, 140, 140, 1233
-9892, 2120, 140, 140, 1233
-9893, 2120, 140, 140, 1233
-9892, 2120, 140, 140, 1233
-9893, 2120, 140, 140, 1233
-9893, 2120, 140, 140, 1233
-9893, 2119, 140, 140, 1233
-9893, 2120, 140, 140, 1233
-9893, 2120, 140, 140, 1233
-9892, 2119, 139, 139, 1233
-9894, 2120, 139, 139, 1233
-9893, 2120, 140, 140, 1233
-9894, 2120, 139, 139, 1233
-9893, 2119, 140, 140, 1233
-9894, 2120, 139, 139, 1233
-9893, 2120, 139, 139, 1233
-9893, 2120, 139, 139, 1233
-9893, 2120, 140, 140, 1233
-9893, 2120, 140, 140, 1233
-9894, 2120, 139, 139, 1233
-9894, 2120, 139, 139, 1233
-9893, 2119, 139, 139, 1231
-9893, 2119, 139, 139, 1231
-9894, 2120, 139, 139, 1231
-9893, 2120, 139, 139, 1231
-9894, 2120, 139, 139, 1231
-9893, 2120, 139, 139, 1231
-9893, 2119, 139, 139, 1231
-9894, 2121, 139, 139, 1231
-9895, 2120, 138, 138, 1231
-9893, 2120, 139, 139, 1231
-9893, 2120, 139, 139, 1231
-9894, 2120, 139, 139, 1231
-9893, 2119, 139, 139, 1231
-9893, 2120, 139, 139, 1231
-9893, 2120, 139, 139, 1231
-9895, 2119, 139, 139, 1231
-9894, 2119, 139, 139, 1231
-9894, 2120, 139, 139, 1231
-9894, 2120, 139, 139, 1231
-9894, 2120, 139, 139, 1231
-9894, 2120, 139, 139, 1231
-9894, 2119, 139, 139, 1231
-9894, 2119, 139, 139, 1231
-9894, 2120, 139, 139, 1231
-9895, 2120, 139, 139, 1231
-9895, 2120, 139, 139, 1231
-9894, 2120, 139, 139, 1229
-9894, 2120, 139, 139, 1229
-9894, 2119, 139, 139, 1229
-9895, 2119, 139, 139, 1229
-9895, 2119, 139, 139, 1229
-9895, 2119, 139, 139, 1229
-9893, 2119, 139, 139, 1229
-9895, 2119, 139, 139, 1229
-9895, 2119, 139, 139, 1229
-9894, 2119, 139, 139, 1229
-9894, 2119, 139, 139, 1229
-9894, 2119, 139, 139, 1229
-9894, 2119, 138, 138, 1229
-9894, 2119, 138, 138, 1229
-9894, 2120, 139, 139, 1229
-9894, 2120, 139, 139, 1229
-9894, 2120, 139, 139, 1229
-9894, 2119, 138, 138, 1229
-9893, 2119, 139, 139, 1229
-9893, 2120, 139, 139, 1229
-9894, 2119, 139, 139, 1229
-9894, 2119, 139, 139, 1229
-9894, 2120, 138, 138, 1229
-9894, 2120, 139, 139, 1229
-9894, 2120, 138, 138, 1229
-9894, 2119, 138, 138, 1220
-9894, 2119, 138, 138, 1220
-9894, 2119, 139, 139, 1220
-9893, 2119, 139, 139, 1220
-9894, 2120, 139, 139, 1220
-9894, 2120, 139, 139, 1220
-9894, 2119, 139, 139, 1220
-9894, 2120, 138, 138, 1220
-9895, 2120, 138, 138, 1220
-9894, 2120, 138, 138, 1220
-9894, 2120, 139, 139, 1220
-9894, 2120, 139, 139, 1220
-9895, 2120, 138, 138, 1220
-9894, 2120, 138, 138, 1220
-9895, 2120, 138, 138, 1220
-9895, 2119, 138, 138, 1220
-9895, 2119, 138, 138, 1220
-9894, 2120, 138, 138, 1220
-9895, 2120, 138, 138, 1220
-9894, 2119, 139, 139, 1220
-9894, 2119, 139, 139, 1220
-9894, 2119, 139, 139, 1220
-9894, 2120, 139, 139, 1220
-9894, 2121, 138, 138, 1220
-9896, 2120, 138, 138, 1220
-9894, 2119, 139, 139, 1220
