-9780, 2273, 252, 252, 2175
-9781, 2274, 252, 252, 2175
-9780, 2273, 252, 252, 2175
-9780, 2274, 252, 252, 2175
-9781, 2273, 252, 252, 2175
-9780, 2273, 253, 253, 2175
-9780, 2273, 253, 253, 2175
-9780, 2272, 252, 252, 2175
-9781, 2272, 252, 252, 2175
-9780, 2273, 252, 252, 2175
-9780, 2273, 252, 252, 2175
-9781, 2273, 253, 253, 2175
-9780, 2273, 252, 252, 2175
-9780, 2273, 252, 252, 2175
-9781, 2274, 252, 252, 2175
-9781, 2274, 252, 252, 2175
-9781, 2273, 252, 252, 2175
-9781, 2274, 252, 252, 2175
-9781, 2274, 251, 251, 2175
-9782, 2273, 252, 252, 2170
-9781, 2273, 252, 252, 2170
-9780, 2273, 252, 252, 2170
-9780, 2273, 252, 252, 2170
-9781, 2273, 252, 252, 2170
-9780, 2274, 252, 252, 2170
-9781, 2274, 252, 252, 2170
-9781, 2273, 252, 252, 2170
-9781, 2273, 252, 252, 2170
-9781, 2273, 252, 252, 2170
-9782, 2273, 252, 252, 2170
-9781, 2274, 252, 252, 2170
-9780, 2274, 252, 252, 2170
-9780, 2273, 252, 252, 2170
-9780, 2273, 252, 252, 2170
-9780, 2274, 252, 252, 2170
-9780, 2274, 252, 252, 2170
-9781, 2273, 252, 252, 2170
-9781, 2274, 252, 252, 2170
-9780, 2274, 253, 253, 2170
-9781, 2274, 251, 251, 2170
-9781, 2274, 251, 251, 2170
-9781, 2274, 252, 252, 2170
-9781, 2274, 252, 252, 2170
-9781, 2274, 252, 252, 2157
-9781, 2274, 252, 252, 2157
-9780, 2274, 252, 252, 2157
-9781, 2274, 252, 252, 2157
-9780, 2273, 252, 252, 2157
-9780, 2274, 252, 252, 2157
-9782, 2273, 252, 252, 2157
-9780, 2274, 252, 252, 2157
-9781, 2274, 252, 252, 2157
-9780, 2274, 252, 252, 2157
-9780, 2274, 252, 252, 2157
-9781, 2273, 252, 252, 2157
-9782, 2274, 251, 251, 2157
-9782, 2274, 251, 251, 2157
-9781, 2274, 252, 252, 2157
-9781, 2274, 252, 252, 2157
-9781, 2274, 252, 252, 2157
-9780, 2274, 252, 252, 2157
-9781, 2274, 252, 252, 2157
-9781, 2273, 252, 252, 2157
-9781, 2274, 251, 251, 2157
-9781, 2274, 251, 251, 2157
-9781, 2273, 252, 252, 2157
-9781, 2273, 252, 252, 2157
-9782, 2272, 251, 251, 2157
-9781, 2273, 252, 252, 2157
-9781, 2273, 252, 252, 2157
-9782, 2273, 251, 251, 2144
-9782, 2274, 251, 251, 2144
-9781, 2274, 252, 252, 2144
-9781, 2274, 252, 252, 2144
-9782, 2274, 252, 252, 2144
-9781, 2274, 251, 251, 2144
-9781, 2274, 251, 251, 2144
-9781, 2273, 252, 252, 2144
-9781, 2273, 252, 252, 2144
-9782, 2274, 252, 252, 2144
-9781, 2274, 252, 252, 2144
-9781, 2274, 252, 252, 2144
-9780, 2274, 252, 252, 2144
-9781, 2273, 252, 252, 2144
-9781, 2273, 252, 252, 2144
-9780, 2274, 252, 252, 2144
-9780, 2274, 252, 252, 2144
-9781, 2274, 252, 252, 2144
-9781, 2274, 252, 252, 2144
-9781, 2275, 251, 251, 2144
-9781, 2275, 251, 251, 2144
-9781, 2274, 252, 252, 2144
-9780, 2274, 252, 252, 2144
-9780, 2273, 252, 252, 2144
-9781, 2273, 252, 252, 2144
-9781, 2273, 252, 252, 2144
-9782, 2273, 252, 252, 2144
-9781, 2274, 252, 252, 2144
-9888, 2256, 117, 117, 2144
-9884, 2257, 146, 146, 2144
-9881, 2256, 153, 153, 2144
-9884, 2256, 151, 151, 2144
-9877, 2258, 153, 153, 2144
-9877, 2258, 153, 153, 2144
-9878, 2259, 154, 154, 2144
-9879, 2259, 154, 154, 2144
-9879, 2259, 154, 154, 2144
-9880, 2258, 155, 155, 2144
-9880, 2258, 155, 155, 2144
-9876, 2258, 157, 157, 2144
-9876, 2258, 157, 157, 2144
-9875, 2259, 156, 156, 2144
-9875, 2259, 156, 156, 2144
-9875, 2259, 157, 157, 2144
-9876, 2260, 156, 156, 2144
-9876, 2260, 156, 156, 2144
-9876, 2259, 158, 158, 2144
-9878, 2259, 155, 155, 2137
-9878, 2259, 155, 155, 2137
-9874, 2260, 157, 157, 2137
-9874, 2260, 157, 157, 2137
-9873, 2259, 159, 159, 2137
-9876, 2260, 157, 157, 2137
-9875, 2259, 157, 157, 2137
-9877, 2259, 158, 158, 2137
-9877, 2259, 158, 158, 2137
-9873, 2259, 159, 159, 2137
-9873, 2259, 159, 159, 2137
-9874, 2260, 157, 157, 2137
-9874, 2260, 157, 157, 2137
-9872, 2258, 159, 159, 2137
-9873, 2259, 158, 158, 2137
-9873, 2259, 158, 158, 2137
-9875, 2258, 158, 158, 2137
-9875, 2258, 158, 158, 2137
-9875, 2260, 158, 158, 2137
-9876, 2260, 159, 159, 2137
-9873, 2259, 160, 160, 2137
-9875, 2260, 157, 157, 2137
-9875, 2260, 157, 157, 2137
-9874, 2260, 159, 159, 2137
-9873, 2260, 158, 158, 2137
-9873, 2260, 158, 158, 2137
-9872, 2259, 159, 159, 2129
-9872, 2259, 159, 159, 2129
-9874, 2260, 157, 157, 2129
-9871, 2260, 159, 159, 2129
-9871, 2260, 159, 159, 2129
-9876, 2259, 158, 158, 2129
-9876, 2259, 158, 158, 2129
-9874, 2259, 160, 160, 2129
-9875, 2259, 158, 158, 2129
-9875, 2259, 158, 158, 2129
-9870, 2260, 160, 160, 2129
-9872, 2259, 160, 160, 2129
-9874, 2260, 158, 158, 2129
-9874, 2259, 160, 160, 2129
-9874, 2259, 160, 160, 2129
-9873, 2260, 159, 159, 2129
-9873, 2260, 159, 159, 2129
-9875, 2259, 159, 159, 2129
-9875, 2259, 159, 159, 2129
-9875, 2260, 160, 160, 2129
-9875, 2260, 160, 160, 2129
-9873, 2260, 159, 159, 2129
-9871, 2260, 160, 160, 2129
-9871, 2260, 160, 160, 2129
-9873, 2260, 159, 159, 2129
-9872, 2259, 160, 160, 2135
-9872, 2259, 160, 160, 2135
-9874, 2259, 160, 160, 2135
-9874, 2259, 160, 160, 2135
-9871, 2259, 159, 159, 2135
-9871, 2259, 159, 159, 2135
-9875, 2260, 159, 159, 2135
-9875, 2260, 159, 159, 2135
-9874, 2259, 160, 160, 2135
-9874, 2259, 160, 160, 2135
-9875, 2259, 160, 160, 2135
-9873, 2259, 159, 159, 2135
-9874, 2260, 159, 159, 2135
-9874, 2260, 159, 159, 2135
-9874, 2259, 161, 161, 2135
-9874, 2259, 161, 161, 2135
-9873, 2260, 160, 160, 2135
-9873, 2260, 160, 160, 2135
-9873, 2259, 161, 161, 2135
-9874, 2260, 159, 159, 2135
-9872, 2260, 160, 160, 2129
-9872, 2260, 160, 160, 2129
-9870, 2259, 161, 161, 2129
-9873, 2260, 160, 160, 2129
-9873, 2260, 160, 160, 2129
-9872, 2260, 161, 161, 2129
-9872, 2260, 161, 161, 2129
-9877, 2260, 159, 159, 2129
-9871, 2259, 161, 161, 2129
-9874, 2261, 159, 159, 2129
-9874, 2261, 159, 159, 2129
-9870, 2259, 160, 160, 2129
-9870, 2259, 160, 160, 2129
-9874, 2261, 160, 160, 2129
-9768, 2277, 264, 264, 2129
-9768, 2277, 264, 264, 2129
-9771, 2276, 262, 262, 2129
-9771, 2276, 262, 262, 2129
-9772, 2276, 260, 260, 2129
-9773, 2276, 260, 260, 2129
-9773, 2276, 260, 260, 2129
-9774, 2276, 259, 259, 2129
-9775, 2275, 258, 258, 2129
-9775, 2275, 258, 258, 2126
-9777, 2275, 257, 257, 2126
-9777, 2275, 257, 257, 2126
-9775, 2275, 257, 257, 2126
-9776, 2275, 257, 257, 2126
-9776, 2275, 257, 257, 2126
-9778, 2274, 256, 256, 2126
-9778, 2274, 256, 256, 2126
-9777, 2275, 256, 256, 2126
-9777, 2276, 255, 255, 2126
-9777, 2276, 255, 255, 2126
-9777, 2275, 255, 255, 2126
-9778, 2275, 255, 255, 2126
-9778, 2275, 255, 255, 2126
-9778, 2276, 255, 255, 2126
-9778, 2275, 254, 254, 2126
-9778, 2275, 254, 254, 2126
-9778, 2275, 254, 254, 2126
-9779, 2275, 254, 254, 2126
-9780, 2275, 254, 254, 2126
-9779, 2274, 254, 254, 2126
-9779, 2274, 254, 254, 2126
-9779, 2275, 254, 254, 2126
-9779, 2274, 254, 254, 2126
-9779, 2275, 254, 254, 2126
-9780, 2275, 254, 254, 2126
-9779, 2275, 253, 253, 2126
-9779, 2274, 253, 253, 2126
-9780, 2275, 253, 253, 2126
-9779, 2275, 253, 253, 2126
-9779, 2276, 253, 253, 2126
-9780, 2274, 253, 253, 2126
-9779, 2275, 253, 253, 2126
-9779, 2275, 253, 253, 2126
-9780, 2274, 253, 253, 2126
-9780, 2275, 253, 253, 2126
-9779, 2274, 254, 254, 2126
-9779, 2274, 254, 254, 2126
-9780, 2274, 254, 254, 2126
-9779, 2274, 254, 254, 2126
-9779, 2274, 254, 254, 2126
-9779, 2274, 253, 253, 2126
-9779, 2274, 253, 253, 2126
-9780, 2274, 253, 253, 2126
-9781, 2274, 252, 252, 2126
-9780, 2274, 253, 253, 2126
-9780, 2274, 253, 253, 2126
-9780, 2274, 253, 253, 2126
-9780, 2274, 253, 253, 2126
-9780, 2273, 253, 253, 2126
-9780, 2273, 253, 253, 2126
-9779, 2274, 253, 253, 2126
-9780, 2274, 253, 253, 2126
-9780, 2274, 253, 253, 2126
-9780, 2274, 253, 253, 2126
-9779, 2274, 253, 253, 2126
-9779, 2275, 253, 253, 2126
-9780, 2275, 253, 253, 2126
-9780, 2275, 253, 253, 2126
-9780, 2274, 252, 252, 2126
-9779, 2274, 253, 253, 2126
-9779, 2274, 253, 253, 2126
-9779, 2274, 253, 253, 2126
-9780, 2275, 253, 253, 2126
-9780, 2275, 253, 253, 2126
-9780, 2274, 252, 252, 2126
-9780, 2274, 252, 252, 2126
-9780, 2274, 253, 253, 2126
-9781, 2275, 253, 253, 2126
-9781, 2275, 253, 253, 2126
-9780, 2274, 253, 253, 2126
-9780, 2274, 253, 253, 2126
-9780, 2275, 253, 253, 2126
-9780, 2274, 253, 253, 2126
-9781, 2274, 252, 252, 2126
-9781, 2274, 253, 253, 2126
-9781, 2274, 253, 253, 2126
-9779, 2274, 253, 253, 2126
-9781, 2275, 252, 252, 2126
-9781, 2275, 252, 252, 2126
-9780, 2275, 252, 252, 2142
-9780, 2273, 253, 253, 2142
-9781, 2274, 252, 252, 2142
-9781, 2274, 252, 252, 2142
-9780, 2275, 253, 253, 2142
-9780, 2275, 253, 253, 2142
-9780, 2274, 252, 252, 2142
-9780, 2274, 252, 252, 2142
-9780, 2274, 253, 253, 2142
-9780, 2275, 252, 252, 2142
-9780, 2275, 253, 253, 2142
-9781, 2274, 253, 253, 2142
-9780, 2274, 252, 252, 2142
-9780, 2274, 252, 252, 2142
-9781, 2274, 252, 252, 2142
-9780, 2274, 252, 252, 2142
-9780, 2275, 253, 253, 2142
-9780, 2273, 252, 252, 2142
-9780, 2274, 253, 253, 2142
-9780, 2274, 253, 253, 2142
-9780, 2274, 252, 252, 2142
-9780, 2274, 252, 252, 2142
-9780, 2275, 252, 252, 2142
-9780, 2274, 252, 252, 2142
-9780, 2274, 252, 252, 2142
-9780, 2274, 252, 252, 2133
-9780, 2274, 252, 252, 2133
-9781, 2275, 252, 252, 2133
-9781, 2275, 252, 252, 2133
-9780, 2275, 252, 252, 2133
-9782, 2274, 252, 252, 2133
-9780, 2274, 252, 252, 2133
-9780, 2275, 252, 252, 2133
-9781, 2275, 252, 252, 2133
-9781, 2275, 252, 252, 2133
-9780, 2274, 252, 252, 2133
-9781, 2273, 252, 252, 2133
-9780, 2274, 252, 252, 2133
-9781, 2274, 252, 252, 2133
-9781, 2274, 252, 252, 2133
-9781, 2274, 252, 252, 2133
-9780, 2274, 252, 252, 2133
-9892, 2256, 128, 128, 2133
-9892, 2256, 128, 128, 2133
-9878, 2257, 152, 152, 2133
-9878, 2257, 152, 152, 2133
-9880, 2258, 152, 152, 2133
-9880, 2258, 152, 152, 2133
-9881, 2259, 154, 154, 2133
-9881, 2259, 154, 154, 2133
-9876, 2258, 156, 156, 2133
-9878, 2259, 155, 155, 2133
-9878, 2259, 155, 155, 2133
-9876, 2258, 156, 156, 2133
-9878, 2258, 155, 155, 2129
-9875, 2259, 158, 158, 2129
-9875, 2259, 158, 158, 2129
-9872, 2259, 158, 158, 2129
-9872, 2259, 158, 158, 2129
-9875, 2259, 157, 157, 2129
-9873, 2260, 158, 158, 2129
-9873, 2260, 158, 158, 2129
-9874, 2260, 157, 157, 2129
-9874, 2259, 159, 159, 2129
-9874, 2259, 159, 159, 2129
-9877, 2260, 158, 157, 2129
-9876, 2259, 159, 159, 2129
-9876, 2259, 159, 159, 2129
-9873, 2259, 158, 158, 2129
-9873, 2259, 158, 158, 2129
-9872, 2260, 158, 158, 2129
-9872, 2260, 158, 158, 2129
-9872, 2260, 159, 159, 2129
-9872, 2260, 159, 159, 2129
-9870, 2259, 160, 160, 2129
-9870, 2259, 160, 160, 2129
-9876, 2259, 158, 158, 2129
-9876, 2259, 158, 158, 2129
-9875, 2260, 159, 159, 2129
-9872, 2259, 159, 159, 2129
-9872, 2259, 159, 159, 2129
-9871, 2260, 159, 159, 2126
-9871, 2260, 159, 159, 2126
-9871, 2260, 160, 160, 2126
-9875, 2261, 159, 159, 2126
-9875, 2261, 159, 159, 2126
-9876, 2261, 159, 159, 2126
-9876, 2261, 159, 159, 2126
-9873, 2260, 159, 159, 2126
-9873, 2261, 159, 159, 2126
-9873, 2261, 159, 159, 2126
-9871, 2260, 160, 160, 2126
-9874, 2260, 160, 160, 2126
-9874, 2260, 160, 160, 2126
-9874, 2260, 161, 161, 2126
-9874, 2260, 161, 161, 2126
-9871, 2260, 161, 161, 2126
-9876, 2261, 158, 158, 2126
-9874, 2260, 161, 161, 2126
-9873, 2261, 161, 161, 2126
-9873, 2261, 161, 161, 2126
-9869, 2261, 161, 161, 2126
-9872, 2261, 161, 161, 2126
-9872, 2260, 161, 161, 2126
-9872, 2260, 161, 161, 2126
-9873, 2260, 159, 159, 2118
-9873, 2260, 159, 159, 2118
-9874, 2261, 159, 159, 2118
-9874, 2261, 159, 159, 2118
-9874, 2260, 159, 159, 2118
-9874, 2260, 159, 159, 2118
-9871, 2260, 161, 161, 2118
-9871, 2260, 161, 161, 2118
-9871, 2261, 160, 160, 2118
-9871, 2261, 160, 160, 2118
-9875, 2260, 159, 159, 2118
-9875, 2260, 159, 159, 2118
-9873, 2260, 160, 160, 2118
-9874, 2260, 159, 159, 2118
-9874, 2260, 159, 159, 2118
-9871, 2260, 161, 161, 2118
-9871, 2260, 161, 161, 2118
-9870, 2261, 160, 160, 2118
-9870, 2261, 160, 160, 2118
-9876, 2261, 159, 159, 2118
-9874, 2260, 160, 160, 2118
-9874, 2260, 160, 160, 2118
-9875, 2261, 159, 159, 2118
-9875, 2261, 159, 159, 2118
-9872, 2261, 161, 161, 2118
-9872, 2261, 161, 161, 2118
-9871, 2261, 161, 161, 2118
-9872, 2262, 161, 161, 2118
-9875, 2260, 161, 161, 2115
-9875, 2260, 161, 161, 2115
-9874, 2260, 159, 159, 2115
-9871, 2261, 161, 161, 2115
-9871, 2261, 161, 161, 2115
-9872, 2259, 160, 160, 2115
-9869, 2260, 161, 161, 2115
-9872, 2262, 160, 160, 2115
-9872, 2262, 160, 160, 2115
-9871, 2262, 161, 161, 2115
-9873, 2261, 160, 160, 2115
-9873, 2261, 160, 160, 2115
-9874, 2261, 160, 160, 2115
-9874, 2261, 160, 160, 2115
-9870, 2261, 160, 160, 2115
-9870, 2260, 162, 162, 2115
-9871, 2262, 160, 160, 2115
-9872, 2261, 160, 160, 2115
-9872, 2262, 161, 161, 2115
-9872, 2262, 161, 161, 2115
-9873, 2261, 160, 160, 2115
-9871, 2260, 162, 162, 2115
-9871, 2260, 162, 162, 2115
-9870, 2261, 161, 161, 2115
-9870, 2261, 161, 161, 2115
-9873, 2262, 162, 162, 2115
-9877, 2262, 162, 162, 2133
-9768, 2279, 202, 202, 2133
-9768, 2278, 266, 266, 2133
-9770, 2278, 264, 264, 2133
-9769, 2278, 263, 263, 2133
-9771, 2277, 262, 262, 2133
-9774, 2277, 260, 260, 2133
-9773, 2277, 259, 259, 2133
-9773, 2277, 259, 259, 2133
-9774, 2277, 259, 259, 2133
-9775, 2276, 258, 258, 2133
-9775, 2276, 258, 258, 2133
-9775, 2276, 258, 258, 2133
-9776, 2277, 258, 258, 2133
-9776, 2277, 258, 258, 2133
-9776, 2276, 257, 257, 2133
-9776, 2276, 257, 257, 2133
-9776, 2276, 257, 257, 2133
-9776, 2275, 256, 256, 2133
-9777, 2276, 256, 256, 2133
-9776, 2275, 256, 256, 2133
-9777, 2277, 256, 256, 2133
-9777, 2277, 256, 256, 2133
-9778, 2276, 255, 255, 2133
-9776, 2276, 256, 256, 2133
-9778, 2277, 255, 255, 2124
-9778, 2276, 255, 255, 2124
-9778, 2276, 255, 255, 2124
-9778, 2276, 255, 255, 2124
-9778, 2276, 255, 255, 2124
-9778, 2276, 255, 255, 2124
-9778, 2276, 255, 255, 2124
-9778, 2275, 255, 255, 2124
-9778, 2276, 255, 255, 2124
-9777, 2276, 255, 255, 2124
-9777, 2276, 255, 255, 2124
-9779, 2276, 254, 254, 2124
-9779, 2276, 254, 254, 2124
-9779, 2276, 254, 254, 2124
-9779, 2275, 254, 254, 2124
-9779, 2275, 254, 254, 2124
-9779, 2275, 254, 254, 2124
-9778, 2276, 254, 254, 2124
-9779, 2275, 254, 254, 2124
-9779, 2275, 254, 254, 2124
-9778, 2275, 254, 254, 2124
-9779, 2276, 254, 254, 2124
-9778, 2275, 254, 254, 2124
-9778, 2275, 254, 254, 2124
-9779, 2275, 254, 254, 2124
-9779, 2276, 254, 254, 2122
-9780, 2276, 253, 253, 2122
-9780, 2275, 253, 253, 2122
-9779, 2275, 254, 254, 2122
-9779, 2275, 254, 254, 2122
-9779, 2275, 253, 253, 2122
-9781, 2275, 253, 253, 2122
-9779, 2276, 253, 253, 2122
-9780, 2276, 253, 253, 2122
-9779, 2275, 253, 253, 2122
-9779, 2275, 253, 253, 2122
-9780, 2275, 253, 253, 2122
-9779, 2275, 254, 254, 2122
-9779, 2275, 254, 254, 2122
-9780, 2275, 253, 253, 2122
-9779, 2275, 253, 253, 2122
-9779, 2275, 253, 253, 2122
-9780, 2276, 253, 253, 2122
-9780, 2275, 253, 253, 2122
-9780, 2276, 254, 254, 2122
-9780, 2276, 254, 254, 2122
-9779, 2275, 253, 253, 2122
-9779, 2276, 254, 254, 2122
-9779, 2275, 253, 253, 2122
-9779, 2276, 254, 254, 2122
-9779, 2275, 253, 253, 2122
-9780, 2275, 253, 253, 2126
-9780, 2275, 253, 253, 2126
-9780, 2275, 253, 253, 2126
-9780, 2275, 253, 253, 2126
-9780, 2275, 253, 253, 2126
-9781, 2275, 253, 253, 2126
-9779, 2276, 253, 253, 2126
-9779, 2276, 253, 253, 2126
-9779, 2276, 253, 253, 2126
-9780, 2276, 253, 253, 2126
-9779, 2276, 254, 254, 2126
-9779, 2277, 253, 253, 2126
-9779, 2277, 253, 253, 2126
-9780, 2276, 253, 253, 2126
-9779, 2275, 254, 254, 2126
-9779, 2276, 254, 254, 2126
-9779, 2276, 254, 254, 2126
-9779, 2276, 253, 253, 2126
-9779, 2276, 253, 253, 2126
-9779, 2276, 253, 253, 2126
-9779, 2276, 253, 253, 2126
-9778, 2276, 254, 254, 2126
-9778, 2276, 254, 254, 2126
-9779, 2276, 253, 253, 2126
-9779, 2276, 253, 253, 2126
-9780, 2275, 253, 253, 2126
-9780, 2276, 253, 253, 2113
-9779, 2276, 254, 254, 2113
-9780, 2275, 253, 253, 2113
-9780, 2276, 253, 253, 2113
-9779, 2276, 253, 253, 2113
-9779, 2275, 253, 253, 2113
-9779, 2275, 253, 253, 2113
-9779, 2275, 254, 254, 2113
-9779, 2275, 254, 254, 2113
-9779, 2276, 253, 253, 2113
-9779, 2276, 253, 253, 2113
-9779, 2276, 253, 253, 2113
-9780, 2275, 253, 253, 2113
-9779, 2275, 253, 253, 2113
-9780, 2276, 253, 253, 2113
-9779, 2276, 253, 253, 2113
-9780, 2276, 253, 253, 2113
-9779, 2275, 253, 253, 2113
-9779, 2275, 253, 253, 2113
-9780, 2275, 253, 253, 2113
-9779, 2275, 253, 253, 2113
-9779, 2276, 253, 253, 2113
-9873, 2253, 146, 146, 2111
-9884, 2259, 150, 150, 2111
-9880, 2259, 152, 152, 2111
-9880, 2259, 152, 152, 2111
-9879, 2260, 153, 153, 2111
-9879, 2260, 153, 153, 2111
-9876, 2261, 154, 154, 2111
-9881, 2260, 155, 155, 2111
-9881, 2260, 155, 155, 2111
-9877, 2259, 156, 156, 2111
-9879, 2259, 157, 157, 2111
-9879, 2260, 155, 155, 2111
-9875, 2260, 157, 157, 2111
-9872, 2260, 158, 158, 2111
-9872, 2260, 158, 158, 2111
-9872, 2260, 158, 158, 2111
-9873, 2261, 159, 159, 2111
-9873, 2261, 159, 159, 2111
-9877, 2260, 157, 157, 2111
-9877, 2260, 157, 157, 2111
-9873, 2260, 159, 159, 2111
-9873, 2260, 159, 159, 2111
-9874, 2259, 160, 160, 2111
-9873, 2259, 159, 159, 2111
-9873, 2259, 159, 159, 2111
-9873, 2261, 160, 160, 2113
-9873, 2260, 162, 162, 2113
-9874, 2260, 159, 159, 2113
-9873, 2260, 159, 159, 2113
-9873, 2260, 159, 159, 2113
-9870, 2262, 160, 160, 2113
-9870, 2262, 160, 160, 2113
-9875, 2260, 158, 158, 2113
-9875, 2260, 158, 158, 2113
-9876, 2261, 159, 159, 2113
-9876, 2261, 159, 159, 2113
-9873, 2260, 161, 161, 2113
-9873, 2260, 161, 161, 2113
-9874, 2260, 159, 159, 2113
-9870, 2261, 160, 160, 2113
-9871, 2261, 160, 160, 2113
-9871, 2261, 160, 160, 2113
-9871, 2261, 160, 160, 2113
-9877, 2262, 159, 159, 2113
-9877, 2262, 159, 159, 2113
-9875, 2261, 159, 159, 2113
-9875, 2261, 159, 159, 2113
-9871, 2261, 160, 160, 2113
-9871, 2261, 160, 160, 2113
-9870, 2261, 162, 162, 2111
-9870, 2261, 162, 162, 2111
-9871, 2262, 160, 160, 2111
-9871, 2262, 160, 160, 2111
-9875, 2262, 160, 160, 2111
-9875, 2262, 160, 160, 2111
-9873, 2261, 161, 161, 2111
-9872, 2260, 161, 161, 2111
-9871, 2261, 160, 160, 2111
-9872, 2263, 159, 159, 2111
-9870, 2261, 162, 162, 2111
-9870, 2261, 162, 162, 2111
-9870, 2261, 160, 160, 2111
-9870, 2261, 160, 160, 2111
-9873, 2261, 161, 161, 2111
-9873, 2262, 161, 161, 2111
-9872, 2261, 162, 162, 2111
-9874, 2261, 161, 161, 2111
-9868, 2261, 162, 162, 2111
-9868, 2261, 162, 162, 2111
-9871, 2262, 159, 159, 2111
-9871, 2262, 159, 159, 2111
-9869, 2261, 162, 162, 2111
-9873, 2262, 160, 160, 2111
-9874, 2263, 160, 160, 2113
-9874, 2263, 160, 160, 2113
-9871, 2261, 162, 162, 2113
-9871, 2261, 162, 162, 2113
-9871, 2261, 162, 162, 2113
-9872, 2263, 160, 160, 2113
-9872, 2261, 162, 162, 2113
-9872, 2261, 162, 162, 2113
-9874, 2261, 160, 160, 2113
-9873, 2261, 162, 162, 2113
-9873, 2261, 162, 162, 2113
-9870, 2262, 161, 161, 2113
-9870, 2262, 161, 161, 2113
-9869, 2262, 163, 163, 2113
-9873, 2261, 160, 160, 2113
-9872, 2261, 162, 162, 2113
-9872, 2261, 162, 162, 2113
-9871, 2261, 162, 162, 2113
-9871, 2261, 162, 162, 2113
-9871, 2261, 161, 161, 2113
-9871, 2261, 161, 161, 2113
-9871, 2260, 162, 162, 2113
-9871, 2262, 160, 160, 2113
-9871, 2262, 160, 160, 2113
-9872, 2261, 162, 162, 2113
-9873, 2260, 161, 161, 2107
-9873, 2260, 161, 161, 2107
-9876, 2261, 160, 160, 2107
-9873, 2261, 160, 160, 2107
-9870, 2262, 162, 162, 2107
-9870, 2262, 162, 162, 2107
-9872, 2261, 162, 162, 2107
-9872, 2261, 162, 162, 2107
-9870, 2260, 163, 163, 2107
-9870, 2260, 163, 163, 2107
-9870, 2261, 164, 164, 2107
-9870, 2261, 164, 164, 2107
-9765, 2280, 239, 239, 2107
-9767, 2279, 265, 265, 2107
-9767, 2279, 265, 265, 2107
-9770, 2278, 264, 264, 2107
-9771, 2278, 263, 263, 2107
-9772, 2277, 261, 261, 2107
-9772, 2277, 261, 261, 2107
-9772, 2277, 261, 261, 2107
-9773, 2277, 260, 260, 2107
-9774, 2278, 260, 260, 2107
-9774, 2277, 259, 259, 2107
-9774, 2276, 259, 259, 2107
-9775, 2278, 258, 258, 2107
-9775, 2278, 258, 258, 2107
-9776, 2277, 258, 258, 2115
-9776, 2277, 258, 258, 2115
-9775, 2276, 258, 258, 2115
-9775, 2276, 258, 258, 2115
-9775, 2277, 258, 258, 2115
-9774, 2277, 258, 258, 2115
-9774, 2277, 258, 258, 2115
-9776, 2277, 257, 257, 2115
-9777, 2277, 257, 257, 2115
-9777, 2277, 257, 257, 2115
-9777, 2277, 256, 256, 2115
-9777, 2277, 256, 256, 2115
-9777, 2277, 256, 256, 2115
-9775, 2276, 256, 256, 2115
-9777, 2276, 256, 256, 2115
-9776, 2276, 256, 256, 2115
-9777, 2276, 256, 256, 2115
-9777, 2277, 256, 256, 2115
-9777, 2277, 256, 256, 2115
-9777, 2277, 255, 255, 2115
-9777, 2277, 255, 255, 2115
-9778, 2276, 255, 255, 2115
-9777, 2276, 255, 255, 2115
-9777, 2277, 255, 255, 2115
-9777, 2277, 255, 255, 2115
-9778, 2277, 255, 255, 2115
-9777, 2276, 255, 255, 2115
-9777, 2276, 255, 255, 2118
-9777, 2276, 255, 255, 2118
-9777, 2276, 256, 256, 2118
-9778, 2277, 255, 255, 2118
-9778, 2277, 255, 255, 2118
-9778, 2276, 255, 255, 2118
-9777, 2276, 255, 255, 2118
-9778, 2277, 255, 255, 2118
-9778, 2276, 255, 255, 2118
-9778, 2276, 255, 255, 2118
-9778, 2276, 255, 255, 2118
-9778, 2276, 255, 255, 2118
-9778, 2276, 255, 255, 2118
-9778, 2276, 255, 255, 2118
-9779, 2275, 255, 255, 2118
-9779, 2276, 255, 255, 2118
-9778, 2275, 255, 255, 2118
-9778, 2276, 254, 254, 2118
-9778, 2276, 254, 254, 2118
-9778, 2276, 255, 255, 2118
-9778, 2276, 255, 255, 2118
-9779, 2276, 254, 254, 2118
-9778, 2277, 254, 254, 2118
-9778, 2275, 254, 254, 2105
-9778, 2275, 254, 254, 2105
-9779, 2275, 254, 254, 2105
-9777, 2277, 255, 255, 2105
-9778, 2276, 255, 255, 2105
-9779, 2275, 254, 254, 2105
-9779, 2276, 255, 255, 2105
-9778, 2277, 255, 255, 2105
-9779, 2276, 254, 254, 2105
-9778, 2276, 255, 255, 2105
-9778, 2276, 254, 254, 2105
-9778, 2275, 254, 254, 2105
-9778, 2275, 254, 254, 2105
-9779, 2276, 254, 254, 2105
-9779, 2276, 254, 254, 2105
-9779, 2276, 253, 253, 2105
-9779, 2277, 254, 254, 2105
-9779, 2276, 254, 254, 2105
-9778, 2276, 254, 254, 2105
-9778, 2276, 254, 254, 2105
-9777, 2275, 255, 255, 2105
-9779, 2276, 255, 255, 2105
-9779, 2275, 254, 254, 2105
-9779, 2275, 254, 254, 2105
-9778, 2275, 254, 254, 2105
-9779, 2276, 254, 254, 2105
-9778, 2276, 254, 254, 2115
-9778, 2276, 254, 254, 2115
-9779, 2276, 254, 254, 2115
-9779, 2276, 254, 254, 2115
-9778, 2276, 254, 254, 2115
-9779, 2276, 254, 254, 2115
-9779, 2276, 254, 254, 2115
-9778, 2276, 255, 255, 2115
-9779, 2277, 254, 254, 2115
-9779, 2277, 254, 254, 2115
-9779, 2277, 254, 254, 2115
-9778, 2276, 255, 255, 2115
-9778, 2276, 255, 255, 2115
-9779, 2276, 254, 254, 2115
-9778, 2276, 254, 254, 2115
-9778, 2276, 254, 254, 2115
-9778, 2276, 254, 254, 2115
-9778, 2276, 255, 255, 2115
-9780, 2276, 254, 254, 2115
-9778, 2277, 254, 254, 2115
-9778, 2277, 254, 254, 2115
-9779, 2276, 254, 254, 2115
-9779, 2276, 254, 254, 2115
-9778, 2276, 254, 254, 2115
-9779, 2275, 254, 254, 2115
-9779, 2275, 254, 254, 2115
-9779, 2276, 254, 254, 2109
-9779, 2276, 254, 254, 2109
-9779, 2276, 254, 254, 2109
-9779, 2276, 254, 254, 2109
-9779, 2276, 254, 254, 2109
-9778, 2277, 254, 254, 2109
-9779, 2276, 254, 254, 2109
-9780, 2276, 254, 254, 2109
-9780, 2276, 254, 254, 2109
-9779, 2276, 254, 254, 2109
-9881, 2259, 156, 156, 2109
-9881, 2259, 156, 156, 2109
-9885, 2259, 150, 150, 2109
-9879, 2260, 154, 154, 2109
-9880, 2260, 155, 155, 2109
-9878, 2260, 154, 154, 2109
-9880, 2260, 156, 156, 2109
-9880, 2260, 156, 156, 2109
-9873, 2260, 157, 157, 2109
-9874, 2261, 157, 157, 2109
-9874, 2261, 157, 157, 2109
-9873, 2263, 157, 157, 2109
-9873, 2261, 159, 159, 2109
-9876, 2261, 157, 157, 2109
-9876, 2261, 157, 157, 2109
-9877, 2260, 159, 159, 2109
-9873, 2260, 159, 159, 2113
-9873, 2261, 158, 158, 2113
-9873, 2261, 158, 158, 2113
-9872, 2262, 159, 159, 2113
-9873, 2262, 159, 159, 2113
-9873, 2262, 159, 159, 2113
-9871, 2262, 161, 161, 2113
-9875, 2262, 159, 159, 2113
-9875, 2262, 159, 159, 2113
-9874, 2261, 161, 161, 2113
-9874, 2261, 161, 161, 2113
-9872, 2262, 160, 160, 2113
-9871, 2262, 161, 161, 2113
-9871, 2262, 161, 161, 2113
-9871, 2261, 161, 161, 2113
-9871, 2261, 161, 161, 2113
-9875, 2262, 159, 159, 2113
-9875, 2262, 159, 159, 2113
-9869, 2261, 162, 162, 2113
-9869, 2261, 162, 162, 2113
-9871, 2262, 160, 160, 2113
-9869, 2262, 161, 161, 2113
-9869, 2262, 161, 161, 2113
-9870, 2261, 161, 161, 2113
-9868, 2261, 162, 162, 2113
-9870, 2262, 161, 161, 2113
-9873, 2261, 162, 162, 2100
-9873, 2261, 162, 162, 2100
-9875, 2261, 161, 161, 2100
-9874, 2262, 162, 162, 2100
-9872, 2262, 161, 161, 2100
-9872, 2262, 161, 161, 2100
-9872, 2262, 161, 161, 2100
-9872, 2262, 161, 161, 2100
-9869, 2262, 162, 162, 2100
-9870, 2262, 161, 161, 2100
-9870, 2262, 161, 161, 2100
-9872, 2262, 162, 162, 2100
-9872, 2262, 162, 162, 2100
-9871, 2262, 162, 162, 2100
-9872, 2262, 161, 161, 2100
-9872, 2262, 162, 162, 2100
-9870, 2261, 162, 162, 2100
-9870, 2261, 162, 162, 2100
-9870, 2262, 161, 161, 2100
-9870, 2262, 161, 161, 2100
-9870, 2262, 162, 162, 2100
-9870, 2262, 162, 162, 2100
-9873, 2262, 162, 162, 2100
-9873, 2262, 162, 162, 2100
-9872, 2262, 162, 162, 2100
-9871, 2262, 162, 162, 2100
-9869, 2262, 162, 162, 2100
-9869, 2262, 163, 163, 2115
-9869, 2262, 163, 163, 2115
-9870, 2262, 162, 162, 2115
-9870, 2262, 162, 162, 2115
-9871, 2262, 162, 162, 2115
-9872, 2262, 162, 162, 2115
-9872, 2262, 162, 162, 2115
-9873, 2262, 162, 162, 2115
-9873, 2262, 162, 162, 2115
-9870, 2262, 163, 163, 2115
-9870, 2262, 163, 163, 2115
-9871, 2262, 161, 161, 2115
-9870, 2261, 163, 163, 2115
-9868, 2263, 162, 162, 2115
-9868, 2263, 162, 162, 2115
-9873, 2263, 162, 162, 2115
-9872, 2262, 162, 162, 2115
-9872, 2262, 162, 162, 2115
-9873, 2262, 162, 162, 2115
-9873, 2262, 162, 162, 2115
-9873, 2261, 161, 161, 2115
-9869, 2261, 162, 162, 2115
-9871, 2261, 161, 161, 2115
-9869, 2261, 162, 162, 2115
-9869, 2261, 162, 162, 2115
-9868, 2263, 162, 162, 2115
-9872, 2262, 162, 162, 2115
-9872, 2261, 161, 161, 2115
-9869, 2263, 162, 162, 2115
-9869, 2263, 162, 162, 2115
-9869, 2262, 162, 162, 2115
-9871, 2262, 163, 163, 2115
-9872, 2263, 163, 163, 2115
-9872, 2263, 163, 163, 2115
-9872, 2262, 162, 162, 2115
-9872, 2262, 162, 162, 2115
-9871, 2262, 161, 161, 2115
-9871, 2262, 161, 161, 2115
-9868, 2262, 162, 162, 2115
-9869, 2263, 163, 163, 2115
-9870, 2262, 163, 163, 2115
-9870, 2262, 163, 163, 2115
-9870, 2262, 162, 162, 2115
-9870, 2262, 162, 162, 2115
-9872, 2262, 163, 163, 2115
-9872, 2262, 163, 163, 2115
-9872, 2262, 162, 162, 2115
-9870, 2264, 165, 165, 2115
-9764, 2280, 241, 241, 2115
-9764, 2280, 241, 241, 2115
-9766, 2280, 268, 268, 2115
-9769, 2279, 265, 265, 2115
-9772, 2279, 262, 262, 2105
-9773, 2278, 260, 260, 2105
-9773, 2278, 260, 260, 2105
-9773, 2278, 260, 260, 2105
-9774, 2278, 259, 259, 2105
-9774, 2278, 259, 259, 2105
-9774, 2278, 259, 259, 2105
-9774, 2278, 259, 259, 2105
-9774, 2278, 259, 259, 2105
-9775, 2278, 258, 258, 2105
-9774, 2278, 258, 258, 2105
-9775, 2277, 258, 258, 2105
-9776, 2277, 258, 258, 2105
-9775, 2278, 258, 258, 2105
-9775, 2277, 257, 257, 2105
-9776, 2278, 257, 257, 2105
-9777, 2278, 256, 256, 2105
-9776, 2278, 257, 257, 2105
-9778, 2277, 256, 256, 2105
-9775, 2278, 257, 257, 2105
-9775, 2278, 257, 257, 2105
-9777, 2277, 256, 256, 2105
-9776, 2277, 256, 256, 2105
-9778, 2277, 256, 256, 2109
-9776, 2277, 256, 256, 2109
-9777, 2276, 256, 256, 2109
-9777, 2276, 256, 256, 2109
-9777, 2277, 256, 256, 2109
-9777, 2277, 256, 256, 2109
-9777, 2276, 256, 256, 2109
-9776, 2277, 256, 256, 2109
-9776, 2277, 256, 256, 2109
-9778, 2277, 256, 256, 2109
-9777, 2277, 256, 256, 2109
-9777, 2277, 256, 256, 2109
-9778, 2276, 255, 255, 2109
-9778, 2277, 255, 255, 2109
-9778, 2276, 255, 255, 2109
-9777, 2276, 255, 255, 2109
-9777, 2276, 255, 255, 2109
-9778, 2277, 255, 255, 2109
-9777, 2277, 255, 255, 2109
-9777, 2276, 256, 256, 2109
-9777, 2276, 256, 256, 2109
-9778, 2277, 255, 255, 2109
-9778, 2277, 255, 255, 2109
-9778, 2277, 255, 255, 2113
-9778, 2276, 255, 255, 2113
-9778, 2277, 255, 255, 2113
-9778, 2277, 255, 255, 2113
-9778, 2276, 255, 255, 2113
-9778, 2276, 255, 255, 2113
-9777, 2277, 255, 255, 2113
-9777, 2277, 255, 255, 2113
-9778, 2277, 255, 255, 2113
-9777, 2276, 255, 255, 2113
-9778, 2276, 255, 255, 2113
-9779, 2276, 254, 254, 2113
-9779, 2276, 254, 254, 2113
-9777, 2277, 255, 255, 2113
-9777, 2277, 255, 255, 2113
-9778, 2276, 255, 255, 2113
-9778, 2276, 255, 255, 2113
-9778, 2277, 255, 255, 2113
-9778, 2277, 255, 255, 2113
-9777, 2277, 255, 255, 2113
-9778, 2276, 254, 254, 2113
-9778, 2277, 254, 254, 2113
-9778, 2277, 255, 255, 2113
-9778, 2277, 255, 255, 2113
-9778, 2277, 255, 255, 2113
-9778, 2278, 255, 255, 2113
-9778, 2277, 254, 254, 2113
-9778, 2277, 254, 254, 2113
-9778, 2278, 255, 255, 2113
-9778, 2277, 255, 255, 2113
-9779, 2277, 254, 254, 2113
-9778, 2277, 255, 255, 2113
-9778, 2277, 255, 255, 2113
-9778, 2277, 255, 255, 2113
-9779, 2277, 254, 254, 2113
-9779, 2277, 254, 254, 2113
-9778, 2276, 254, 254, 2113
-9779, 2277, 254, 254, 2113
-9778, 2277, 254, 254, 2113
-9779, 2277, 254, 254, 2113
-9777, 2277, 255, 255, 2113
-9778, 2277, 255, 255, 2113
-9778, 2277, 255, 255, 2113
-9778, 2278, 255, 255, 2113
-9778, 2277, 254, 254, 2113
-9779, 2276, 254, 254, 2113
-9778, 2276, 255, 255, 2107
-9778, 2276, 255, 255, 2107
-9780, 2277, 253, 253, 2107
-9779, 2277, 254, 254, 2107
-9779, 2276, 254, 254, 2107
-9779, 2276, 254, 254, 2107
-9779, 2276, 254, 254, 2107
-9779, 2277, 254, 254, 2107
-9779, 2277, 254, 254, 2107
-9779, 2277, 254, 254, 2107
-9779, 2277, 254, 254, 2107
-9778, 2277, 254, 254, 2107
-9778, 2278, 254, 254, 2107
-9778, 2278, 254, 254, 2107
-9779, 2277, 254, 254, 2107
-9778, 2276, 254, 254, 2107
-9779, 2277, 254, 254, 2107
-9779, 2277, 254, 254, 2107
-9778, 2277, 255, 255, 2107
-9802, 2230, 249, 249, 2107
-9900, 2259, 166, 166, 2107
-9900, 2259, 166, 166, 2107
-9881, 2259, 153, 153, 2107
-9881, 2260, 153, 153, 2107
-9881, 2260, 153, 153, 2107
-9878, 2261, 155, 155, 2107
-9878, 2261, 155, 155, 2107
-9877, 2260, 156, 156, 2107
-9876, 2261, 156, 156, 2107
-9876, 2261, 156, 156, 2107
-9874, 2261, 158, 158, 2107
-9873, 2262, 157, 157, 2107
-9873, 2262, 157, 157, 2107
-9875, 2262, 159, 159, 2107
-9874, 2262, 159, 159, 2107
-9876, 2262, 159, 159, 2107
-9873, 2262, 158, 158, 2107
-9873, 2262, 160, 160, 2107
-9873, 2262, 160, 160, 2107
-9876, 2261, 159, 159, 2107
-9876, 2261, 159, 159, 2107
-9874, 2261, 160, 160, 2107
-9873, 2261, 160, 160, 2107
-9872, 2261, 161, 161, 2107
-9872, 2261, 161, 161, 2107
-9872, 2262, 162, 162, 2107
-9873, 2262, 161, 161, 2107
-9872, 2262, 160, 160, 2109
-9870, 2262, 161, 161, 2109
-9870, 2262, 162, 162, 2109
-9873, 2262, 162, 162, 2109
-9873, 2262, 162, 162, 2109
-9873, 2262, 161, 161, 2109
-9873, 2262, 161, 161, 2109
-9872, 2262, 162, 162, 2109
-9870, 2262, 161, 161, 2109
-9870, 2262, 161, 161, 2109
-9871, 2262, 161, 161, 2109
-9874, 2262, 161, 161, 2109
-9874, 2262, 161, 161, 2109
-9872, 2262, 162, 162, 2109
-9872, 2262, 162, 162, 2109
-9870, 2262, 162, 162, 2109
-9870, 2262, 162, 162, 2109
-9872, 2262, 161, 161, 2109
-9871, 2262, 162, 162, 2109
-9868, 2262, 162, 162, 2109
-9872, 2262, 161, 161, 2109
-9871, 2263, 163, 163, 2109
-9871, 2263, 163, 163, 2109
-9871, 2262, 162, 162, 2109
-9871, 2262, 162, 162, 2109
-9869, 2263, 162, 162, 2109
-9872, 2262, 161, 161, 2113
-9871, 2262, 161, 161, 2113
-9871, 2262, 161, 161, 2113
-9869, 2262, 162, 162, 2113
-9869, 2262, 162, 162, 2113
-9871, 2262, 162, 162, 2113
-9871, 2262, 162, 162, 2113
-9871, 2262, 162, 162, 2113
-9872, 2263, 162, 162, 2113
-9872, 2263, 162, 162, 2113
-9872, 2263, 161, 161, 2113
-9872, 2263, 161, 161, 2113
-9870, 2262, 162, 162, 2113
-9870, 2263, 162, 162, 2113
-9870, 2263, 162, 162, 2113
-9872, 2262, 162, 162, 2113
-9872, 2262, 162, 162, 2113
-9871, 2262, 162, 162, 2113
-9871, 2262, 162, 162, 2113
-9870, 2263, 162, 162, 2113
-9870, 2263, 162, 162, 2113
-9871, 2263, 163, 163, 2113
-9871, 2263, 163, 163, 2113
-9868, 2264, 162, 162, 2113
-9868, 2264, 162, 162, 2113
-9871, 2263, 162, 162, 2109
-9874, 2264, 162, 162, 2109
-9874, 2264, 162, 162, 2109
-9869, 2262, 163, 163, 2109
-9871, 2263, 163, 163, 2109
-9869, 2263, 163, 163, 2109
-9869, 2263, 163, 163, 2109
-9869, 2263, 163, 163, 2109
-9869, 2263, 163, 163, 2109
-9869, 2263, 162, 162, 2109
-9868, 2263, 163, 163, 2109
-9869, 2264, 162, 162, 2109
-9869, 2262, 163, 163, 2109
-9868, 2263, 162, 162, 2109
-9868, 2263, 162, 162, 2109
-9871, 2263, 163, 163, 2109
-9871, 2263, 163, 163, 2109
-9870, 2262, 163, 163, 2109
-9872, 2263, 163, 163, 2109
-9867, 2262, 164, 164, 2109
-9867, 2262, 164, 164, 2109
-9868, 2264, 163, 163, 2109
-9868, 2264, 163, 163, 2109
-9868, 2264, 163, 163, 2109
-9872, 2263, 162, 162, 2109
-9872, 2263, 162, 162, 2109
-9871, 2263, 162, 162, 2109
-9872, 2263, 164, 164, 2109
-9872, 2263, 164, 164, 2109
-9869, 2262, 162, 162, 2109
-9868, 2264, 163, 163, 2109
-9868, 2264, 163, 163, 2109
-9869, 2264, 162, 162, 2109
-9876, 2263, 163, 163, 2109
-9876, 2263, 163, 163, 2109
-9764, 2281, 244, 244, 2109
-9768, 2280, 267, 267, 2109
-9768, 2280, 267, 267, 2109
-9768, 2279, 265, 265, 2109
-9769, 2280, 264, 264, 2109
-9770, 2280, 263, 263, 2109
-9771, 2279, 261, 261, 2109
-9771, 2279, 261, 261, 2109
-9772, 2279, 261, 261, 2109
-9772, 2279, 260, 260, 2109
-9773, 2277, 260, 260, 2109
-9772, 2278, 260, 260, 2109
-9772, 2278, 260, 260, 2109
-9774, 2278, 259, 259, 2109
-9773, 2278, 259, 259, 2109
-9774, 2278, 259, 259, 2109
-9774, 2277, 259, 259, 2109
-9774, 2278, 259, 259, 2109
-9774, 2277, 259, 259, 2113
-9774, 2278, 258, 258, 2113
-9775, 2278, 258, 258, 2113
-9775, 2278, 258, 258, 2113
-9776, 2278, 257, 257, 2113
-9775, 2277, 258, 258, 2113
-9775, 2277, 258, 258, 2113
-9775, 2278, 257, 257, 2113
-9775, 2277, 257, 257, 2113
-9775, 2278, 258, 258, 2113
-9776, 2278, 257, 257, 2113
-9775, 2278, 257, 257, 2113
-9776, 2278, 257, 257, 2113
-9777, 2277, 257, 257, 2113
-9776, 2277, 257, 257, 2113
-9776, 2278, 257, 257, 2113
-9776, 2278, 257, 257, 2113
-9775, 2278, 257, 257, 2113
-9776, 2278, 256, 256, 2113
-9777, 2278, 256, 256, 2113
-9777, 2277, 256, 256, 2113
-9777, 2277, 256, 256, 2113
-9776, 2277, 257, 257, 2113
-9776, 2277, 257, 257, 2113
-9777, 2278, 256, 256, 2113
-9776, 2278, 257, 257, 2113
-9776, 2278, 257, 257, 2120
-9776, 2278, 257, 257, 2120
-9777, 2277, 256, 256, 2120
-9777, 2277, 256, 256, 2120
-9777, 2277, 256, 256, 2120
-9777, 2278, 256, 256, 2120
-9778, 2277, 255, 255, 2120
-9777, 2279, 256, 256, 2120
-9777, 2279, 256, 256, 2120
-9777, 2278, 256, 256, 2120
-9777, 2278, 256, 256, 2120
-9777, 2278, 256, 256, 2120
-9777, 2277, 255, 255, 2120
-9777, 2277, 255, 255, 2120
-9777, 2278, 256, 256, 2120
-9778, 2277, 255, 255, 2120
-9778, 2277, 255, 255, 2120
-9777, 2278, 255, 255, 2120
-9777, 2277, 256, 256, 2120
-9777, 2278, 256, 256, 2120
-9777, 2278, 255, 255, 2120
-9777, 2278, 255, 255, 2120
-9777, 2278, 255, 255, 2120
-9778, 2277, 255, 255, 2120
-9778, 2277, 255, 255, 2120
-9777, 2277, 255, 255, 2120
-9777, 2278, 255, 255, 2120
-9777, 2278, 255, 255, 2120
-9778, 2277, 255, 255, 2120
-9777, 2278, 255, 255, 2120
-9777, 2278, 255, 255, 2120
-9778, 2278, 255, 255, 2120
-9778, 2278, 255, 255, 2120
-9777, 2277, 255, 255, 2120
-9777, 2277, 255, 255, 2120
-9777, 2278, 256, 256, 2120
-9778, 2278, 255, 255, 2120
-9777, 2277, 256, 256, 2120
-9777, 2277, 256, 256, 2120
-9777, 2277, 256, 256, 2120
-9777, 2278, 255, 255, 2120
-9777, 2277, 255, 255, 2120
-9777, 2278, 255, 255, 2120
-9777, 2278, 255, 255, 2120
-9777, 2277, 256, 256, 2120
-9777, 2278, 256, 256, 2120
-9778, 2278, 255, 255, 2120
-9778, 2278, 255, 255, 2120
-9778, 2278, 255, 255, 2109
-9777, 2277, 255, 255, 2109
-9777, 2277, 255, 255, 2109
-9777, 2278, 256, 256, 2109
-9777, 2278, 256, 256, 2109
-9779, 2278, 255, 255, 2109
-9778, 2277, 254, 254, 2109
-9778, 2277, 254, 254, 2109
-9777, 2279, 255, 255, 2109
-9777, 2278, 255, 255, 2109
-9777, 2278, 255, 255, 2109
-9777, 2278, 255, 255, 2109
-9778, 2277, 255, 255, 2109
-9778, 2277, 255, 255, 2109
-9777, 2278, 255, 255, 2109
-9778, 2278, 255, 255, 2109
-9777, 2278, 256, 256, 2109
-9777, 2278, 256, 256, 2109
-9778, 2278, 255, 255, 2109
-9778, 2278, 255, 255, 2109
-9778, 2278, 255, 255, 2109
-9778, 2278, 255, 255, 2109
-9777, 2278, 255, 255, 2109
-9778, 2278, 256, 256, 2109
-9778, 2277, 255, 255, 2109
-9777, 2278, 255, 255, 2105
-9777, 2278, 255, 255, 2105
-9778, 2277, 255, 255, 2105
-9778, 2277, 255, 255, 2105
-9778, 2277, 255, 255, 2105
-9777, 2278, 255, 255, 2105
-9777, 2278, 256, 256, 2105
-9777, 2277, 255, 255, 2105
-9778, 2278, 255, 255, 2105
-9778, 2278, 255, 255, 2105
-9777, 2279, 255, 255, 2105
-9777, 2279, 255, 255, 2105
-9777, 2278, 255, 255, 2105
-9969, 2245, 57, 57, 2105
-9972, 2247, 59, 59, 2105
-9971, 2246, 63, 63, 2105
-9968, 2246, 66, 66, 2105
-9968, 2246, 66, 66, 2105
-9968, 2247, 68, 68, 2105
-9964, 2247, 68, 68, 2105
-9961, 2248, 69, 69, 2105
-9961, 2248, 69, 69, 2105
-9961, 2247, 70, 70, 2105
-9958, 2248, 71, 71, 2105
-9960, 2249, 72, 72, 2102
-9964, 2249, 72, 72, 2102
-9965, 2247, 73, 73, 2102
-9965, 2247, 73, 73, 2102
-9959, 2249, 73, 73, 2102
-9959, 2248, 73, 73, 2102
-9957, 2249, 73, 73, 2102
-9957, 2249, 73, 73, 2102
-9957, 2249, 74, 74, 2102
-9957, 2249, 74, 74, 2102
-9956, 2249, 75, 75, 2102
-9960, 2249, 75, 75, 2102
-9962, 2249, 74, 74, 2102
-9960, 2249, 74, 74, 2102
-9959, 2248, 75, 75, 2102
-9954, 2249, 75, 75, 2102
-9954, 2249, 75, 75, 2102
-9956, 2250, 75, 75, 2102
-9956, 2250, 75, 75, 2102
-9961, 2249, 76, 76, 2102
-9957, 2250, 75, 75, 2102
-9957, 2250, 75, 75, 2102
-9957, 2250, 76, 76, 2102
-9957, 2250, 76, 76, 2102
-9961, 2250, 75, 75, 2102
-9956, 2249, 76, 76, 2102
-9959, 2249, 77, 77, 2118
-9960, 2249, 76, 76, 2118
-9960, 2249, 76, 76, 2118
-9954, 2251, 76, 76, 2118
-9954, 2251, 76, 76, 2118
-9959, 2250, 76, 76, 2118
-9958, 2249, 76, 76, 2118
-9954, 2251, 77, 77, 2118
-9954, 2251, 77, 77, 2118
-9957, 2251, 77, 77, 2118
-9957, 2251, 77, 77, 2118
-9957, 2251, 76, 76, 2118
-9955, 2250, 77, 77, 2118
-9959, 2250, 77, 77, 2118
-9956, 2250, 77, 77, 2118
-9958, 2250, 78, 78, 2118
-9958, 2249, 77, 77, 2118
-9955, 2250, 77, 77, 2118
-9954, 2250, 77, 77, 2118
-9954, 2250, 77, 77, 2118
-9955, 2251, 77, 77, 2118
-9955, 2251, 77, 77, 2118
-9953, 2251, 77, 77, 2118
-9953, 2251, 77, 77, 2118
-9956, 2251, 77, 77, 2109
-9956, 2251, 77, 77, 2109
-9959, 2250, 78, 78, 2109
-9959, 2250, 78, 78, 2109
-9955, 2250, 78, 78, 2109
-9954, 2250, 78, 78, 2109
-9954, 2250, 78, 78, 2109
-9952, 2251, 78, 78, 2109
-9952, 2250, 77, 77, 2109
-9952, 2250, 77, 77, 2109
-9953, 2251, 78, 78, 2109
-9951, 2252, 79, 79, 2109
-9951, 2252, 79, 79, 2109
-9957, 2251, 79, 79, 2109
-9958, 2251, 77, 77, 2109
-9958, 2251, 77, 77, 2109
-9958, 2251, 77, 77, 2109
-9954, 2251, 78, 78, 2109
-9954, 2251, 78, 78, 2109
-9951, 2251, 78, 78, 2109
-9951, 2251, 78, 78, 2109
-9952, 2251, 78, 78, 2109
-9952, 2251, 78, 78, 2109
-9954, 2251, 79, 79, 2109
-9954, 2251, 79, 79, 2109
-9957, 2251, 77, 77, 2109
-9955, 2251, 78, 78, 2113
-9955, 2251, 78, 78, 2113
-9956, 2250, 79, 79, 2113
-9956, 2249, 78, 78, 2113
-9953, 2251, 77, 77, 2113
-9956, 2251, 78, 78, 2113
-9956, 2251, 78, 78, 2113
-9955, 2251, 78, 78, 2113
-9958, 2250, 79, 79, 2113
-9958, 2250, 79, 79, 2113
-9953, 2252, 79, 79, 2113
-9953, 2252, 79, 79, 2113
-9952, 2253, 78, 78, 2113
-9952, 2251, 78, 78, 2113
-9952, 2251, 78, 78, 2113
-9957, 2251, 79, 79, 2113
-9957, 2251, 79, 79, 2113
-9955, 2251, 79, 79, 2113
-9957, 2251, 79, 79, 2113
-9957, 2251, 78, 78, 2113
-9951, 2252, 78, 78, 2113
-9954, 2250, 79, 79, 2113
-9954, 2250, 79, 79, 2113
-9957, 2250, 78, 78, 2113
-9957, 2250, 82, 82, 2113
-9756, 2284, 278, 278, 2113
-9756, 2284, 278, 278, 2113
-9760, 2283, 275, 275, 2109
-9762, 2282, 271, 271, 2109
-9762, 2282, 271, 271, 2109
-9764, 2281, 269, 269, 2109
-9766, 2281, 267, 267, 2109
-9766, 2281, 267, 267, 2109
-9766, 2281, 267, 267, 2109
-9767, 2280, 265, 265, 2109
-9768, 2280, 265, 265, 2109
-9769, 2280, 264, 264, 2109
-9769, 2280, 264, 264, 2109
-9771, 2281, 263, 263, 2109
-9770, 2280, 262, 262, 2109
-9771, 2281, 262, 262, 2109
-9770, 2280, 263, 263, 2109
-9771, 2280, 261, 261, 2109
-9772, 2280, 261, 261, 2109
-9772, 2279, 261, 261, 2109
-9772, 2279, 261, 261, 2109
-9773, 2280, 260, 260, 2109
-9773, 2279, 260, 260, 2109
-9773, 2280, 260, 260, 2109
-9773, 2279, 259, 259, 2109
-9774, 2280, 259, 259, 2109
-9774, 2280, 259, 259, 2109
-9773, 2280, 259, 259, 2109
-9774, 2279, 259, 259, 2109
-9774, 2280, 259, 259, 2109
-9774, 2279, 259, 259, 2109
-9773, 2279, 259, 259, 2109
-9774, 2279, 259, 259, 2109
-9774, 2279, 259, 259, 2109
-9774, 2279, 259, 259, 2109
-9774, 2279, 259, 259, 2109
-9775, 2279, 258, 258, 2109
-9774, 2279, 259, 259, 2109
-9774, 2279, 259, 259, 2109
-9775, 2278, 258, 258, 2109
-9775, 2279, 258, 258, 2109
-9775, 2279, 258, 258, 2109
-9775, 2279, 258, 258, 2109
-9775, 2279, 258, 258, 2109
-9775, 2279, 258, 258, 2109
-9775, 2279, 258, 258, 2109
-9775, 2279, 257, 257, 2109
-9776, 2279, 257, 257, 2109
-9776, 2279, 257, 257, 2109
-9776, 2279, 257, 257, 2102
-9777, 2279, 257, 257, 2102
-9776, 2278, 257, 257, 2102
-9776, 2279, 257, 257, 2102
-9777, 2280, 256, 256, 2102
-9777, 2280, 256, 256, 2102
-9776, 2280, 257, 257, 2102
-9776, 2280, 257, 257, 2102
-9776, 2279, 257, 257, 2102
-9776, 2279, 257, 257, 2102
-9776, 2279, 257, 257, 2102
-9776, 2279, 257, 257, 2102
-9776, 2279, 257, 257, 2102
-9776, 2279, 256, 256, 2102
-9776, 2279, 256, 256, 2102
-9776, 2279, 257, 257, 2102
-9776, 2279, 257, 257, 2102
-9776, 2279, 257, 257, 2102
-9776, 2279, 257, 257, 2102
-9776, 2279, 256, 256, 2102
-9776, 2278, 256, 256, 2102
-9777, 2279, 256, 256, 2102
-9777, 2278, 257, 257, 2102
-9777, 2278, 256, 256, 2102
-9777, 2279, 256, 256, 2098
-9777, 2279, 256, 256, 2098
-9777, 2279, 256, 256, 2098
-9776, 2278, 256, 256, 2098
-9777, 2279, 256, 256, 2098
-9775, 2278, 256, 256, 2098
-9777, 2278, 256, 256, 2098
-9777, 2278, 256, 256, 2098
-9777, 2279, 256, 256, 2098
-9777, 2279, 256, 256, 2098
-9777, 2279, 255, 255, 2098
-9777, 2279, 255, 255, 2098
-9777, 2278, 255, 255, 2098
-9777, 2278, 255, 255, 2098
-9777, 2277, 256, 256, 2098
-9776, 2279, 256, 256, 2098
-9777, 2278, 255, 255, 2098
-9777, 2278, 255, 255, 2098
-9776, 2278, 256, 256, 2098
-9776, 2278, 256, 256, 2098
-9777, 2279, 256, 256, 2098
-9777, 2278, 256, 256, 2098
-9776, 2278, 256, 256, 2098
-9778, 2278, 255, 255, 2098
-9778, 2279, 255, 255, 2109
-9777, 2277, 255, 255, 2109
-9776, 2279, 256, 256, 2109
-9777, 2278, 256, 256, 2109
-9777, 2278, 256, 256, 2109
-9777, 2279, 255, 255, 2109
-9779, 2277, 255, 255, 2109
-9779, 2277, 255, 255, 2109
-9778, 2279, 255, 255, 2109
-9777, 2278, 255, 255, 2109
-9777, 2278, 255, 255, 2109
-9778, 2278, 256, 256, 2109
-9778, 2278, 255, 255, 2109
-9777, 2279, 255, 255, 2109
-9777, 2279, 255, 255, 2109
-9776, 2278, 256, 256, 2109
-9777, 2278, 256, 256, 2109
-9777, 2278, 256, 256, 2109
-9777, 2279, 255, 255, 2109
-9778, 2278, 255, 255, 2109
-9776, 2278, 256, 256, 2109
-10135, 2255, 166, 166, 2109
-10135, 2255, 166, 166, 2109
-9974, 2245, 49, 49, 2109
-9975, 2247, 59, 59, 2109
-9969, 2247, 64, 64, 2109
-9969, 2247, 64, 64, 2109
-9968, 2248, 67, 67, 2109
-9969, 2248, 67, 67, 2109
-9966, 2248, 69, 69, 2109
-9966, 2248, 69, 69, 2109
-9966, 2249, 70, 70, 2109
-9966, 2249, 70, 70, 2109
-9963, 2249, 70, 70, 2109
-9960, 2249, 70, 70, 2109
-9960, 2249, 70, 70, 2109
-9960, 2249, 72, 72, 2109
-9960, 2249, 72, 72, 2109
-9961, 2249, 73, 73, 2109
-9961, 2249, 73, 73, 2109
-9959, 2249, 73, 73, 2109
-9958, 2249, 73, 73, 2109
-9958, 2249, 73, 73, 2109
-9955, 2251, 75, 75, 2109
-9955, 2251, 74, 74, 2109
-9959, 2251, 75, 75, 2109
-9959, 2251, 75, 75, 2109
-9960, 2250, 76, 76, 2109
-9960, 2250, 76, 76, 2109
-9960, 2249, 76, 76, 2109
-9954, 2251, 75, 75, 2094
-9954, 2251, 75, 75, 2094
-9952, 2251, 77, 77, 2094
-9958, 2249, 76, 76, 2094
-9957, 2250, 76, 76, 2094
-9957, 2249, 77, 77, 2094
-9959, 2250, 76, 76, 2094
-9959, 2250, 76, 76, 2094
-9958, 2249, 77, 77, 2094
-9958, 2249, 77, 77, 2094
-9958, 2249, 76, 76, 2094
-9958, 2249, 76, 76, 2094
-9953, 2251, 78, 78, 2094
-9955, 2251, 77, 77, 2094
-9955, 2251, 77, 77, 2094
-9958, 2250, 78, 78, 2094
-9958, 2250, 78, 78, 2094
-9957, 2250, 77, 77, 2094
-9957, 2250, 77, 77, 2094
-9956, 2250, 77, 77, 2094
-9956, 2250, 77, 77, 2094
-9951, 2251, 78, 78, 2094
-9954, 2252, 78, 78, 2094
-9954, 2252, 78, 78, 2094
-9953, 2250, 79, 79, 2094
-9957, 2250, 77, 77, 2113
-9951, 2251, 78, 78, 2113
-9953, 2250, 77, 77, 2113
-9953, 2250, 77, 77, 2113
-9951, 2250, 79, 79, 2113
-9956, 2251, 78, 78, 2113
-9956, 2251, 78, 78, 2113
-9958, 2250, 78, 78, 2113
-9958, 2252, 78, 78, 2113
-9954, 2251, 78, 78, 2113
-9954, 2251, 78, 78, 2113
-9953, 2251, 79, 79, 2113
-9950, 2252, 79, 79, 2113
-9950, 2252, 79, 79, 2113
-9957, 2251, 79, 79, 2113
-9958, 2251, 78, 78, 2113
-9958, 2251, 78, 78, 2113
-9957, 2251, 79, 79, 2113
-9957, 2250, 78, 78, 2113
-9956, 2251, 79, 79, 2113
-9956, 2251, 79, 79, 2113
-9950, 2251, 80, 80, 2113
-9950, 2251, 80, 80, 2113
-9951, 2252, 79, 79, 2113
-9954, 2250, 78, 78, 2109
-9954, 2250, 78, 78, 2109
-9952, 2251, 78, 78, 2109
-9952, 2251, 78, 78, 2109
-9951, 2253, 79, 79, 2109
-9951, 2253, 79, 79, 2109
-9957, 2252, 78, 78, 2109
-9952, 2251, 79, 79, 2109
-9952, 2252, 79, 79, 2109
-9952, 2252, 79, 79, 2109
-9955, 2251, 79, 79, 2109
-9955, 2251, 79, 79, 2109
-9955, 2251, 79, 79, 2109
-9950, 2252, 80, 80, 2109
-9950, 2252, 80, 80, 2109
-9953, 2252, 78, 78, 2109
-9953, 2252, 79, 79, 2109
-9953, 2252, 79, 79, 2109
-9955, 2251, 79, 79, 2109
-9956, 2251, 80, 80, 2109
-9956, 2251, 80, 80, 2109
-9954, 2252, 79, 79, 2109
-9954, 2251, 79, 79, 2109
-9954, 2252, 79, 79, 2109
-9955, 2252, 78, 78, 2109
-9951, 2253, 80, 80, 2122
-9951, 2253, 80, 80, 2122
-9953, 2252, 79, 79, 2122
-9953, 2252, 79, 79, 2122
-9955, 2251, 80, 80, 2122
-9955, 2251, 80, 80, 2122
-9953, 2252, 80, 80, 2122
-9953, 2252, 80, 80, 2122
-9952, 2251, 80, 80, 2122
-9944, 2256, 81, 81, 2122
-9754, 2286, 176, 176, 2122
-9754, 2286, 176, 176, 2122
-9761, 2284, 272, 272, 2122
-9761, 2284, 272, 272, 2122
-9764, 2282, 269, 269, 2122
-9765, 2282, 268, 268, 2122
-9765, 2282, 268, 268, 2122
-9765, 2282, 267, 267, 2122
-9767, 2282, 267, 267, 2122
-9766, 2281, 266, 266, 2122
-9767, 2280, 266, 266, 2122
-9768, 2281, 264, 264, 2122
-9768, 2281, 264, 264, 2122
-9769, 2280, 263, 263, 2122
-9769, 2280, 263, 263, 2122
-9769, 2280, 263, 263, 2122
-9771, 2280, 263, 263, 2122
-9771, 2280, 262, 262, 2126
-9771, 2281, 262, 262, 2126
-9771, 2281, 262, 262, 2126
-9772, 2279, 261, 261, 2126
-9772, 2279, 261, 261, 2126
-9772, 2280, 261, 261, 2126
-9772, 2280, 261, 261, 2126
-9772, 2280, 261, 261, 2126
-9772, 2280, 260, 260, 2126
-9772, 2280, 260, 260, 2126
-9773, 2280, 260, 260, 2126
-9773, 2280, 260, 260, 2126
-9773, 2280, 259, 259, 2126
-9773, 2280, 259, 259, 2126
-9773, 2280, 259, 259, 2126
-9773, 2280, 259, 259, 2126
-9774, 2281, 259, 259, 2126
-9774, 2281, 259, 259, 2126
-9774, 2280, 259, 259, 2126
-9773, 2280, 259, 259, 2126
-9774, 2279, 259, 259, 2126
-9774, 2280, 259, 259, 2126
-9774, 2280, 259, 259, 2126
-9774, 2279, 259, 259, 2126
-9775, 2280, 258, 258, 2126
-9774, 2279, 258, 258, 2126
-9774, 2279, 258, 258, 2126
-9774, 2279, 258, 258, 2126
-9775, 2280, 259, 259, 2126
-9775, 2280, 258, 258, 2126
-9774, 2279, 258, 258, 2126
-9774, 2279, 258, 258, 2126
-9775, 2279, 258, 258, 2126
-9775, 2279, 258, 258, 2126
-9775, 2279, 258, 258, 2126
-9775, 2279, 257, 257, 2126
-9775, 2279, 258, 258, 2126
-9775, 2279, 258, 258, 2126
-9775, 2279, 258, 258, 2126
-9775, 2279, 258, 258, 2126
-9776, 2280, 257, 257, 2126
-9775, 2279, 257, 257, 2126
-9775, 2280, 258, 258, 2126
-9775, 2279, 258, 258, 2126
-9775, 2279, 258, 258, 2126
-9775, 2279, 258, 258, 2126
-9777, 2279, 257, 257, 2126
-9775, 2279, 258, 258, 2126
-9775, 2280, 257, 257, 2126
-9775, 2279, 257, 257, 2126
-9776, 2279, 257, 257, 2126
-9775, 2279, 257, 257, 2126
-9776, 2279, 257, 257, 2122
-9777, 2280, 257, 257, 2122
-9775, 2279, 257, 257, 2122
-9775, 2279, 257, 257, 2122
-9776, 2279, 257, 257, 2122
-9777, 2279, 256, 256, 2122
-9777, 2279, 256, 256, 2122
-9776, 2280, 256, 256, 2122
-9776, 2280, 256, 256, 2122
-9776, 2280, 257, 257, 2122
-9776, 2279, 256, 256, 2122
-9777, 2279, 256, 256, 2122
-9777, 2279, 256, 256, 2122
-9776, 2280, 257, 257, 2122
-9776, 2280, 257, 257, 2122
-9777, 2279, 256, 256, 2122
-9776, 2279, 257, 257, 2122
-9776, 2279, 257, 257, 2122
-9777, 2280, 257, 257, 2122
-9777, 2280, 256, 256, 2122
-9777, 2279, 256, 256, 2122
-9776, 2280, 256, 256, 2122
-9776, 2279, 256, 256, 2122
-9776, 2280, 256, 256, 2122
-9776, 2280, 256, 256, 2122
-9776, 2280, 256, 256, 2122
-9777, 2279, 255, 255, 2111
-9777, 2279, 255, 255, 2111
-9777, 2279, 256, 256, 2111
-9776, 2279, 256, 256, 2111
-9777, 2280, 256, 256, 2111
-9776, 2279, 256, 256, 2111
-9777, 2280, 256, 256, 2111
-9776, 2279, 256, 256, 2111
-9777, 2279, 256, 256, 2111
-9777, 2280, 256, 256, 2111
-9776, 2279, 257, 257, 2111
-9776, 2279, 257, 257, 2111
-9777, 2279, 256, 256, 2111
-9777, 2279, 256, 256, 2111
-9777, 2280, 256, 256, 2111
-9777, 2280, 256, 256, 2111
-9777, 2279, 256, 256, 2111
-9776, 2279, 256, 256, 2111
-9777, 2279, 256, 256, 2111
-9777, 2279, 256, 256, 2111
-9777, 2280, 256, 256, 2111
-9777, 2280, 256, 256, 2111
-9776, 2279, 256, 256, 2111
-9776, 2279, 256, 256, 2111
-9776, 2279, 256, 256, 2111
-9776, 2280, 256, 256, 2111
-9776, 2280, 256, 256, 2111
-9776, 2280, 256, 256, 2111
-9776, 2279, 257, 257, 2118
-9778, 2279, 256, 256, 2118
-9777, 2279, 256, 256, 2118
-9777, 2280, 256, 256, 2118
-9776, 2279, 256, 256, 2118
-9776, 2279, 256, 256, 2118
-9777, 2279, 256, 256, 2118
-9903, 2246, 221, 221, 2118
-9977, 2246, 57, 57, 2118
-9977, 2246, 57, 57, 2118
-9966, 2248, 63, 63, 2118
-9966, 2248, 63, 63, 2118
-9961, 2251, 69, 69, 2118
-9965, 2250, 69, 69, 2118
-9963, 2250, 70, 70, 2118
-9963, 2250, 70, 70, 2118
-9965, 2249, 71, 71, 2118
-9965, 2248, 71, 71, 2118
-9963, 2249, 73, 73, 2118
-9964, 2250, 72, 72, 2118
-9964, 2250, 72, 72, 2118
-9957, 2250, 73, 73, 2118
-9957, 2251, 73, 73, 2118
-9957, 2251, 73, 73, 2118
-9955, 2251, 74, 74, 2111
-9955, 2251, 74, 74, 2111
-9954, 2251, 75, 75, 2111
-9954, 2251, 75, 75, 2111
-9959, 2251, 75, 75, 2111
-9959, 2251, 75, 75, 2111
-9955, 2252, 75, 75, 2111
-9955, 2252, 75, 75, 2111
-9960, 2251, 75, 75, 2111
-9960, 2251, 75, 75, 2111
-9959, 2250, 76, 76, 2111
-9959, 2250, 76, 76, 2111
-9953, 2251, 76, 76, 2111
-9953, 2251, 76, 76, 2111
-9952, 2252, 77, 77, 2111
-9952, 2252, 77, 77, 2111
-9952, 2252, 77, 77, 2111
-9952, 2252, 77, 77, 2111
-9954, 2252, 77, 77, 2111
-9958, 2251, 77, 77, 2111
-9958, 2251, 77, 77, 2111
-9959, 2251, 77, 77, 2111
-9955, 2251, 78, 78, 2111
-9955, 2251, 78, 78, 2111
-9952, 2251, 79, 79, 2109
-9952, 2251, 79, 79, 2109
-9958, 2252, 78, 78, 2109
-9951, 2252, 78, 78, 2109
-9953, 2252, 79, 79, 2109
-9953, 2252, 79, 79, 2109
-9960, 2251, 78, 78, 2109
-9960, 2251, 78, 78, 2109
-9955, 2252, 79, 79, 2109
-9955, 2252, 79, 79, 2109
-9952, 2253, 78, 78, 2109
-9956, 2252, 78, 78, 2109
-9956, 2252, 78, 78, 2109
-9949, 2253, 79, 79, 2109
-9950, 2253, 79, 79, 2109
-9950, 2253, 79, 79, 2109
-9952, 2252, 79, 79, 2109
-9952, 2252, 79, 79, 2109
-9957, 2251, 78, 78, 2109
-9957, 2251, 78, 78, 2109
-9955, 2252, 79, 79, 2109
-9956, 2252, 79, 79, 2109
-9949, 2252, 80, 80, 2113
-9949, 2252, 80, 80, 2113
-9956, 2251, 79, 79, 2113
-9956, 2251, 79, 79, 2113
-9955, 2253, 79, 79, 2113
-9951, 2253, 79, 79, 2113
-9951, 2253, 79, 79, 2113
-9950, 2252, 79, 79, 2113
-9954, 2251, 79, 79, 2113
-9952, 2252, 79, 79, 2113
-9952, 2252, 79, 79, 2113
-9952, 2253, 80, 80, 2113
-9952, 2253, 80, 80, 2113
-9954, 2253, 79, 79, 2113
-9952, 2253, 80, 80, 2113
-9958, 2251, 80, 80, 2113
-9956, 2252, 80, 80, 2113
-9953, 2252, 80, 80, 2113
-9953, 2252, 80, 80, 2113
-9950, 2253, 80, 80, 2113
-9954, 2253, 80, 80, 2113
-9954, 2253, 80, 80, 2113
-9956, 2252, 79, 79, 2113
-9956, 2252, 79, 79, 2113
-9957, 2253, 80, 80, 2111
-9953, 2253, 80, 80, 2111
-9956, 2252, 80, 80, 2111
-9948, 2252, 80, 80, 2111
-9948, 2252, 80, 80, 2111
-9953, 2252, 79, 79, 2111
-9953, 2252, 79, 79, 2111
-9955, 2253, 80, 80, 2111
-9955, 2253, 80, 80, 2111
-9954, 2252, 80, 80, 2111
-9956, 2252, 80, 80, 2111
-9957, 2253, 79, 79, 2111
-9951, 2252, 80, 80, 2111
-9951, 2252, 80, 80, 2111
-9951, 2254, 80, 80, 2111
-9951, 2254, 80, 80, 2111
-9951, 2253, 80, 80, 2111
-9941, 2251, 83, 83, 2111
-9941, 2251, 83, 83, 2111
-9755, 2286, 279, 279, 2111
-9755, 2286, 279, 279, 2111
-9758, 2284, 275, 275, 2111
-9760, 2284, 272, 272, 2111
-9760, 2284, 272, 272, 2111
-9764, 2283, 269, 269, 2111
-9766, 2282, 268, 268, 2109
-9765, 2283, 268, 268, 2109
-9765, 2283, 268, 268, 2109
-9765, 2283, 267, 267, 2109
-9767, 2282, 267, 267, 2109
-9768, 2281, 266, 266, 2109
-9768, 2281, 265, 265, 2109
-9768, 2281, 265, 265, 2109
-9769, 2282, 264, 264, 2109
-9768, 2281, 264, 264, 2109
-9768, 2281, 264, 264, 2109
-9769, 2281, 263, 263, 2109
-9769, 2281, 263, 263, 2109
-9770, 2281, 263, 263, 2109
-9771, 2281, 262, 262, 2109
-9772, 2281, 261, 261, 2109
-9771, 2282, 262, 262, 2109
-9771, 2282, 262, 262, 2109
-9771, 2281, 261, 261, 2109
-9771, 2281, 261, 261, 2109
-9772, 2282, 261, 261, 2109
-9773, 2281, 260, 260, 2109
-9773, 2280, 261, 261, 2109
-9773, 2280, 261, 261, 2109
-9773, 2280, 260, 260, 2109
-9773, 2281, 260, 260, 2109
-9773, 2281, 260, 260, 2109
-9773, 2281, 260, 260, 2109
-9774, 2281, 259, 259, 2115
-9774, 2281, 259, 259, 2115
-9772, 2281, 260, 260, 2115
-9772, 2281, 260, 260, 2115
-9774, 2281, 259, 259, 2115
-9774, 2281, 259, 259, 2115
-9774, 2281, 259, 259, 2115
-9773, 2281, 259, 259, 2115
-9773, 2281, 259, 259, 2115
-9774, 2280, 258, 258, 2115
-9775, 2280, 258, 258, 2115
-9775, 2281, 259, 259, 2115
-9775, 2281, 259, 259, 2115
-9774, 2280, 259, 259, 2115
-9775, 2280, 258, 258, 2115
-9774, 2281, 259, 259, 2115
-9774, 2280, 258, 258, 2115
-9774, 2281, 259, 259, 2115
-9773, 2281, 259, 259, 2115
-9774, 2281, 258, 258, 2115
-9774, 2280, 258, 258, 2115
-9774, 2280, 259, 259, 2115
-9774, 2280, 259, 259, 2115
-9775, 2280, 258, 258, 2115
-9775, 2280, 258, 258, 2115
-9775, 2281, 258, 258, 2115
-9775, 2280, 258, 258, 2120
-9775, 2280, 258, 258, 2120
-9775, 2281, 258, 258, 2120
-9775, 2280, 258, 258, 2120
-9775, 2281, 258, 258, 2120
-9775, 2281, 257, 257, 2120
-9775, 2280, 258, 258, 2120
-9775, 2280, 258, 258, 2120
-9775, 2280, 258, 258, 2120
-9775, 2280, 257, 257, 2120
-9776, 2281, 258, 258, 2120
-9776, 2281, 258, 258, 2120
-9774, 2281, 258, 258, 2120
-9774, 2281, 258, 258, 2120
-9776, 2281, 257, 257, 2120
-9776, 2281, 257, 257, 2120
-9776, 2281, 257, 257, 2120
-9776, 2280, 257, 257, 2120
-9776, 2280, 257, 257, 2120
-9776, 2280, 257, 257, 2120
-9776, 2280, 257, 257, 2120
-9776, 2280, 257, 257, 2120
-9776, 2281, 257, 257, 2120
-9776, 2280, 257, 257, 2120
-9776, 2280, 257, 257, 2105
-9776, 2280, 257, 257, 2105
-9777, 2280, 257, 257, 2105
-9776, 2280, 257, 257, 2105
-9776, 2280, 257, 257, 2105
-9775, 2280, 257, 257, 2105
-9776, 2280, 257, 257, 2105
-9776, 2280, 257, 257, 2105
-9775, 2280, 258, 258, 2105
-9775, 2281, 257, 257, 2105
-9775, 2281, 257, 257, 2105
-9776, 2280, 257, 257, 2105
-9776, 2280, 257, 257, 2105
-9776, 2280, 257, 257, 2105
-9776, 2280, 257, 257, 2105
-9776, 2280, 257, 257, 2105
-9776, 2280, 257, 257, 2105
-9775, 2280, 257, 257, 2105
-9776, 2281, 257, 257, 2105
-9776, 2281, 257, 257, 2105
-9776, 2281, 257, 257, 2105
-9776, 2281, 257, 257, 2105
-9776, 2281, 257, 257, 2105
-9776, 2280, 257, 257, 2105
-9776, 2280, 257, 257, 2105
-9775, 2280, 257, 257, 2107
-9777, 2280, 256, 256, 2107
-9777, 2280, 256, 256, 2107
-9776, 2281, 257, 257, 2107
-9776, 2280, 257, 257, 2107
-9776, 2280, 257, 257, 2107
-9776, 2280, 257, 257, 2107
-9776, 2281, 257, 257, 2107
-9777, 2280, 256, 256, 2107
-9777, 2280, 256, 256, 2107
-9775, 2280, 257, 257, 2107
-9776, 2279, 257, 257, 2107
-9776, 2279, 257, 257, 2107
-9776, 2280, 257, 257, 2107
-9776, 2280, 257, 257, 2107
-9776, 2280, 257, 257, 2107
-9922, 2208, 220, 220, 2107
-9972, 2250, 55, 55, 2107
-9972, 2250, 55, 55, 2107
-9968, 2248, 64, 64, 2107
-9968, 2248, 64, 64, 2107
-9966, 2250, 68, 68, 2107
-9966, 2250, 68, 68, 2107
-9964, 2250, 69, 69, 2107
-9964, 2250, 70, 70, 2107
-9964, 2250, 70, 70, 2107
-9960, 2250, 71, 71, 2109
-9957, 2252, 71, 71, 2109
-9957, 2252, 71, 71, 2109
-9962, 2250, 73, 73, 2109
-9962, 2251, 73, 73, 2109
-9963, 2251, 72, 72, 2109
-9962, 2251, 73, 73, 2109
-9961, 2251, 73, 73, 2109
-9956, 2251, 74, 74, 2109
-9955, 2252, 74, 74, 2109
-9955, 2252, 74, 74, 2109
-9961, 2251, 74, 74, 2109
-9961, 2251, 74, 74, 2109
-9956, 2251, 75, 75, 2109
-9953, 2253, 75, 75, 2109
-9953, 2253, 75, 75, 2109
-9953, 2253, 76, 76, 2109
-9957, 2253, 77, 77, 2109
-9957, 2253, 77, 77, 2109
-9958, 2252, 77, 77, 2109
-9958, 2252, 77, 77, 2109
-9954, 2252, 77, 77, 2109
-9954, 2252, 77, 77, 2109
-9954, 2252, 78, 78, 2109
-9953, 2253, 77, 77, 2109
-9951, 2253, 79, 79, 2113
-9951, 2253, 79, 79, 2113
-9954, 2253, 78, 78, 2113
-9954, 2253, 78, 78, 2113
-9958, 2252, 78, 78, 2113
-9958, 2252, 77, 77, 2113
-9958, 2252, 77, 77, 2113
-9957, 2252, 78, 78, 2113
-9952, 2252, 78, 78, 2113
-9952, 2252, 78, 78, 2113
-9956, 2252, 79, 79, 2113
-9952, 2252, 79, 79, 2113
-9952, 2252, 79, 79, 2113
-9951, 2253, 79, 79, 2113
-9951, 2253, 79, 79, 2113
-9956, 2253, 78, 78, 2113
-9956, 2253, 78, 78, 2113
-9956, 2252, 79, 79, 2113
-9954, 2252, 79, 79, 2113
-9951, 2253, 78, 78, 2113
-9953, 2253, 80, 80, 2113
-9953, 2253, 80, 80, 2113
-9951, 2254, 80, 80, 2113
-9953, 2254, 79, 79, 2113
-9953, 2254, 79, 79, 2113
-9955, 2254, 79, 79, 2113
-9954, 2254, 79, 79, 2113
-9954, 2253, 80, 80, 2107
-9954, 2253, 80, 80, 2107
-9952, 2253, 79, 79, 2107
-9952, 2253, 79, 79, 2107
-9949, 2254, 80, 80, 2107
-9951, 2254, 80, 80, 2107
-9952, 2254, 80, 80, 2107
-9953, 2254, 80, 80, 2107
-9957, 2253, 80, 80, 2107
-9954, 2253, 80, 80, 2107
-9954, 2253, 80, 80, 2107
-9952, 2253, 80, 80, 2107
-9953, 2254, 80, 80, 2107
-9950, 2254, 79, 79, 2107
-9950, 2254, 79, 79, 2107
-9950, 2254, 80, 80, 2107
-9949, 2253, 80, 80, 2107
-9954, 2254, 80, 80, 2107
-9951, 2253, 81, 81, 2107
-9951, 2253, 81, 81, 2107
-9949, 2254, 80, 80, 2107
-9955, 2254, 80, 80, 2107
-9955, 2254, 80, 80, 2107
-9953, 2253, 81, 81, 2107
-9955, 2254, 80, 80, 2107
-9952, 2254, 80, 80, 2111
-9952, 2254, 80, 80, 2111
-9955, 2253, 80, 80, 2111
-9952, 2253, 80, 80, 2111
-9952, 2253, 80, 80, 2111
-9950, 2253, 81, 81, 2111
-9950, 2253, 81, 81, 2111
-9951, 2253, 81, 81, 2111
-9949, 2253, 81, 81, 2111
-9954, 2253, 81, 81, 2111
-9952, 2253, 81, 81, 2111
-9952, 2253, 81, 81, 2111
-9954, 2253, 80, 80, 2111
-9954, 2253, 80, 80, 2111
-9953, 2253, 82, 82, 2111
-9953, 2253, 82, 82, 2111
-9952, 2252, 81, 81, 2111
-9950, 2253, 81, 81, 2111
-9950, 2253, 81, 81, 2111
-9952, 2253, 81, 81, 2111
-9952, 2253, 81, 81, 2111
-9951, 2253, 81, 81, 2111
-9954, 2252, 81, 81, 2111
-9954, 2252, 81, 81, 2111
-9952, 2253, 81, 81, 2111
-9948, 2254, 81, 81, 2111
-9948, 2254, 81, 81, 2111
-9952, 2253, 81, 81, 2111
-9954, 2253, 81, 81, 2113
-9954, 2253, 81, 81, 2113
-9954, 2254, 82, 82, 2113
-9943, 2252, 85, 85, 2113
-9755, 2285, 280, 280, 2113
-9755, 2285, 280, 280, 2113
-9757, 2284, 277, 277, 2113
-9759, 2284, 274, 274, 2113
-9762, 2283, 271, 271, 2113
-9763, 2283, 269, 269, 2113
-9763, 2283, 269, 269, 2113
-9764, 2284, 269, 269, 2113
-9765, 2283, 268, 268, 2113
-9766, 2283, 266, 266, 2113
-9766, 2283, 266, 266, 2113
-9767, 2282, 265, 265, 2113
-9768, 2282, 265, 265, 2113
-9768, 2282, 265, 265, 2113
-9768, 2283, 265, 265, 2113
-9769, 2282, 264, 264, 2113
-9769, 2282, 264, 264, 2113
-9769, 2281, 264, 264, 2113
-9771, 2282, 263, 263, 2113
-9771, 2282, 263, 263, 2113
-9770, 2282, 263, 262, 2105
-9770, 2282, 263, 262, 2105
-9771, 2282, 262, 262, 2105
-9771, 2282, 262, 262, 2105
-9770, 2282, 263, 263, 2105
-9772, 2282, 261, 261, 2105
-9772, 2282, 261, 261, 2105
-9771, 2283, 261, 261, 2105
-9771, 2282, 261, 261, 2105
-9771, 2282, 261, 261, 2105
-9772, 2281, 261, 261, 2105
-9772, 2283, 261, 261, 2105
-9771, 2282, 261, 261, 2105
-9771, 2282, 261, 261, 2105
-9772, 2282, 261, 261, 2105
-9774, 2282, 260, 260, 2105
-9773, 2282, 260, 260, 2105
-9773, 2282, 260, 260, 2105
-9774, 2282, 260, 260, 2105
-9773, 2282, 260, 260, 2105
-9773, 2283, 260, 260, 2105
-9773, 2283, 260, 260, 2105
-9773, 2282, 260, 260, 2105
-9773, 2281, 260, 260, 2105
-9773, 2281, 260, 260, 2105
-9773, 2282, 259, 259, 2124
-9773, 2280, 260, 260, 2124
-9774, 2281, 260, 260, 2124
-9774, 2281, 259, 259, 2124
-9774, 2281, 260, 260, 2124
-9774, 2282, 259, 259, 2124
-9773, 2281, 260, 260, 2124
-9773, 2281, 260, 260, 2124
-9772, 2282, 259, 259, 2124
-9773, 2281, 259, 259, 2124
-9774, 2282, 259, 259, 2124
-9774, 2281, 259, 259, 2124
-9773, 2282, 259, 259, 2124
-9774, 2282, 259, 259, 2124
-9774, 2280, 259, 259, 2124
-9774, 2282, 259, 259, 2124
-9774, 2282, 259, 259, 2124
-9774, 2282, 259, 259, 2124
-9774, 2280, 259, 259, 2124
-9774, 2280, 258, 258, 2124
-9774, 2280, 258, 258, 2124
-9774, 2282, 258, 258, 2124
-9774, 2282, 258, 258, 2124
-9774, 2280, 259, 259, 2124
-9774, 2280, 258, 258, 2115
-9774, 2281, 258, 258, 2115
-9774, 2281, 259, 259, 2115
-9774, 2281, 259, 259, 2115
-9775, 2280, 258, 258, 2115
-9775, 2281, 258, 258, 2115
-9775, 2281, 258, 258, 2115
-9774, 2281, 258, 258, 2115
-9774, 2280, 258, 258, 2115
-9774, 2281, 258, 258, 2115
-9774, 2281, 258, 258, 2115
-9775, 2281, 258, 258, 2115
-9775, 2281, 258, 258, 2115
-9775, 2281, 258, 258, 2115
-9774, 2281, 258, 258, 2115
-9775, 2281, 258, 258, 2115
-9774, 2281, 258, 258, 2115
-9774, 2280, 258, 258, 2115
-9776, 2281, 258, 258, 2115
-9776, 2281, 258, 258, 2115
-9775, 2281, 258, 258, 2115
-9774, 2282, 258, 258, 2115
-9774, 2282, 258, 258, 2115
-9775, 2281, 258, 258, 2115
-9775, 2281, 258, 258, 2115
-9774, 2281, 258, 258, 2115
-9775, 2281, 258, 258, 2109
-9775, 2281, 258, 258, 2109
-9775, 2281, 258, 258, 2109
-9775, 2281, 258, 258, 2109
-9775, 2281, 258, 258, 2109
-9775, 2281, 258, 258, 2109
-9775, 2281, 258, 258, 2109
-9775, 2281, 258, 258, 2109
-9775, 2281, 258, 258, 2109
-9775, 2281, 258, 258, 2109
-9775, 2281, 258, 258, 2109
-9774, 2281, 258, 258, 2109
-9775, 2281, 258, 258, 2109
-9776, 2281, 258, 258, 2109
-9775, 2281, 258, 258, 2109
-9776, 2281, 257, 257, 2109
-9776, 2281, 257, 257, 2109
-9775, 2281, 257, 257, 2109
-9775, 2281, 257, 257, 2109
-9777, 2281, 257, 257, 2109
-9775, 2281, 257, 257, 2109
-9775, 2281, 258, 258, 2109
-9775, 2281, 258, 258, 2109
-9775, 2282, 258, 258, 2109
-9776, 2281, 258, 258, 2109
-9776, 2281, 257, 257, 2109
-9776, 2281, 257, 257, 2111
-9776, 2280, 257, 257, 2111
-9775, 2281, 257, 257, 2111
-9963, 2248, 61, 61, 2111
-9963, 2248, 61, 61, 2111
-9965, 2250, 63, 63, 2111
-9965, 2250, 68, 68, 2111
-9965, 2250, 68, 68, 2111
-9968, 2251, 69, 69, 2111
-9968, 2251, 69, 69, 2111
-9961, 2251, 71, 71, 2111
-9961, 2251, 71, 71, 2111
-9960, 2252, 73, 73, 2111
-9963, 2251, 73, 73, 2111
-9963, 2251, 73, 73, 2111
-9957, 2252, 73, 73, 2111
-9958, 2252, 74, 74, 2111
-9955, 2253, 74, 74, 2111
-9959, 2253, 75, 75, 2111
-9959, 2253, 75, 75, 2111
-9958, 2252, 76, 76, 2111
-9958, 2252, 76, 76, 2111
-9960, 2251, 76, 76, 2111
-9955, 2252, 76, 76, 2111
-9959, 2252, 76, 76, 2111
-9959, 2252, 76, 76, 2111
-9954, 2253, 76, 76, 2111
-9952, 2252, 77, 77, 2111
-9958, 2253, 76, 76, 2111
-9958, 2253, 78, 78, 2111
-9960, 2252, 77, 77, 2111
-9960, 2252, 77, 77, 2111
-9953, 2254, 78, 78, 2111
-9953, 2255, 78, 78, 2111
-9951, 2253, 78, 78, 2111
-9958, 2253, 78, 78, 2111
-9958, 2253, 78, 78, 2111
-9952, 2253, 78, 78, 2111
-9953, 2254, 78, 78, 2111
-9953, 2254, 78, 78, 2111
-9956, 2253, 79, 79, 2111
-9959, 2252, 79, 79, 2111
-9955, 2252, 78, 78, 2111
-9955, 2252, 78, 78, 2111
-9955, 2253, 79, 79, 2111
-9955, 2253, 79, 79, 2111
-9950, 2254, 79, 79, 2111
-9950, 2253, 80, 80, 2111
-9954, 2255, 79, 79, 2111
-9953, 2254, 79, 79, 2111
-9953, 2254, 79, 79, 2111
-9956, 2253, 78, 78, 2111
-9956, 2253, 78, 78, 2111
-9955, 2253, 78, 78, 2105
-9955, 2254, 80, 80, 2105
-9955, 2252, 79, 79, 2105
-9955, 2253, 80, 80, 2105
-9955, 2253, 80, 80, 2105
-9954, 2253, 80, 80, 2105
-9954, 2253, 78, 78, 2105
-9951, 2253, 79, 79, 2105
-9955, 2254, 79, 79, 2105
-9955, 2254, 79, 79, 2105
-9953, 2254, 80, 80, 2105
-9954, 2254, 80, 80, 2105
-9956, 2253, 81, 81, 2105
-9956, 2253, 81, 81, 2105
-9951, 2253, 80, 80, 2105
-9951, 2253, 80, 80, 2105
-9949, 2254, 80, 80, 2105
-9949, 2254, 80, 80, 2105
-9957, 2253, 80, 80, 2105
-9957, 2253, 80, 80, 2105
-9955, 2253, 81, 81, 2105
-9955, 2253, 81, 81, 2105
-9949, 2254, 81, 81, 2105
-9949, 2254, 81, 81, 2105
-9950, 2255, 81, 81, 2105
-9949, 2253, 81, 81, 2105
-9953, 2254, 81, 81, 2113
-9953, 2254, 81, 81, 2113
-9954, 2253, 81, 81, 2113
-9953, 2254, 82, 82, 2113
-9948, 2254, 81, 81, 2113
-9948, 2254, 81, 81, 2113
-9950, 2255, 81, 81, 2113
-9950, 2256, 81, 81, 2113
-9953, 2254, 82, 82, 2113
-9954, 2254, 82, 82, 2113
-9954, 2253, 81, 81, 2113
-9952, 2253, 81, 81, 2113
-9952, 2253, 81, 81, 2113
-9950, 2253, 81, 81, 2113
-9949, 2255, 82, 82, 2113
-9952, 2255, 81, 81, 2113
-9952, 2255, 81, 81, 2113
-9956, 2253, 81, 81, 2113
-9956, 2253, 81, 81, 2113
-9949, 2254, 82, 82, 2113
-9949, 2254, 82, 82, 2113
-9950, 2253, 82, 82, 2113
-9947, 2255, 82, 82, 2113
-9947, 2255, 82, 82, 2113
-9956, 2253, 81, 81, 2113
-9956, 2253, 81, 81, 2113
-9955, 2254, 81, 81, 2113
-9950, 2254, 82, 82, 2113
-9949, 2254, 82, 82, 2113
-9949, 2254, 81, 81, 2113
-9951, 2253, 82, 82, 2113
-9948, 2255, 81, 81, 2113
-9947, 2255, 81, 81, 2113
-9951, 2255, 82, 82, 2113
-9951, 2255, 82, 82, 2113
-9953, 2254, 81, 81, 2113
-9954, 2254, 81, 81, 2113
-9963, 2255, 86, 86, 2113
-9752, 2289, 175, 175, 2113
-9753, 2287, 281, 281, 2113
-9753, 2287, 281, 281, 2113
-9757, 2286, 278, 278, 2113
-9758, 2286, 276, 276, 2113
-9759, 2285, 274, 274, 2113
-9760, 2285, 273, 273, 2113
-9762, 2285, 271, 271, 2113
-9762, 2285, 271, 271, 2113
-9764, 2284, 269, 269, 2113
-9765, 2285, 268, 268, 2113
-9765, 2285, 268, 268, 2113
-9766, 2284, 267, 267, 2113
-9766, 2283, 267, 267, 2129
-9767, 2283, 267, 267, 2129
-9767, 2284, 265, 265, 2129
-9767, 2284, 265, 265, 2129
-9767, 2282, 265, 265, 2129
-9768, 2283, 265, 265, 2129
-9768, 2283, 265, 265, 2129
-9767, 2283, 265, 265, 2129
-9769, 2283, 265, 265, 2129
-9769, 2283, 265, 265, 2129
-9768, 2283, 264, 264, 2129
-9769, 2284, 264, 264, 2129
-9769, 2284, 264, 264, 2129
-9771, 2283, 263, 263, 2129
-9771, 2284, 263, 263, 2129
-9771, 2283, 262, 262, 2129
-9770, 2283, 262, 262, 2129
-9771, 2283, 262, 262, 2129
-9771, 2284, 262, 262, 2129
-9771, 2284, 262, 262, 2129
-9771, 2282, 262, 262, 2129
-9770, 2284, 262, 262, 2129
-9771, 2283, 262, 262, 2129
-9771, 2283, 262, 262, 2129
-9771, 2283, 261, 261, 2129
-9772, 2283, 261, 261, 2109
-9772, 2283, 261, 261, 2109
-9771, 2283, 261, 261, 2109
-9770, 2283, 261, 261, 2109
-9770, 2283, 261, 261, 2109
-9772, 2282, 261, 261, 2109
-9772, 2283, 261, 261, 2109
-9772, 2283, 261, 261, 2109
-9772, 2283, 261, 261, 2109
-9771, 2282, 262, 262, 2109
-9771, 2282, 261, 261, 2109
-9772, 2283, 261, 261, 2109
-9772, 2283, 261, 261, 2109
-9773, 2283, 260, 260, 2109
-9773, 2283, 260, 260, 2109
-9773, 2283, 260, 260, 2109
-9773, 2283, 260, 260, 2109
-9772, 2283, 260, 260, 2109
-9773, 2282, 260, 260, 2109
-9773, 2282, 260, 260, 2109
-9773, 2284, 260, 260, 2109
-9773, 2283, 260, 260, 2109
-9773, 2283, 260, 260, 2109
-9772, 2283, 260, 260, 2109
-9773, 2282, 260, 260, 2109
-9773, 2282, 260, 260, 2109
-9773, 2282, 259, 259, 2107
-9773, 2282, 259, 259, 2107
-9774, 2282, 259, 259, 2107
-9773, 2282, 259, 259, 2107
-9773, 2282, 259, 259, 2107
-9774, 2282, 259, 259, 2107
-9773, 2282, 259, 259, 2107
-9773, 2282, 259, 259, 2107
-9773, 2282, 259, 259, 2107
-9774, 2283, 259, 259, 2107
-9774, 2283, 259, 259, 2107
-9774, 2282, 259, 259, 2107
-9773, 2283, 259, 259, 2107
-9773, 2282, 259, 259, 2107
-9773, 2282, 259, 259, 2107
-9774, 2282, 259, 259, 2107
-9774, 2283, 259, 259, 2107
-9774, 2282, 259, 259, 2107
-9774, 2282, 259, 259, 2107
-9774, 2282, 259, 259, 2107
-9774, 2283, 259, 259, 2107
-9774, 2283, 259, 259, 2107
-9774, 2283, 259, 259, 2107
-9773, 2281, 259, 259, 2107
-9773, 2282, 259, 259, 2107
-9773, 2282, 259, 259, 2107
-9773, 2282, 259, 259, 2107
-9773, 2282, 259, 259, 2107
-9775, 2282, 259, 259, 2109
-9775, 2282, 258, 258, 2109
-9774, 2282, 258, 258, 2109
-9774, 2282, 259, 259, 2109
-9773, 2282, 259, 259, 2109
-9773, 2282, 259, 259, 2109
-9774, 2282, 259, 259, 2109
-9774, 2282, 259, 259, 2109
-9773, 2282, 259, 259, 2109
-9773, 2282, 259, 259, 2109
-9775, 2282, 258, 258, 2109
-9774, 2282, 258, 258, 2109
-9774, 2282, 258, 258, 2109
-9772, 2281, 260, 260, 2109
-9774, 2281, 258, 258, 2109
-9774, 2282, 259, 259, 2109
-9774, 2282, 259, 259, 2109
-9774, 2283, 258, 258, 2109
-9774, 2283, 258, 258, 2109
-9774, 2282, 259, 259, 2109
-9774, 2282, 259, 259, 2109
-9774, 2283, 258, 258, 2109
-9774, 2283, 258, 258, 2109
-9774, 2283, 258, 258, 2105
-9774, 2283, 258, 258, 2105
-9773, 2283, 259, 259, 2105
-9774, 2282, 259, 259, 2105
-9774, 2282, 259, 259, 2105
-9775, 2282, 258, 258, 2105
-9774, 2282, 258, 258, 2105
-9775, 2282, 259, 259, 2105
-9774, 2281, 258, 258, 2105
-9774, 2282, 259, 259, 2105
-9774, 2282, 259, 259, 2105
-9773, 2282, 259, 259, 2105
-9774, 2282, 259, 259, 2105
-9774, 2282, 259, 259, 2105
-9775, 2282, 259, 259, 2105
-9774, 2282, 258, 258, 2105
-9774, 2282, 258, 258, 2105
-9775, 2282, 258, 258, 2105
-9775, 2282, 258, 258, 2105
-9774, 2282, 259, 259, 2105
-9774, 2282, 259, 259, 2105
-9775, 2283, 258, 258, 2105
-9774, 2282, 258, 258, 2105
-9774, 2282, 258, 258, 2105
-9774, 2282, 258, 258, 2105
-9773, 2283, 258, 258, 2113
-9774, 2282, 258, 258, 2113
-9774, 2282, 258, 258, 2113
-9775, 2283, 258, 258, 2113
-9774, 2282, 258, 258, 2113
-9774, 2282, 258, 258, 2113
-9775, 2281, 258, 258, 2113
-9775, 2281, 258, 258, 2113
-9775, 2282, 258, 258, 2113
-9775, 2282, 258, 258, 2113
-9775, 2282, 258, 258, 2113
-9775, 2282, 258, 258, 2113
-9774, 2283, 258, 258, 2113
-9774, 2282, 258, 258, 2113
-9775, 2281, 258, 258, 2113
-9774, 2282, 259, 259, 2113
-9775, 2282, 258, 258, 2113
-9774, 2282, 258, 258, 2113
-9774, 2282, 258, 258, 2113
-9774, 2282, 258, 258, 2113
-9774, 2282, 259, 259, 2107
-9774, 2282, 259, 259, 2107
-9774, 2282, 258, 258, 2107
-9774, 2282, 258, 258, 2107
-9774, 2281, 258, 258, 2107
-9774, 2281, 258, 258, 2107
-9775, 2283, 258, 258, 2107
-9775, 2283, 258, 258, 2107
-9775, 2283, 258, 258, 2107
-9774, 2282, 258, 258, 2107
-9775, 2282, 258, 258, 2107
-9774, 2283, 258, 258, 2107
-9774, 2283, 258, 258, 2107
-9775, 2282, 258, 258, 2107
-9775, 2282, 259, 259, 2107
-9775, 2282, 259, 259, 2107
-9775, 2283, 258, 258, 2107
-9775, 2283, 258, 258, 2107
-9775, 2282, 258, 258, 2107
-9775, 2282, 258, 258, 2107
-9774, 2282, 258, 258, 2107
-9775, 2282, 258, 258, 2107
-9775, 2282, 258, 258, 2107
-9774, 2282, 258, 258, 2107
-9773, 2282, 258, 258, 2107
-9775, 2283, 258, 258, 2107
-9775, 2283, 258, 258, 2107
-9775, 2282, 258, 258, 2118
-9775, 2282, 258, 258, 2118
-9774, 2282, 258, 258, 2118
-9774, 2282, 258, 258, 2118
-9774, 2282, 259, 259, 2118
-9775, 2282, 258, 258, 2118
-9775, 2281, 258, 258, 2118
-9774, 2281, 258, 258, 2118
-9774, 2282, 257, 257, 2118
-9774, 2282, 257, 257, 2118
-9775, 2283, 258, 258, 2118
-9775, 2282, 258, 258, 2118
-9775, 2282, 258, 258, 2118
-9774, 2283, 258, 258, 2118
-9775, 2282, 258, 258, 2118
-9775, 2281, 258, 258, 2118
-9774, 2283, 258, 258, 2118
-9774, 2282, 258, 258, 2118
-9776, 2282, 258, 258, 2118
-9775, 2282, 258, 258, 2118
-9775, 2282, 258, 258, 2118
-9774, 2282, 258, 258, 2118
-9775, 2282, 258, 258, 2118
-9775, 2282, 258, 258, 2118
-9775, 2282, 258, 258, 2118
-9776, 2282, 257, 257, 2113
-9776, 2282, 257, 257, 2113
-9774, 2282, 258, 258, 2113
-9774, 2282, 258, 258, 2113
-9775, 2281, 258, 258, 2113
-9775, 2281, 258, 258, 2113
-9774, 2282, 258, 258, 2113
-9774, 2282, 258, 258, 2113
-9775, 2282, 258, 258, 2113
-9775, 2282, 258, 257, 2113
-9775, 2282, 258, 257, 2113
-9774, 2282, 258, 258, 2113
-9774, 2282, 258, 258, 2113
-9775, 2283, 258, 258, 2113
-9775, 2283, 258, 258, 2113
-9775, 2283, 258, 258, 2113
-9775, 2283, 259, 259, 2113
-9774, 2282, 259, 259, 2113
-9774, 2283, 258, 258, 2113
-9774, 2282, 259, 259, 2113
-9775, 2283, 258, 258, 2113
-9775, 2283, 258, 258, 2113
-9774, 2282, 258, 258, 2113
-9775, 2281, 258, 258, 2113
-9775, 2281, 258, 258, 2113
-9776, 2282, 257, 257, 2105
-9775, 2282, 258, 258, 2105
-9775, 2282, 258, 258, 2105
-9774, 2281, 259, 259, 2105
-9775, 2282, 258, 258, 2105
-9775, 2282, 258, 258, 2105
-9774, 2282, 258, 258, 2105
-9775, 2283, 258, 258, 2105
-9775, 2282, 258, 258, 2105
-9775, 2282, 258, 258, 2105
-9775, 2282, 258, 258, 2105
-9775, 2282, 258, 258, 2105
-9775, 2282, 257, 257, 2105
-9775, 2282, 257, 257, 2105
-9776, 2282, 257, 257, 2105
-9774, 2282, 258, 258, 2105
-9775, 2282, 258, 258, 2105
-9775, 2283, 258, 258, 2105
-9775, 2283, 258, 258, 2105
-9775, 2282, 258, 258, 2105
-9775, 2282, 258, 258, 2105
-9776, 2282, 257, 257, 2105
-9776, 2282, 257, 257, 2105
-9775, 2282, 258, 258, 2105
-9774, 2281, 258, 258, 2105
-9776, 2282, 257, 257, 2115
-9776, 2282, 257, 257, 2115
-9774, 2282, 258, 258, 2115
-9775, 2283, 258, 258, 2115
-9775, 2282, 258, 258, 2115
-9774, 2283, 258, 258, 2115
-9774, 2283, 258, 258, 2115
-9775, 2283, 258, 258, 2115
-9775, 2282, 258, 258, 2115
-9774, 2282, 258, 258, 2115
-9774, 2282, 258, 258, 2115
-9775, 2283, 258, 258, 2115
-9775, 2283, 258, 258, 2115
-9774, 2282, 258, 258, 2115
-9774, 2282, 258, 258, 2115
-9775, 2281, 258, 258, 2115
-9776, 2282, 257, 257, 2115
-9774, 2281, 258, 258, 2115
-9775, 2283, 258, 258, 2115
-9774, 2282, 258, 258, 2115
-9774, 2282, 258, 258, 2115
-9776, 2282, 258, 258, 2115
-9775, 2281, 257, 257, 2115
-9775, 2282, 258, 258, 2115
-9775, 2282, 258, 258, 2115
-9775, 2282, 258, 258, 2115
-9775, 2283, 258, 258, 2115
-9775, 2283, 258, 258, 2115
-9774, 2282, 258, 258, 2115
-9774, 2281, 258, 258, 2115
-9774, 2281, 258, 258, 2115
-9775, 2283, 258, 258, 2115
-9775, 2282, 258, 258, 2115
-9776, 2283, 257, 257, 2115
-9774, 2283, 258, 258, 2115
-9774, 2283, 258, 258, 2115
-9774, 2282, 258, 258, 2115
-9775, 2282, 258, 258, 2115
-9775, 2282, 258, 258, 2115
-9775, 2282, 258, 258, 2115
-9775, 2282, 258, 258, 2115
-9774, 2283, 258, 258, 2115
-9774, 2283, 258, 258, 2115
-9774, 2283, 258, 258, 2115
-9774, 2283, 258, 258, 2115
-9775, 2282, 258, 258, 2115
-9774, 2283, 258, 258, 2115
-9774, 2283, 259, 259, 2115
-9775, 2283, 258, 258, 2115
-9775, 2282, 258, 258, 2115
-9773, 2283, 259, 259, 2115
-9774, 2283, 258, 258, 2118
-9774, 2283, 258, 258, 2118
-9774, 2282, 258, 258, 2118
-9775, 2282, 258, 258, 2118
-9775, 2282, 258, 258, 2118
-9775, 2283, 258, 258, 2118
-9774, 2283, 258, 258, 2118
-9774, 2283, 258, 258, 2118
-9775, 2283, 258, 258, 2118
-9775, 2283, 258, 258, 2118
-9774, 2282, 258, 258, 2118
-9774, 2282, 258, 258, 2118
-9775, 2282, 258, 258, 2118
-9775, 2282, 258, 258, 2118
-9774, 2283, 258, 258, 2118
-9775, 2282, 258, 258, 2118
-9775, 2283, 258, 258, 2118
-9775, 2282, 258, 258, 2118
-9775, 2282, 258, 258, 2118
-9774, 2283, 258, 258, 2118
-9775, 2282, 258, 258, 2118
-9774, 2283, 258, 258, 2118
-9775, 2282, 258, 258, 2118
-9774, 2282, 258, 258, 2118
-9775, 2283, 258, 258, 2107
-9774, 2283, 259, 259, 2107
-9774, 2283, 259, 259, 2107
-9775, 2283, 258, 258, 2107
-9775, 2282, 258, 258, 2107
-9775, 2282, 259, 259, 2107
-9775, 2283, 258, 258, 2107
-9775, 2283, 258, 258, 2107
-9775, 2283, 258, 258, 2107
-9775, 2283, 258, 258, 2107
-9775, 2283, 258, 258, 2107
-9775, 2283, 258, 258, 2107
-9775, 2283, 258, 258, 2107
-9775, 2283, 258, 258, 2107
-9775, 2283, 258, 258, 2107
-9775, 2283, 258, 258, 2107
-9775, 2283, 258, 258, 2107
-9774, 2283, 258, 258, 2107
-9775, 2283, 258, 258, 2107
-9775, 2283, 258, 258, 2107
-9775, 2282, 258, 258, 2107
-9774, 2283, 258, 258, 2107
-9775, 2282, 258, 258, 2107
-9775, 2283, 258, 258, 2107
-9775, 2283, 258, 258, 2107
-9775, 2283, 258, 258, 2107
-9775, 2283, 258, 258, 2107
