-9575, 2612, 456, 456, 4101
-9576, 2612, 457, 457, 4101
-9576, 2612, 457, 457, 4101
-9575, 2612, 457, 457, 4101
-9576, 2612, 456, 456, 4101
-9576, 2612, 456, 456, 4101
-9576, 2611, 457, 457, 4101
-9576, 2612, 457, 457, 4101
-9576, 2612, 457, 457, 4101
-9575, 2611, 458, 458, 4101
-9575, 2611, 458, 458, 4101
-9575, 2613, 458, 458, 4101
-9575, 2613, 458, 458, 4153
-9575, 2613, 458, 458, 4153
-9574, 2611, 458, 458, 4153
-9574, 2612, 458, 458, 4153
-9574, 2612, 458, 458, 4153
-9575, 2612, 458, 458, 4153
-9574, 2613, 458, 458, 4153
-9574, 2613, 458, 458, 4153
-9574, 2612, 458, 458, 4153
-9574, 2613, 458, 458, 4153
-9574, 2613, 458, 458, 4153
-9573, 2613, 458, 458, 4153
-9575, 2612, 458, 458, 4153
-9575, 2612, 458, 458, 4153
-9574, 2612, 458, 458, 4153
-9574, 2613, 458, 458, 4153
-9574, 2612, 458, 458, 4153
-9574, 2613, 459, 459, 4153
-9574, 2612, 458, 458, 4153
-9575, 2612, 458, 458, 4153
-9574, 2612, 458, 458, 4153
-9574, 2613, 458, 458, 4153
-9574, 2613, 458, 458, 4153
-9574, 2612, 459, 459, 4153
-9574, 2612, 459, 459, 4153
-9575, 2612, 458, 458, 4153
-9574, 2613, 458, 458, 4168
-9574, 2613, 458, 458, 4168
-9575, 2612, 458, 458, 4168
-9574, 2612, 458, 458, 4168
-9574, 2612, 459, 459, 4168
-9575, 2612, 459, 459, 4168
-9575, 2612, 459, 459, 4168
-9574, 2614, 458, 458, 4168
-9574, 2613, 459, 459, 4168
-9574, 2613, 459, 459, 4168
-9574, 2613, 459, 459, 4168
-9574, 2612, 459, 459, 4168
-9573, 2613, 459, 459, 4168
-9575, 2613, 459, 459, 4168
-9573, 2614, 459, 459, 4168
-9573, 2614, 459, 459, 4168
-9573, 2613, 459, 459, 4168
-9573, 2613, 459, 459, 4168
-9574, 2614, 459, 459, 4168
-9573, 2613, 459, 459, 4168
-9573, 2613, 459, 459, 4168
-9573, 2613, 459, 459, 4168
-9574, 2614, 460, 460, 4168
-9572, 2613, 459, 459, 4168
-9572, 2613, 459, 459, 4168
-9573, 2613, 460, 460, 4168
-9572, 2614, 460, 460, 4151
-9573, 2614, 459, 459, 4151
-9574, 2614, 459, 459, 4151
-9573, 2614, 460, 460, 4151
-9573, 2614, 460, 460, 4151
-9573, 2614, 460, 460, 4151
-9573, 2614, 460, 460, 4151
-9573, 2613, 460, 460, 4151
-9573, 2614, 460, 460, 4151
-9574, 2613, 459, 459, 4151
-9574, 2613, 459, 459, 4151
-9572, 2614, 460, 460, 4151
-9573, 2614, 460, 460, 4151
-9573, 2614, 460, 460, 4151
-9573, 2615, 460, 460, 4151
-9573, 2615, 460, 460, 4151
-9573, 2614, 460, 460, 4151
-9573, 2613, 460, 460, 4151
-9573, 2614, 460, 460, 4151
-9573, 2614, 460, 460, 4151
-9573, 2614, 460, 460, 4151
-9573, 2614, 460, 460, 4151
-9572, 2614, 460, 460, 4151
-9573, 2614, 460, 460, 4151
-9573, 2615, 460, 460, 4151
-9574, 2614, 459, 459, 4133
-9573, 2614, 459, 459, 4133
-9572, 2613, 460, 460, 4133
-9572, 2613, 460, 460, 4133
-9573, 2614, 460, 460, 4133
-9573, 2615, 460, 460, 4133
-9573, 2615, 460, 460, 4133
-9573, 2614, 460, 460, 4133
-9572, 2614, 461, 461, 4133
-9570, 2590, 461, 461, 4133
-9668, 2601, 387, 387, 4133
-9668, 2601, 387, 387, 4133
-9676, 2599, 359, 359, 4133
-9674, 2600, 359, 359, 4133
-9672, 2600, 360, 360, 4133
-9671, 2600, 361, 361, 4133
-9671, 2600, 361, 361, 4133
-9670, 2601, 361, 361, 4133
-9670, 2601, 361, 361, 4133
-9671, 2601, 362, 362, 4133
-9673, 2600, 362, 362, 4133
-9672, 2601, 361, 361, 4133
-9671, 2602, 362, 362, 4133
-9671, 2602, 362, 362, 4133
-9671, 2602, 362, 362, 4127
-9668, 2602, 363, 363, 4127
-9668, 2602, 363, 363, 4127
-9670, 2602, 362, 362, 4127
-9670, 2602, 362, 362, 4127
-9670, 2602, 362, 362, 4127
-9671, 2601, 362, 362, 4127
-9670, 2601, 363, 363, 4127
-9670, 2601, 363, 363, 4127
-9668, 2601, 363, 363, 4127
-9668, 2601, 363, 363, 4127
-9669, 2602, 364, 364, 4127
-9669, 2602, 364, 364, 4127
-9671, 2601, 363, 363, 4127
-9671, 2601, 363, 363, 4127
-9670, 2601, 364, 364, 4127
-9668, 2602, 363, 363, 4127
-9668, 2602, 363, 363, 4127
-9668, 2602, 364, 364, 4127
-9668, 2602, 364, 364, 4127
-9669, 2602, 363, 363, 4127
-9670, 2601, 364, 364, 4127
-9670, 2601, 364, 364, 4127
-9670, 2603, 364, 364, 4127
-9668, 2603, 363, 363, 4127
-9668, 2603, 363, 363, 4127
-9669, 2603, 364, 364, 4116
-9672, 2601, 363, 363, 4116
-9672, 2601, 363, 363, 4116
-9668, 2602, 364, 364, 4116
-9668, 2602, 364, 364, 4116
-9668, 2602, 365, 365, 4116
-9667, 2602, 363, 363, 4116
-9667, 2602, 363, 363, 4116
-9671, 2601, 364, 364, 4116
-9668, 2602, 363, 363, 4116
-9668, 2602, 363, 363, 4116
-9670, 2602, 364, 364, 4116
-9671, 2602, 363, 363, 4116
-9669, 2602, 364, 364, 4116
-9669, 2602, 364, 364, 4116
-9668, 2604, 363, 363, 4116
-9668, 2604, 363, 363, 4116
-9668, 2603, 364, 364, 4116
-9669, 2603, 363, 363, 4116
-9669, 2603, 363, 363, 4116
-9669, 2602, 364, 364, 4116
-9669, 2602, 364, 364, 4116
-9669, 2602, 363, 363, 4116
-9669, 2602, 363, 363, 4116
-9667, 2603, 364, 364, 4116
-9667, 2603, 364, 364, 4116
-9668, 2603, 363, 363, 4116
-9668, 2603, 364, 364, 4116
-9668, 2603, 364, 364, 4116
-9671, 2602, 364, 364, 4116
-9671, 2602, 364, 364, 4116
-9669, 2603, 364, 364, 4116
-9668, 2603, 364, 364, 4116
-9668, 2603, 364, 364, 4116
-9667, 2603, 364, 364, 4116
-9669, 2603, 365, 365, 4116
-9669, 2603, 365, 365, 4116
-9669, 2602, 364, 364, 4116
-9669, 2602, 364, 364, 4116
-9669, 2603, 365, 365, 4116
-9669, 2603, 365, 365, 4116
-9667, 2603, 364, 364, 4116
-9666, 2604, 365, 365, 4116
-9668, 2604, 364, 364, 4116
-9670, 2603, 364, 364, 4116
-9670, 2603, 364, 364, 4116
-9671, 2603, 364, 364, 4116
-9671, 2603, 364, 364, 4116
-9669, 2603, 364, 364, 4116
-9668, 2603, 364, 364, 4116
-9668, 2603, 364, 364, 4116
-9666, 2604, 364, 364, 4116
-9668, 2603, 363, 363, 4116
-9668, 2603, 363, 363, 4116
-9667, 2604, 364, 364, 4116
-9669, 2603, 364, 364, 4107
-9669, 2603, 364, 364, 4107
-9671, 2603, 363, 363, 4107
-9670, 2603, 365, 365, 4107
-9668, 2604, 364, 364, 4107
-9668, 2604, 364, 364, 4107
-9666, 2603, 365, 365, 4107
-9669, 2603, 364, 364, 4107
-9669, 2603, 364, 364, 4107
-9667, 2604, 364, 364, 4107
-9667, 2603, 365, 365, 4107
-9669, 2604, 365, 365, 4107
-9670, 2604, 364, 364, 4107
-9670, 2604, 364, 364, 4107
-9669, 2603, 365, 365, 4107
-9670, 2604, 365, 365, 4107
-9669, 2604, 364, 364, 4107
-9666, 2604, 365, 365, 4107
-9666, 2604, 365, 365, 4107
-9667, 2605, 365, 365, 4107
-9668, 2605, 364, 364, 4107
-9670, 2604, 362, 362, 4107
-9670, 2604, 362, 362, 4107
-9566, 2619, 468, 468, 4107
-9566, 2619, 468, 468, 4107
-9567, 2618, 465, 465, 4101
-9567, 2618, 465, 465, 4101
-9568, 2618, 465, 465, 4101
-9568, 2618, 465, 465, 4101
-9568, 2617, 464, 464, 4101
-9569, 2618, 464, 464, 4101
-9569, 2618, 464, 464, 4101
-9569, 2618, 464, 464, 4101
-9569, 2618, 464, 464, 4101
-9569, 2617, 463, 463, 4101
-9569, 2617, 463, 463, 4101
-9569, 2617, 463, 463, 4101
-9569, 2619, 464, 464, 4101
-9569, 2618, 464, 464, 4101
-9569, 2618, 464, 464, 4101
-9570, 2617, 463, 463, 4101
-9570, 2617, 463, 463, 4101
-9569, 2618, 463, 463, 4101
-9569, 2618, 463, 463, 4101
-9569, 2618, 464, 464, 4101
-9569, 2617, 464, 464, 4101
-9569, 2617, 464, 464, 4101
-9570, 2617, 463, 463, 4101
-9569, 2618, 463, 463, 4092
-9569, 2618, 463, 463, 4092
-9569, 2618, 463, 463, 4092
-9569, 2618, 464, 464, 4092
-9571, 2619, 463, 463, 4092
-9569, 2619, 464, 464, 4092
-9569, 2619, 463, 463, 4092
-9569, 2618, 464, 464, 4092
-9569, 2618, 463, 463, 4092
-9569, 2618, 464, 464, 4092
-9569, 2618, 464, 464, 4092
-9569, 2618, 464, 464, 4092
-9569, 2618, 463, 463, 4092
-9569, 2618, 464, 464, 4092
-9568, 2618, 464, 464, 4092
-9568, 2618, 464, 464, 4092
-9570, 2618, 463, 463, 4092
-9569, 2618, 464, 464, 4092
-9569, 2618, 464, 464, 4092
-9570, 2618, 463, 463, 4092
-9570, 2618, 463, 463, 4092
-9568, 2618, 464, 464, 4092
-9569, 2619, 464, 464, 4092
-9569, 2619, 464, 464, 4092
-9569, 2619, 464, 464, 4105
-9569, 2619, 464, 464, 4105
-9568, 2618, 464, 464, 4105
-9569, 2619, 463, 463, 4105
-9570, 2618, 463, 463, 4105
-9570, 2618, 463, 463, 4105
-9569, 2619, 463, 463, 4105
-9569, 2618, 464, 464, 4105
-9569, 2619, 464, 464, 4105
-9569, 2619, 464, 464, 4105
-9569, 2618, 464, 464, 4105
-9569, 2618, 464, 464, 4105
-9568, 2619, 464, 464, 4105
-9569, 2619, 464, 464, 4105
-9569, 2618, 464, 464, 4105
-9569, 2618, 464, 464, 4105
-9569, 2619, 464, 464, 4105
-9569, 2619, 464, 464, 4105
-9568, 2619, 465, 465, 4105
-9567, 2619, 464, 464, 4105
-9569, 2621, 464, 464, 4105
-9569, 2619, 464, 464, 4105
-9568, 2619, 464, 464, 4085
-9568, 2619, 464, 464, 4085
-9569, 2619, 464, 464, 4085
-9569, 2619, 464, 464, 4085
-9569, 2620, 464, 464, 4085
-9568, 2618, 464, 464, 4085
-9568, 2618, 464, 464, 4085
-9568, 2619, 464, 464, 4085
-9569, 2619, 465, 465, 4085
-9568, 2620, 464, 464, 4085
-9568, 2619, 465, 465, 4085
-9568, 2619, 465, 465, 4085
-9567, 2618, 465, 465, 4085
-9569, 2619, 464, 464, 4085
-9568, 2618, 464, 464, 4085
-9567, 2619, 465, 465, 4085
-9568, 2619, 464, 464, 4085
-9568, 2619, 465, 465, 4085
-9568, 2619, 464, 464, 4085
-9569, 2619, 464, 464, 4085
-9569, 2619, 464, 464, 4085
-9568, 2620, 464, 464, 4085
-9568, 2620, 464, 464, 4085
-9568, 2619, 464, 464, 4085
-9568, 2619, 464, 464, 4083
-9569, 2619, 464, 464, 4083
-9568, 2620, 465, 465, 4083
-9568, 2620, 465, 465, 4083
-9568, 2619, 465, 465, 4083
-9569, 2619, 464, 464, 4083
-9569, 2619, 464, 464, 4083
-9568, 2619, 464, 464, 4083
-9569, 2620, 464, 464, 4083
-9569, 2620, 464, 464, 4083
-9568, 2619, 465, 465, 4083
-9568, 2619, 465, 465, 4083
-9567, 2620, 465, 465, 4083
-9568, 2619, 465, 465, 4083
-9568, 2619, 465, 465, 4083
-9568, 2618, 465, 465, 4083
-9567, 2619, 465, 465, 4083
-9568, 2619, 464, 464, 4083
-9568, 2620, 464, 464, 4083
-9568, 2620, 465, 465, 4083
-9568, 2620, 465, 465, 4083
-9568, 2620, 465, 465, 4083
-9676, 2607, 377, 377, 4083
-9676, 2607, 377, 377, 4083
-9673, 2605, 362, 362, 4083
-9670, 2606, 362, 362, 4083
-9667, 2606, 364, 364, 4083
-9667, 2606, 364, 364, 4083
-9665, 2606, 366, 366, 4083
-9665, 2606, 366, 366, 4083
-9668, 2607, 364, 364, 4083
-9668, 2607, 364, 364, 4083
-9668, 2607, 365, 365, 4083
-9669, 2605, 366, 366, 4083
-9668, 2606, 366, 366, 4083
-9668, 2606, 366, 366, 4083
-9669, 2607, 366, 366, 4083
-9669, 2607, 366, 366, 4083
-9665, 2606, 367, 367, 4083
-9667, 2607, 366, 366, 4083
-9667, 2607, 367, 367, 4083
-9666, 2606, 367, 367, 4083
-9666, 2606, 367, 367, 4083
-9665, 2607, 367, 367, 4083
-9665, 2607, 366, 366, 4083
-9665, 2607, 366, 366, 4083
-9667, 2606, 367, 367, 4083
-9667, 2606, 367, 367, 4083
-9669, 2606, 367, 367, 4083
-9668, 2606, 367, 367, 4083
-9668, 2606, 367, 367, 4083
-9668, 2606, 366, 366, 4079
-9665, 2607, 367, 367, 4079
-9667, 2605, 368, 368, 4079
-9667, 2607, 367, 367, 4079
-9663, 2606, 368, 368, 4079
-9664, 2607, 368, 368, 4079
-9664, 2607, 367, 367, 4079
-9666, 2608, 368, 368, 4079
-9669, 2607, 367, 367, 4079
-9669, 2607, 367, 367, 4079
-9668, 2607, 367, 367, 4079
-9668, 2606, 368, 368, 4079
-9668, 2606, 368, 368, 4079
-9666, 2607, 366, 366, 4079
-9666, 2607, 368, 368, 4079
-9663, 2607, 368, 368, 4079
-9666, 2607, 368, 368, 4079
-9666, 2607, 368, 368, 4079
-9666, 2608, 367, 367, 4079
-9666, 2608, 367, 367, 4079
-9664, 2608, 367, 367, 4079
-9664, 2608, 367, 367, 4079
-9664, 2608, 367, 367, 4079
-9666, 2608, 368, 368, 4085
-9666, 2608, 368, 368, 4085
-9667, 2607, 368, 368, 4085
-9666, 2608, 367, 367, 4085
-9664, 2609, 369, 369, 4085
-9666, 2607, 367, 367, 4085
-9666, 2607, 367, 367, 4085
-9664, 2608, 368, 368, 4085
-9662, 2608, 369, 369, 4085
-9663, 2608, 367, 367, 4085
-9663, 2608, 367, 367, 4085
-9662, 2608, 368, 368, 4085
-9666, 2608, 367, 367, 4085
-9666, 2608, 367, 367, 4085
-9668, 2607, 367, 367, 4085
-9668, 2607, 367, 367, 4085
-9667, 2608, 368, 368, 4085
-9666, 2607, 368, 368, 4085
-9665, 2609, 368, 368, 4085
-9665, 2607, 368, 368, 4085
-9665, 2607, 368, 368, 4085
-9663, 2608, 367, 367, 4085
-9663, 2608, 368, 368, 4085
-9663, 2608, 368, 368, 4085
-9666, 2607, 367, 367, 4085
-9666, 2607, 367, 367, 4085
-9667, 2608, 367, 367, 4085
-9667, 2608, 367, 367, 4079
-9667, 2608, 367, 367, 4079
-9663, 2608, 368, 368, 4079
-9666, 2608, 368, 368, 4079
-9666, 2608, 368, 368, 4079
-9665, 2609, 367, 367, 4079
-9664, 2608, 369, 369, 4079
-9664, 2608, 369, 369, 4079
-9666, 2607, 368, 368, 4079
-9666, 2607, 368, 368, 4079
-9666, 2607, 368, 368, 4079
-9664, 2608, 367, 367, 4079
-9666, 2606, 368, 368, 4079
-9666, 2606, 368, 368, 4079
-9666, 2607, 368, 368, 4079
-9663, 2607, 368, 368, 4079
-9663, 2607, 368, 368, 4079
-9665, 2608, 367, 367, 4079
-9665, 2608, 367, 367, 4079
-9666, 2607, 368, 368, 4079
-9668, 2608, 368, 368, 4079
-9668, 2608, 368, 368, 4079
-9662, 2608, 369, 369, 4079
-9662, 2608, 369, 369, 4079
-9662, 2609, 368, 368, 4079
-9662, 2609, 368, 368, 4079
-9666, 2608, 368, 368, 4079
-9666, 2608, 368, 368, 4079
-9666, 2607, 368, 368, 4072
-9666, 2607, 368, 368, 4072
-9664, 2607, 369, 369, 4072
-9664, 2607, 369, 369, 4072
-9663, 2608, 368, 368, 4072
-9663, 2608, 368, 368, 4072
-9663, 2609, 368, 368, 4072
-9663, 2609, 368, 368, 4072
-9665, 2608, 368, 368, 4072
-9665, 2608, 368, 368, 4072
-9560, 2623, 473, 473, 4072
-9562, 2623, 471, 471, 4072
-9564, 2622, 469, 469, 4072
-9565, 2622, 468, 468, 4072
-9565, 2622, 468, 468, 4072
-9565, 2623, 468, 468, 4072
-9563, 2622, 468, 468, 4072
-9565, 2622, 468, 468, 4072
-9565, 2622, 468, 468, 4072
-9564, 2623, 468, 468, 4072
-9564, 2623, 468, 468, 4072
-9564, 2623, 467, 467, 4072
-9565, 2623, 468, 468, 4072
-9565, 2622, 467, 467, 4072
-9565, 2622, 467, 467, 4072
-9565, 2622, 467, 467, 4074
-9566, 2622, 467, 467, 4074
-9565, 2622, 467, 467, 4074
-9565, 2622, 468, 468, 4074
-9566, 2622, 467, 467, 4074
-9566, 2622, 467, 467, 4074
-9565, 2622, 468, 468, 4074
-9565, 2622, 467, 467, 4074
-9566, 2622, 467, 467, 4074
-9566, 2622, 467, 467, 4074
-9566, 2623, 467, 467, 4074
-9566, 2623, 467, 467, 4074
-9566, 2621, 467, 467, 4074
-9566, 2623, 467, 467, 4074
-9565, 2623, 468, 468, 4074
-9565, 2622, 468, 468, 4074
-9566, 2624, 467, 467, 4074
-9566, 2624, 467, 467, 4074
-9565, 2623, 468, 468, 4074
-9565, 2623, 468, 468, 4074
-9565, 2624, 467, 467, 4074
-9566, 2623, 468, 468, 4074
-9565, 2622, 468, 468, 4074
-9565, 2623, 468, 468, 4074
-9565, 2623, 468, 468, 4074
-9565, 2623, 468, 468, 4076
-9566, 2623, 467, 467, 4076
-9565, 2623, 467, 467, 4076
-9564, 2623, 468, 468, 4076
-9564, 2623, 468, 468, 4076
-9566, 2623, 467, 467, 4076
-9566, 2623, 467, 467, 4076
-9566, 2623, 467, 467, 4076
-9565, 2623, 467, 467, 4076
-9565, 2623, 467, 467, 4076
-9565, 2623, 468, 468, 4076
-9565, 2623, 468, 468, 4076
-9564, 2623, 468, 468, 4076
-9564, 2623, 468, 468, 4076
-9566, 2623, 468, 468, 4076
-9564, 2623, 468, 468, 4076
-9564, 2623, 468, 468, 4076
-9565, 2623, 468, 468, 4076
-9565, 2623, 468, 468, 4076
-9565, 2623, 468, 468, 4076
-9565, 2623, 468, 468, 4076
-9564, 2623, 468, 468, 4076
-9564, 2623, 468, 468, 4076
-9565, 2623, 468, 468, 4070
-9564, 2624, 468, 468, 4070
-9565, 2624, 468, 468, 4070
-9565, 2623, 468, 468, 4070
-9565, 2623, 468, 468, 4070
-9565, 2624, 467, 467, 4070
-9564, 2623, 468, 468, 4070
-9565, 2624, 468, 468, 4070
-9564, 2624, 469, 469, 4070
-9564, 2623, 468, 468, 4070
-9565, 2623, 468, 468, 4070
-9564, 2624, 468, 468, 4070
-9564, 2624, 468, 468, 4070
-9564, 2624, 469, 469, 4070
-9564, 2624, 469, 469, 4070
-9564, 2624, 469, 469, 4070
-9566, 2624, 468, 468, 4070
-9565, 2624, 468, 468, 4070
-9565, 2624, 468, 468, 4070
-9564, 2624, 468, 468, 4070
-9565, 2623, 468, 468, 4063
-9565, 2623, 468, 468, 4063
-9564, 2623, 468, 468, 4063
-9565, 2624, 468, 468, 4063
-9565, 2624, 468, 468, 4063
-9565, 2623, 468, 468, 4063
-9564, 2624, 468, 468, 4063
-9564, 2624, 468, 468, 4063
-9563, 2623, 469, 469, 4063
-9563, 2623, 469, 469, 4063
-9564, 2624, 469, 469, 4063
-9564, 2623, 469, 469, 4063
-9564, 2624, 468, 468, 4063
-9565, 2624, 468, 468, 4063
-9564, 2624, 468, 468, 4063
-9564, 2624, 468, 468, 4063
-9564, 2624, 468, 468, 4063
-9565, 2624, 468, 468, 4063
-9565, 2624, 468, 468, 4063
-9565, 2624, 468, 468, 4063
-9565, 2624, 468, 468, 4063
-9564, 2624, 468, 468, 4063
-9565, 2624, 468, 468, 4063
-9565, 2624, 468, 468, 4063
-9564, 2624, 468, 468, 4061
-9564, 2624, 468, 468, 4061
-9564, 2623, 468, 468, 4061
-9565, 2624, 468, 468, 4061
-9565, 2624, 468, 468, 4061
-9563, 2624, 468, 468, 4061
-9564, 2624, 469, 469, 4061
-9564, 2624, 469, 469, 4061
-9670, 2609, 355, 355, 4061
-9670, 2609, 355, 355, 4061
-9666, 2609, 369, 369, 4061
-9666, 2609, 369, 369, 4061
-9666, 2610, 368, 368, 4061
-9665, 2610, 369, 369, 4061
-9665, 2611, 368, 368, 4061
-9665, 2611, 368, 368, 4061
-9663, 2612, 370, 370, 4061
-9662, 2611, 369, 369, 4061
-9662, 2611, 369, 369, 4061
-9663, 2611, 370, 370, 4061
-9664, 2611, 369, 369, 4061
-9664, 2611, 369, 369, 4061
-9665, 2610, 370, 370, 4061
-9665, 2610, 370, 370, 4061
-9660, 2611, 370, 370, 4059
-9660, 2611, 370, 370, 4059
-9664, 2611, 370, 370, 4059
-9663, 2610, 371, 371, 4059
-9663, 2610, 371, 371, 4059
-9660, 2611, 371, 371, 4059
-9660, 2611, 371, 371, 4059
-9662, 2610, 370, 370, 4059
-9662, 2610, 370, 370, 4059
-9663, 2611, 372, 372, 4059
-9662, 2612, 370, 370, 4059
-9662, 2612, 370, 370, 4059
-9663, 2613, 371, 371, 4059
-9663, 2613, 371, 371, 4059
-9664, 2611, 371, 371, 4059
-9660, 2612, 372, 372, 4059
-9660, 2612, 372, 372, 4059
-9660, 2611, 371, 371, 4059
-9660, 2611, 371, 371, 4059
-9662, 2611, 371, 371, 4059
-9662, 2611, 371, 371, 4059
-9662, 2611, 372, 372, 4059
-9664, 2610, 371, 371, 4059
-9664, 2610, 371, 371, 4059
-9662, 2611, 371, 371, 4059
-9660, 2611, 372, 372, 4063
-9659, 2611, 371, 371, 4063
-9659, 2611, 371, 371, 4063
-9661, 2612, 371, 371, 4063
-9661, 2612, 371, 371, 4063
-9662, 2612, 372, 372, 4063
-9662, 2612, 372, 372, 4063
-9663, 2610, 370, 370, 4063
-9663, 2610, 370, 370, 4063
-9660, 2613, 372, 372, 4063
-9660, 2613, 372, 372, 4063
-9659, 2612, 371, 371, 4063
-9660, 2612, 372, 372, 4063
-9660, 2612, 372, 372, 4063
-9662, 2612, 372, 372, 4063
-9662, 2612, 372, 372, 4063
-9661, 2611, 371, 371, 4063
-9661, 2611, 371, 371, 4063
-9658, 2612, 372, 372, 4063
-9658, 2612, 372, 372, 4063
-9662, 2611, 372, 372, 4063
-9663, 2612, 371, 371, 4063
-9663, 2612, 371, 371, 4063
-9662, 2611, 371, 371, 4066
-9662, 2611, 371, 371, 4066
-9661, 2612, 373, 373, 4066
-9660, 2612, 371, 371, 4066
-9660, 2612, 371, 371, 4066
-9660, 2613, 371, 371, 4066
-9663, 2611, 372, 372, 4066
-9663, 2611, 372, 372, 4066
-9663, 2611, 371, 371, 4066
-9661, 2612, 373, 373, 4066
-9661, 2612, 373, 373, 4066
-9660, 2612, 372, 372, 4066
-9659, 2612, 372, 372, 4066
-9661, 2611, 372, 372, 4066
-9660, 2611, 372, 372, 4066
-9660, 2611, 372, 372, 4066
-9660, 2612, 373, 373, 4066
-9659, 2612, 373, 373, 4066
-9659, 2612, 373, 373, 4066
-9660, 2613, 371, 371, 4066
-9660, 2613, 371, 371, 4066
-9658, 2612, 372, 372, 4066
-9659, 2612, 372, 372, 4066
-9659, 2612, 372, 372, 4066
-9662, 2611, 372, 372, 4066
-9662, 2611, 372, 372, 4066
-9660, 2612, 372, 372, 4066
-9660, 2612, 372, 372, 4066
-9660, 2612, 373, 373, 4068
-9660, 2612, 373, 373, 4068
-9659, 2612, 372, 372, 4068
-9659, 2613, 372, 372, 4068
-9659, 2613, 372, 372, 4068
-9660, 2613, 373, 373, 4068
-9661, 2613, 372, 372, 4068
-9663, 2613, 372, 372, 4068
-9662, 2613, 373, 373, 4068
-9660, 2613, 372, 372, 4068
-9659, 2613, 372, 372, 4068
-9659, 2614, 372, 372, 4068
-9659, 2614, 372, 372, 4068
-9662, 2613, 373, 373, 4068
-9662, 2613, 373, 373, 4068
-9661, 2613, 373, 373, 4068
-9662, 2612, 373, 373, 4068
-9662, 2612, 373, 373, 4068
-9657, 2612, 372, 372, 4068
-9657, 2612, 372, 372, 4068
-9664, 2612, 369, 369, 4068
-9664, 2612, 369, 369, 4068
-9559, 2628, 475, 475, 4068
-9559, 2628, 475, 475, 4068
-9559, 2627, 473, 473, 4061
-9559, 2627, 473, 473, 4061
-9560, 2627, 473, 473, 4061
-9559, 2627, 473, 473, 4061
-9561, 2626, 472, 472, 4061
-9561, 2626, 472, 472, 4061
-9560, 2627, 472, 472, 4061
-9561, 2628, 472, 472, 4061
-9561, 2626, 472, 472, 4061
-9561, 2628, 472, 472, 4061
-9561, 2628, 472, 472, 4061
-9561, 2627, 472, 472, 4061
-9562, 2627, 471, 471, 4061
-9562, 2627, 471, 471, 4061
-9561, 2627, 471, 471, 4061
-9561, 2627, 471, 471, 4061
-9561, 2627, 472, 472, 4061
-9560, 2626, 471, 471, 4061
-9562, 2626, 471, 471, 4061
-9561, 2627, 472, 472, 4061
-9561, 2627, 471, 471, 4061
-9561, 2627, 471, 471, 4061
-9561, 2628, 472, 472, 4061
-9561, 2628, 472, 472, 4061
-9561, 2627, 471, 471, 4061
-9561, 2627, 472, 472, 4074
-9561, 2627, 472, 472, 4074
-9562, 2627, 471, 471, 4074
-9561, 2627, 471, 471, 4074
-9562, 2627, 471, 471, 4074
-9561, 2627, 472, 472, 4074
-9561, 2628, 471, 471, 4074
-9562, 2628, 471, 471, 4074
-9561, 2627, 471, 471, 4074
-9562, 2627, 471, 471, 4074
-9562, 2627, 471, 471, 4074
-9561, 2627, 471, 471, 4074
-9561, 2627, 471, 471, 4074
-9561, 2627, 471, 471, 4074
-9562, 2627, 471, 471, 4074
-9561, 2628, 471, 471, 4074
-9561, 2628, 471, 471, 4074
-9561, 2627, 472, 472, 4074
-9561, 2627, 472, 472, 4074
-9562, 2628, 471, 471, 4074
-9562, 2628, 471, 471, 4074
-9560, 2627, 472, 472, 4074
-9561, 2627, 472, 472, 4074
-9561, 2627, 472, 472, 4074
-9561, 2627, 471, 471, 4074
-9562, 2627, 471, 471, 4074
-9561, 2628, 471, 471, 4074
-9561, 2628, 471, 471, 4074
-9562, 2627, 471, 471, 4074
-9562, 2628, 471, 471, 4066
-9562, 2628, 471, 471, 4066
-9562, 2628, 471, 471, 4066
-9561, 2628, 472, 472, 4066
-9561, 2628, 472, 472, 4066
-9561, 2628, 472, 472, 4066
-9561, 2628, 472, 472, 4066
-9561, 2629, 471, 471, 4066
-9561, 2628, 471, 471, 4066
-9562, 2627, 471, 471, 4066
-9561, 2628, 471, 471, 4066
-9561, 2628, 471, 471, 4066
-9561, 2628, 471, 471, 4066
-9561, 2629, 472, 472, 4066
-9561, 2628, 472, 472, 4066
-9562, 2628, 472, 472, 4066
-9560, 2627, 472, 472, 4066
-9561, 2628, 472, 472, 4066
-9560, 2628, 472, 472, 4066
-9561, 2627, 472, 472, 4066
-9561, 2628, 472, 472, 4066
-9561, 2628, 472, 472, 4066
-9561, 2628, 472, 472, 4066
-9562, 2628, 471, 471, 4066
-9561, 2628, 472, 472, 4066
-9561, 2627, 472, 472, 4063
-9561, 2627, 472, 472, 4063
-9561, 2628, 472, 472, 4063
-9561, 2628, 472, 472, 4063
-9561, 2628, 472, 472, 4063
-9560, 2628, 472, 472, 4063
-9560, 2628, 472, 472, 4063
-9560, 2628, 472, 472, 4063
-9560, 2628, 473, 473, 4063
-9561, 2628, 472, 472, 4063
-9561, 2627, 472, 472, 4063
-9561, 2628, 472, 472, 4063
-9561, 2628, 472, 472, 4063
-9561, 2628, 472, 472, 4063
-9561, 2628, 472, 472, 4063
-9561, 2629, 472, 472, 4063
-9560, 2629, 472, 472, 4063
-9560, 2629, 472, 472, 4063
-9560, 2628, 472, 472, 4063
-9560, 2628, 472, 472, 4063
-9562, 2628, 472, 472, 4063
-9560, 2628, 472, 472, 4063
-9560, 2629, 472, 472, 4063
-9561, 2629, 472, 472, 4063
-9561, 2628, 472, 472, 4059
-9561, 2628, 472, 472, 4059
-9561, 2628, 472, 472, 4059
-9560, 2628, 473, 473, 4059
-9560, 2628, 473, 473, 4059
-9559, 2629, 473, 473, 4059
-9560, 2629, 473, 473, 4059
-9560, 2628, 472, 472, 4059
-9560, 2629, 473, 473, 4059
-9561, 2628, 473, 473, 4059
-9560, 2628, 472, 472, 4059
-9560, 2628, 472, 472, 4059
-9560, 2629, 473, 473, 4059
-9560, 2629, 473, 473, 4059
-9560, 2629, 473, 473, 4059
-9560, 2629, 472, 472, 4059
-9561, 2628, 472, 472, 4059
-9561, 2629, 472, 472, 4059
-9561, 2629, 472, 472, 4059
-9560, 2628, 472, 472, 4059
-9560, 2629, 473, 473, 4059
-9658, 2616, 400, 400, 4059
-9662, 2615, 371, 371, 4059
-9662, 2615, 371, 371, 4059
-9658, 2615, 373, 373, 4059
-9658, 2615, 373, 373, 4059
-9660, 2615, 373, 373, 4057
-9660, 2615, 373, 373, 4057
-9660, 2615, 372, 372, 4057
-9660, 2615, 372, 372, 4057
-9658, 2615, 373, 373, 4057
-9661, 2615, 373, 373, 4057
-9660, 2615, 374, 374, 4057
-9660, 2615, 374, 374, 4057
-9660, 2616, 374, 374, 4057
-9659, 2615, 374, 374, 4057
-9657, 2615, 374, 374, 4057
-9657, 2615, 374, 374, 4057
-9656, 2616, 374, 374, 4057
-9656, 2616, 374, 374, 4057
-9657, 2616, 374, 374, 4057
-9657, 2616, 374, 374, 4057
-9658, 2615, 375, 375, 4057
-9660, 2617, 375, 375, 4057
-9659, 2615, 375, 375, 4057
-9659, 2615, 375, 375, 4057
-9660, 2615, 375, 375, 4057
-9657, 2616, 374, 374, 4057
-9658, 2615, 374, 374, 4057
-9656, 2616, 374, 374, 4057
-9656, 2616, 374, 374, 4057
-9659, 2616, 375, 375, 4050
-9659, 2616, 375, 375, 4050
-9659, 2616, 375, 375, 4050
-9659, 2616, 375, 375, 4050
-9658, 2615, 375, 375, 4050
-9658, 2615, 375, 375, 4050
-9656, 2616, 376, 376, 4050
-9659, 2616, 375, 375, 4050
-9659, 2616, 375, 375, 4050
-9659, 2616, 375, 375, 4050
-9658, 2616, 375, 375, 4050
-9660, 2615, 374, 374, 4050
-9660, 2615, 374, 374, 4050
-9655, 2616, 376, 376, 4050
-9659, 2616, 374, 374, 4050
-9659, 2616, 374, 374, 4050
-9654, 2616, 376, 376, 4050
-9654, 2616, 376, 376, 4050
-9658, 2617, 375, 375, 4050
-9657, 2617, 376, 376, 4050
-9657, 2617, 376, 376, 4050
-9659, 2616, 375, 375, 4050
-9659, 2616, 375, 375, 4050
-9657, 2617, 376, 376, 4050
-9655, 2616, 376, 376, 4050
-9655, 2616, 376, 376, 4050
-9655, 2617, 376, 376, 4057
-9655, 2617, 376, 376, 4057
-9660, 2617, 375, 375, 4057
-9660, 2617, 375, 375, 4057
-9656, 2616, 376, 376, 4057
-9656, 2616, 376, 376, 4057
-9658, 2617, 376, 376, 4057
-9657, 2616, 374, 374, 4057
-9656, 2616, 376, 376, 4057
-9656, 2616, 376, 376, 4057
-9660, 2617, 375, 375, 4057
-9660, 2617, 375, 375, 4057
-9659, 2615, 375, 375, 4057
-9659, 2615, 375, 375, 4057
-9658, 2617, 376, 376, 4057
-9658, 2617, 376, 376, 4057
-9658, 2617, 375, 375, 4057
-9655, 2616, 376, 376, 4057
-9655, 2616, 376, 376, 4057
-9656, 2617, 375, 375, 4057
-9658, 2616, 376, 376, 4057
-9655, 2617, 376, 376, 4057
-9655, 2617, 376, 376, 4057
-9655, 2617, 376, 376, 4057
-9655, 2617, 376, 376, 4057
-9656, 2617, 375, 375, 4063
-9656, 2617, 375, 375, 4063
-9658, 2617, 376, 376, 4063
-9658, 2617, 376, 376, 4063
-9659, 2617, 375, 375, 4063
-9658, 2617, 376, 376, 4063
-9658, 2617, 376, 376, 4063
-9657, 2618, 376, 376, 4063
-9654, 2618, 376, 376, 4063
-9654, 2618, 376, 376, 4063
-9658, 2618, 376, 376, 4063
-9658, 2618, 376, 376, 4063
-9659, 2618, 376, 376, 4063
-9659, 2618, 376, 376, 4063
-9657, 2617, 377, 377, 4063
-9657, 2617, 377, 377, 4063
-9659, 2617, 375, 375, 4063
-9656, 2617, 375, 375, 4063
-9657, 2617, 377, 377, 4063
-9654, 2617, 376, 376, 4063
-9656, 2618, 377, 377, 4063
-9656, 2618, 377, 377, 4063
-9654, 2617, 377, 377, 4063
-9654, 2617, 377, 377, 4063
-9657, 2618, 376, 376, 4061
-9657, 2618, 376, 376, 4061
-9658, 2617, 376, 376, 4061
-9656, 2618, 377, 377, 4061
-9656, 2618, 377, 377, 4061
-9656, 2618, 376, 376, 4061
-9656, 2618, 376, 376, 4061
-9646, 2618, 379, 379, 4061
-9550, 2633, 432, 432, 4061
-9553, 2632, 480, 480, 4061
-9555, 2632, 478, 478, 4061
-9556, 2632, 477, 477, 4061
-9556, 2632, 477, 477, 4061
-9557, 2631, 476, 476, 4061
-9557, 2631, 476, 476, 4061
-9557, 2632, 476, 476, 4061
-9557, 2631, 476, 476, 4061
-9557, 2631, 476, 476, 4061
-9556, 2631, 476, 476, 4061
-9556, 2631, 476, 476, 4061
-9557, 2631, 476, 476, 4061
-9557, 2632, 476, 476, 4061
-9557, 2632, 476, 476, 4061
-9557, 2632, 476, 476, 4061
-9558, 2632, 475, 475, 4061
-9558, 2631, 475, 475, 4061
-9557, 2632, 475, 475, 4061
-9558, 2631, 475, 475, 4061
-9558, 2631, 475, 475, 4061
-9558, 2632, 475, 475, 4061
-9558, 2632, 475, 475, 4061
-9558, 2632, 474, 474, 4061
-9558, 2633, 475, 475, 4061
-9557, 2632, 475, 475, 4061
-9557, 2632, 475, 475, 4061
-9557, 2632, 475, 475, 4061
-9557, 2631, 475, 475, 4061
-9557, 2631, 475, 475, 4061
-9558, 2632, 475, 475, 4061
-9559, 2632, 475, 475, 4061
-9559, 2632, 475, 475, 4061
-9557, 2632, 475, 475, 4061
-9558, 2632, 475, 475, 4061
-9558, 2632, 475, 475, 4061
-9558, 2632, 474, 474, 4061
-9558, 2632, 475, 475, 4061
-9558, 2632, 475, 475, 4061
-9557, 2632, 475, 475, 4061
-9558, 2632, 475, 475, 4061
-9558, 2632, 475, 475, 4061
-9557, 2632, 475, 475, 4061
-9558, 2632, 475, 475, 4061
-9557, 2632, 475, 475, 4066
-9557, 2632, 475, 475, 4066
-9559, 2632, 475, 475, 4066
-9557, 2632, 475, 475, 4066
-9558, 2632, 475, 475, 4066
-9558, 2632, 475, 475, 4066
-9558, 2632, 475, 475, 4066
-9558, 2632, 475, 475, 4066
-9557, 2632, 476, 476, 4066
-9557, 2632, 476, 476, 4066
-9558, 2633, 475, 475, 4066
-9558, 2633, 475, 475, 4066
-9558, 2633, 475, 475, 4066
-9558, 2632, 475, 475, 4066
-9557, 2632, 475, 475, 4066
-9558, 2632, 475, 475, 4066
-9558, 2632, 475, 475, 4066
-9557, 2632, 476, 476, 4066
-9557, 2633, 476, 476, 4066
-9557, 2632, 476, 476, 4066
-9558, 2632, 475, 475, 4066
-9557, 2632, 475, 475, 4066
-9557, 2632, 475, 475, 4066
-9558, 2633, 475, 475, 4066
-9558, 2633, 475, 475, 4066
-9558, 2633, 475, 475, 4066
-9557, 2632, 476, 476, 4066
-9557, 2632, 476, 476, 4066
-9556, 2633, 476, 476, 4061
-9557, 2633, 475, 475, 4061
-9557, 2633, 475, 475, 4061
-9558, 2633, 476, 476, 4061
-9557, 2633, 476, 476, 4061
-9557, 2633, 476, 476, 4061
-9558, 2632, 476, 476, 4061
-9557, 2632, 475, 475, 4061
-9558, 2632, 475, 475, 4061
-9557, 2633, 476, 476, 4061
-9557, 2633, 476, 476, 4061
-9557, 2633, 476, 476, 4061
-9557, 2633, 476, 476, 4061
-9557, 2633, 476, 476, 4061
-9558, 2633, 475, 475, 4061
-9557, 2635, 476, 476, 4061
-9557, 2633, 475, 475, 4061
-9557, 2633, 475, 475, 4061
-9557, 2633, 476, 476, 4061
-9556, 2634, 476, 476, 4061
-9557, 2632, 475, 475, 4061
-9556, 2632, 477, 477, 4061
-9556, 2632, 477, 477, 4061
-9557, 2632, 476, 476, 4061
-9557, 2632, 476, 476, 4061
-9556, 2633, 476, 476, 4052
-9558, 2632, 476, 476, 4052
-9558, 2632, 476, 476, 4052
-9557, 2633, 476, 476, 4052
-9557, 2633, 476, 476, 4052
-9557, 2634, 476, 476, 4052
-9556, 2633, 476, 476, 4052
-9556, 2633, 476, 476, 4052
-9556, 2633, 476, 476, 4052
-9556, 2633, 476, 476, 4052
-9557, 2632, 476, 476, 4052
-9556, 2633, 476, 476, 4052
-9557, 2632, 476, 476, 4052
-9557, 2633, 476, 476, 4052
-9556, 2632, 476, 476, 4052
-9556, 2632, 476, 476, 4052
-9556, 2632, 476, 476, 4052
-9556, 2632, 476, 476, 4052
-9557, 2633, 476, 476, 4052
-9556, 2634, 476, 476, 4052
-9556, 2633, 476, 476, 4052
-9557, 2633, 477, 477, 4052
-9557, 2633, 477, 477, 4052
-9557, 2634, 476, 476, 4052
-9557, 2634, 476, 476, 4052
-9557, 2634, 476, 476, 4052
-9556, 2633, 476, 476, 4083
-9557, 2633, 477, 477, 4083
-9557, 2633, 477, 477, 4083
-9557, 2634, 476, 476, 4083
-9557, 2634, 476, 476, 4083
-9679, 2626, 396, 396, 4083
-9673, 2622, 355, 355, 4083
-9673, 2622, 355, 355, 4083
-9656, 2620, 375, 375, 4083
-9656, 2620, 375, 375, 4083
-9659, 2619, 376, 376, 4083
-9658, 2620, 377, 377, 4083
-9658, 2620, 377, 377, 4083
-9658, 2621, 377, 377, 4083
-9658, 2621, 377, 377, 4083
-9653, 2620, 377, 377, 4083
-9653, 2620, 377, 377, 4083
-9655, 2621, 378, 378, 4083
-9657, 2620, 378, 378, 4083
-9657, 2620, 378, 378, 4083
-9657, 2620, 378, 378, 4083
-9655, 2621, 378, 378, 4083
-9655, 2621, 378, 378, 4083
-9657, 2620, 378, 378, 4083
-9657, 2620, 378, 378, 4083
-9656, 2621, 378, 378, 4096
-9653, 2621, 379, 379, 4096
-9655, 2621, 378, 378, 4096
-9655, 2621, 378, 378, 4096
-9655, 2622, 378, 378, 4096
-9655, 2622, 378, 378, 4096
-9656, 2620, 378, 378, 4096
-9654, 2621, 377, 377, 4096
-9654, 2621, 377, 377, 4096
-9654, 2620, 379, 379, 4096
-9654, 2620, 379, 379, 4096
-9656, 2620, 378, 378, 4096
-9656, 2620, 378, 378, 4096
-9656, 2620, 379, 379, 4096
-9654, 2621, 378, 378, 4096
-9654, 2621, 378, 378, 4096
-9652, 2621, 379, 379, 4096
-9652, 2621, 379, 379, 4096
-9655, 2621, 379, 379, 4096
-9655, 2621, 379, 379, 4096
-9655, 2621, 379, 379, 4096
-9652, 2621, 379, 379, 4096
-9656, 2620, 379, 379, 4096
-9656, 2620, 379, 379, 4096
-9657, 2621, 378, 378, 4096
-9655, 2621, 379, 379, 4087
-9655, 2621, 379, 379, 4087
-9655, 2621, 380, 380, 4087
-9654, 2621, 379, 379, 4087
-9653, 2621, 378, 378, 4087
-9652, 2622, 379, 379, 4087
-9654, 2622, 378, 378, 4087
-9654, 2622, 378, 378, 4087
-9656, 2620, 379, 379, 4087
-9656, 2620, 379, 379, 4087
-9655, 2621, 378, 378, 4087
-9655, 2621, 378, 378, 4087
-9654, 2621, 379, 379, 4087
-9652, 2622, 379, 379, 4087
-9652, 2622, 379, 379, 4087
-9655, 2621, 379, 379, 4087
-9655, 2621, 379, 379, 4087
-9654, 2621, 379, 379, 4087
-9656, 2621, 380, 380, 4087
-9656, 2621, 380, 380, 4087
-9655, 2621, 378, 378, 4087
-9650, 2621, 380, 380, 4087
-9652, 2622, 380, 380, 4087
-9653, 2622, 379, 379, 4087
-9651, 2622, 380, 380, 4087
-9655, 2621, 379, 379, 4087
-9655, 2621, 379, 379, 4087
-9652, 2622, 381, 381, 4087
-9652, 2622, 381, 381, 4087
-9650, 2621, 381, 381, 4079
-9654, 2622, 378, 378, 4079
-9654, 2622, 378, 378, 4079
-9651, 2622, 379, 379, 4079
-9651, 2622, 379, 379, 4079
-9649, 2622, 380, 380, 4079
-9649, 2622, 380, 380, 4079
-9654, 2623, 378, 378, 4079
-9654, 2623, 378, 378, 4079
-9656, 2622, 379, 379, 4079
-9655, 2621, 380, 380, 4079
-9655, 2620, 380, 380, 4079
-9651, 2622, 380, 380, 4079
-9651, 2622, 380, 380, 4079
-9652, 2622, 380, 380, 4079
-9653, 2622, 379, 379, 4079
-9653, 2622, 379, 379, 4079
-9656, 2622, 379, 379, 4079
-9653, 2622, 379, 379, 4079
-9656, 2622, 380, 380, 4079
-9656, 2622, 380, 380, 4079
-9654, 2622, 379, 379, 4079
-9652, 2622, 380, 380, 4079
-9651, 2622, 379, 379, 4079
-9654, 2622, 380, 380, 4079
-9654, 2622, 380, 380, 4079
-9656, 2621, 380, 380, 4081
-9655, 2622, 380, 380, 4081
-9652, 2621, 381, 381, 4081
-9652, 2621, 381, 381, 4081
-9653, 2622, 380, 380, 4081
-9651, 2621, 380, 380, 4081
-9654, 2622, 380, 380, 4081
-9654, 2622, 380, 380, 4081
-9654, 2622, 380, 380, 4081
-9654, 2622, 380, 380, 4081
-9653, 2621, 380, 380, 4081
-9649, 2623, 380, 380, 4081
-9652, 2622, 380, 380, 4081
-9652, 2622, 380, 380, 4081
-9654, 2623, 381, 381, 4081
-9654, 2623, 381, 381, 4081
-9650, 2621, 379, 379, 4081
-9550, 2637, 485, 485, 4081
-9550, 2637, 485, 485, 4081
-9552, 2636, 481, 481, 4081
-9553, 2636, 480, 480, 4081
-9553, 2636, 480, 480, 4070
-9553, 2636, 480, 480, 4070
-9553, 2635, 480, 480, 4070
-9554, 2636, 479, 479, 4070
-9554, 2636, 479, 479, 4070
-9553, 2636, 480, 480, 4070
-9553, 2636, 480, 480, 4070
-9554, 2636, 479, 479, 4070
-9553, 2636, 480, 480, 4070
-9553, 2637, 480, 480, 4070
-9554, 2636, 479, 479, 4070
-9554, 2636, 479, 479, 4070
-9553, 2636, 479, 479, 4070
-9553, 2636, 479, 479, 4070
-9553, 2636, 479, 479, 4070
-9553, 2636, 479, 479, 4070
-9554, 2637, 479, 479, 4070
-9554, 2637, 479, 479, 4070
-9554, 2636, 479, 479, 4070
-9553, 2636, 479, 479, 4070
-9553, 2636, 479, 479, 4070
-9552, 2637, 480, 480, 4070
-9552, 2637, 480, 480, 4070
-9554, 2636, 479, 479, 4070
-9554, 2636, 479, 479, 4068
-9555, 2637, 479, 479, 4068
-9555, 2636, 478, 478, 4068
-9554, 2636, 479, 479, 4068
-9554, 2636, 479, 479, 4068
-9554, 2637, 479, 479, 4068
-9554, 2637, 479, 479, 4068
-9554, 2636, 479, 479, 4068
-9554, 2637, 479, 479, 4068
-9554, 2636, 479, 479, 4068
-9554, 2637, 479, 479, 4068
-9554, 2637, 479, 479, 4068
-9553, 2636, 479, 479, 4068
-9554, 2636, 479, 479, 4068
-9554, 2636, 479, 479, 4068
-9553, 2636, 479, 479, 4068
-9553, 2637, 479, 479, 4068
-9553, 2636, 479, 479, 4068
-9553, 2636, 479, 479, 4068
-9554, 2636, 479, 479, 4068
-9554, 2636, 479, 479, 4068
-9552, 2636, 480, 480, 4068
-9553, 2637, 480, 480, 4068
-9553, 2638, 480, 480, 4068
-9553, 2638, 480, 480, 4068
-9553, 2638, 480, 480, 4068
-9553, 2638, 480, 480, 4068
-9553, 2637, 480, 480, 4068
-9553, 2637, 480, 480, 4068
-9553, 2637, 480, 480, 4068
-9554, 2636, 480, 480, 4068
-9553, 2637, 480, 480, 4068
-9553, 2637, 480, 480, 4068
-9553, 2637, 480, 480, 4068
-9554, 2637, 480, 480, 4068
-9553, 2637, 480, 480, 4068
-9553, 2637, 480, 480, 4068
-9553, 2637, 480, 480, 4068
-9554, 2637, 479, 479, 4068
-9553, 2637, 480, 480, 4068
-9553, 2637, 480, 480, 4068
-9553, 2637, 480, 480, 4068
-9554, 2637, 479, 479, 4068
-9553, 2637, 480, 480, 4068
-9553, 2637, 480, 480, 4068
-9553, 2637, 480, 480, 4068
-9554, 2637, 479, 479, 4068
-9554, 2637, 479, 479, 4068
-9553, 2637, 479, 479, 4068
-9553, 2637, 479, 479, 4068
-9554, 2637, 480, 480, 4068
-9553, 2637, 480, 480, 4068
-9553, 2637, 479, 479, 4076
-9553, 2637, 479, 479, 4076
-9554, 2638, 479, 479, 4076
-9553, 2637, 480, 480, 4076
-9553, 2637, 480, 480, 4076
-9553, 2637, 480, 480, 4076
-9553, 2637, 480, 480, 4076
-9554, 2638, 479, 479, 4076
-9553, 2637, 480, 480, 4076
-9553, 2637, 480, 480, 4076
-9553, 2638, 480, 480, 4076
-9553, 2638, 480, 480, 4076
-9553, 2638, 479, 479, 4076
-9552, 2637, 480, 480, 4076
-9553, 2637, 480, 480, 4076
-9553, 2637, 480, 480, 4076
-9553, 2638, 480, 480, 4076
-9552, 2637, 480, 480, 4076
-9554, 2638, 479, 479, 4076
-9553, 2637, 480, 480, 4076
-9554, 2638, 480, 480, 4076
-9553, 2638, 480, 480, 4076
-9553, 2638, 480, 480, 4076
-9554, 2638, 480, 480, 4076
-9553, 2638, 481, 481, 4076
-9553, 2638, 481, 481, 4076
-9553, 2637, 480, 480, 4072
-9552, 2638, 480, 480, 4072
-9552, 2638, 480, 480, 4072
-9553, 2638, 480, 480, 4072
-9553, 2638, 480, 480, 4072
-9552, 2639, 480, 480, 4072
-9552, 2638, 481, 481, 4072
-9552, 2638, 481, 481, 4072
-9552, 2637, 481, 481, 4072
-9552, 2638, 481, 481, 4072
-9552, 2638, 481, 481, 4072
-9552, 2638, 481, 481, 4072
-9553, 2639, 480, 480, 4072
-9552, 2638, 481, 481, 4072
-9552, 2639, 481, 481, 4072
-9552, 2639, 481, 481, 4072
-9552, 2638, 481, 481, 4072
-9552, 2638, 481, 481, 4072
-9552, 2639, 481, 481, 4072
-9553, 2638, 480, 480, 4072
-9553, 2638, 480, 480, 4072
-9553, 2638, 480, 480, 4072
-9551, 2639, 481, 481, 4072
-9552, 2639, 481, 481, 4072
-9552, 2638, 481, 481, 4072
-9719, 2608, 310, 310, 4072
-9719, 2608, 310, 310, 4072
-9746, 2608, 288, 288, 4068
-9737, 2611, 291, 291, 4068
-9737, 2611, 291, 291, 4068
-9737, 2612, 292, 292, 4068
-9742, 2612, 294, 294, 4068
-9742, 2612, 294, 294, 4068
-9736, 2612, 294, 294, 4068
-9735, 2613, 295, 295, 4068
-9735, 2613, 295, 295, 4068
-9735, 2613, 295, 295, 4068
-9735, 2613, 295, 295, 4068
-9741, 2612, 295, 295, 4068
-9740, 2613, 295, 295, 4068
-9740, 2613, 295, 295, 4068
-9738, 2612, 296, 296, 4068
-9738, 2612, 296, 296, 4068
-9735, 2613, 295, 295, 4068
-9736, 2613, 295, 295, 4068
-9736, 2613, 295, 295, 4068
-9740, 2612, 295, 295, 4068
-9740, 2612, 295, 295, 4068
-9740, 2612, 296, 296, 4068
-9739, 2612, 295, 295, 4068
-9740, 2612, 297, 297, 4068
-9738, 2612, 297, 297, 4068
-9738, 2613, 296, 296, 4068
-9740, 2612, 297, 297, 4072
-9739, 2613, 296, 296, 4072
-9735, 2613, 296, 296, 4072
-9735, 2613, 296, 296, 4072
-9735, 2614, 296, 296, 4072
-9735, 2614, 296, 296, 4072
-9736, 2614, 296, 296, 4072
-9742, 2613, 296, 296, 4072
-9742, 2613, 296, 296, 4072
-9740, 2613, 296, 296, 4072
-9735, 2613, 297, 297, 4072
-9736, 2614, 297, 297, 4072
-9733, 2615, 296, 296, 4072
-9732, 2614, 297, 297, 4072
-9737, 2614, 296, 296, 4072
-9737, 2614, 296, 296, 4072
-9740, 2613, 297, 297, 4072
-9739, 2613, 297, 297, 4072
-9739, 2613, 297, 297, 4072
-9733, 2614, 296, 296, 4072
-9733, 2614, 296, 296, 4072
-9734, 2614, 297, 297, 4072
-9734, 2614, 297, 297, 4072
-9734, 2615, 297, 297, 4072
-9737, 2614, 298, 298, 4063
-9737, 2614, 298, 298, 4063
-9738, 2614, 298, 298, 4063
-9732, 2613, 297, 297, 4063
-9732, 2613, 297, 297, 4063
-9735, 2614, 297, 297, 4063
-9736, 2614, 297, 297, 4063
-9739, 2613, 297, 297, 4063
-9739, 2613, 297, 297, 4063
-9734, 2613, 298, 298, 4063
-9732, 2616, 296, 296, 4063
-9732, 2616, 296, 296, 4063
-9733, 2615, 297, 297, 4063
-9732, 2614, 298, 298, 4063
-9732, 2614, 298, 298, 4063
-9734, 2614, 297, 297, 4063
-9734, 2614, 297, 297, 4063
-9738, 2615, 297, 297, 4063
-9738, 2614, 298, 298, 4063
-9736, 2613, 298, 298, 4063
-9736, 2613, 298, 298, 4063
-9732, 2615, 297, 297, 4063
-9732, 2615, 297, 297, 4063
-9736, 2614, 298, 298, 4063
-9736, 2614, 298, 298, 4063
-9739, 2615, 298, 298, 4061
-9739, 2615, 298, 298, 4061
-9738, 2612, 298, 298, 4061
-9738, 2612, 298, 298, 4061
-9734, 2615, 298, 298, 4061
-9734, 2615, 298, 298, 4061
-9734, 2615, 298, 298, 4061
-9732, 2616, 297, 297, 4061
-9732, 2616, 297, 297, 4061
-9733, 2616, 297, 297, 4061
-9738, 2615, 298, 298, 4061
-9735, 2616, 298, 298, 4061
-9735, 2616, 298, 298, 4061
-9736, 2615, 297, 297, 4061
-9736, 2615, 297, 297, 4061
-9735, 2614, 297, 297, 4061
-9731, 2615, 298, 298, 4061
-9731, 2615, 298, 298, 4061
-9737, 2614, 298, 298, 4061
-9740, 2614, 298, 298, 4061
-9740, 2614, 298, 298, 4061
-9732, 2615, 298, 298, 4061
-9732, 2615, 298, 298, 4061
-9730, 2615, 298, 298, 4061
-9729, 2616, 299, 299, 4061
-9738, 2615, 297, 297, 4061
-9738, 2615, 297, 297, 4061
-9736, 2615, 298, 298, 4061
-9738, 2615, 298, 298, 4061
-9738, 2615, 298, 298, 4061
-9739, 2615, 298, 298, 4061
-9540, 2644, 497, 497, 4061
-9540, 2644, 497, 497, 4061
-9542, 2643, 491, 491, 4061
-9542, 2642, 490, 490, 4061
-9546, 2641, 487, 487, 4061
-9546, 2641, 487, 487, 4061
-9547, 2641, 487, 487, 4061
-9547, 2640, 486, 486, 4061
-9547, 2642, 486, 486, 4061
-9547, 2641, 486, 486, 4061
-9548, 2640, 485, 485, 4061
-9548, 2640, 485, 485, 4061
-9548, 2641, 485, 485, 4061
-9548, 2641, 485, 485, 4061
-9548, 2641, 485, 485, 4061
-9548, 2641, 485, 485, 4070
-9548, 2641, 485, 485, 4070
-9548, 2641, 485, 485, 4070
-9549, 2641, 484, 484, 4070
-9549, 2641, 484, 484, 4070
-9549, 2641, 484, 484, 4070
-9548, 2641, 484, 484, 4070
-9548, 2641, 484, 484, 4070
-9548, 2641, 484, 484, 4070
-9548, 2641, 484, 484, 4070
-9549, 2641, 484, 484, 4070
-9549, 2641, 484, 484, 4070
-9549, 2642, 484, 484, 4070
-9549, 2641, 484, 484, 4070
-9550, 2641, 483, 483, 4070
-9549, 2642, 484, 484, 4070
-9549, 2642, 484, 484, 4070
-9549, 2642, 484, 484, 4070
-9548, 2642, 483, 483, 4070
-9550, 2640, 484, 484, 4070
-9549, 2641, 484, 484, 4070
-9549, 2642, 484, 484, 4074
-9550, 2642, 483, 483, 4074
-9550, 2642, 483, 483, 4074
-9549, 2641, 484, 484, 4074
-9550, 2641, 483, 483, 4074
-9550, 2641, 483, 483, 4074
-9550, 2641, 483, 483, 4074
-9548, 2641, 484, 484, 4074
-9549, 2642, 484, 484, 4074
-9550, 2642, 483, 483, 4074
-9549, 2642, 483, 483, 4074
-9550, 2641, 483, 483, 4074
-9550, 2641, 483, 483, 4074
-9549, 2642, 484, 484, 4074
-9549, 2642, 484, 484, 4074
-9550, 2641, 483, 483, 4074
-9549, 2641, 483, 483, 4074
-9549, 2642, 484, 484, 4074
-9549, 2641, 483, 483, 4074
-9550, 2642, 483, 483, 4074
-9550, 2642, 483, 483, 4074
-9549, 2642, 483, 483, 4074
-9550, 2642, 483, 483, 4074
-9550, 2642, 483, 483, 4074
-9550, 2642, 484, 484, 4074
-9550, 2642, 483, 483, 4074
-9549, 2641, 484, 484, 4072
-9550, 2641, 483, 483, 4072
-9549, 2641, 483, 483, 4072
-9549, 2642, 483, 483, 4072
-9549, 2642, 483, 483, 4072
-9550, 2642, 484, 484, 4072
-9549, 2641, 483, 483, 4072
-9549, 2642, 484, 484, 4072
-9548, 2642, 484, 484, 4072
-9548, 2642, 484, 484, 4072
-9548, 2642, 484, 484, 4072
-9549, 2642, 484, 484, 4072
-9549, 2642, 484, 484, 4072
-9548, 2642, 484, 484, 4072
-9549, 2643, 484, 484, 4072
-9550, 2642, 483, 483, 4072
-9549, 2641, 484, 483, 4072
-9549, 2641, 484, 483, 4072
-9549, 2642, 484, 484, 4072
-9550, 2643, 484, 484, 4072
-9549, 2642, 484, 484, 4072
-9549, 2642, 484, 484, 4072
-9549, 2642, 484, 484, 4072
-9550, 2642, 483, 483, 4072
-9548, 2643, 484, 484, 4072
-9548, 2643, 484, 484, 4072
-9548, 2642, 485, 485, 4061
-9550, 2643, 484, 484, 4061
-9549, 2643, 484, 484, 4061
-9549, 2643, 484, 484, 4061
-9549, 2641, 483, 483, 4061
-9549, 2641, 483, 483, 4061
-9549, 2642, 484, 484, 4061
-9549, 2642, 484, 484, 4061
-9549, 2642, 484, 484, 4061
-9548, 2642, 484, 484, 4061
-9549, 2642, 484, 484, 4061
-9547, 2643, 485, 485, 4061
-9549, 2642, 484, 484, 4061
-9549, 2642, 484, 484, 4061
-9548, 2644, 484, 484, 4061
-9548, 2643, 484, 484, 4061
-9548, 2643, 484, 484, 4061
-9548, 2643, 484, 484, 4061
-9549, 2643, 484, 484, 4061
-9549, 2643, 484, 484, 4061
-9548, 2643, 484, 484, 4061
-9548, 2643, 484, 484, 4061
-9548, 2642, 485, 485, 4061
-9548, 2643, 485, 485, 4061
-9549, 2642, 484, 484, 4061
-9548, 2642, 484, 484, 4061
-9548, 2642, 484, 484, 4061
-9549, 2642, 484, 484, 4061
-9549, 2642, 484, 484, 4061
-9549, 2644, 484, 484, 4061
-9548, 2643, 485, 485, 4061
-9548, 2643, 485, 485, 4061
-9548, 2643, 485, 485, 4061
-9548, 2643, 485, 485, 4061
-9548, 2642, 485, 485, 4061
-9549, 2642, 484, 484, 4061
-9548, 2643, 484, 484, 4061
-9699, 2606, 344, 344, 4061
-9699, 2606, 344, 344, 4061
-9720, 2614, 304, 304, 4061
-9735, 2617, 293, 293, 4061
-9735, 2617, 293, 293, 4061
-9733, 2618, 296, 296, 4061
-9730, 2617, 298, 298, 4061
-9730, 2617, 298, 298, 4061
-9734, 2617, 297, 297, 4061
-9734, 2617, 297, 297, 4061
-9734, 2617, 298, 298, 4061
-9738, 2617, 298, 298, 4061
-9737, 2617, 298, 298, 4061
-9737, 2616, 299, 299, 4061
-9737, 2616, 299, 299, 4061
-9731, 2617, 300, 300, 4061
-9730, 2619, 299, 299, 4055
-9730, 2619, 299, 299, 4055
-9729, 2618, 299, 299, 4055
-9729, 2618, 299, 299, 4055
-9730, 2619, 299, 299, 4055
-9733, 2618, 300, 300, 4055
-9733, 2618, 300, 300, 4055
-9735, 2617, 300, 300, 4055
-9735, 2617, 300, 300, 4055
-9729, 2618, 300, 300, 4055
-9729, 2618, 300, 300, 4055
-9729, 2618, 300, 300, 4055
-9729, 2618, 300, 300, 4055
-9729, 2618, 300, 300, 4055
-9729, 2618, 300, 300, 4055
-9732, 2619, 300, 300, 4055
-9736, 2618, 301, 301, 4055
-9736, 2618, 301, 301, 4055
-9732, 2618, 300, 300, 4055
-9732, 2618, 300, 300, 4055
-9729, 2619, 301, 301, 4055
-9734, 2618, 301, 301, 4055
-9734, 2618, 301, 301, 4055
-9734, 2619, 301, 301, 4055
-9734, 2619, 301, 301, 4055
-9734, 2617, 301, 301, 4055
-9731, 2618, 301, 301, 4066
-9731, 2618, 301, 301, 4066
-9728, 2619, 301, 301, 4066
-9736, 2617, 301, 301, 4066
-9736, 2617, 301, 301, 4066
-9734, 2618, 301, 301, 4066
-9736, 2618, 300, 300, 4066
-9736, 2618, 300, 300, 4066
-9732, 2618, 301, 301, 4066
-9733, 2618, 301, 301, 4066
-9725, 2618, 302, 302, 4066
-9734, 2620, 302, 302, 4066
-9734, 2620, 302, 302, 4066
-9734, 2619, 301, 301, 4066
-9734, 2619, 301, 301, 4066
-9734, 2618, 301, 301, 4066
-9734, 2618, 301, 301, 4066
-9728, 2618, 301, 301, 4066
-9727, 2620, 302, 302, 4066
-9727, 2619, 301, 301, 4066
-9729, 2620, 301, 301, 4066
-9735, 2619, 302, 302, 4066
-9735, 2619, 302, 302, 4066
-9735, 2618, 300, 300, 4057
-9735, 2618, 300, 300, 4057
-9729, 2619, 301, 301, 4057
-9728, 2619, 302, 302, 4057
-9729, 2618, 302, 302, 4057
-9730, 2620, 302, 302, 4057
-9730, 2620, 302, 302, 4057
-9734, 2618, 303, 303, 4057
-9734, 2618, 303, 303, 4057
-9730, 2619, 302, 302, 4057
-9730, 2619, 302, 302, 4057
-9731, 2618, 302, 302, 4057
-9727, 2620, 302, 302, 4057
-9726, 2620, 302, 302, 4057
-9726, 2620, 302, 302, 4057
-9727, 2619, 302, 302, 4057
-9727, 2620, 303, 303, 4057
-9730, 2620, 301, 301, 4057
-9730, 2620, 301, 301, 4057
-9728, 2619, 302, 302, 4057
-9729, 2620, 302, 302, 4057
-9734, 2619, 302, 302, 4057
-9734, 2619, 301, 301, 4057
-9734, 2619, 301, 301, 4057
-9734, 2619, 302, 302, 4057
-9731, 2620, 302, 302, 4057
-9731, 2619, 302, 302, 4057
-9729, 2621, 301, 301, 4061
-9729, 2621, 302, 302, 4061
-9729, 2621, 302, 302, 4061
-9734, 2620, 302, 302, 4061
-9730, 2619, 302, 302, 4061
-9730, 2619, 302, 302, 4061
-9735, 2620, 302, 302, 4061
-9735, 2620, 302, 302, 4061
-9729, 2620, 302, 302, 4061
-9729, 2620, 302, 302, 4061
-9729, 2618, 301, 301, 4061
-9727, 2620, 303, 303, 4061
-9727, 2620, 303, 303, 4061
-9734, 2619, 302, 302, 4061
-9734, 2619, 302, 302, 4061
-9734, 2619, 302, 302, 4061
-9732, 2619, 302, 302, 4061
-9732, 2619, 302, 302, 4061
-9727, 2620, 303, 303, 4061
-9727, 2620, 303, 303, 4061
-9730, 2620, 302, 302, 4061
-9731, 2621, 303, 303, 4061
-9729, 2622, 307, 307, 4061
-9729, 2622, 307, 307, 4061
-9539, 2647, 495, 495, 4061
-9541, 2647, 492, 492, 4061
-9541, 2647, 492, 492, 4061
-9541, 2646, 491, 491, 4061
-9542, 2647, 491, 491, 4061
-9542, 2647, 491, 491, 4061
-9543, 2647, 490, 490, 4061
-9543, 2647, 490, 490, 4061
-9543, 2645, 490, 490, 4061
-9542, 2646, 490, 490, 4061
-9543, 2646, 490, 490, 4061
-9543, 2646, 490, 490, 4061
-9544, 2646, 489, 489, 4061
-9544, 2646, 489, 489, 4061
-9544, 2647, 489, 489, 4061
-9544, 2646, 489, 489, 4061
-9544, 2647, 489, 489, 4061
-9544, 2647, 488, 488, 4061
-9544, 2647, 488, 488, 4061
-9545, 2646, 488, 488, 4061
-9545, 2646, 488, 488, 4061
-9545, 2647, 488, 488, 4061
-9545, 2647, 488, 488, 4061
-9545, 2646, 488, 488, 4061
-9545, 2646, 488, 488, 4061
-9544, 2647, 489, 489, 4061
-9544, 2646, 488, 488, 4066
-9544, 2646, 488, 488, 4066
-9544, 2647, 488, 488, 4066
-9544, 2647, 488, 488, 4066
-9545, 2647, 488, 488, 4066
-9545, 2646, 488, 488, 4066
-9544, 2646, 488, 488, 4066
-9544, 2646, 488, 488, 4066
-9545, 2647, 488, 488, 4066
-9545, 2646, 488, 488, 4066
-9545, 2646, 487, 487, 4066
-9544, 2646, 488, 488, 4066
-9544, 2646, 489, 489, 4066
-9544, 2646, 488, 488, 4066
-9544, 2646, 488, 488, 4066
-9544, 2645, 488, 488, 4066
-9545, 2646, 489, 489, 4066
-9545, 2646, 489, 489, 4066
-9544, 2647, 488, 488, 4066
-9545, 2646, 488, 488, 4066
-9544, 2647, 488, 488, 4066
-9544, 2647, 488, 488, 4066
-9545, 2647, 488, 488, 4066
-9545, 2647, 488, 488, 4066
-9545, 2648, 488, 488, 4057
-9545, 2646, 488, 488, 4057
-9545, 2646, 488, 488, 4057
-9545, 2646, 488, 488, 4057
-9544, 2647, 489, 489, 4057
-9544, 2646, 488, 488, 4057
-9544, 2646, 488, 488, 4057
-9544, 2646, 488, 488, 4057
-9545, 2646, 488, 488, 4057
-9545, 2647, 488, 488, 4057
-9545, 2648, 488, 488, 4057
-9545, 2648, 488, 488, 4057
-9545, 2646, 488, 488, 4057
-9545, 2646, 488, 488, 4057
-9545, 2647, 488, 488, 4057
-9545, 2647, 488, 488, 4057
-9545, 2647, 488, 488, 4057
-9545, 2647, 488, 488, 4057
-9545, 2647, 488, 488, 4057
-9544, 2647, 488, 488, 4057
-9545, 2646, 488, 488, 4057
-9544, 2647, 488, 488, 4057
-9544, 2647, 488, 488, 4057
-9544, 2646, 488, 488, 4057
-9545, 2646, 488, 488, 4057
-9545, 2646, 488, 488, 4057
-9544, 2647, 489, 489, 4057
-9546, 2647, 488, 488, 4057
-9545, 2647, 488, 488, 4052
-9545, 2647, 488, 488, 4052
-9545, 2647, 488, 488, 4052
-9545, 2647, 489, 489, 4052
-9545, 2647, 489, 489, 4052
-9544, 2647, 489, 489, 4052
-9544, 2647, 489, 489, 4052
-9544, 2647, 489, 489, 4052
-9544, 2647, 489, 489, 4052
-9545, 2647, 488, 488, 4052
-9544, 2648, 489, 489, 4052
-9545, 2648, 488, 488, 4052
-9544, 2647, 488, 488, 4052
-9544, 2647, 488, 488, 4052
-9545, 2647, 489, 489, 4052
-9545, 2647, 488, 488, 4052
-9545, 2648, 488, 488, 4052
-9545, 2648, 488, 488, 4052
-9544, 2648, 488, 488, 4052
-9544, 2648, 488, 488, 4052
-9545, 2647, 488, 488, 4052
-9544, 2647, 488, 488, 4052
-9544, 2647, 488, 488, 4052
-9543, 2647, 488, 488, 4057
-9544, 2648, 489, 489, 4057
-9545, 2648, 488, 488, 4057
-9545, 2647, 488, 488, 4057
-9545, 2647, 488, 488, 4057
-9544, 2648, 488, 488, 4057
-9544, 2649, 489, 489, 4057
-9544, 2649, 489, 489, 4057
-9545, 2648, 488, 488, 4057
-9544, 2648, 488, 488, 4057
-9543, 2649, 489, 489, 4057
-9543, 2649, 489, 489, 4057
-9543, 2649, 490, 490, 4057
-9543, 2649, 490, 490, 4057
-9543, 2648, 489, 489, 4057
-9543, 2648, 489, 489, 4057
-9543, 2648, 489, 489, 4057
-9544, 2648, 489, 489, 4057
-9544, 2648, 489, 489, 4057
-9543, 2649, 489, 489, 4057
-9735, 2619, 296, 296, 4057
-9735, 2619, 296, 296, 4057
-9734, 2621, 299, 299, 4057
-9730, 2621, 301, 301, 4046
-9730, 2621, 301, 301, 4046
-9729, 2622, 302, 302, 4046
-9729, 2622, 302, 302, 4046
-9728, 2623, 303, 303, 4046
-9728, 2622, 303, 303, 4046
-9728, 2622, 303, 303, 4046
-9735, 2622, 303, 303, 4046
-9735, 2622, 303, 303, 4046
-9734, 2622, 303, 303, 4046
-9734, 2622, 303, 303, 4046
-9734, 2623, 303, 303, 4046
-9728, 2621, 304, 304, 4046
-9728, 2621, 304, 304, 4046
-9725, 2623, 304, 304, 4046
-9725, 2623, 304, 304, 4046
-9725, 2624, 304, 304, 4046
-9725, 2623, 304, 304, 4046
-9725, 2623, 304, 304, 4046
-9731, 2623, 304, 304, 4046
-9731, 2623, 304, 304, 4046
-9732, 2623, 304, 304, 4046
-9732, 2623, 304, 304, 4046
-9728, 2623, 304, 304, 4046
-9728, 2623, 304, 304, 4046
-9731, 2622, 304, 304, 4046
-9726, 2623, 304, 304, 4046
-9725, 2624, 304, 304, 4048
-9725, 2624, 304, 304, 4048
-9731, 2623, 305, 305, 4048
-9731, 2623, 305, 305, 4048
-9728, 2622, 305, 305, 4048
-9728, 2622, 305, 305, 4048
-9731, 2623, 304, 304, 4048
-9725, 2623, 304, 304, 4048
-9728, 2623, 305, 305, 4048
-9725, 2624, 304, 304, 4048
-9725, 2624, 304, 304, 4048
-9730, 2623, 305, 305, 4048
-9731, 2623, 305, 305, 4048
-9725, 2623, 304, 304, 4048
-9725, 2623, 304, 304, 4048
-9724, 2624, 305, 305, 4048
-9727, 2624, 304, 304, 4048
-9727, 2624, 304, 304, 4048
-9726, 2624, 305, 305, 4048
-9732, 2623, 305, 305, 4048
-9732, 2623, 305, 305, 4048
-9727, 2623, 305, 305, 4048
-9727, 2623, 305, 305, 4048
-9728, 2624, 305, 305, 4048
-9725, 2625, 305, 305, 4048
-9725, 2625, 305, 305, 4048
-9724, 2625, 305, 305, 4048
-9724, 2625, 305, 305, 4048
-9728, 2623, 305, 305, 4048
-9729, 2625, 305, 305, 4048
-9730, 2624, 305, 305, 4048
-9730, 2625, 305, 305, 4048
-9731, 2623, 305, 305, 4048
-9731, 2623, 305, 305, 4048
-9725, 2624, 305, 305, 4048
-9725, 2624, 305, 305, 4048
-9725, 2624, 306, 306, 4048
-9725, 2624, 306, 306, 4048
-9727, 2624, 305, 305, 4048
-9732, 2624, 305, 305, 4048
-9731, 2624, 305, 305, 4048
-9729, 2624, 305, 305, 4048
-9729, 2624, 305, 305, 4048
-9728, 2623, 305, 305, 4048
-9723, 2625, 305, 305, 4048
-9729, 2625, 305, 305, 4048
-9729, 2625, 305, 305, 4048
-9730, 2625, 305, 305, 4048
-9729, 2625, 305, 305, 4048
-9731, 2624, 305, 305, 4055
-9731, 2624, 305, 305, 4055
-9728, 2624, 305, 305, 4055
-9728, 2624, 305, 305, 4055
-9723, 2626, 305, 305, 4055
-9723, 2626, 305, 305, 4055
-9728, 2625, 306, 306, 4055
-9730, 2626, 306, 306, 4055
-9730, 2624, 306, 306, 4055
-9730, 2624, 306, 306, 4055
-9730, 2624, 306, 306, 4055
-9729, 2624, 306, 306, 4055
-9727, 2626, 305, 305, 4055
-9727, 2626, 305, 305, 4055
-9726, 2625, 306, 306, 4055
-9727, 2624, 305, 305, 4055
-9727, 2624, 305, 305, 4055
-9731, 2624, 306, 306, 4055
-9731, 2624, 306, 306, 4055
-9727, 2625, 306, 306, 4055
-9726, 2624, 306, 306, 4055
-9730, 2624, 306, 306, 4055
-9730, 2625, 306, 306, 4055
-9725, 2626, 306, 306, 4055
-9725, 2626, 306, 306, 4055
-9724, 2625, 306, 306, 4050
-9724, 2625, 306, 306, 4050
-9726, 2625, 306, 306, 4050
-9726, 2625, 306, 306, 4050
-9730, 2625, 306, 306, 4050
-9730, 2625, 306, 306, 4050
-9723, 2624, 306, 306, 4050
-9723, 2624, 306, 306, 4050
-9730, 2624, 306, 306, 4050
-9521, 2656, 363, 363, 4050
-9521, 2656, 363, 363, 4050
-9535, 2653, 499, 499, 4050
-9537, 2652, 497, 497, 4050
-9537, 2652, 497, 497, 4050
-9537, 2651, 496, 496, 4050
-9537, 2651, 496, 496, 4050
-9538, 2651, 495, 495, 4050
-9538, 2651, 495, 495, 4050
-9539, 2651, 494, 494, 4050
-9539, 2651, 493, 493, 4050
-9539, 2651, 493, 493, 4050
-9540, 2650, 493, 493, 4050
-9540, 2651, 493, 493, 4050
-9540, 2651, 493, 493, 4050
-9540, 2650, 493, 493, 4050
-9541, 2651, 492, 492, 4050
-9541, 2651, 492, 492, 4050
-9541, 2651, 493, 493, 4046
-9540, 2651, 492, 492, 4046
-9540, 2651, 492, 492, 4046
-9541, 2651, 492, 492, 4046
-9541, 2651, 492, 492, 4046
-9542, 2651, 491, 491, 4046
-9542, 2651, 491, 491, 4046
-9541, 2651, 491, 491, 4046
-9542, 2650, 491, 491, 4046
-9541, 2651, 492, 492, 4046
-9541, 2651, 492, 492, 4046
-9541, 2652, 492, 492, 4046
-9540, 2652, 492, 492, 4046
-9541, 2652, 491, 491, 4046
-9541, 2652, 491, 491, 4046
-9541, 2651, 491, 491, 4046
-9541, 2652, 492, 492, 4046
-9542, 2652, 491, 491, 4046
-9542, 2652, 491, 491, 4046
-9541, 2651, 491, 491, 4046
-9541, 2651, 491, 491, 4046
-9541, 2651, 492, 492, 4046
-9542, 2651, 491, 491, 4046
-9542, 2651, 491, 491, 4046
-9541, 2651, 492, 492, 4052
-9541, 2651, 492, 492, 4052
-9541, 2651, 492, 492, 4052
-9541, 2651, 492, 492, 4052
-9541, 2651, 492, 492, 4052
-9541, 2651, 492, 492, 4052
-9541, 2651, 492, 492, 4052
-9541, 2651, 492, 492, 4052
-9542, 2651, 492, 492, 4052
-9541, 2652, 491, 491, 4052
-9541, 2652, 492, 492, 4052
-9541, 2652, 492, 492, 4052
-9542, 2652, 491, 491, 4052
-9540, 2652, 492, 492, 4052
-9540, 2652, 492, 492, 4052
-9541, 2652, 492, 492, 4052
-9541, 2652, 492, 492, 4052
-9540, 2652, 492, 492, 4052
-9541, 2651, 492, 492, 4052
-9542, 2651, 492, 492, 4052
-9542, 2651, 492, 492, 4052
-9541, 2652, 492, 492, 4052
-9540, 2652, 492, 492, 4052
-9540, 2652, 492, 492, 4052
-9541, 2652, 492, 492, 4052
-9541, 2652, 492, 492, 4048
-9541, 2652, 492, 492, 4048
-9541, 2652, 492, 492, 4048
-9541, 2652, 492, 492, 4048
-9541, 2652, 492, 492, 4048
-9541, 2653, 492, 492, 4048
-9541, 2652, 492, 492, 4048
-9541, 2652, 492, 492, 4048
-9540, 2653, 492, 492, 4048
-9541, 2652, 492, 492, 4048
-9541, 2652, 492, 492, 4048
-9541, 2652, 492, 492, 4048
-9541, 2653, 492, 492, 4048
-9541, 2653, 492, 492, 4048
-9541, 2653, 492, 492, 4048
-9541, 2652, 492, 492, 4048
-9541, 2652, 492, 492, 4048
-9542, 2652, 492, 492, 4048
-9541, 2653, 492, 492, 4048
-9541, 2653, 492, 492, 4048
-9541, 2653, 492, 492, 4048
-9541, 2653, 492, 492, 4048
-9541, 2652, 492, 492, 4048
-9540, 2653, 492, 492, 4048
-9541, 2653, 492, 492, 4048
-9540, 2652, 492, 492, 4041
-9540, 2652, 492, 492, 4041
-9540, 2652, 492, 492, 4041
-9542, 2652, 492, 492, 4041
-9541, 2653, 492, 492, 4041
-9541, 2653, 492, 492, 4041
-9541, 2653, 492, 492, 4041
-9540, 2653, 493, 493, 4041
-9540, 2653, 493, 493, 4041
-9540, 2652, 492, 492, 4041
-9540, 2652, 493, 493, 4041
-9540, 2652, 493, 493, 4041
-9540, 2653, 493, 493, 4041
-9540, 2652, 493, 493, 4041
-9541, 2653, 492, 492, 4041
-9541, 2653, 492, 492, 4041
-9540, 2653, 492, 492, 4041
-9541, 2652, 492, 492, 4041
-9540, 2652, 492, 492, 4041
-9540, 2653, 493, 493, 4041
-9539, 2652, 493, 493, 4041
-9541, 2653, 493, 493, 4046
-9541, 2653, 493, 493, 4046
-9540, 2653, 492, 492, 4046
-9540, 2653, 492, 492, 4046
-9539, 2653, 493, 493, 4046
-9539, 2653, 493, 493, 4046
-9540, 2652, 492, 492, 4046
-9540, 2653, 493, 493, 4046
-9540, 2653, 493, 493, 4046
-9722, 2630, 307, 307, 4046
-9736, 2625, 302, 302, 4046
-9736, 2625, 302, 302, 4046
-9730, 2626, 304, 304, 4046
-9730, 2626, 304, 304, 4046
-9730, 2627, 305, 305, 4046
-9728, 2626, 305, 305, 4046
-9728, 2626, 305, 305, 4046
-9722, 2627, 307, 307, 4046
-9720, 2629, 307, 307, 4046
-9720, 2629, 307, 307, 4046
-9728, 2627, 306, 306, 4046
-9721, 2628, 307, 307, 4046
-9721, 2628, 307, 307, 4046
-9728, 2627, 307, 307, 4046
-9720, 2628, 307, 307, 4046
-9720, 2628, 307, 307, 4046
-9721, 2627, 307, 307, 4046
-9724, 2629, 309, 309, 4057
-9728, 2627, 308, 308, 4057
-9728, 2627, 308, 308, 4057
-9722, 2629, 308, 308, 4057
-9722, 2629, 308, 308, 4057
-9723, 2628, 308, 308, 4057
-9723, 2628, 308, 308, 4057
-9723, 2628, 307, 307, 4057
-9729, 2628, 309, 309, 4057
-9729, 2628, 309, 309, 4057
-9728, 2627, 308, 308, 4057
-9726, 2627, 308, 308, 4057
-9726, 2627, 308, 308, 4057
-9721, 2629, 308, 308, 4057
-9721, 2629, 308, 308, 4057
-9725, 2628, 309, 309, 4057
-9725, 2628, 309, 309, 4057
-9723, 2629, 309, 309, 4057
-9729, 2627, 309, 309, 4057
-9729, 2628, 308, 308, 4057
-9724, 2628, 309, 309, 4057
-9730, 2627, 307, 307, 4057
-9730, 2627, 307, 307, 4057
-9727, 2627, 309, 309, 4057
-9723, 2628, 308, 308, 4057
-9723, 2628, 308, 308, 4057
-9720, 2628, 309, 309, 4059
-9720, 2628, 309, 309, 4059
-9726, 2628, 308, 308, 4059
-9726, 2628, 308, 308, 4059
-9728, 2628, 309, 309, 4059
-9728, 2628, 309, 309, 4059
-9725, 2627, 310, 310, 4059
-9720, 2629, 309, 309, 4059
-9720, 2629, 309, 309, 4059
-9720, 2629, 310, 310, 4059
-9718, 2629, 310, 310, 4059
-9723, 2628, 310, 310, 4059
-9723, 2628, 310, 310, 4059
-9727, 2627, 309, 309, 4059
-9727, 2627, 309, 309, 4059
-9727, 2628, 310, 310, 4059
-9727, 2628, 310, 310, 4059
-9726, 2628, 310, 310, 4059
-9724, 2629, 309, 309, 4059
-9728, 2627, 309, 309, 4059
-9727, 2628, 310, 310, 4059
-9727, 2628, 309, 309, 4059
-9726, 2628, 310, 310, 4059
-9726, 2629, 309, 309, 4059
-9726, 2628, 309, 309, 4059
-9726, 2628, 309, 309, 4059
-9722, 2629, 309, 309, 4059
-9722, 2629, 309, 309, 4059
-9719, 2629, 310, 310, 4059
-9722, 2629, 309, 309, 4059
-9721, 2629, 309, 309, 4059
-9721, 2629, 309, 309, 4059
-9728, 2629, 309, 309, 4059
-9728, 2629, 309, 309, 4059
-9727, 2628, 310, 310, 4059
-9724, 2628, 310, 310, 4059
-9724, 2628, 310, 310, 4059
-9718, 2629, 310, 310, 4059
-9718, 2629, 310, 310, 4059
-9720, 2629, 310, 310, 4059
-9724, 2629, 310, 310, 4059
-9724, 2629, 310, 310, 4059
-9727, 2627, 309, 309, 4059
-9725, 2628, 310, 310, 4059
-9725, 2628, 310, 310, 4059
-9725, 2628, 310, 310, 4059
-9724, 2629, 310, 310, 4059
-9724, 2629, 310, 310, 4059
-9720, 2630, 310, 310, 4059
-9720, 2630, 310, 310, 4059
-9720, 2629, 310, 310, 4059
-9724, 2629, 310, 310, 4059
-9718, 2630, 309, 309, 4059
-9720, 2629, 310, 310, 4057
-9720, 2629, 310, 310, 4057
-9720, 2629, 310, 310, 4057
-9721, 2630, 310, 310, 4057
-9721, 2630, 310, 310, 4057
-9722, 2630, 310, 310, 4057
-9722, 2630, 310, 310, 4057
-9724, 2628, 311, 311, 4057
-9725, 2628, 310, 310, 4057
-9726, 2629, 310, 310, 4057
-9726, 2629, 310, 310, 4057
-9726, 2628, 310, 310, 4057
-9726, 2628, 311, 311, 4057
-9722, 2630, 310, 310, 4057
-9722, 2630, 310, 310, 4057
-9721, 2630, 310, 310, 4057
-9721, 2630, 310, 310, 4057
-9721, 2630, 310, 310, 4057
-9726, 2630, 310, 310, 4057
-9718, 2630, 312, 312, 4057
-9526, 2659, 511, 511, 4057
-9530, 2657, 502, 502, 4057
-9533, 2657, 501, 501, 4057
-9533, 2656, 499, 499, 4057
-9533, 2656, 499, 499, 4057
-9534, 2657, 499, 499, 4052
-9534, 2656, 499, 499, 4052
-9536, 2656, 498, 498, 4052
-9534, 2656, 498, 498, 4052
-9534, 2656, 498, 498, 4052
-9535, 2656, 498, 498, 4052
-9536, 2656, 498, 498, 4052
-9535, 2656, 497, 497, 4052
-9536, 2656, 497, 497, 4052
-9535, 2656, 497, 497, 4052
-9536, 2656, 497, 497, 4052
-9536, 2656, 497, 497, 4052
-9536, 2656, 497, 497, 4052
-9537, 2657, 496, 496, 4052
-9537, 2656, 497, 497, 4052
-9536, 2655, 497, 497, 4052
-9536, 2655, 497, 497, 4052
-9536, 2655, 496, 496, 4052
-9537, 2656, 496, 496, 4052
-9536, 2657, 496, 496, 4052
-9536, 2657, 496, 496, 4052
-9536, 2657, 497, 497, 4052
-9537, 2656, 495, 495, 4052
-9537, 2656, 496, 496, 4052
-9538, 2656, 496, 496, 4050
-9538, 2656, 496, 496, 4050
-9537, 2656, 496, 496, 4050
-9537, 2657, 496, 496, 4050
-9537, 2656, 496, 496, 4050
-9537, 2656, 496, 496, 4050
-9536, 2656, 496, 496, 4050
-9538, 2656, 495, 495, 4050
-9537, 2656, 496, 496, 4050
-9537, 2656, 496, 496, 4050
-9537, 2656, 496, 496, 4050
-9537, 2657, 495, 495, 4050
-9537, 2657, 496, 496, 4050
-9538, 2657, 495, 495, 4050
-9537, 2657, 496, 496, 4050
-9537, 2657, 496, 496, 4050
-9536, 2657, 496, 496, 4050
-9536, 2657, 496, 496, 4050
-9537, 2656, 495, 495, 4050
-9537, 2656, 495, 495, 4050
-9538, 2656, 495, 495, 4050
-9537, 2657, 496, 496, 4050
-9537, 2655, 496, 496, 4050
-9537, 2657, 495, 495, 4050
-9537, 2657, 495, 495, 4050
-9537, 2657, 495, 495, 4048
-9538, 2657, 496, 496, 4048
-9538, 2657, 496, 496, 4048
-9537, 2657, 495, 495, 4048
-9537, 2656, 496, 496, 4048
-9537, 2657, 495, 495, 4048
-9537, 2657, 495, 495, 4048
-9538, 2657, 495, 495, 4048
-9537, 2657, 495, 495, 4048
-9537, 2657, 495, 495, 4048
-9537, 2657, 496, 496, 4048
-9537, 2656, 496, 496, 4048
-9536, 2657, 496, 496, 4048
-9537, 2657, 495, 495, 4048
-9537, 2656, 496, 496, 4048
-9537, 2656, 496, 496, 4048
-9537, 2657, 496, 496, 4048
-9537, 2658, 496, 496, 4048
-9536, 2657, 496, 496, 4048
-9536, 2657, 496, 496, 4048
-9537, 2657, 496, 496, 4048
-9537, 2657, 496, 496, 4048
-9538, 2657, 496, 496, 4048
-9536, 2657, 495, 495, 4048
-9536, 2657, 495, 495, 4048
-9538, 2657, 495, 495, 4048
-9538, 2657, 496, 496, 4055
-9537, 2658, 496, 496, 4055
-9537, 2658, 496, 496, 4055
-9536, 2657, 496, 496, 4055
-9536, 2657, 496, 496, 4055
-9536, 2657, 497, 497, 4055
-9537, 2657, 496, 496, 4055
-9537, 2657, 496, 496, 4055
-9536, 2657, 496, 496, 4055
-9537, 2657, 496, 496, 4055
-9536, 2658, 496, 496, 4055
-9537, 2658, 496, 496, 4055
-9537, 2657, 496, 496, 4055
-9536, 2657, 496, 496, 4055
-9536, 2658, 497, 497, 4055
-9536, 2657, 496, 496, 4055
-9536, 2657, 496, 496, 4055
-9536, 2657, 496, 496, 4055
-9536, 2658, 496, 496, 4055
-9537, 2657, 496, 496, 4055
-9537, 2657, 496, 496, 4055
-9537, 2657, 496, 496, 4055
-9536, 2658, 497, 497, 4055
-9536, 2657, 496, 496, 4055
-9536, 2658, 496, 496, 4055
-9537, 2657, 496, 496, 4044
-9536, 2657, 496, 496, 4044
-9536, 2657, 497, 497, 4044
-9535, 2658, 497, 497, 4044
-9537, 2657, 496, 496, 4044
-9537, 2657, 496, 496, 4044
-9537, 2658, 496, 496, 4044
-9536, 2658, 497, 497, 4044
-9537, 2657, 496, 496, 4044
-9537, 2657, 496, 496, 4044
-9535, 2658, 497, 497, 4044
-9536, 2659, 497, 497, 4044
-9536, 2659, 497, 497, 4044
-9536, 2658, 497, 497, 4044
-9536, 2658, 496, 496, 4044
-9730, 2630, 304, 304, 4044
-9730, 2630, 304, 304, 4044
-9718, 2632, 309, 309, 4044
-9718, 2632, 309, 309, 4044
-9720, 2633, 308, 308, 4044
-9726, 2632, 310, 310, 4046
-9726, 2632, 310, 310, 4046
-9725, 2632, 311, 311, 4046
-9727, 2632, 310, 310, 4046
-9723, 2632, 311, 311, 4046
-9723, 2632, 311, 311, 4046
-9720, 2633, 310, 310, 4046
-9722, 2633, 311, 311, 4046
-9722, 2633, 311, 311, 4046
-9723, 2632, 311, 311, 4046
-9724, 2632, 311, 311, 4046
-9723, 2631, 312, 312, 4046
-9723, 2632, 312, 312, 4046
-9724, 2633, 311, 311, 4046
-9723, 2632, 312, 312, 4046
-9716, 2633, 311, 311, 4046
-9716, 2633, 311, 311, 4046
-9719, 2633, 313, 313, 4046
-9719, 2633, 313, 313, 4046
-9726, 2632, 312, 312, 4046
-9726, 2632, 312, 312, 4046
-9725, 2632, 313, 313, 4046
-9723, 2633, 312, 312, 4046
-9719, 2633, 313, 313, 4046
-9719, 2633, 313, 313, 4046
-9720, 2633, 312, 312, 4046
-9720, 2633, 312, 312, 4046
-9717, 2634, 313, 313, 4044
-9718, 2635, 312, 312, 4044
-9719, 2634, 312, 312, 4044
-9724, 2633, 312, 312, 4044
-9724, 2633, 312, 312, 4044
-9722, 2633, 314, 314, 4044
-9723, 2633, 312, 312, 4044
-9723, 2633, 312, 312, 4044
-9718, 2633, 312, 312, 4044
-9718, 2633, 312, 312, 4044
-9718, 2634, 313, 313, 4044
-9718, 2634, 313, 313, 4044
-9718, 2634, 313, 313, 4044
-9723, 2633, 313, 313, 4044
-9723, 2633, 313, 313, 4044
-9722, 2633, 314, 314, 4044
-9720, 2633, 313, 313, 4044
-9720, 2632, 313, 313, 4044
-9718, 2634, 314, 314, 4044
-9718, 2634, 314, 314, 4044
-9717, 2635, 313, 313, 4044
-9717, 2635, 313, 313, 4044
-9721, 2634, 313, 313, 4044
-9724, 2634, 314, 314, 4052
-9724, 2634, 314, 314, 4052
-9717, 2633, 313, 313, 4052
-9718, 2634, 313, 313, 4052
-9718, 2634, 313, 313, 4052
-9716, 2635, 313, 313, 4052
-9716, 2635, 313, 313, 4052
-9715, 2635, 314, 314, 4052
-9723, 2634, 314, 314, 4052
-9724, 2633, 313, 313, 4052
-9724, 2633, 313, 313, 4052
-9723, 2634, 313, 313, 4052
-9723, 2634, 313, 313, 4052
-9722, 2634, 313, 313, 4052
-9714, 2634, 313, 313, 4052
-9714, 2634, 313, 313, 4052
-9720, 2635, 313, 313, 4052
-9719, 2634, 314, 314, 4052
-9716, 2634, 313, 313, 4052
-9722, 2635, 313, 313, 4052
-9722, 2635, 313, 313, 4052
-9721, 2634, 314, 314, 4052
-9715, 2636, 314, 314, 4052
-9715, 2636, 314, 314, 4052
-9722, 2634, 314, 314, 4052
-9722, 2634, 314, 314, 4052
-9716, 2635, 314, 314, 4052
-9716, 2636, 314, 314, 4052
-9716, 2636, 314, 314, 4052
-9717, 2636, 313, 313, 4052
-9723, 2635, 315, 315, 4052
-9723, 2635, 315, 315, 4052
-9717, 2635, 314, 314, 4052
-9717, 2635, 314, 314, 4052
-9722, 2634, 314, 314, 4052
-9722, 2634, 314, 314, 4052
-9719, 2635, 314, 314, 4052
-9719, 2635, 314, 314, 4052
-9723, 2635, 315, 315, 4052
-9717, 2635, 313, 313, 4052
-9717, 2635, 313, 313, 4052
-9716, 2636, 314, 314, 4052
-9716, 2636, 314, 314, 4052
-9721, 2635, 313, 313, 4052
-9715, 2636, 314, 314, 4052
-9716, 2635, 314, 314, 4052
-9722, 2635, 314, 314, 4052
-9721, 2635, 314, 314, 4052
-9717, 2635, 315, 315, 4055
-9717, 2635, 315, 315, 4055
-9715, 2636, 315, 315, 4055
-9715, 2636, 315, 315, 4055
-9724, 2634, 314, 314, 4055
-9526, 2662, 508, 508, 4055
-9526, 2662, 508, 508, 4055
-9528, 2663, 505, 505, 4055
-9530, 2662, 503, 503, 4055
-9529, 2661, 503, 503, 4055
-9529, 2661, 503, 503, 4055
-9531, 2662, 502, 502, 4055
-9532, 2662, 502, 502, 4055
-9531, 2661, 501, 501, 4055
-9531, 2662, 502, 502, 4055
-9531, 2662, 502, 502, 4055
-9531, 2662, 502, 502, 4055
-9531, 2661, 501, 501, 4055
-9532, 2662, 501, 501, 4055
-9532, 2662, 501, 501, 4055
-9532, 2662, 501, 501, 4055
-9533, 2662, 501, 501, 4055
-9531, 2661, 501, 501, 4055
-9531, 2661, 501, 501, 4055
-9532, 2661, 500, 500, 4052
-9532, 2661, 500, 500, 4052
-9532, 2661, 500, 500, 4052
-9532, 2661, 500, 500, 4052
-9532, 2661, 500, 500, 4052
-9533, 2663, 500, 500, 4052
-9532, 2662, 501, 501, 4052
-9533, 2662, 500, 500, 4052
-9532, 2661, 500, 500, 4052
-9532, 2661, 500, 500, 4052
-9533, 2662, 500, 500, 4052
-9533, 2662, 500, 500, 4052
-9532, 2662, 501, 501, 4052
-9532, 2661, 500, 500, 4052
-9532, 2661, 500, 500, 4052
-9533, 2661, 500, 500, 4052
-9533, 2661, 500, 500, 4052
-9533, 2662, 500, 500, 4052
-9533, 2661, 500, 500, 4052
-9533, 2661, 500, 500, 4052
-9534, 2662, 500, 500, 4052
-9534, 2662, 500, 500, 4052
-9533, 2661, 500, 500, 4048
-9533, 2662, 500, 500, 4048
-9532, 2661, 500, 500, 4048
-9532, 2661, 500, 500, 4048
-9533, 2662, 500, 500, 4048
-9533, 2662, 500, 500, 4048
-9533, 2662, 500, 500, 4048
-9533, 2662, 500, 500, 4048
-9533, 2662, 500, 500, 4048
-9533, 2663, 500, 500, 4048
-9533, 2661, 500, 500, 4048
-9532, 2662, 500, 500, 4048
-9532, 2662, 500, 500, 4048
-9533, 2662, 500, 500, 4048
-9534, 2662, 500, 500, 4048
-9534, 2662, 500, 500, 4048
-9533, 2662, 500, 500, 4048
-9533, 2662, 500, 500, 4048
-9533, 2662, 500, 500, 4048
-9533, 2662, 500, 500, 4048
-9533, 2662, 500, 500, 4048
-9533, 2662, 500, 500, 4048
-9533, 2662, 500, 500, 4048
-9532, 2662, 500, 500, 4048
-9531, 2662, 500, 500, 4048
-9532, 2663, 501, 501, 4046
-9532, 2663, 501, 501, 4046
-9533, 2662, 500, 500, 4046
-9533, 2662, 500, 500, 4046
-9533, 2662, 500, 500, 4046
-9533, 2663, 500, 500, 4046
-9532, 2662, 500, 500, 4046
-9533, 2662, 500, 500, 4046
-9533, 2662, 500, 500, 4046
-9533, 2662, 500, 500, 4046
-9531, 2661, 501, 501, 4046
-9531, 2661, 501, 501, 4046
-9532, 2661, 501, 501, 4046
-9532, 2661, 501, 501, 4046
-9531, 2662, 501, 501, 4046
-9532, 2663, 501, 501, 4046
-9532, 2662, 501, 501, 4046
-9532, 2662, 501, 501, 4046
-9533, 2663, 501, 501, 4046
-9534, 2662, 500, 500, 4046
-9534, 2662, 500, 500, 4046
-9532, 2662, 500, 500, 4046
-9533, 2663, 500, 500, 4046
-9532, 2662, 500, 500, 4046
-9532, 2663, 500, 500, 4046
-9532, 2663, 501, 501, 4046
-9533, 2662, 500, 500, 4046
-9533, 2662, 500, 500, 4046
-9533, 2663, 500, 500, 4048
-9533, 2663, 500, 500, 4048
-9532, 2663, 500, 500, 4048
-9531, 2662, 501, 501, 4048
-9533, 2662, 500, 500, 4048
-9531, 2662, 500, 500, 4048
-9532, 2663, 501, 501, 4048
-9532, 2663, 501, 501, 4048
-9532, 2663, 501, 501, 4048
-9532, 2663, 501, 501, 4048
-9533, 2662, 500, 500, 4048
-9532, 2663, 500, 500, 4048
-9532, 2663, 500, 500, 4048
-9532, 2663, 501, 501, 4048
-9532, 2663, 501, 501, 4048
-9532, 2663, 501, 501, 4048
-9533, 2664, 500, 500, 4048
-9533, 2663, 500, 500, 4048
-9532, 2664, 501, 501, 4048
-9532, 2664, 500, 500, 4048
-9532, 2664, 500, 500, 4048
-9532, 2664, 501, 501, 4048
-9533, 2663, 500, 500, 4048
-9533, 2663, 500, 500, 4048
-9533, 2664, 500, 500, 4048
-9532, 2664, 500, 500, 4055
-9532, 2663, 501, 501, 4055
-9532, 2663, 501, 501, 4055
-9532, 2664, 500, 500, 4055
-9532, 2664, 500, 500, 4055
-9532, 2663, 501, 501, 4055
-9532, 2663, 501, 501, 4055
-9532, 2665, 500, 500, 4055
-9532, 2665, 500, 500, 4055
-9533, 2664, 500, 500, 4055
-9532, 2664, 500, 500, 4055
-9533, 2663, 501, 501, 4055
-9533, 2663, 501, 501, 4055
-9531, 2665, 501, 501, 4055
-9533, 2664, 500, 500, 4055
-9532, 2664, 501, 501, 4055
-9532, 2664, 501, 501, 4055
-9532, 2664, 500, 500, 4055
-9532, 2664, 501, 501, 4055
-9532, 2664, 501, 501, 4055
-9532, 2664, 501, 501, 4055
-9532, 2664, 501, 501, 4055
-9532, 2665, 501, 501, 4055
-9532, 2664, 501, 501, 4055
-9532, 2664, 501, 501, 4055
-9532, 2665, 501, 501, 4055
-9532, 2665, 501, 501, 4055
-9532, 2664, 501, 501, 4052
-9532, 2663, 501, 501, 4052
-9531, 2665, 501, 501, 4052
-9531, 2665, 501, 501, 4052
-9531, 2664, 501, 501, 4052
-9532, 2664, 501, 501, 4052
-9532, 2665, 502, 502, 4052
-9532, 2665, 502, 502, 4052
-9531, 2665, 501, 501, 4052
-9531, 2664, 501, 501, 4052
-9531, 2664, 501, 501, 4052
-9532, 2665, 501, 501, 4052
-9531, 2664, 501, 501, 4052
-9532, 2664, 501, 501, 4052
-9532, 2664, 501, 501, 4052
-9531, 2664, 501, 501, 4052
-9531, 2665, 502, 502, 4052
-9531, 2664, 502, 502, 4052
-9531, 2665, 502, 502, 4052
-9531, 2665, 502, 502, 4052
-9531, 2664, 502, 502, 4052
-9532, 2665, 502, 502, 4052
-9532, 2665, 502, 502, 4052
-9532, 2665, 501, 501, 4052
-9531, 2665, 501, 501, 4052
-9531, 2665, 501, 501, 4052
-9532, 2665, 501, 501, 4044
-9532, 2664, 501, 501, 4044
-9532, 2665, 501, 501, 4044
-9531, 2665, 501, 501, 4044
-9532, 2665, 502, 502, 4044
-9532, 2665, 502, 502, 4044
-9531, 2665, 502, 502, 4044
-9531, 2664, 502, 502, 4044
-9531, 2665, 501, 501, 4044
-9531, 2665, 501, 501, 4044
-9531, 2665, 501, 501, 4044
-9531, 2665, 502, 502, 4044
-9532, 2664, 501, 501, 4044
-9532, 2664, 501, 501, 4044
-9531, 2666, 501, 501, 4044
-9532, 2665, 501, 501, 4044
-9532, 2665, 501, 501, 4044
-9532, 2664, 501, 501, 4044
-9530, 2666, 503, 503, 4044
-9530, 2666, 503, 503, 4044
-9531, 2666, 502, 502, 4044
-9530, 2666, 502, 502, 4044
-9531, 2665, 502, 502, 4044
-9531, 2665, 502, 502, 4044
-9531, 2665, 502, 502, 4044
-9531, 2665, 501, 501, 4046
-9531, 2665, 501, 501, 4046
-9531, 2665, 502, 502, 4046
-9531, 2665, 502, 502, 4046
-9531, 2665, 502, 502, 4046
-9532, 2665, 502, 502, 4046
-9530, 2667, 502, 502, 4046
-9530, 2667, 502, 502, 4046
-9530, 2665, 502, 502, 4046
-9530, 2665, 502, 502, 4046
-9531, 2665, 502, 502, 4046
-9530, 2666, 502, 502, 4046
-9530, 2666, 502, 502, 4046
-9530, 2666, 502, 502, 4046
-9531, 2666, 502, 502, 4046
-9531, 2665, 502, 502, 4046
-9531, 2666, 502, 502, 4046
-9531, 2666, 502, 502, 4046
-9531, 2665, 502, 502, 4046
-9531, 2666, 502, 502, 4046
-9531, 2666, 502, 502, 4046
-9531, 2667, 502, 502, 4046
-9530, 2666, 503, 503, 4046
-9530, 2665, 503, 503, 4046
-9531, 2665, 502, 502, 4046
-9531, 2665, 502, 502, 4046
-9530, 2666, 502, 502, 4046
-9530, 2666, 502, 502, 4046
-9531, 2666, 502, 502, 4046
-9531, 2666, 502, 502, 4046
-9531, 2666, 502, 502, 4046
-9531, 2666, 502, 502, 4046
-9530, 2666, 502, 502, 4046
-9530, 2666, 502, 502, 4046
-9530, 2666, 503, 503, 4046
-9530, 2666, 503, 503, 4046
-9529, 2666, 503, 503, 4046
-9529, 2666, 503, 503, 4046
-9530, 2667, 502, 502, 4046
-9530, 2667, 503, 503, 4046
-9530, 2667, 503, 503, 4046
-9531, 2666, 502, 502, 4046
-9530, 2666, 502, 502, 4046
-9530, 2666, 502, 502, 4046
-9530, 2667, 502, 502, 4046
-9530, 2667, 503, 503, 4046
-9530, 2667, 503, 503, 4046
-9530, 2666, 503, 503, 4046
-9529, 2666, 504, 504, 4046
