-9715, 2227, 317, 317, -859
-9715, 2228, 317, 317, -859
-9717, 2228, 316, 316, -859
-9717, 2228, 316, 316, -859
-9716, 2227, 317, 317, -859
-9715, 2228, 317, 317, -859
-9715, 2228, 316, 316, -859
-9717, 2227, 316, 316, -859
-9715, 2228, 317, 317, -859
-9715, 2228, 317, 317, -859
-9717, 2228, 316, 316, -848
-9716, 2227, 316, 316, -848
-9717, 2229, 316, 316, -848
-9717, 2227, 315, 315, -848
-9716, 2227, 316, 316, -848
-9718, 2228, 316, 316, -848
-9715, 2228, 317, 317, -848
-9718, 2228, 316, 316, -848
-9718, 2228, 316, 316, -848
-9716, 2228, 316, 316, -848
-9717, 2226, 316, 316, -848
-9715, 2227, 316, 316, -848
-9715, 2227, 316, 316, -848
-9718, 2228, 315, 315, -848
-9716, 2227, 316, 316, -848
-9717, 2228, 316, 316, -848
-9717, 2228, 315, 315, -848
-9718, 2227, 316, 316, -848
-9718, 2227, 316, 316, -848
-9717, 2227, 316, 316, -848
-9717, 2227, 316, 316, -848
-9717, 2228, 316, 316, -848
-9718, 2228, 315, 315, -848
-9716, 2227, 316, 316, -848
-9716, 2227, 316, 316, -848
-9716, 2228, 316, 316, -848
-9717, 2227, 315, 315, -855
-9718, 2227, 315, 315, -855
-9717, 2227, 315, 315, -855
-9718, 2227, 315, 315, -855
-9718, 2227, 315, 315, -855
-9718, 2227, 315, 315, -855
-9717, 2227, 315, 315, -855
-9718, 2226, 315, 315, -855
-9718, 2226, 315, 315, -855
-9717, 2227, 315, 315, -855
-9718, 2227, 315, 315, -855
-9718, 2227, 315, 315, -855
-9718, 2228, 315, 315, -855
-9717, 2228, 316, 316, -855
-9717, 2228, 316, 316, -855
-9717, 2227, 316, 316, -855
-9715, 2227, 316, 316, -855
-9715, 2227, 316, 316, -855
-9718, 2228, 316, 316, -855
-9716, 2228, 316, 316, -855
-9719, 2227, 315, 315, -855
-9718, 2227, 315, 315, -855
-9718, 2227, 315, 315, -855
-9717, 2227, 315, 315, -844
-9717, 2227, 315, 315, -844
-9716, 2227, 316, 316, -844
-9717, 2227, 316, 316, -844
-9717, 2227, 316, 316, -844
-9718, 2227, 315, 315, -844
-9718, 2227, 315, 315, -844
-9719, 2227, 315, 315, -844
-9719, 2227, 315, 315, -844
-9719, 2227, 315, 315, -844
-9718, 2226, 315, 315, -844
-9718, 2226, 315, 315, -844
-9717, 2227, 315, 315, -844
-9719, 2227, 316, 316, -844
-9716, 2227, 315, 315, -844
-9718, 2227, 315, 315, -844
-9717, 2227, 315, 315, -844
-9718, 2227, 316, 316, -844
-9718, 2227, 316, 316, -844
-9719, 2227, 315, 315, -844
-9717, 2227, 315, 315, -844
-9717, 2227, 315, 315, -844
-9719, 2227, 315, 315, -844
-9718, 2227, 315, 315, -844
-9718, 2228, 315, 315, -844
-9718, 2227, 315, 315, -844
-9718, 2227, 315, 315, -844
-9718, 2227, 315, 315, -855
-9718, 2227, 315, 315, -855
-9718, 2227, 315, 315, -855
-9716, 2227, 315, 315, -855
-9716, 2227, 315, 315, -855
-9719, 2228, 315, 315, -855
-9717, 2227, 315, 315, -855
-9717, 2227, 315, 315, -855
-9718, 2227, 314, 314, -855
-9718, 2227, 314, 314, -855
-9719, 2227, 315, 315, -855
-9719, 2227, 315, 315, -855
-9717, 2226, 315, 315, -855
-9719, 2226, 314, 314, -855
-9719, 2226, 314, 314, -855
-9716, 2227, 315, 315, -855
-9719, 2226, 314, 314, -855
-9718, 2227, 315, 315, -855
-9719, 2227, 315, 315, -855
-9784, 2204, 249, 249, -855
-9788, 2205, 246, 246, -855
-9792, 2206, 241, 241, -855
-9795, 2206, 240, 240, -855
-9795, 2206, 240, 240, -855
-9797, 2207, 236, 236, -855
-9797, 2207, 236, 236, -855
-9799, 2206, 235, 235, -855
-9798, 2206, 234, 234, -855
-9799, 2206, 233, 233, -852
-9801, 2206, 233, 233, -852
-9801, 2206, 232, 232, -852
-9801, 2207, 232, 232, -852
-9801, 2207, 231, 231, -852
-9801, 2207, 231, 231, -852
-9801, 2206, 230, 230, -852
-9801, 2206, 230, 230, -852
-9803, 2205, 229, 229, -852
-9803, 2205, 229, 229, -852
-9806, 2206, 228, 228, -852
-9804, 2206, 228, 228, -852
-9805, 2207, 227, 227, -852
-9808, 2206, 226, 226, -852
-9805, 2206, 226, 226, -852
-9807, 2207, 227, 227, -852
-9807, 2206, 226, 226, -852
-9807, 2207, 226, 226, -852
-9807, 2207, 226, 226, -852
-9808, 2207, 225, 225, -852
-9808, 2207, 225, 225, -852
-9808, 2208, 225, 225, -852
-9808, 2208, 225, 225, -852
-9809, 2208, 224, 224, -852
-9809, 2208, 224, 224, -852
-9808, 2207, 224, 224, -846
-9808, 2207, 224, 224, -846
-9809, 2208, 224, 224, -846
-9809, 2208, 224, 224, -846
-9810, 2207, 223, 223, -846
-9813, 2207, 222, 222, -846
-9810, 2207, 222, 222, -846
-9810, 2207, 222, 222, -846
-9811, 2206, 222, 222, -846
-9810, 2207, 222, 222, -846
-9810, 2207, 222, 222, -846
-9810, 2207, 223, 223, -846
-9810, 2207, 222, 222, -846
-9810, 2207, 222, 222, -846
-9810, 2207, 222, 222, -846
-9813, 2206, 221, 221, -846
-9812, 2207, 221, 221, -846
-9812, 2207, 221, 221, -846
-9811, 2207, 222, 222, -846
-9811, 2208, 221, 221, -846
-9813, 2208, 221, 221, -846
-9813, 2208, 221, 221, -846
-9813, 2207, 220, 220, -846
-9814, 2207, 220, 220, -846
-9814, 2207, 220, 220, -846
-9812, 2207, 220, 220, -846
-9812, 2206, 220, 220, -844
-9812, 2206, 220, 220, -844
-9813, 2207, 220, 220, -844
-9813, 2207, 220, 220, -844
-9813, 2206, 219, 219, -844
-9813, 2207, 219, 219, -844
-9813, 2207, 219, 219, -844
-9812, 2207, 219, 219, -844
-9812, 2207, 219, 219, -844
-9814, 2207, 219, 219, -844
-9813, 2207, 219, 219, -844
-9815, 2207, 219, 219, -844
-9815, 2207, 219, 219, -844
-9814, 2207, 219, 219, -844
-9814, 2207, 219, 219, -844
-9815, 2208, 218, 218, -844
-9815, 2208, 218, 218, -844
-9814, 2206, 218, 218, -844
-9814, 2206, 218, 218, -844
-9814, 2208, 218, 218, -844
-9814, 2208, 218, 218, -844
-9815, 2206, 218, 218, -844
-9815, 2206, 218, 218, -844
-9815, 2207, 217, 217, -844
-9815, 2207, 217, 217, -844
-9816, 2207, 217, 217, -844
-9815, 2208, 216, 216, -841
-9815, 2208, 217, 217, -841
-9815, 2207, 216, 216, -841
-9816, 2208, 217, 217, -841
-9816, 2208, 217, 217, -841
-9816, 2208, 217, 217, -841
-9816, 2208, 217, 217, -841
-9816, 2206, 217, 217, -841
-9816, 2206, 217, 217, -841
-9816, 2206, 217, 217, -841
-9817, 2206, 216, 216, -841
-9817, 2206, 216, 216, -841
-9816, 2207, 217, 217, -841
-9816, 2207, 217, 217, -841
-9818, 2207, 215, 215, -841
-9818, 2207, 215, 215, -841
-9816, 2207, 216, 216, -841
-9816, 2207, 216, 216, -841
-9817, 2207, 215, 215, -841
-9820, 2208, 215, 215, -841
-9819, 2207, 216, 216, -841
-9817, 2207, 214, 214, -837
-9820, 2209, 215, 215, -837
-9817, 2222, 215, 215, -837
-9750, 2228, 281, 281, -837
-9750, 2228, 281, 281, -837
-9747, 2227, 285, 285, -837
-9741, 2228, 291, 291, -837
-9741, 2228, 291, 291, -837
-9741, 2227, 292, 292, -837
-9739, 2228, 294, 294, -837
-9736, 2227, 295, 295, -837
-9736, 2227, 296, 296, -837
-9736, 2228, 297, 297, -837
-9735, 2228, 298, 298, -837
-9735, 2228, 298, 298, -837
-9734, 2227, 299, 299, -837
-9732, 2228, 299, 299, -837
-9732, 2228, 299, 299, -837
-9733, 2227, 300, 300, -837
-9733, 2227, 299, 299, -837
-9733, 2227, 300, 300, -837
-9733, 2227, 300, 300, -837
-9732, 2227, 301, 301, -837
-9732, 2227, 301, 301, -837
-9732, 2227, 301, 301, -837
-9732, 2228, 301, 301, -839
-9731, 2227, 302, 302, -839
-9731, 2227, 302, 302, -839
-9732, 2227, 301, 301, -839
-9731, 2227, 302, 302, -839
-9731, 2227, 302, 302, -839
-9730, 2227, 303, 303, -839
-9730, 2227, 303, 303, -839
-9730, 2227, 303, 303, -839
-9730, 2227, 304, 304, -839
-9729, 2227, 304, 304, -839
-9728, 2227, 304, 304, -839
-9727, 2227, 305, 305, -839
-9729, 2227, 304, 304, -839
-9729, 2227, 304, 304, -839
-9729, 2227, 304, 304, -839
-9728, 2228, 305, 305, -839
-9728, 2227, 305, 305, -839
-9727, 2226, 305, 305, -839
-9727, 2226, 305, 305, -839
-9728, 2227, 305, 305, -839
-9728, 2227, 305, 305, -839
-9727, 2227, 305, 305, -839
-9728, 2227, 305, 305, -839
-9727, 2227, 306, 306, -839
-9727, 2227, 306, 306, -839
-9726, 2227, 306, 306, -839
-9727, 2228, 306, 306, -839
-9727, 2228, 306, 306, -839
-9727, 2227, 306, 306, -839
-9727, 2226, 306, 306, -839
-9727, 2227, 306, 306, -839
-9726, 2226, 306, 306, -839
-9725, 2226, 307, 307, -839
-9725, 2226, 307, 307, -839
-9727, 2227, 306, 306, -839
-9727, 2227, 307, 307, -839
-9725, 2227, 307, 307, -839
-9726, 2227, 307, 307, -839
-9726, 2227, 307, 307, -839
-9727, 2227, 306, 306, -839
-9726, 2227, 307, 307, -839
-9726, 2227, 307, 307, -839
-9725, 2226, 307, 307, -839
-9725, 2226, 307, 307, -839
-9727, 2227, 307, 307, -839
-9726, 2227, 308, 308, -839
-9725, 2227, 307, 307, -839
-9725, 2228, 308, 308, -839
-9725, 2228, 308, 308, -839
-9725, 2226, 307, 307, -839
-9724, 2226, 309, 309, -839
-9725, 2227, 308, 308, -839
-9725, 2227, 308, 308, -839
-9725, 2225, 308, 308, -839
-9725, 2225, 308, 308, -839
-9725, 2226, 308, 308, -839
-9724, 2226, 308, 308, -839
-9725, 2227, 308, 308, -839
-9725, 2227, 308, 308, -839
-9725, 2227, 308, 308, -839
-9723, 2226, 309, 309, -839
-9723, 2228, 309, 309, -839
-9723, 2228, 309, 309, -839
-9724, 2227, 309, 309, -839
-9723, 2226, 309, 309, -839
-9724, 2226, 309, 309, -839
-9723, 2226, 309, 309, -839
-9723, 2226, 309, 309, -837
-9722, 2227, 310, 310, -837
-9724, 2227, 309, 309, -837
-9724, 2227, 309, 309, -837
-9725, 2226, 309, 309, -837
-9725, 2226, 309, 309, -837
-9724, 2227, 309, 309, -837
-9724, 2227, 309, 309, -837
-9724, 2226, 309, 309, -837
-9724, 2226, 308, 308, -837
-9724, 2227, 309, 309, -837
-9724, 2227, 309, 309, -837
-9724, 2227, 309, 309, -837
-9724, 2227, 309, 309, -837
-9724, 2225, 309, 309, -837
-9723, 2227, 309, 309, -837
-9724, 2226, 309, 309, -837
-9724, 2226, 309, 309, -837
-9724, 2226, 309, 309, -837
-9723, 2226, 310, 310, -837
-9723, 2226, 310, 310, -837
-9724, 2227, 309, 309, -837
-9723, 2227, 309, 309, -837
-9723, 2227, 309, 309, -837
-9723, 2227, 309, 309, -837
-9797, 2208, 260, 260, -835
-9794, 2205, 240, 240, -835
-9794, 2205, 240, 240, -835
-9799, 2205, 235, 235, -835
-9799, 2205, 235, 235, -835
-9800, 2206, 233, 233, -835
-9800, 2206, 233, 233, -835
-9802, 2205, 232, 232, -835
-9804, 2206, 229, 229, -835
-9804, 2206, 229, 229, -835
-9805, 2205, 228, 228, -835
-9803, 2206, 229, 229, -835
-9806, 2205, 226, 226, -835
-9808, 2206, 225, 225, -835
-9808, 2206, 225, 225, -835
-9806, 2206, 225, 225, -835
-9811, 2207, 224, 224, -835
-9811, 2207, 224, 224, -835
-9811, 2206, 224, 224, -835
-9811, 2206, 224, 224, -835
-9810, 2205, 223, 223, -835
-9809, 2205, 223, 223, -835
-9809, 2207, 223, 223, -835
-9809, 2207, 223, 223, -835
-9810, 2207, 222, 222, -835
-9811, 2207, 222, 222, -835
-9812, 2206, 221, 221, -841
-9812, 2206, 221, 221, -841
-9813, 2206, 220, 220, -841
-9813, 2206, 220, 220, -841
-9813, 2205, 220, 220, -841
-9813, 2205, 220, 220, -841
-9813, 2205, 219, 219, -841
-9813, 2205, 219, 219, -841
-9813, 2206, 220, 220, -841
-9813, 2207, 219, 219, -841
-9814, 2206, 219, 219, -841
-9814, 2206, 219, 219, -841
-9815, 2206, 219, 219, -841
-9815, 2206, 219, 219, -841
-9815, 2206, 218, 218, -841
-9813, 2207, 218, 218, -841
-9813, 2207, 218, 218, -841
-9814, 2206, 218, 218, -841
-9815, 2205, 217, 217, -841
-9815, 2205, 217, 217, -841
-9816, 2206, 217, 217, -841
-9816, 2206, 217, 217, -841
-9814, 2207, 217, 217, -841
-9816, 2207, 216, 216, -833
-9817, 2206, 216, 216, -833
-9817, 2206, 216, 216, -833
-9816, 2205, 217, 217, -833
-9817, 2206, 216, 216, -833
-9817, 2206, 216, 216, -833
-9817, 2206, 216, 216, -833
-9817, 2206, 215, 215, -833
-9817, 2206, 215, 215, -833
-9818, 2207, 215, 215, -833
-9817, 2207, 215, 215, -833
-9817, 2207, 215, 215, -833
-9817, 2205, 215, 215, -833
-9817, 2205, 215, 215, -833
-9819, 2206, 215, 215, -833
-9818, 2206, 215, 215, -833
-9818, 2206, 215, 215, -833
-9818, 2206, 214, 214, -833
-9819, 2207, 215, 215, -833
-9819, 2207, 215, 215, -833
-9820, 2206, 214, 214, -833
-9820, 2206, 214, 214, -833
-9820, 2205, 214, 214, -833
-9819, 2206, 214, 214, -833
-9819, 2206, 214, 214, -833
-9818, 2207, 214, 214, -837
-9819, 2206, 214, 214, -837
-9819, 2206, 214, 214, -837
-9819, 2206, 214, 214, -837
-9819, 2206, 214, 214, -837
-9819, 2206, 214, 214, -837
-9819, 2206, 214, 214, -837
-9820, 2206, 213, 213, -837
-9820, 2206, 213, 213, -837
-9819, 2206, 214, 214, -837
-9819, 2206, 214, 214, -837
-9820, 2206, 213, 213, -837
-9820, 2206, 213, 213, -837
-9819, 2207, 213, 213, -837
-9819, 2207, 213, 213, -837
-9818, 2206, 213, 213, -837
-9821, 2206, 213, 213, -837
-9820, 2206, 213, 213, -837
-9819, 2206, 213, 213, -837
-9820, 2205, 213, 213, -837
-9820, 2205, 213, 213, -837
-9818, 2206, 213, 213, -837
-9818, 2206, 213, 213, -837
-9819, 2207, 213, 213, -837
-9819, 2207, 213, 213, -837
-9821, 2205, 213, 213, -833
-9821, 2205, 213, 213, -833
-9820, 2206, 213, 213, -833
-9819, 2206, 213, 213, -833
-9819, 2206, 213, 213, -833
-9821, 2206, 212, 212, -833
-9821, 2206, 212, 212, -833
-9820, 2205, 213, 213, -833
-9820, 2205, 213, 213, -833
-9819, 2207, 214, 214, -833
-9819, 2207, 214, 214, -833
-9760, 2226, 255, 255, -833
-9750, 2227, 281, 281, -833
-9750, 2227, 281, 281, -833
-9743, 2226, 290, 290, -833
-9743, 2226, 290, 290, -833
-9741, 2227, 291, 291, -833
-9737, 2227, 294, 294, -833
-9739, 2227, 294, 294, -833
-9739, 2227, 294, 294, -833
-9738, 2226, 294, 294, -833
-9738, 2227, 295, 295, -826
-9738, 2227, 295, 295, -826
-9737, 2227, 296, 296, -826
-9735, 2226, 297, 297, -826
-9736, 2226, 296, 296, -826
-9734, 2227, 297, 297, -826
-9734, 2227, 297, 297, -826
-9735, 2227, 298, 298, -826
-9734, 2226, 299, 299, -826
-9734, 2226, 299, 299, -826
-9734, 2226, 299, 299, -826
-9734, 2226, 299, 299, -826
-9734, 2227, 299, 299, -826
-9734, 2227, 299, 299, -826
-9733, 2227, 299, 299, -826
-9733, 2227, 300, 300, -826
-9732, 2227, 300, 300, -826
-9733, 2226, 300, 300, -826
-9732, 2227, 301, 301, -826
-9732, 2227, 301, 301, -826
-9732, 2227, 301, 301, -826
-9732, 2226, 301, 301, -826
-9730, 2226, 301, 301, -826
-9731, 2225, 301, 301, -826
-9731, 2225, 301, 301, -826
-9730, 2226, 302, 302, -826
-9732, 2226, 302, 302, -826
-9731, 2226, 303, 303, -826
-9731, 2226, 302, 302, -826
-9731, 2225, 302, 302, -835
-9731, 2225, 302, 302, -835
-9729, 2226, 303, 303, -835
-9729, 2226, 303, 303, -835
-9730, 2226, 303, 303, -835
-9730, 2226, 303, 303, -835
-9731, 2227, 303, 303, -835
-9731, 2227, 303, 303, -835
-9729, 2226, 303, 303, -835
-9729, 2226, 303, 303, -835
-9729, 2227, 304, 304, -835
-9728, 2227, 304, 304, -835
-9728, 2227, 304, 304, -835
-9727, 2226, 305, 305, -835
-9727, 2226, 305, 305, -835
-9728, 2225, 305, 305, -835
-9726, 2226, 305, 305, -835
-9729, 2227, 305, 305, -835
-9728, 2226, 305, 305, -835
-9728, 2226, 305, 305, -835
-9727, 2226, 305, 305, -835
-9727, 2226, 305, 305, -835
-9728, 2226, 305, 305, -826
-9728, 2226, 305, 305, -826
-9728, 2226, 305, 305, -826
-9727, 2225, 305, 305, -826
-9728, 2226, 305, 305, -826
-9728, 2226, 305, 305, -826
-9728, 2226, 305, 305, -826
-9728, 2225, 305, 305, -826
-9728, 2226, 306, 306, -826
-9727, 2226, 306, 306, -826
-9727, 2226, 306, 306, -826
-9727, 2226, 306, 306, -826
-9727, 2226, 306, 306, -826
-9726, 2226, 306, 306, -826
-9727, 2226, 306, 306, -826
-9727, 2226, 306, 306, -826
-9728, 2226, 306, 306, -826
-9726, 2225, 306, 306, -826
-9726, 2225, 306, 306, -826
-9726, 2226, 306, 306, -826
-9725, 2225, 306, 306, -826
-9727, 2225, 307, 307, -826
-9726, 2226, 306, 306, -841
-9726, 2226, 306, 306, -841
-9725, 2225, 307, 307, -841
-9727, 2226, 306, 306, -841
-9726, 2225, 306, 306, -841
-9726, 2227, 307, 307, -841
-9725, 2226, 308, 308, -841
-9727, 2227, 307, 307, -841
-9727, 2227, 307, 307, -841
-9726, 2226, 307, 307, -841
-9726, 2226, 307, 307, -841
-9725, 2227, 307, 307, -841
-9726, 2226, 307, 307, -841
-9726, 2225, 307, 307, -841
-9726, 2225, 307, 307, -841
-9725, 2226, 307, 307, -841
-9725, 2226, 308, 308, -841
-9726, 2226, 307, 307, -841
-9726, 2226, 307, 307, -841
-9726, 2226, 307, 307, -841
-9726, 2226, 307, 307, -841
-9726, 2227, 307, 307, -841
-9725, 2226, 307, 307, -841
-9725, 2226, 307, 307, -841
-9726, 2226, 307, 307, -841
-9725, 2226, 307, 307, -841
-9726, 2227, 307, 307, -841
-9726, 2227, 307, 307, -841
-9725, 2226, 307, 307, -833
-9724, 2226, 308, 308, -833
-9724, 2226, 308, 308, -833
-9725, 2225, 308, 308, -833
-9725, 2225, 308, 308, -833
-9725, 2225, 308, 308, -833
-9724, 2225, 308, 308, -833
-9725, 2226, 308, 308, -833
-9725, 2216, 308, 308, -833
-9793, 2205, 242, 242, -833
-9793, 2205, 242, 242, -833
-9797, 2205, 237, 237, -833
-9799, 2205, 235, 235, -833
-9802, 2205, 230, 230, -833
-9802, 2205, 230, 230, -833
-9805, 2204, 229, 229, -833
-9806, 2205, 228, 228, -833
-9807, 2205, 226, 226, -833
-9807, 2205, 226, 226, -833
-9809, 2205, 225, 225, -833
-9809, 2205, 225, 225, -833
-9809, 2205, 223, 223, -833
-9809, 2205, 223, 223, -833
-9809, 2205, 224, 224, -833
-9809, 2205, 222, 222, -833
-9809, 2205, 222, 222, -833
-9812, 2206, 221, 221, -828
-9812, 2206, 221, 221, -828
-9811, 2206, 221, 221, -828
-9811, 2206, 221, 221, -828
-9812, 2205, 221, 221, -828
-9812, 2205, 220, 220, -828
-9812, 2205, 220, 220, -828
-9812, 2206, 219, 219, -828
-9812, 2206, 219, 219, -828
-9815, 2206, 218, 218, -828
-9815, 2206, 218, 218, -828
-9813, 2206, 219, 219, -828
-9813, 2206, 219, 219, -828
-9814, 2205, 219, 219, -828
-9814, 2206, 218, 218, -828
-9814, 2206, 218, 218, -828
-9815, 2206, 218, 218, -828
-9815, 2206, 218, 218, -828
-9816, 2205, 217, 217, -828
-9816, 2205, 217, 217, -828
-9817, 2206, 217, 217, -828
-9816, 2205, 216, 216, -828
-9817, 2207, 217, 217, -828
-9817, 2207, 216, 216, -830
-9817, 2207, 216, 216, -830
-9818, 2206, 216, 216, -830
-9818, 2206, 216, 216, -830
-9818, 2206, 215, 215, -830
-9817, 2206, 216, 216, -830
-9819, 2205, 215, 215, -830
-9819, 2205, 215, 215, -830
-9817, 2206, 215, 215, -830
-9817, 2206, 215, 215, -830
-9819, 2206, 214, 214, -830
-9817, 2205, 215, 215, -830
-9817, 2205, 215, 215, -830
-9820, 2205, 214, 214, -830
-9818, 2207, 214, 214, -830
-9818, 2207, 214, 214, -830
-9817, 2205, 214, 214, -830
-9818, 2206, 214, 214, -830
-9818, 2206, 214, 214, -830
-9820, 2206, 213, 213, -830
-9820, 2206, 213, 213, -830
-9819, 2206, 213, 213, -830
-9819, 2206, 214, 214, -830
-9819, 2206, 214, 214, -830
-9822, 2206, 213, 213, -830
-9822, 2206, 213, 213, -830
-9819, 2206, 213, 213, -824
-9819, 2206, 213, 213, -824
-9821, 2206, 213, 213, -824
-9821, 2205, 213, 213, -824
-9821, 2205, 213, 213, -824
-9820, 2206, 213, 213, -824
-9820, 2206, 213, 213, -824
-9821, 2205, 212, 212, -824
-9821, 2205, 212, 212, -824
-9819, 2206, 212, 212, -824
-9821, 2205, 212, 212, -824
-9821, 2206, 212, 212, -824
-9821, 2206, 212, 212, -824
-9822, 2207, 212, 212, -824
-9820, 2206, 212, 212, -824
-9820, 2206, 212, 212, -824
-9822, 2206, 212, 212, -824
-9821, 2205, 211, 211, -824
-9822, 2206, 212, 212, -824
-9822, 2206, 212, 212, -824
-9822, 2205, 211, 211, -824
-9822, 2206, 212, 212, -824
-9821, 2205, 212, 212, -824
-9820, 2206, 212, 212, -824
-9820, 2206, 212, 212, -824
-9821, 2206, 212, 212, -824
-9823, 2206, 211, 211, -824
-9823, 2205, 211, 211, -824
-9823, 2206, 212, 212, -824
-9822, 2205, 211, 211, -828
-9822, 2206, 211, 211, -828
-9821, 2205, 211, 211, -828
-9821, 2206, 211, 211, -828
-9822, 2205, 210, 210, -828
-9822, 2205, 210, 210, -828
-9821, 2206, 211, 211, -828
-9822, 2206, 211, 211, -828
-9822, 2206, 211, 211, -828
-9823, 2206, 211, 211, -828
-9823, 2206, 210, 210, -828
-9822, 2206, 210, 210, -828
-9822, 2206, 210, 210, -828
-9821, 2206, 210, 210, -828
-9821, 2206, 210, 210, -828
-9823, 2206, 210, 210, -828
-9822, 2205, 210, 210, -828
-9822, 2205, 210, 210, -828
-9824, 2207, 211, 211, -828
-9813, 2224, 213, 213, -828
-9760, 2226, 269, 269, -828
-9760, 2226, 269, 269, -828
-9750, 2228, 282, 282, -828
-9750, 2228, 282, 282, -828
-9748, 2227, 283, 283, -828
-9744, 2227, 287, 287, -828
-9743, 2227, 289, 289, -817
-9742, 2226, 290, 290, -817
-9742, 2226, 290, 290, -817
-9741, 2226, 292, 292, -817
-9740, 2227, 293, 293, -817
-9738, 2225, 294, 294, -817
-9738, 2225, 294, 294, -817
-9739, 2226, 294, 294, -817
-9738, 2226, 295, 295, -817
-9738, 2226, 295, 295, -817
-9737, 2226, 295, 295, -817
-9737, 2226, 296, 296, -817
-9737, 2226, 296, 296, -817
-9737, 2226, 296, 296, -817
-9736, 2225, 297, 297, -817
-9737, 2226, 296, 296, -817
-9735, 2225, 297, 297, -817
-9735, 2225, 297, 297, -817
-9735, 2226, 297, 297, -817
-9735, 2225, 298, 298, -817
-9734, 2226, 298, 298, -817
-9735, 2226, 298, 298, -817
-9733, 2226, 299, 299, -817
-9733, 2226, 299, 299, -817
-9733, 2226, 299, 299, -817
-9733, 2225, 300, 300, -817
-9734, 2226, 299, 299, -815
-9734, 2226, 299, 299, -815
-9732, 2225, 301, 301, -815
-9732, 2225, 301, 301, -815
-9733, 2226, 300, 300, -815
-9733, 2226, 300, 300, -815
-9732, 2225, 301, 301, -815
-9732, 2226, 300, 300, -815
-9731, 2227, 301, 301, -815
-9731, 2225, 301, 301, -815
-9731, 2225, 301, 301, -815
-9731, 2225, 302, 302, -815
-9732, 2226, 301, 301, -815
-9732, 2226, 301, 301, -815
-9731, 2225, 302, 302, -815
-9731, 2225, 302, 302, -815
-9730, 2225, 302, 302, -815
-9731, 2227, 302, 302, -815
-9731, 2227, 302, 302, -815
-9730, 2225, 301, 301, -815
-9729, 2226, 303, 303, -815
-9729, 2226, 303, 303, -815
-9730, 2226, 302, 302, -815
-9730, 2225, 303, 303, -815
-9731, 2226, 302, 302, -815
-9731, 2225, 302, 302, -815
-9731, 2225, 302, 302, -815
-9731, 2226, 302, 302, -815
-9729, 2225, 303, 303, -815
-9730, 2226, 303, 303, -815
-9730, 2226, 303, 303, -815
-9730, 2226, 303, 303, -815
-9730, 2225, 303, 303, -815
-9730, 2226, 303, 303, -815
-9729, 2227, 303, 303, -815
-9729, 2225, 303, 303, -815
-9729, 2225, 303, 303, -815
-9729, 2226, 303, 303, -815
-9728, 2226, 304, 304, -815
-9728, 2226, 305, 305, -815
-9728, 2226, 305, 305, -815
-9727, 2226, 305, 305, -815
-9729, 2226, 304, 304, -815
-9730, 2225, 304, 304, -815
-9730, 2225, 304, 304, -815
-9728, 2226, 304, 304, -815
-9729, 2226, 304, 304, -815
-9729, 2226, 304, 304, -815
-9729, 2225, 303, 303, -815
-9729, 2224, 305, 305, -815
-9729, 2224, 305, 305, -815
-9728, 2225, 304, 304, -815
-9729, 2226, 304, 304, -820
-9729, 2226, 304, 304, -820
-9728, 2226, 305, 305, -820
-9728, 2226, 305, 305, -820
-9727, 2226, 305, 305, -820
-9728, 2226, 305, 305, -820
-9729, 2226, 305, 305, -820
-9729, 2226, 305, 305, -820
-9727, 2226, 305, 305, -820
-9727, 2226, 305, 305, -820
-9727, 2226, 305, 305, -820
-9729, 2225, 304, 304, -820
-9729, 2225, 304, 304, -820
-9728, 2226, 305, 305, -820
-9728, 2225, 305, 305, -820
-9728, 2225, 305, 305, -820
-9727, 2226, 306, 306, -820
-9727, 2226, 305, 305, -820
-9727, 2226, 305, 305, -820
-9727, 2226, 305, 305, -820
-9726, 2226, 305, 305, -820
-9726, 2226, 305, 305, -820
-9728, 2227, 306, 306, -820
-9727, 2226, 306, 306, -820
-9727, 2225, 306, 306, -820
-9727, 2227, 306, 306, -820
-9728, 2226, 306, 306, -820
-9728, 2226, 305, 305, -800
-9728, 2226, 305, 305, -800
-9726, 2227, 306, 306, -800
-9727, 2226, 306, 306, -800
-9727, 2226, 306, 306, -800
-9727, 2226, 306, 306, -800
-9727, 2225, 306, 306, -800
-9727, 2225, 306, 306, -800
-9726, 2226, 306, 306, -800
-9726, 2225, 306, 306, -800
-9726, 2225, 306, 306, -800
-9727, 2226, 306, 306, -800
-9727, 2225, 306, 306, -800
-9727, 2226, 306, 306, -800
-9727, 2226, 306, 306, -800
-9726, 2226, 306, 306, -800
-9727, 2226, 306, 306, -800
-9728, 2174, 306, 306, -800
-9728, 2174, 306, 306, -800
-9794, 2204, 239, 239, -800
-9794, 2204, 239, 239, -800
-9798, 2204, 235, 235, -800
-9800, 2205, 233, 233, -800
-9804, 2204, 230, 230, -800
-9804, 2205, 228, 228, -800
-9804, 2205, 228, 228, -800
-9806, 2205, 226, 226, -800
-9809, 2204, 225, 225, -800
-9809, 2204, 225, 225, -800
-9808, 2206, 224, 224, -798
-9808, 2206, 224, 224, -798
-9810, 2206, 223, 223, -798
-9811, 2205, 222, 222, -798
-9811, 2205, 222, 222, -798
-9813, 2205, 220, 220, -798
-9813, 2205, 220, 220, -798
-9814, 2204, 220, 220, -798
-9814, 2204, 220, 220, -798
-9812, 2204, 219, 219, -798
-9812, 2204, 219, 219, -798
-9812, 2206, 219, 219, -798
-9816, 2206, 218, 218, -798
-9816, 2206, 218, 218, -798
-9817, 2205, 217, 217, -798
-9817, 2205, 217, 217, -798
-9815, 2205, 217, 217, -798
-9815, 2205, 217, 217, -798
-9815, 2205, 216, 216, -798
-9815, 2205, 216, 216, -798
-9815, 2205, 217, 217, -798
-9818, 2206, 216, 216, -798
-9818, 2206, 216, 216, -798
-9818, 2206, 215, 215, -798
-9817, 2205, 216, 216, -798
-9817, 2205, 216, 216, -798
-9817, 2205, 215, 215, -798
-9817, 2204, 216, 216, -798
-9817, 2204, 216, 216, -798
-9817, 2206, 215, 215, -798
-9817, 2205, 215, 215, -798
-9817, 2205, 215, 215, -798
-9820, 2205, 215, 215, -798
-9817, 2205, 215, 215, -798
-9818, 2205, 214, 214, -798
-9819, 2206, 214, 214, -798
-9818, 2205, 214, 214, -798
-9821, 2205, 213, 213, -798
-9821, 2205, 213, 213, -798
-9820, 2204, 213, 213, -798
-9820, 2204, 213, 213, -798
-9819, 2205, 213, 213, -798
-9819, 2206, 214, 214, -798
-9819, 2206, 214, 214, -798
-9819, 2206, 214, 214, -798
-9819, 2206, 214, 214, -798
-9820, 2205, 213, 213, -798
-9820, 2205, 213, 213, -798
-9822, 2205, 213, 213, -798
-9822, 2205, 213, 213, -798
-9821, 2204, 213, 213, -798
-9820, 2205, 212, 212, -798
-9820, 2205, 212, 212, -798
-9822, 2205, 212, 212, -809
-9822, 2205, 212, 212, -809
-9821, 2205, 212, 212, -809
-9821, 2205, 212, 212, -809
-9820, 2205, 211, 211, -809
-9820, 2205, 211, 211, -809
-9819, 2206, 212, 212, -809
-9819, 2206, 212, 212, -809
-9821, 2205, 212, 212, -809
-9822, 2205, 211, 211, -809
-9822, 2205, 211, 211, -809
-9822, 2206, 210, 210, -809
-9823, 2206, 210, 210, -809
-9823, 2206, 210, 210, -809
-9821, 2205, 211, 211, -809
-9821, 2205, 211, 211, -809
-9822, 2205, 210, 210, -809
-9823, 2205, 210, 210, -809
-9823, 2205, 210, 210, -809
-9823, 2205, 210, 210, -809
-9823, 2205, 210, 210, -809
-9822, 2205, 211, 211, -809
-9822, 2206, 210, 210, -804
-9822, 2206, 210, 210, -804
-9822, 2206, 209, 209, -804
-9822, 2206, 209, 209, -804
-9823, 2207, 209, 209, -804
-9824, 2205, 210, 210, -804
-9824, 2205, 210, 210, -804
-9821, 2205, 210, 210, -804
-9821, 2205, 210, 210, -804
-9822, 2205, 211, 211, -804
-9823, 2206, 210, 210, -804
-9824, 2206, 209, 209, -804
-9823, 2205, 209, 209, -804
-9822, 2205, 209, 209, -804
-9823, 2206, 210, 210, -804
-9823, 2206, 210, 210, -804
-9823, 2204, 210, 210, -804
-9823, 2204, 210, 210, -804
-9823, 2205, 209, 209, -804
-9826, 2204, 208, 208, -804
-9823, 2206, 209, 209, -804
-9823, 2206, 209, 209, -804
-9822, 2206, 209, 209, -804
-9822, 2206, 209, 209, -804
-9824, 2205, 209, 209, -804
-9824, 2205, 209, 209, -804
-9825, 2204, 209, 209, -804
-9825, 2204, 209, 209, -804
-9823, 2205, 209, 209, -811
-9823, 2205, 209, 209, -811
-9822, 2206, 210, 210, -811
-9758, 2226, 273, 273, -811
-9758, 2226, 273, 273, -811
-9751, 2226, 280, 280, -811
-9751, 2226, 280, 280, -811
-9749, 2226, 283, 283, -811
-9747, 2226, 285, 285, -811
-9744, 2226, 288, 288, -811
-9744, 2226, 288, 288, -811
-9744, 2226, 288, 288, -811
-9742, 2226, 290, 290, -811
-9741, 2227, 291, 291, -811
-9741, 2227, 291, 291, -811
-9741, 2227, 292, 292, -811
-9740, 2226, 292, 292, -811
-9740, 2226, 292, 292, -811
-9740, 2227, 293, 293, -811
-9738, 2227, 294, 294, -811
-9738, 2227, 294, 294, -811
-9738, 2225, 294, 294, -811
-9738, 2225, 295, 295, -811
-9737, 2226, 295, 295, -811
-9737, 2226, 295, 295, -811
-9736, 2227, 296, 296, -811
-9736, 2226, 297, 297, -811
-9736, 2226, 297, 297, -811
-9736, 2226, 297, 297, -811
-9736, 2226, 297, 297, -804
-9736, 2226, 297, 297, -804
-9735, 2226, 297, 297, -804
-9734, 2226, 297, 297, -804
-9734, 2226, 297, 297, -804
-9735, 2226, 298, 298, -804
-9735, 2226, 298, 298, -804
-9734, 2226, 298, 298, -804
-9735, 2226, 299, 299, -804
-9734, 2226, 298, 298, -804
-9734, 2226, 298, 298, -804
-9734, 2226, 298, 298, -804
-9734, 2226, 299, 299, -804
-9734, 2226, 299, 299, -804
-9733, 2227, 300, 300, -804
-9734, 2226, 300, 300, -804
-9733, 2226, 300, 300, -804
-9733, 2226, 300, 300, -804
-9733, 2227, 300, 300, -804
-9733, 2227, 300, 300, -804
-9733, 2225, 300, 300, -804
-9730, 2225, 301, 301, -804
-9733, 2226, 300, 300, -804
-9733, 2226, 300, 300, -804
-9731, 2225, 301, 301, -804
-9731, 2225, 301, 301, -804
-9732, 2226, 301, 301, -804
-9732, 2226, 301, 301, -804
-9733, 2226, 301, 301, -804
-9731, 2225, 301, 301, -804
-9731, 2225, 301, 301, -804
-9732, 2226, 301, 301, -804
-9731, 2226, 302, 302, -804
-9731, 2226, 302, 302, -804
-9732, 2226, 302, 302, -804
-9732, 2225, 301, 301, -804
-9730, 2224, 302, 302, -804
-9730, 2224, 302, 302, -804
-9729, 2225, 303, 303, -804
-9731, 2225, 302, 302, -804
-9729, 2226, 303, 303, -804
-9731, 2226, 303, 303, -804
-9731, 2226, 303, 303, -804
-9731, 2225, 302, 302, -804
-9730, 2225, 302, 302, -804
-9730, 2225, 302, 302, -804
-9731, 2226, 302, 302, -804
-9731, 2225, 302, 302, -804
-9731, 2225, 302, 302, -804
-9731, 2226, 302, 302, -804
-9730, 2226, 303, 303, -804
-9730, 2226, 304, 304, -804
-9730, 2225, 303, 303, -804
-9730, 2225, 303, 303, -804
-9729, 2225, 304, 304, -804
-9730, 2226, 303, 303, -804
-9730, 2225, 303, 303, -804
-9730, 2225, 303, 303, -804
-9730, 2225, 303, 303, -804
-9730, 2225, 303, 303, -804
-9730, 2225, 304, 304, -804
-9729, 2226, 303, 303, -804
-9729, 2226, 303, 303, -804
-9730, 2225, 303, 303, -804
-9728, 2225, 304, 304, -804
-9729, 2225, 304, 304, -804
-9729, 2225, 304, 304, -804
-9727, 2226, 305, 305, -804
-9727, 2226, 305, 305, -804
-9729, 2225, 304, 304, -804
-9728, 2225, 305, 305, -804
-9728, 2225, 305, 305, -804
-9729, 2225, 305, 305, -804
-9728, 2226, 305, 305, -804
-9729, 2225, 304, 304, -804
-9729, 2225, 304, 304, -804
-9727, 2226, 305, 305, -804
-9728, 2225, 305, 305, -804
-9727, 2225, 305, 305, -804
-9727, 2226, 305, 305, -800
-9728, 2225, 304, 304, -800
-9728, 2225, 304, 304, -800
-9728, 2225, 305, 305, -800
-9728, 2225, 305, 305, -800
-9728, 2225, 304, 304, -800
-9727, 2225, 305, 305, -800
-9727, 2225, 305, 305, -800
-9727, 2226, 305, 305, -800
-9728, 2225, 305, 305, -800
-9728, 2224, 304, 304, -800
-9727, 2225, 305, 305, -800
-9729, 2226, 304, 304, -800
-9728, 2226, 305, 305, -800
-9728, 2226, 305, 305, -800
-9726, 2225, 305, 305, -800
-9728, 2226, 305, 305, -800
-9728, 2226, 305, 305, -800
-9728, 2226, 305, 305, -800
-9728, 2225, 305, 305, -800
-9728, 2225, 305, 305, -800
-9728, 2225, 305, 305, -800
-9728, 2225, 305, 305, -800
-9728, 2225, 305, 305, -800
-9726, 2225, 306, 306, -800
-9816, 2216, 256, 256, -800
-9816, 2216, 256, 256, -800
-9797, 2204, 244, 244, -800
-9798, 2204, 236, 236, -809
-9803, 2203, 231, 231, -809
-9803, 2205, 229, 229, -809
-9803, 2205, 229, 229, -809
-9807, 2205, 227, 227, -809
-9807, 2205, 226, 226, -809
-9807, 2204, 226, 226, -809
-9807, 2204, 226, 226, -809
-9809, 2204, 225, 225, -809
-9810, 2205, 223, 223, -809
-9812, 2205, 221, 221, -809
-9812, 2204, 221, 221, -809
-9813, 2205, 220, 220, -809
-9812, 2205, 221, 221, -809
-9814, 2204, 220, 220, -809
-9814, 2204, 220, 220, -809
-9813, 2204, 219, 219, -809
-9815, 2206, 218, 218, -809
-9815, 2206, 218, 218, -809
-9813, 2204, 218, 218, -809
-9816, 2204, 218, 218, -809
-9816, 2205, 218, 218, -809
-9816, 2205, 218, 218, -809
-9815, 2204, 217, 217, -809
-9815, 2204, 217, 217, -809
-9815, 2205, 217, 217, -809
-9816, 2205, 217, 217, -809
-9816, 2205, 217, 217, -809
-9815, 2204, 216, 216, -809
-9815, 2204, 216, 216, -809
-9819, 2205, 215, 215, -809
-9819, 2205, 215, 215, -809
-9818, 2204, 215, 215, -809
-9818, 2204, 215, 215, -809
-9818, 2205, 215, 215, -809
-9817, 2204, 215, 215, -809
-9819, 2204, 214, 214, -809
-9819, 2204, 214, 214, -809
-9820, 2204, 214, 214, -809
-9821, 2204, 214, 214, -809
-9818, 2205, 213, 213, -809
-9818, 2205, 213, 213, -809
-9820, 2205, 213, 213, -809
-9820, 2205, 213, 213, -809
-9821, 2204, 212, 212, -809
-9821, 2204, 212, 212, -809
-9823, 2205, 212, 212, -809
-9823, 2205, 212, 212, -809
-9821, 2206, 212, 212, -811
-9821, 2206, 212, 212, -811
-9821, 2205, 212, 212, -811
-9822, 2205, 212, 212, -811
-9822, 2205, 212, 212, -811
-9822, 2205, 212, 212, -811
-9822, 2205, 212, 212, -811
-9821, 2204, 212, 212, -811
-9821, 2204, 212, 212, -811
-9821, 2204, 211, 211, -811
-9821, 2204, 211, 211, -811
-9821, 2204, 212, 212, -811
-9822, 2207, 211, 211, -811
-9822, 2207, 211, 211, -811
-9821, 2205, 211, 211, -811
-9822, 2205, 211, 211, -811
-9822, 2205, 211, 211, -811
-9821, 2206, 211, 211, -811
-9821, 2206, 211, 211, -811
-9822, 2204, 211, 211, -811
-9823, 2206, 210, 210, -811
-9823, 2206, 210, 210, -811
-9823, 2206, 210, 210, -811
-9823, 2206, 210, 210, -811
-9822, 2205, 210, 210, -811
-9822, 2205, 210, 210, -811
-9824, 2205, 210, 210, -811
-9824, 2205, 210, 210, -811
-9823, 2205, 210, 210, -802
-9823, 2205, 210, 210, -802
-9823, 2206, 210, 210, -802
-9823, 2204, 209, 209, -802
-9823, 2204, 209, 209, -802
-9821, 2204, 210, 210, -802
-9825, 2206, 209, 209, -802
-9825, 2206, 209, 209, -802
-9823, 2205, 210, 210, -802
-9823, 2205, 210, 210, -802
-9822, 2205, 210, 210, -802
-9822, 2205, 210, 210, -802
-9824, 2206, 209, 209, -802
-9824, 2206, 209, 209, -802
-9824, 2205, 209, 209, -802
-9824, 2205, 210, 210, -802
-9824, 2205, 210, 210, -802
-9825, 2204, 209, 209, -802
-9825, 2204, 209, 209, -802
-9824, 2205, 209, 209, -802
-9825, 2205, 209, 209, -802
-9824, 2205, 209, 209, -802
-9824, 2205, 209, 209, -802
-9826, 2205, 208, 208, -802
-9826, 2205, 208, 208, -802
-9824, 2205, 209, 209, -802
-9824, 2205, 208, 208, -802
-9824, 2204, 208, 208, -802
-9824, 2204, 208, 208, -802
-9823, 2206, 209, 209, -802
-9823, 2206, 209, 209, -802
-9825, 2204, 209, 209, -802
-9824, 2205, 208, 208, -802
-9774, 2226, 223, 223, -802
-9774, 2226, 223, 223, -802
-9759, 2225, 270, 270, -802
-9752, 2226, 281, 281, -802
-9752, 2226, 281, 281, -802
-9751, 2227, 281, 281, -802
-9748, 2226, 285, 285, -802
-9746, 2226, 286, 286, -802
-9746, 2226, 286, 286, -802
-9745, 2226, 288, 288, -802
-9745, 2226, 288, 288, -802
-9743, 2227, 289, 289, -802
-9743, 2226, 289, 289, -802
-9742, 2225, 290, 290, -802
-9742, 2225, 291, 291, -802
-9739, 2225, 294, 294, -802
-9740, 2226, 293, 293, -802
-9739, 2226, 293, 293, -800
-9739, 2226, 293, 293, -800
-9738, 2225, 295, 295, -800
-9739, 2226, 295, 295, -800
-9739, 2226, 295, 295, -800
-9738, 2226, 295, 295, -800
-9736, 2226, 296, 296, -800
-9738, 2226, 296, 296, -800
-9737, 2226, 295, 295, -800
-9736, 2225, 296, 296, -800
-9736, 2226, 297, 297, -800
-9736, 2226, 297, 297, -800
-9737, 2226, 296, 296, -800
-9736, 2225, 297, 297, -800
-9734, 2226, 298, 298, -800
-9734, 2226, 298, 298, -800
-9735, 2226, 298, 298, -800
-9735, 2226, 298, 298, -800
-9733, 2225, 299, 299, -800
-9734, 2225, 299, 299, -800
-9734, 2224, 299, 299, -800
-9733, 2226, 299, 299, -800
-9733, 2226, 299, 299, -800
-9733, 2225, 300, 300, -800
-9733, 2226, 299, 299, -795
-9733, 2226, 299, 299, -795
-9733, 2225, 300, 300, -795
-9732, 2226, 300, 300, -795
-9732, 2225, 300, 300, -795
-9732, 2225, 300, 300, -795
-9732, 2225, 300, 300, -795
-9732, 2225, 301, 301, -795
-9731, 2226, 301, 301, -795
-9731, 2226, 301, 301, -795
-9732, 2225, 301, 301, -795
-9732, 2225, 301, 301, -795
-9731, 2225, 301, 301, -795
-9731, 2225, 301, 301, -795
-9730, 2226, 301, 301, -795
-9730, 2226, 301, 301, -795
-9731, 2225, 302, 302, -795
-9731, 2225, 303, 303, -795
-9731, 2225, 303, 303, -795
-9731, 2225, 302, 302, -795
-9729, 2224, 303, 303, -795
-9730, 2225, 302, 302, -795
-9730, 2225, 302, 302, -795
-9731, 2225, 302, 302, -795
-9730, 2227, 302, 302, -795
-9730, 2225, 303, 303, -802
-9730, 2225, 303, 303, -802
-9730, 2225, 302, 302, -802
-9730, 2225, 302, 302, -802
-9730, 2226, 303, 303, -802
-9729, 2225, 303, 303, -802
-9730, 2226, 303, 303, -802
-9730, 2226, 303, 303, -802
-9730, 2226, 302, 302, -802
-9730, 2225, 303, 303, -802
-9731, 2225, 303, 303, -802
-9730, 2225, 303, 303, -802
-9728, 2225, 303, 303, -802
-9728, 2225, 303, 303, -802
-9729, 2225, 303, 303, -802
-9729, 2225, 303, 303, -802
-9729, 2226, 303, 303, -802
-9730, 2225, 303, 303, -802
-9730, 2225, 304, 304, -802
-9730, 2225, 304, 304, -802
-9727, 2225, 304, 304, -802
-9728, 2226, 304, 304, -802
-9729, 2226, 304, 304, -802
-9730, 2225, 304, 304, -802
-9729, 2224, 303, 303, -802
-9729, 2224, 303, 303, -802
-9727, 2225, 304, 304, -800
-9729, 2224, 305, 305, -800
-9729, 2224, 305, 305, -800
-9729, 2224, 304, 304, -800
-9728, 2226, 304, 304, -800
-9729, 2226, 304, 304, -800
-9729, 2225, 304, 304, -800
-9729, 2225, 304, 304, -800
-9728, 2225, 304, 304, -800
-9728, 2225, 304, 304, -800
-9728, 2225, 305, 305, -800
-9729, 2226, 304, 304, -800
-9727, 2226, 305, 305, -800
-9727, 2226, 305, 305, -800
-9729, 2224, 305, 305, -800
-9728, 2225, 305, 305, -800
-9728, 2225, 306, 306, -800
-9728, 2225, 305, 305, -800
-9726, 2225, 305, 305, -800
-9726, 2225, 305, 305, -800
-9728, 2224, 305, 305, -800
-9728, 2224, 305, 305, -809
-9728, 2224, 305, 305, -809
-9727, 2225, 306, 306, -809
-9727, 2225, 306, 306, -809
-9727, 2225, 306, 306, -809
-9727, 2225, 305, 305, -809
-9727, 2225, 306, 306, -809
-9727, 2225, 306, 306, -809
-9728, 2225, 305, 305, -809
-9727, 2226, 305, 305, -809
-9728, 2225, 305, 305, -809
-9728, 2225, 305, 305, -809
-9728, 2225, 305, 305, -809
-9728, 2226, 306, 306, -809
-9728, 2226, 306, 306, -809
-9850, 2197, 226, 226, -809
-9831, 2191, 193, 193, -809
-9844, 2191, 191, 191, -809
-9844, 2191, 191, 191, -809
-9846, 2192, 187, 187, -809
-9846, 2192, 187, 187, -809
-9850, 2193, 181, 181, -809
-9850, 2193, 181, 181, -809
-9853, 2192, 180, 180, -809
-9853, 2192, 180, 180, -809
-9856, 2192, 178, 178, -809
-9856, 2193, 177, 177, -809
-9856, 2193, 176, 176, -809
-9856, 2193, 176, 176, -809
-9862, 2194, 172, 172, -795
-9862, 2194, 172, 172, -795
-9863, 2194, 169, 169, -795
-9864, 2193, 169, 169, -795
-9864, 2194, 168, 168, -795
-9864, 2194, 168, 168, -795
-9864, 2194, 167, 167, -795
-9864, 2194, 167, 167, -795
-9865, 2195, 168, 168, -795
-9866, 2194, 166, 166, -795
-9868, 2194, 166, 166, -795
-9867, 2195, 165, 165, -795
-9868, 2194, 165, 165, -795
-9869, 2195, 165, 165, -795
-9868, 2195, 163, 163, -795
-9868, 2195, 163, 163, -795
-9871, 2194, 162, 162, -795
-9871, 2194, 162, 162, -795
-9872, 2194, 161, 161, -795
-9871, 2193, 163, 163, -795
-9871, 2193, 163, 163, -795
-9871, 2194, 161, 161, -795
-9871, 2194, 161, 161, -795
-9868, 2194, 162, 162, -795
-9868, 2194, 162, 162, -795
-9872, 2194, 161, 161, -795
-9872, 2194, 161, 161, -795
-9874, 2194, 160, 160, -795
-9874, 2194, 160, 160, -795
-9872, 2194, 159, 159, -795
-9872, 2194, 159, 159, -795
-9871, 2194, 159, 159, -795
-9873, 2194, 159, 159, -795
-9873, 2194, 159, 159, -795
-9873, 2194, 159, 159, -795
-9874, 2193, 159, 159, -795
-9874, 2193, 159, 159, -795
-9874, 2194, 159, 159, -795
-9874, 2194, 159, 159, -795
-9875, 2194, 157, 157, -793
-9875, 2195, 157, 157, -793
-9873, 2193, 159, 159, -793
-9875, 2193, 158, 158, -793
-9875, 2193, 158, 158, -793
-9875, 2195, 157, 157, -793
-9875, 2194, 157, 157, -793
-9875, 2194, 156, 156, -793
-9875, 2194, 156, 156, -793
-9873, 2194, 157, 157, -793
-9877, 2194, 156, 156, -793
-9878, 2193, 155, 155, -793
-9878, 2194, 156, 156, -793
-9878, 2194, 156, 156, -793
-9877, 2193, 156, 156, -793
-9875, 2194, 155, 155, -793
-9875, 2194, 155, 155, -793
-9875, 2194, 156, 156, -793
-9878, 2194, 156, 156, -793
-9878, 2194, 155, 155, -793
-9878, 2194, 155, 155, -793
-9878, 2194, 155, 155, -793
-9878, 2194, 155, 155, -793
-9878, 2194, 155, 155, -793
-9878, 2193, 155, 155, -798
-9878, 2193, 155, 155, -798
-9878, 2194, 155, 155, -798
-9877, 2194, 155, 155, -798
-9877, 2194, 155, 155, -798
-9878, 2194, 153, 153, -798
-9880, 2194, 153, 153, -798
-9879, 2194, 154, 154, -798
-9879, 2194, 154, 154, -798
-9878, 2195, 154, 154, -798
-9878, 2195, 154, 154, -798
-9881, 2194, 154, 154, -798
-9881, 2194, 154, 154, -798
-9881, 2193, 152, 152, -798
-9880, 2194, 153, 153, -798
-9879, 2193, 153, 153, -798
-9879, 2193, 153, 153, -798
-9878, 2194, 152, 152, -798
-9881, 2194, 153, 153, -798
-9881, 2195, 152, 152, -798
-9880, 2194, 152, 152, -798
-9881, 2193, 152, 152, -798
-9881, 2193, 152, 152, -798
-9879, 2194, 153, 153, -798
-9879, 2194, 153, 153, -798
-9878, 2196, 156, 156, -798
-9795, 2225, 193, 193, -798
-9774, 2225, 257, 257, -791
-9765, 2226, 266, 266, -791
-9759, 2225, 272, 272, -791
-9757, 2224, 276, 276, -791
-9757, 2224, 276, 276, -791
-9755, 2224, 276, 276, -791
-9756, 2224, 277, 277, -791
-9754, 2225, 279, 279, -791
-9754, 2225, 279, 279, -791
-9751, 2224, 281, 281, -791
-9751, 2224, 281, 281, -791
-9750, 2224, 282, 282, -791
-9750, 2224, 282, 282, -791
-9750, 2224, 283, 283, -791
-9750, 2224, 283, 283, -791
-9749, 2224, 283, 283, -791
-9747, 2225, 285, 285, -791
-9747, 2225, 285, 285, -791
-9748, 2225, 286, 286, -791
-9748, 2225, 286, 286, -791
-9746, 2224, 286, 286, -791
-9747, 2224, 286, 286, -791
-9746, 2224, 287, 287, -791
-9746, 2224, 287, 287, -791
-9746, 2225, 287, 287, -791
-9745, 2225, 288, 288, -791
-9745, 2225, 288, 288, -791
-9745, 2224, 288, 288, -791
-9744, 2225, 288, 288, -791
-9745, 2224, 288, 288, -791
-9744, 2224, 289, 289, -791
-9744, 2225, 288, 288, -791
-9744, 2225, 288, 288, -791
-9745, 2225, 289, 289, -791
-9743, 2224, 290, 290, -791
-9743, 2225, 290, 290, -791
-9741, 2223, 290, 290, -791
-9742, 2224, 291, 291, -791
-9743, 2223, 291, 291, -791
-9741, 2224, 291, 291, -791
-9741, 2224, 291, 291, -791
-9741, 2224, 291, 291, -791
-9741, 2225, 291, 291, -791
-9741, 2224, 291, 291, -791
-9740, 2225, 292, 292, -791
-9740, 2225, 292, 292, -791
-9742, 2224, 292, 292, -791
-9742, 2224, 292, 292, -791
-9741, 2224, 292, 292, -791
-9740, 2224, 292, 292, -791
-9740, 2224, 293, 293, -791
-9740, 2224, 293, 293, -791
-9740, 2224, 293, 293, -791
-9741, 2224, 293, 293, -791
-9741, 2224, 293, 293, -791
-9740, 2224, 293, 293, -791
-9740, 2224, 293, 293, -791
-9739, 2224, 293, 293, -791
-9740, 2224, 293, 293, -791
-9739, 2224, 293, 293, -791
-9739, 2224, 293, 293, -791
-9740, 2224, 293, 293, -791
-9738, 2224, 294, 294, -791
-9738, 2224, 294, 294, -791
-9739, 2224, 294, 294, -791
-9739, 2225, 294, 294, -791
-9739, 2224, 294, 294, -791
-9738, 2225, 294, 294, -791
-9738, 2225, 294, 294, -791
-9739, 2224, 294, 294, -791
-9739, 2225, 294, 294, -791
-9739, 2224, 294, 294, -791
-9738, 2224, 294, 294, -791
-9738, 2224, 294, 294, -791
-9736, 2224, 295, 295, -791
-9736, 2225, 296, 296, -791
-9738, 2224, 295, 295, -791
-9738, 2224, 295, 295, -791
-9738, 2225, 294, 294, -800
-9738, 2224, 295, 295, -800
-9737, 2224, 295, 295, -800
-9739, 2224, 295, 295, -800
-9739, 2224, 295, 295, -800
-9737, 2225, 295, 295, -800
-9737, 2225, 295, 295, -800
-9737, 2224, 295, 295, -800
-9737, 2224, 296, 296, -800
-9737, 2224, 296, 296, -800
-9737, 2225, 296, 296, -800
-9737, 2224, 296, 296, -800
-9737, 2224, 296, 296, -800
-9737, 2224, 296, 296, -800
-9737, 2224, 296, 296, -800
-9737, 2224, 296, 296, -800
-9738, 2225, 295, 295, -800
-9738, 2225, 295, 295, -800
-9734, 2225, 297, 297, -800
-9737, 2224, 296, 296, -800
-9735, 2225, 297, 297, -800
-9735, 2225, 297, 297, -800
-9736, 2224, 297, 297, -800
-9736, 2223, 297, 297, -800
-9736, 2223, 297, 297, -800
-9736, 2224, 297, 297, -800
-9736, 2224, 297, 297, -795
-9736, 2224, 297, 297, -795
-9735, 2224, 297, 297, -795
-9736, 2224, 297, 297, -795
-9735, 2225, 297, 297, -795
-9735, 2225, 297, 297, -795
-9736, 2224, 297, 297, -795
-9735, 2225, 298, 298, -795
-9735, 2225, 298, 298, -795
-9735, 2225, 297, 297, -795
-9735, 2225, 297, 297, -795
-9735, 2225, 297, 297, -795
-9735, 2225, 298, 298, -795
-9735, 2224, 298, 298, -795
-9736, 2224, 297, 297, -795
-9735, 2224, 298, 298, -795
-9735, 2224, 298, 298, -795
-9735, 2224, 298, 298, -795
-9734, 2225, 298, 298, -795
-9734, 2223, 298, 298, -795
-9840, 2208, 235, 235, -795
-9840, 2208, 235, 235, -795
-9842, 2192, 195, 195, -795
-9846, 2192, 188, 188, -795
-9850, 2193, 183, 183, -795
-9853, 2193, 179, 179, -802
-9855, 2193, 178, 178, -802
-9855, 2193, 178, 178, -802
-9859, 2192, 175, 175, -802
-9859, 2192, 175, 175, -802
-9859, 2193, 173, 173, -802
-9860, 2193, 173, 173, -802
-9861, 2195, 172, 172, -802
-9861, 2195, 172, 172, -802
-9864, 2194, 170, 170, -802
-9864, 2194, 170, 170, -802
-9864, 2194, 169, 169, -802
-9865, 2193, 168, 168, -802
-9866, 2193, 167, 167, -802
-9866, 2193, 167, 167, -802
-9865, 2193, 167, 167, -802
-9865, 2193, 167, 167, -802
-9868, 2194, 164, 164, -802
-9868, 2194, 164, 164, -802
-9870, 2194, 163, 163, -802
-9870, 2193, 163, 163, -802
-9870, 2193, 163, 163, -802
-9871, 2194, 163, 163, -802
-9871, 2194, 162, 162, -802
-9871, 2194, 162, 162, -802
-9871, 2194, 162, 162, -809
-9871, 2194, 162, 162, -809
-9871, 2194, 161, 161, -809
-9872, 2194, 161, 161, -809
-9872, 2194, 161, 161, -809
-9871, 2193, 162, 162, -809
-9872, 2194, 160, 160, -809
-9872, 2194, 161, 161, -809
-9872, 2194, 161, 161, -809
-9875, 2194, 159, 159, -809
-9875, 2194, 159, 159, -809
-9874, 2193, 159, 159, -809
-9874, 2193, 159, 159, -809
-9874, 2194, 159, 159, -809
-9874, 2193, 158, 158, -809
-9874, 2193, 158, 158, -809
-9876, 2193, 158, 158, -809
-9876, 2193, 158, 158, -809
-9877, 2194, 157, 157, -809
-9877, 2194, 157, 157, -809
-9876, 2193, 156, 156, -809
-9876, 2193, 157, 157, -809
-9876, 2194, 156, 156, -809
-9876, 2194, 156, 156, -809
-9875, 2193, 157, 157, -809
-9876, 2193, 157, 157, -809
-9876, 2193, 157, 157, -809
-9877, 2194, 156, 156, -793
-9877, 2194, 156, 156, -793
-9878, 2193, 156, 156, -793
-9877, 2193, 156, 156, -793
-9879, 2194, 154, 154, -793
-9878, 2194, 155, 155, -793
-9877, 2195, 155, 155, -793
-9877, 2195, 155, 155, -793
-9879, 2194, 154, 154, -793
-9879, 2194, 154, 154, -793
-9879, 2195, 154, 154, -793
-9881, 2194, 154, 154, -793
-9878, 2193, 154, 154, -793
-9878, 2193, 154, 154, -793
-9879, 2193, 154, 154, -793
-9877, 2194, 153, 153, -793
-9877, 2194, 153, 153, -793
-9880, 2194, 153, 153, -793
-9880, 2194, 153, 153, -793
-9880, 2195, 154, 154, -793
-9880, 2195, 154, 154, -793
-9881, 2193, 153, 153, -793
-9881, 2194, 152, 152, -793
-9880, 2194, 153, 153, -793
-9880, 2194, 153, 153, -793
-9879, 2194, 152, 152, -793
-9879, 2195, 152, 152, -789
-9879, 2195, 152, 152, -789
-9882, 2195, 152, 152, -789
-9880, 2193, 153, 153, -789
-9880, 2192, 153, 153, -789
-9880, 2192, 153, 153, -789
-9880, 2194, 152, 152, -789
-9880, 2194, 152, 152, -789
-9881, 2195, 151, 151, -789
-9881, 2195, 151, 151, -789
-9880, 2193, 152, 152, -789
-9882, 2194, 152, 152, -789
-9882, 2194, 151, 151, -789
-9882, 2194, 151, 151, -789
-9881, 2194, 151, 151, -789
-9881, 2194, 151, 151, -789
-9879, 2195, 152, 152, -789
-9879, 2195, 152, 152, -789
-9881, 2195, 151, 151, -789
-9881, 2194, 150, 150, -789
-9881, 2194, 150, 150, -789
-9882, 2195, 150, 150, -789
-9881, 2193, 150, 150, -789
-9881, 2193, 150, 150, -789
-9884, 2194, 150, 150, -789
-9884, 2194, 150, 150, -789
-9884, 2193, 149, 149, -800
-9884, 2193, 149, 149, -800
-9881, 2194, 150, 150, -800
-9881, 2194, 150, 150, -800
-9884, 2194, 149, 149, -800
-9880, 2195, 152, 152, -800
-9880, 2195, 152, 152, -800
-9788, 2227, 234, 234, -800
-9788, 2227, 234, 234, -800
-9773, 2226, 258, 258, -800
-9771, 2226, 261, 261, -800
-9771, 2226, 261, 261, -800
-9767, 2225, 265, 265, -800
-9762, 2225, 270, 270, -800
-9762, 2225, 270, 270, -800
-9761, 2226, 271, 272, -800
-9757, 2225, 274, 274, -800
-9757, 2225, 274, 274, -800
-9757, 2225, 276, 276, -800
-9757, 2225, 276, 276, -800
-9756, 2225, 277, 277, -800
-9754, 2224, 278, 278, -800
-9752, 2225, 280, 280, -800
-9752, 2225, 280, 280, -800
-9752, 2224, 282, 282, -800
-9752, 2224, 282, 282, -800
-9750, 2225, 282, 282, -793
-9750, 2225, 282, 282, -793
-9750, 2225, 284, 284, -793
-9747, 2225, 284, 284, -793
-9747, 2225, 284, 284, -793
-9747, 2224, 285, 285, -793
-9747, 2225, 285, 285, -793
-9747, 2225, 285, 285, -793
-9748, 2225, 286, 286, -793
-9747, 2224, 287, 287, -793
-9747, 2224, 287, 287, -793
-9745, 2224, 287, 287, -793
-9746, 2224, 287, 287, -793
-9746, 2224, 287, 287, -793
-9745, 2224, 287, 287, -793
-9746, 2225, 287, 287, -793
-9746, 2225, 287, 287, -793
-9745, 2224, 288, 288, -793
-9745, 2224, 288, 288, -793
-9745, 2224, 288, 288, -793
-9743, 2225, 289, 289, -793
-9743, 2224, 289, 289, -793
-9743, 2224, 289, 289, -793
-9744, 2224, 289, 289, -793
-9744, 2224, 289, 289, -791
-9742, 2223, 290, 290, -791
-9744, 2224, 290, 290, -791
-9744, 2224, 290, 290, -791
-9743, 2224, 290, 290, -791
-9743, 2224, 290, 290, -791
-9743, 2224, 290, 290, -791
-9743, 2224, 290, 290, -791
-9743, 2225, 290, 290, -791
-9743, 2223, 290, 290, -791
-9743, 2224, 290, 290, -791
-9742, 2224, 290, 290, -791
-9742, 2224, 291, 291, -791
-9741, 2224, 291, 291, -791
-9741, 2224, 291, 291, -791
-9741, 2224, 291, 291, -791
-9741, 2224, 291, 291, -791
-9740, 2224, 292, 292, -791
-9740, 2224, 293, 293, -791
-9741, 2224, 292, 292, -791
-9741, 2224, 292, 292, -791
-9740, 2224, 292, 292, -791
-9741, 2223, 292, 292, -791
-9741, 2223, 292, 292, -791
-9741, 2224, 292, 292, -791
-9740, 2224, 292, 292, -791
-9740, 2224, 292, 292, -789
-9741, 2223, 293, 293, -789
-9739, 2224, 293, 293, -789
-9738, 2223, 293, 293, -789
-9740, 2224, 293, 293, -789
-9740, 2224, 293, 293, -789
-9741, 2224, 292, 292, -789
-9741, 2224, 292, 292, -789
-9740, 2224, 293, 293, -789
-9740, 2223, 293, 293, -789
-9740, 2223, 293, 293, -789
-9739, 2225, 294, 294, -789
-9739, 2225, 294, 294, -789
-9740, 2225, 293, 293, -789
-9738, 2224, 294, 294, -789
-9738, 2224, 294, 294, -789
-9736, 2224, 295, 295, -789
-9738, 2224, 294, 294, -789
-9738, 2224, 294, 294, -789
-9738, 2224, 295, 295, -789
-9737, 2224, 295, 295, -789
-9737, 2224, 295, 295, -789
-9738, 2225, 295, 295, -789
-9738, 2224, 295, 295, -789
-9738, 2224, 295, 295, -789
-9738, 2225, 295, 295, -789
-9739, 2224, 294, 294, -791
-9739, 2224, 294, 294, -791
-9738, 2223, 296, 296, -791
-9738, 2223, 296, 296, -791
-9738, 2225, 295, 295, -791
-9738, 2225, 295, 295, -791
-9738, 2225, 294, 294, -791
-9738, 2225, 294, 294, -791
-9738, 2224, 296, 296, -791
-9738, 2225, 295, 295, -791
-9738, 2225, 295, 295, -791
-9738, 2224, 295, 295, -791
-9737, 2224, 295, 295, -791
-9737, 2224, 295, 295, -791
-9738, 2224, 295, 295, -791
-9737, 2225, 295, 295, -791
-9737, 2225, 295, 295, -791
-9738, 2225, 295, 295, -791
-9737, 2225, 295, 295, -791
-9737, 2224, 296, 296, -791
-9737, 2224, 295, 295, -791
-9737, 2224, 295, 295, -791
-9735, 2224, 296, 296, -791
-9737, 2224, 296, 296, -791
-9737, 2224, 296, 296, -791
-9843, 2193, 190, 190, -791
-9843, 2193, 190, 190, -791
-9848, 2193, 186, 186, -791
-9848, 2193, 186, 186, -791
-9857, 2193, 176, 176, -791
-9857, 2193, 176, 176, -791
-9859, 2194, 173, 173, -791
-9859, 2194, 173, 173, -791
-9862, 2193, 172, 172, -791
-9862, 2193, 172, 172, -791
-9864, 2193, 171, 171, -791
-9863, 2193, 171, 171, -791
-9863, 2193, 169, 169, -791
-9864, 2193, 169, 169, -791
-9864, 2193, 169, 169, -791
-9864, 2193, 167, 167, -791
-9866, 2194, 166, 166, -791
-9866, 2194, 166, 166, -791
-9869, 2194, 165, 165, -791
-9869, 2194, 165, 165, -791
-9869, 2194, 164, 164, -791
-9869, 2194, 164, 164, -791
-9869, 2194, 164, 164, -793
-9869, 2194, 164, 164, -793
-9869, 2194, 162, 162, -793
-9869, 2194, 162, 162, -793
-9870, 2193, 162, 162, -793
-9870, 2193, 162, 162, -793
-9871, 2194, 162, 162, -793
-9871, 2193, 162, 162, -793
-9872, 2193, 160, 160, -793
-9872, 2193, 160, 160, -793
-9871, 2194, 160, 160, -793
-9871, 2194, 160, 160, -793
-9874, 2194, 159, 159, -793
-9874, 2194, 159, 159, -793
-9875, 2194, 159, 159, -793
-9875, 2194, 159, 159, -793
-9874, 2194, 158, 158, -793
-9874, 2194, 159, 159, -793
-9875, 2194, 158, 158, -793
-9875, 2193, 158, 158, -793
-9874, 2195, 158, 158, -793
-9877, 2194, 157, 157, -793
-9876, 2195, 156, 156, -793
-9876, 2195, 156, 156, -793
-9876, 2194, 157, 157, -793
-9876, 2194, 156, 156, -793
-9878, 2194, 155, 155, -793
-9878, 2193, 155, 155, -793
-9878, 2193, 155, 155, -793
-9878, 2193, 156, 156, -789
-9878, 2193, 156, 156, -789
-9879, 2193, 154, 154, -789
-9876, 2193, 156, 156, -789
-9876, 2193, 156, 156, -789
-9879, 2194, 154, 154, -789
-9879, 2194, 155, 155, -789
-9879, 2193, 154, 154, -789
-9878, 2193, 155, 155, -789
-9878, 2193, 154, 154, -789
-9878, 2193, 154, 154, -789
-9878, 2194, 154, 154, -789
-9878, 2194, 154, 154, -789
-9879, 2193, 153, 153, -789
-9879, 2193, 153, 153, -789
-9879, 2193, 153, 153, -789
-9879, 2193, 153, 153, -789
-9881, 2194, 153, 153, -789
-9881, 2194, 154, 154, -789
-9883, 2194, 152, 152, -789
-9883, 2194, 152, 152, -789
-9881, 2194, 152, 152, -789
-9880, 2194, 153, 153, -789
-9880, 2193, 152, 152, -789
-9880, 2193, 152, 152, -789
-9882, 2194, 151, 151, -789
-9882, 2194, 151, 151, -800
-9882, 2194, 151, 151, -800
-9881, 2194, 151, 151, -800
-9881, 2195, 151, 151, -800
-9881, 2195, 151, 151, -800
-9882, 2193, 151, 151, -800
-9882, 2193, 151, 151, -800
-9881, 2193, 151, 151, -800
-9882, 2195, 150, 150, -800
-9881, 2194, 151, 151, -800
-9881, 2194, 151, 151, -800
-9883, 2193, 150, 150, -800
-9883, 2193, 150, 150, -800
-9881, 2195, 150, 150, -800
-9881, 2195, 150, 150, -800
-9883, 2194, 149, 149, -800
-9883, 2194, 149, 149, -800
-9885, 2195, 149, 149, -800
-9885, 2195, 149, 149, -800
-9881, 2194, 150, 150, -800
-9883, 2194, 150, 150, -800
-9883, 2195, 149, 149, -800
-9884, 2193, 149, 149, -800
-9884, 2193, 149, 149, -800
-9884, 2194, 149, 149, -800
-9884, 2195, 148, 148, -791
-9884, 2195, 148, 148, -791
-9882, 2194, 149, 149, -791
-9885, 2193, 149, 149, -791
-9883, 2194, 149, 149, -791
-9883, 2194, 149, 149, -791
-9882, 2194, 149, 149, -791
-9886, 2194, 149, 149, -791
-9886, 2194, 149, 149, -791
-9885, 2194, 148, 148, -791
-9882, 2193, 148, 148, -791
-9882, 2193, 148, 148, -791
-9883, 2194, 150, 150, -791
-9800, 2224, 189, 189, -791
-9777, 2226, 253, 253, -791
-9773, 2225, 259, 259, -791
-9773, 2225, 259, 259, -791
-9767, 2226, 265, 265, -791
-9767, 2226, 265, 265, -791
-9765, 2225, 267, 267, -791
-9763, 2225, 269, 269, -791
-9761, 2225, 272, 272, -791
-9761, 2225, 272, 272, -791
-9758, 2225, 274, 274, -791
-9757, 2224, 275, 275, -806
-9756, 2224, 277, 277, -806
-9755, 2225, 278, 278, -806
-9753, 2225, 279, 279, -806
-9754, 2224, 279, 279, -806
-9752, 2224, 280, 280, -806
-9752, 2224, 280, 280, -806
-9751, 2225, 280, 280, -806
-9751, 2224, 281, 281, -806
-9751, 2224, 281, 281, -806
-9750, 2224, 282, 282, -806
-9750, 2224, 282, 282, -806
-9750, 2224, 282, 282, -806
-9748, 2225, 283, 283, -806
-9748, 2225, 283, 283, -806
-9748, 2225, 284, 284, -806
-9749, 2224, 284, 284, -806
-9748, 2224, 284, 284, -806
-9747, 2225, 285, 285, -806
-9747, 2224, 285, 285, -806
-9747, 2224, 285, 285, -806
-9748, 2223, 285, 285, -806
-9746, 2224, 286, 286, -806
-9746, 2223, 286, 286, -806
-9746, 2223, 286, 286, -806
-9746, 2224, 287, 287, -780
-9746, 2224, 286, 286, -780
-9746, 2224, 286, 286, -780
-9746, 2224, 286, 286, -780
-9744, 2224, 288, 288, -780
-9744, 2224, 288, 288, -780
-9746, 2224, 287, 287, -780
-9746, 2224, 287, 287, -780
-9744, 2224, 288, 288, -780
-9746, 2225, 288, 288, -780
-9746, 2225, 288, 288, -780
-9744, 2224, 289, 289, -780
-9743, 2225, 289, 289, -780
-9745, 2224, 289, 289, -780
-9745, 2224, 289, 289, -780
-9742, 2224, 289, 289, -780
-9742, 2224, 289, 289, -780
-9743, 2225, 289, 289, -780
-9743, 2223, 289, 289, -780
-9743, 2223, 289, 289, -780
-9743, 2224, 290, 290, -780
-9744, 2225, 290, 290, -780
-9743, 2224, 290, 290, -780
-9743, 2224, 290, 290, -780
-9742, 2224, 291, 291, -780
-9742, 2224, 291, 291, -780
-9742, 2224, 291, 291, -787
-9742, 2224, 291, 291, -787
-9743, 2224, 291, 291, -787
-9742, 2223, 291, 291, -787
-9742, 2224, 292, 292, -787
-9742, 2224, 292, 292, -787
-9742, 2225, 291, 291, -787
-9741, 2224, 291, 291, -787
-9741, 2224, 292, 292, -787
-9741, 2224, 292, 292, -787
-9741, 2224, 292, 292, -787
-9740, 2223, 292, 292, -787
-9740, 2223, 292, 292, -787
-9741, 2224, 292, 292, -787
-9739, 2224, 293, 293, -787
-9739, 2224, 293, 293, -787
-9741, 2224, 293, 293, -787
-9741, 2224, 293, 293, -787
-9740, 2224, 292, 292, -787
-9739, 2224, 293, 293, -787
-9740, 2224, 293, 293, -787
-9740, 2224, 293, 293, -787
-9741, 2224, 294, 294, -787
-9739, 2224, 294, 294, -791
-9739, 2224, 294, 294, -791
-9739, 2223, 294, 294, -791
-9739, 2223, 294, 294, -791
-9740, 2224, 294, 294, -791
-9739, 2223, 294, 294, -791
-9739, 2223, 294, 294, -791
-9739, 2224, 294, 294, -791
-9739, 2224, 294, 294, -791
-9739, 2224, 294, 294, -791
-9739, 2224, 294, 294, -791
-9739, 2224, 294, 294, -791
-9739, 2224, 294, 294, -791
-9739, 2224, 295, 295, -791
-9739, 2224, 295, 295, -791
-9739, 2224, 294, 294, -791
-9738, 2225, 295, 295, -791
-9738, 2224, 295, 295, -791
-9739, 2223, 295, 295, -791
-9739, 2223, 295, 295, -791
-9738, 2224, 294, 294, -791
-9737, 2223, 295, 295, -791
-9738, 2224, 295, 295, -791
-9738, 2224, 295, 295, -791
-9738, 2224, 295, 295, -791
-9738, 2223, 295, 295, -798
-9737, 2224, 295, 295, -798
-9737, 2224, 295, 295, -798
-9737, 2223, 296, 296, -798
-9737, 2223, 296, 296, -798
-9737, 2224, 295, 295, -798
-9737, 2224, 296, 296, -798
-9738, 2224, 295, 295, -798
-9738, 2224, 295, 295, -798
-9735, 2223, 296, 296, -798
-9738, 2222, 296, 296, -798
-9843, 2177, 270, 270, -798
-9843, 2177, 270, 270, -798
-9841, 2192, 190, 190, -798
-9841, 2192, 190, 190, -798
-9847, 2192, 188, 188, -798
-9851, 2192, 183, 183, -798
-9852, 2192, 181, 181, -798
-9855, 2193, 178, 178, -798
-9856, 2192, 177, 177, -798
-9858, 2192, 176, 176, -798
-9860, 2193, 173, 173, -798
-9860, 2193, 173, 173, -798
-9861, 2193, 172, 172, -798
-9861, 2193, 171, 171, -798
-9864, 2192, 169, 169, -798
-9864, 2192, 169, 169, -798
-9866, 2193, 167, 167, -800
-9867, 2193, 166, 166, -800
-9867, 2193, 166, 166, -800
-9869, 2193, 165, 165, -800
-9869, 2193, 165, 165, -800
-9866, 2193, 164, 164, -800
-9866, 2193, 164, 164, -800
-9869, 2193, 163, 163, -800
-9868, 2193, 164, 164, -800
-9870, 2193, 163, 163, -800
-9870, 2193, 163, 163, -800
-9870, 2193, 163, 163, -800
-9870, 2192, 163, 163, -800
-9870, 2192, 163, 163, -800
-9872, 2193, 161, 161, -800
-9872, 2193, 161, 161, -800
-9872, 2193, 161, 161, -800
-9875, 2193, 160, 160, -800
-9875, 2193, 160, 160, -800
-9875, 2192, 159, 159, -800
-9875, 2192, 159, 159, -800
-9873, 2192, 158, 158, -800
-9873, 2192, 158, 158, -800
-9873, 2194, 159, 159, -800
-9873, 2194, 158, 158, -800
-9875, 2194, 157, 157, -800
-9875, 2194, 157, 157, -800
-9877, 2192, 157, 157, -800
-9878, 2193, 157, 157, -800
-9878, 2192, 156, 156, -809
-9878, 2192, 156, 156, -809
-9878, 2192, 156, 156, -809
-9876, 2194, 156, 156, -809
-9876, 2194, 156, 156, -809
-9879, 2194, 156, 156, -809
-9878, 2193, 156, 156, -809
-9878, 2193, 156, 156, -809
-9878, 2193, 154, 154, -809
-9878, 2193, 155, 155, -809
-9878, 2193, 155, 155, -809
-9876, 2192, 154, 154, -809
-9878, 2193, 153, 153, -809
-9878, 2193, 153, 153, -809
-9879, 2194, 153, 153, -809
-9879, 2194, 153, 153, -809
-9881, 2193, 153, 153, -809
-9881, 2193, 153, 153, -809
-9881, 2194, 153, 153, -809
-9879, 2193, 153, 153, -809
-9879, 2193, 153, 153, -809
-9878, 2194, 154, 154, -809
-9878, 2194, 154, 154, -809
-9879, 2194, 153, 153, -809
-9879, 2194, 153, 153, -809
-9880, 2192, 152, 152, -804
-9880, 2192, 152, 152, -804
-9881, 2193, 151, 151, -804
-9880, 2193, 152, 152, -804
-9880, 2193, 152, 152, -804
-9883, 2193, 151, 151, -804
-9879, 2192, 152, 152, -804
-9880, 2194, 151, 151, -804
-9883, 2193, 152, 152, -804
-9882, 2194, 151, 151, -804
-9883, 2193, 150, 150, -804
-9880, 2193, 152, 152, -804
-9882, 2194, 151, 151, -804
-9882, 2194, 151, 151, -804
-9883, 2193, 150, 150, -804
-9883, 2193, 150, 150, -804
-9883, 2193, 150, 150, -804
-9883, 2193, 151, 151, -804
-9883, 2193, 151, 151, -804
-9884, 2194, 150, 150, -804
-9884, 2194, 150, 150, -804
-9884, 2192, 150, 150, -804
-9884, 2192, 150, 150, -804
-9884, 2193, 149, 149, -804
-9884, 2193, 149, 149, -804
-9883, 2193, 148, 148, -804
-9883, 2193, 148, 148, -804
-9885, 2194, 149, 149, -791
-9884, 2193, 149, 149, -791
-9885, 2194, 148, 148, -791
-9885, 2194, 149, 149, -791
-9884, 2193, 149, 149, -791
-9883, 2194, 149, 149, -791
-9883, 2194, 149, 149, -791
-9884, 2194, 149, 149, -791
-9885, 2195, 148, 148, -791
-9885, 2195, 148, 148, -791
-9884, 2194, 149, 149, -791
-9884, 2194, 149, 149, -791
-9885, 2194, 148, 148, -791
-9885, 2193, 148, 148, -791
-9885, 2193, 148, 148, -791
-9884, 2193, 149, 149, -791
-9884, 2193, 149, 149, -791
-9886, 2193, 148, 148, -791
-9886, 2193, 148, 148, -791
-9886, 2194, 146, 146, -791
-9886, 2194, 146, 146, -791
-9885, 2194, 147, 147, -791
-9885, 2194, 149, 149, -791
-9784, 2226, 244, 244, -791
-9775, 2225, 254, 254, -791
-9775, 2225, 254, 254, -791
-9769, 2225, 262, 262, -785
-9768, 2225, 264, 264, -785
-9768, 2225, 264, 264, -785
-9764, 2225, 268, 268, -785
-9762, 2225, 270, 270, -785
-9760, 2225, 272, 272, -785
-9760, 2225, 272, 272, -785
-9759, 2224, 274, 274, -785
-9757, 2225, 274, 274, -785
-9756, 2224, 276, 276, -785
-9755, 2224, 277, 277, -785
-9755, 2224, 277, 277, -785
-9754, 2224, 279, 279, -785
-9754, 2224, 279, 279, -785
-9754, 2224, 279, 279, -785
-9754, 2224, 279, 279, -785
-9752, 2224, 281, 281, -785
-9752, 2224, 281, 281, -785
-9752, 2224, 281, 281, -785
-9751, 2224, 281, 281, -785
-9751, 2224, 281, 281, -785
-9752, 2225, 282, 282, -785
-9751, 2225, 282, 282, -785
-9750, 2224, 282, 282, -785
-9750, 2223, 283, 283, -785
-9750, 2223, 284, 284, -785
-9750, 2223, 284, 284, -785
-9748, 2224, 285, 285, -785
-9748, 2224, 285, 285, -785
-9749, 2223, 284, 284, -785
-9748, 2223, 285, 285, -785
-9747, 2223, 286, 286, -785
-9747, 2223, 286, 286, -785
-9747, 2224, 285, 285, -785
-9747, 2224, 285, 285, -785
-9746, 2224, 286, 286, -785
-9745, 2224, 286, 286, -785
-9745, 2224, 286, 286, -785
-9744, 2224, 288, 288, -785
-9744, 2224, 288, 288, -785
-9744, 2224, 288, 288, -785
-9744, 2224, 288, 288, -785
-9746, 2224, 288, 288, -785
-9745, 2223, 288, 288, -785
-9745, 2224, 288, 288, -785
-9745, 2224, 288, 288, -785
-9744, 2224, 288, 288, -785
-9744, 2223, 289, 289, -785
-9744, 2224, 289, 289, -789
-9744, 2224, 289, 289, -789
-9744, 2223, 289, 289, -789
-9744, 2224, 289, 289, -789
-9744, 2224, 289, 289, -789
-9742, 2222, 290, 290, -789
-9742, 2222, 290, 290, -789
-9742, 2223, 290, 290, -789
-9743, 2223, 289, 289, -789
-9743, 2223, 290, 290, -789
-9743, 2224, 290, 290, -789
-9743, 2224, 290, 290, -789
-9742, 2223, 290, 290, -789
-9742, 2223, 290, 290, -789
-9743, 2222, 290, 290, -789
-9742, 2224, 291, 291, -789
-9743, 2224, 291, 291, -789
-9741, 2223, 291, 291, -789
-9742, 2223, 291, 291, -789
-9742, 2223, 291, 291, -789
-9742, 2223, 291, 291, -789
-9742, 2223, 291, 291, -789
-9741, 2224, 292, 292, -789
-9742, 2223, 292, 292, -789
-9742, 2223, 292, 292, -789
-9742, 2224, 291, 291, -789
-9741, 2224, 291, 291, -789
-9742, 2223, 291, 291, -789
-9740, 2223, 292, 292, -789
-9740, 2223, 292, 292, -789
-9741, 2223, 292, 292, -789
-9740, 2223, 292, 292, -789
-9742, 2224, 292, 292, -789
-9742, 2224, 292, 292, -789
-9739, 2223, 292, 292, -789
-9740, 2223, 293, 293, -789
-9740, 2224, 293, 293, -789
-9739, 2223, 293, 293, -789
-9739, 2223, 293, 293, -789
-9740, 2223, 293, 293, -789
-9740, 2223, 293, 293, -789
-9740, 2223, 292, 292, -789
-9740, 2223, 292, 292, -789
-9741, 2223, 293, 293, -789
-9741, 2223, 293, 293, -789
-9741, 2223, 293, 293, -789
-9739, 2223, 293, 293, -789
-9740, 2223, 293, 293, -789
-9740, 2223, 293, 293, -789
-9739, 2224, 293, 293, -789
-9739, 2223, 293, 293, -789
-9740, 2223, 294, 294, -791
-9740, 2223, 294, 294, -791
-9740, 2223, 293, 293, -791
-9740, 2223, 293, 293, -791
-9738, 2224, 294, 294, -791
-9739, 2223, 294, 294, -791
-9739, 2223, 294, 294, -791
-9739, 2223, 294, 294, -791
-9738, 2223, 295, 295, -791
-9739, 2224, 294, 294, -791
-9737, 2223, 295, 295, -791
-9737, 2223, 295, 295, -791
-9738, 2224, 295, 295, -791
-9739, 2224, 294, 294, -791
-9739, 2224, 294, 294, -791
-9738, 2224, 294, 294, -791
-9738, 2223, 295, 295, -791
-9738, 2223, 294, 294, -791
-9924, 2209, 248, 248, -791
-9844, 2192, 193, 193, -791
-9844, 2192, 193, 193, -791
-9852, 2193, 182, 182, -791
-9852, 2193, 182, 182, -791
-9857, 2193, 177, 177, -791
-9857, 2193, 177, 177, -791
-9859, 2193, 174, 174, -789
-9863, 2192, 173, 173, -789
-9864, 2193, 171, 171, -789
-9864, 2193, 171, 171, -789
-9863, 2192, 170, 170, -789
-9864, 2193, 168, 168, -789
-9865, 2192, 168, 168, -789
-9866, 2193, 167, 167, -789
-9866, 2193, 167, 167, -789
-9868, 2192, 166, 166, -789
-9869, 2193, 165, 165, -789
-9869, 2193, 163, 163, -789
-9869, 2193, 163, 163, -789
-9868, 2194, 163, 163, -789
-9870, 2193, 162, 162, -789
-9869, 2192, 163, 163, -789
-9870, 2195, 161, 161, -789
-9870, 2195, 161, 161, -789
-9874, 2195, 159, 159, -789
-9874, 2195, 159, 159, -789
-9871, 2193, 161, 161, -789
-9874, 2194, 159, 159, -789
-9874, 2194, 159, 159, -789
-9874, 2193, 159, 159, -789
-9874, 2193, 159, 159, -789
-9875, 2193, 158, 158, -789
-9875, 2193, 158, 158, -789
-9874, 2194, 157, 157, -787
-9874, 2194, 157, 157, -787
-9875, 2193, 156, 156, -787
-9875, 2193, 157, 157, -787
-9876, 2193, 156, 156, -787
-9878, 2193, 156, 156, -787
-9878, 2193, 156, 156, -787
-9878, 2193, 154, 154, -787
-9878, 2193, 154, 154, -787
-9877, 2194, 155, 155, -787
-9877, 2194, 155, 155, -787
-9878, 2194, 154, 154, -787
-9878, 2194, 154, 154, -787
-9881, 2193, 154, 154, -787
-9881, 2193, 154, 154, -787
-9880, 2193, 153, 153, -787
-9881, 2193, 153, 153, -787
-9881, 2193, 153, 153, -787
-9880, 2193, 153, 153, -787
-9878, 2193, 153, 153, -787
-9878, 2193, 153, 153, -787
-9880, 2193, 154, 154, -787
-9880, 2193, 153, 153, -787
-9882, 2193, 152, 152, -787
-9881, 2193, 152, 152, -787
-9883, 2193, 151, 151, -787
-9881, 2193, 151, 151, -787
-9882, 2193, 150, 150, -787
-9882, 2193, 150, 150, -787
-9882, 2193, 151, 151, -787
-9882, 2193, 151, 151, -787
-9882, 2193, 150, 150, -787
-9881, 2194, 151, 151, -787
-9882, 2193, 152, 152, -787
-9882, 2193, 152, 152, -787
-9881, 2192, 151, 151, -787
-9882, 2192, 151, 151, -787
-9882, 2192, 150, 150, -787
-9882, 2192, 150, 150, -787
-9882, 2193, 151, 151, -787
-9883, 2193, 150, 150, -787
-9883, 2193, 150, 150, -787
-9884, 2192, 149, 149, -787
-9884, 2192, 149, 149, -787
-9884, 2193, 149, 149, -787
-9881, 2193, 150, 150, -787
-9883, 2193, 149, 149, -787
-9883, 2193, 149, 149, -787
-9884, 2193, 149, 149, -787
-9885, 2194, 149, 149, -787
-9885, 2194, 149, 149, -787
-9884, 2192, 149, 149, -791
-9884, 2192, 149, 149, -791
-9885, 2192, 148, 148, -791
-9885, 2192, 148, 148, -791
-9885, 2194, 148, 148, -791
-9885, 2194, 148, 148, -791
-9884, 2193, 149, 149, -791
-9884, 2193, 149, 149, -791
-9885, 2194, 148, 148, -791
-9885, 2194, 148, 148, -791
-9885, 2193, 147, 147, -791
-9885, 2193, 147, 147, -791
-9886, 2193, 148, 148, -791
-9886, 2193, 148, 148, -791
-9887, 2193, 147, 147, -791
-9887, 2192, 148, 148, -791
-9886, 2192, 147, 147, -791
-9886, 2192, 147, 147, -791
-9886, 2192, 147, 147, -791
-9886, 2192, 147, 147, -791
-9885, 2193, 147, 147, -791
-9885, 2193, 147, 147, -791
-9887, 2194, 147, 147, -791
-9887, 2194, 147, 147, -791
-9886, 2193, 146, 146, -791
-9886, 2193, 146, 146, -791
-9886, 2193, 146, 146, -791
-9887, 2193, 145, 145, -787
-9887, 2193, 145, 145, -787
-9889, 2195, 145, 145, -787
-9889, 2195, 145, 145, -787
-9882, 2194, 150, 150, -787
-9787, 2225, 242, 242, -787
-9787, 2225, 242, 242, -787
-9772, 2225, 259, 259, -787
-9770, 2225, 262, 262, -787
-9770, 2225, 262, 262, -787
-9765, 2224, 267, 267, -787
-9765, 2224, 267, 267, -787
-9764, 2224, 268, 268, -787
-9762, 2224, 270, 270, -787
-9761, 2225, 271, 271, -787
-9759, 2223, 274, 274, -787
-9758, 2224, 275, 275, -787
-9758, 2224, 275, 275, -787
-9757, 2223, 275, 275, -787
-9757, 2224, 277, 277, -787
-9755, 2224, 277, 277, -787
-9755, 2224, 277, 277, -787
-9755, 2224, 278, 278, -787
-9755, 2224, 278, 278, -787
-9754, 2224, 280, 280, -774
-9754, 2224, 280, 280, -774
-9753, 2224, 280, 280, -774
-9753, 2224, 280, 280, -774
-9753, 2223, 279, 279, -774
-9751, 2224, 281, 281, -774
-9752, 2223, 281, 281, -774
-9750, 2224, 282, 282, -774
-9750, 2224, 283, 283, -774
-9750, 2224, 283, 283, -774
-9750, 2223, 282, 282, -774
-9749, 2224, 283, 283, -774
-9749, 2223, 284, 284, -774
-9750, 2223, 283, 283, -774
-9750, 2223, 283, 283, -774
-9749, 2222, 283, 283, -774
-9749, 2222, 283, 283, -774
-9748, 2223, 285, 285, -774
-9748, 2223, 285, 285, -774
-9748, 2224, 285, 285, -774
-9748, 2223, 285, 285, -774
-9748, 2223, 285, 285, -774
-9746, 2223, 286, 286, -774
-9747, 2224, 286, 286, -774
-9746, 2224, 286, 286, -774
-9746, 2223, 286, 286, -774
-9745, 2224, 287, 287, -774
-9745, 2224, 287, 287, -774
-9746, 2224, 287, 287, -774
-9746, 2223, 286, 286, -774
-9745, 2223, 288, 288, -793
-9745, 2224, 287, 287, -793
-9745, 2224, 287, 287, -793
-9745, 2224, 288, 288, -793
-9744, 2223, 288, 288, -793
-9746, 2223, 287, 287, -793
-9746, 2223, 287, 287, -793
-9744, 2223, 288, 288, -793
-9746, 2224, 288, 288, -793
-9744, 2224, 288, 288, -793
-9744, 2224, 288, 288, -793
-9744, 2224, 289, 289, -793
-9743, 2223, 289, 289, -793
-9743, 2223, 289, 289, -793
-9744, 2224, 289, 289, -793
-9744, 2224, 290, 290, -793
-9743, 2224, 289, 289, -793
-9743, 2224, 289, 289, -793
-9744, 2222, 290, 290, -793
-9744, 2222, 290, 290, -793
-9743, 2223, 290, 290, -793
-9743, 2223, 291, 291, -793
-9743, 2223, 290, 290, -793
-9743, 2223, 290, 290, -782
-9743, 2223, 290, 290, -782
-9743, 2224, 291, 291, -782
-9742, 2224, 291, 291, -782
-9742, 2224, 290, 290, -782
-9742, 2223, 291, 291, -782
-9742, 2223, 290, 290, -782
-9742, 2223, 290, 290, -782
-9741, 2223, 292, 292, -782
-9741, 2223, 292, 292, -782
-9741, 2223, 291, 291, -782
-9741, 2223, 292, 292, -782
-9740, 2223, 292, 292, -782
-9742, 2223, 292, 292, -782
-9742, 2223, 292, 292, -782
-9742, 2223, 292, 292, -782
-9742, 2223, 292, 292, -782
-9742, 2223, 292, 292, -782
-9741, 2223, 292, 292, -782
-9741, 2223, 292, 292, -782
-9740, 2224, 293, 293, -782
-9741, 2223, 293, 293, -782
-9741, 2223, 293, 293, -782
-9740, 2223, 292, 292, -782
-9740, 2223, 292, 292, -782
-9739, 2224, 293, 293, -782
-9741, 2223, 293, 293, -789
-9741, 2223, 293, 293, -789
-9740, 2224, 293, 293, -789
-9740, 2223, 293, 293, -789
-9739, 2222, 294, 294, -789
-9740, 2224, 293, 293, -789
-9740, 2222, 293, 293, -789
-9740, 2222, 293, 293, -789
-9739, 2224, 293, 293, -789
-9739, 2223, 293, 293, -789
-9739, 2223, 294, 294, -789
-9739, 2223, 294, 294, -789
-9739, 2224, 294, 294, -789
-9740, 2224, 293, 293, -789
-9740, 2224, 294, 294, -789
-9740, 2224, 294, 294, -789
-9740, 2222, 293, 293, -789
-9739, 2223, 293, 293, -789
-9740, 2223, 293, 293, -789
-9739, 2224, 294, 294, -789
-9739, 2223, 294, 294, -789
-9739, 2224, 294, 294, -789
-9739, 2224, 294, 294, -789
-9739, 2224, 294, 294, -789
-9737, 2224, 295, 295, -789
-9737, 2224, 295, 295, -789
-9738, 2223, 295, 295, -780
-9738, 2223, 295, 295, -780
-9738, 2223, 295, 295, -780
-9738, 2223, 295, 295, -780
-9737, 2223, 295, 295, -780
-9737, 2223, 295, 295, -780
-9738, 2223, 295, 295, -780
-9737, 2223, 295, 295, -780
-9737, 2223, 296, 296, -780
-9737, 2223, 296, 296, -780
-9738, 2223, 295, 295, -780
-9738, 2224, 295, 295, -780
-9737, 2224, 296, 296, -780
-9737, 2224, 296, 296, -780
-9738, 2223, 295, 295, -780
-9737, 2223, 295, 295, -780
-9737, 2223, 295, 295, -780
-9737, 2224, 295, 295, -780
-9738, 2224, 295, 295, -780
-9737, 2223, 296, 296, -780
-9737, 2224, 296, 296, -780
-9737, 2224, 295, 295, -780
-9735, 2223, 296, 296, -780
-9737, 2223, 296, 296, -780
-9736, 2223, 296, 296, -780
